812105242
213052
820718403
814070098
753869951
461678188
57438198
613613592
234877584
84121780
695749921
607507555
554571480
55141099
517589790
708014535
563197664
527662147
244272851
833436115
544036075
592510609
248696408
519182129
490848438
589117492
360258258
680855473
176448107
519340584
243260560
756830385
878644456
964934867
949239363
828867698
157620266
106017092
880534647
586766369
727543106
657791312
570693362
267370511
729150259
423686974
111079141
32482095
696704807
402651160
605589299
309275668
479381862
996750201
883490000
219594633
751516643
301536273
323221660
164752459
101419929
376582724
437165485
715536999
840861218
938919534
728863098
589636611
105901734
688722090
550394268
457180571
647127498
657506480
105893008
886244761
21817246
981325896
790031869
67161464
478038350
327776163
984150664
773796945
913751284
933984891
277448523
881894253
81444866
729644730
77351055
856083991
782795431
715782188
485346440
350960382
220625827
855156362
426509291
790230723
694823874
521442528
926580359
7982716
852256890
148408728
662148169
821875380
890857193
997245238
197777386
770190745
511504403
256060195
686714107
773643764
392432058
663368539
801785714
906876326
661471011
846968844
508191744
376257003
611371035
694310276
674385138
931345309
172160040
754932624
665618933
166660882
554816604
999801144
372337588
956595821
401195803
976167948
921540053
765342555
271836721
455573141
991037058
84199627
531867344
307160308
344579587
526735235
29068081
711702674
958528323
557257287
53370648
519632964
128759712
847855029
13250783
550323356
396611680
157946614
474023588
730802859
649715340
135924568
331626304
31116503
215374140
511703258
883722606
730118285
372447961
416264109
741828484
36443158
635039604
205897869
855931784
423992117
844389657
304210726
349730688
147649903
902277227
460457364
796404300
108361646
113290234
35183640
871041432
524482558
943345037
850872446
579556268
763593439
291318967
541033861
805857799
855112489
752573321
500750840
91786168
832876327
643012628
298949795
339254713
542264213
815428801
16927490
884593358
922861841
991923243
589258664
705933697
92400953
808215924
326373684
828525630
189257975
339520267
223264658
917826268
180190500
640661825
359240048
786773246
521575513
836707839
978235044
745124189
94005743
400040068
819295
671418795
343638817
212424558
516854359
504637274
603327432
121202651
254140086
292932843
96362743
150590281
948179589
532559313
354086372
144938749
487155314
955377513
964945281
712508230
616599824
515592222
529308663
582924571
911595666
192214502
283772579
512176547
817679198
705556373
837193756
271803300
790587614
522821772
991103948
917839868
362294879
879976394
291361564
821736409
225198197
68055324
85380180
930331813
821463524
29600218
692482235
826680733
432686873
376636764
349552525
22857530
780178906
381497512
783440243
485227071
142110131
760714245
300828890
324639857
220864694
91150884
303523451
548583712
455739086
824559442
360002665
425357816
541455364
436246502
782643868
607178919
664015948
143208871
487310032
548544500
430212042
598976848
761461045
881995447
499732266
457091845
79489674
441042433
356003848
814336225
491624392
409090102
739381528
505876876
775729737
601580632
579147503
966721706
600871715
134047312
764531871
536796466
474592727
996904080
669597552
267124418
285225368
996440369
593992895
742373604
358841581
636970034
894187478
234895743
55015028
543133281
999253198
418833441
824907590
763772848
11661210
862481017
192579864
641402859
332935049
950912562
685976287
35578488
660516764
181063235
28031416
697294241
542337155
353262719
784012627
893415574
124384121
764556963
212397895
232607848
171866476
83049303
847049537
613630242
455494644
854654357
514902622
504485784
450861847
232596455
602327433
160314061
141814115
837098866
122386102
902050853
344216602
833189866
663969030
718684989
581148129
249646880
335923604
412929659
714342188
661547338
94632878
540924758
450883114
161599452
418749160
234696234
206435546
592299741
591906371
928611905
15431479
578949620
185908215
478280691
436009939
181490503
584716639
427920309
578735801
867717353
555480125
705238288
230876617
881961773
549198972
291194253
100587933
493712905
651459718
922219595
747125697
434119878
899288053
793947305
760021478
973977862
53602670
289262394
813847294
367631198
953878514
549514373
245192495
193774195
886619373
765266980
647281651
185688339
282675049
399657625
664930239
908003294
834193856
846624833
106067212
389394589
310048140
568921339
612400479
127554906
134108301
712722639
940840022
669686774
181486207
581311600
679661566
391960909
718259212
462032075
127887832
295454244
614073014
211104603
913838838
5965752
460045793
37102422
995342398
783931991
643912601
914899593
211037855
251802092
257289356
839122402
599926020
52663220
687880092
370626888
663929721
484681329
676861914
686292387
233522896
241155874
608674349
575505719
12287987
305307773
85605414
255320741
467429125
820642972
271769793
369475994
293930280
623089253
932785994
100101459
929348795
272945718
573578939
828468487
483642303
219208707
501684783
689037930
412397417
342363804
981385579
626998345
704080815
347632323
798102352
643206502
618592329
927780625
977581705
672682963
397291402
884540072
24814435
690034625
698326576
388591860
447470467
390394882
980032298
887813360
545192121
976836765
119877224
587778633
441278092
390984003
911102388
848393426
202650084
14314189
739471090
919636418
163108301
669924181
323922192
458607067
551239925
119796802
22540620
628563289
750883664
366149654
645507546
260103030
702810055
44808722
248131282
883544313
130141910
95050443
771738239
111289901
709005631
524584056
797171682
4548813
507121121
116302181
906354229
407118349
732104112
770198902
725130541
963267516
933211872
477654983
721431770
354890252
366112432
239719509
837351934
327673664
367854262
351469008
136929696
179042466
331329218
859774192
884968576
396469370
142852720
27558075
718251515
107599640
242575948
628181188
210630786
638524244
872752497
319373379
951485945
434937743
213442572
615422269
896459175
980684760
641019112
682240028
326891157
225155072
323376950
893241029
517431880
890422400
257698508
444064574
743435638
357536622
387654359
618129215
673219593
647346927
231333603
509884859
264265628
704546037
51947386
617530900
720691567
305030683
267024196
82907526
482137753
46739053
288233562
402414190
114231092
752431991
455009831
156244934
538023353
649089188
532883035
659813504
73092419
249611690
510126193
827829114
849901131
798511373
884745548
853094163
250869885
254623282
646153784
304139017
203604139
703557712
351156641
191913138
928737374
23488211
961548460
21860473
958130874
240469424
411103275
470692827
602188837
855284316
329833482
991003646
902526789
231409424
80105862
24130404
114463892
571520098
436792439
14653937
194419843
224118271
767629768
922180193
420285133
413930032
832037639
227514471
400585267
984094543
198810051
410673379
401275349
263096693
227507559
514535142
687540727
511022561
701682629
832622994
838508414
39433366
225640276
994616813
468677891
893741901
950567372
19460461
174517420
622023379
189675125
632084040
266765272
336502703
997493293
704619103
255858442
39368266
601575338
544200842
408431783
183588803
70107559
618094293
656474264
919160102
589728296
639430096
3901864
565570718
336589676
603441329
869837468
604169444
176145522
154986477
998477993
773012953
453502302
526543231
463362658
812577178
52997051
778561887
794419418
566726010
143908106
64772645
265603399
522888455
258676700
648172461
909447221
157481786
424191210
654919610
969325806
607545982
338142548
549517788
304013604
311137276
15558596
608946700
285433703
586233794
762246571
662595827
160357180
842506815
706141108
482845487
585865963
75032107
80838183
595854603
130591751
291545670
823674873
89748254
775251995
524955650
373826696
481013408
306894018
688417214
693994107
712355681
179978233
521225911
185660669
390932011
434870404
903984513
222529626
152225382
797018582
444050350
493128183
208185623
804479438
481312278
904415464
423096582
816747345
775831211
62306497
834415114
76643602
828336605
524327858
677780135
783871107
248394294
774265791
779057952
937310579
534545186
302052681
597016488
892239686
49890889
482617593
639131268
656846145
315209096
47975083
681881449
852502479
928612800
798836020
686541400
798417485
615489250
285268815
293939716
620540185
950730112
664266061
531062806
626110716
859578992
635712078
351641626
996898051
507880533
607060903
186476109
129718721
443471673
214914801
262473395
141997668
896111694
315945935
754588548
998694683
265284195
766250436
501538249
727856128
380425047
981912633
148030801
29500585
837786457
879362648
168381856
963125478
480326074
158517766
986580465
870279124
770989874
970905770
32660694
414178810
130975966
642233215
148965612
708148192
861498972
552162727
409030806
713697998
536362624
544543731
902305790
299543314
530680265
295245032
355255990
184479676
162727812
803206677
245685668
877666357
487681277
322141041
159111594
628517883
438679046
223350630
649392645
284953906
228334335
392194270
371007793
925205922
283285241
340409738
867718717
623050978
617284823
793390056
866357154
828262318
572881826
434332801
493137960
293242725
977056857
868838540
432445212
185081042
803261775
802100789
707551311
967783196
725220101
154994335
926497532
808834924
483121621
520447727
269469145
638148341
902770081
124076900
485363663
144168353
173535938
977099866
16258073
190270527
427526314
732205011
567194851
369337755
936849521
417423349
304784531
53348476
829003080
865868868
651461024
569840504
790905416
464311602
481692130
426233544
684642958
403224596
199985820
128290906
413912205
58883792
139929357
96837095
523920910
228208812
925492235
448804926
948969136
348969606
119706787
999956990
852580467
242174685
757554727
71056764
234905938
338213556
30933674
307796752
850209803
873149055
979831843
617252751
868986702
699628639
847242924
438458478
642384768
59130119
459525394
770311341
