8425679
296054987
908959455
690258795
861736994
274664406
659626208
97444503
713708900
739219774
299386296
695552652
664348479
507586184
449871142
241523100
516955638
743793252
872646
178618876
774828738
183503042
617375217
900276836
673890770
885062091
280669462
968283106
627909683
389359871
449383885
365787440
686146539
445108734
551824107
76177712
405961670
738191130
38812601
967224044
293504119
401850346
666188343
785279792
354091357
126627277
267742947
535244638
811681536
716298795
820121415
130902825
829607704
227918608
576149529
824922635
678679769
8682619
16368024
976674902
993994942
691343100
469534819
324349029
289835888
933598854
9406113
219239745
955762075
373693429
835561429
778764506
704980650
33648601
885114755
372978391
517314698
832095423
546185478
547263493
617319143
745424822
156601570
911610886
569238454
318481060
536179735
458227930
868959203
726901471
397497941
397279050
721823105
62137698
973229100
602161017
932315526
341839313
495443904
420492502
117221164
48503201
579482562
437988106
880737365
41356908
425922173
795959102
342803851
203171138
307607937
846584345
462497139
469104530
359355758
248570119
534741529
557923932
755110574
971354827
397419119
551178181
350280540
228860603
976195486
438282378
56941401
642842951
60419500
282953738
440662864
175475384
336651519
125692976
430042328
568815942
165942260
718613462
30873520
527881546
892558885
740220631
115424078
665788065
419293533
550913595
934781910
252718574
702781939
724658980
67419487
374391593
586728738
524089075
23073382
566042981
698222660
350621958
461792619
442454987
984415505
783079220
735539602
59850113
762508272
132132552
509932826
336804162
39062202
790539815
82627858
816128066
527050411
227229027
78795941
657198487
435754103
684492474
809567069
425281890
503500466
804222826
940061011
335760518
215534250
66271270
588746645
812562442
102619593
863999345
870593280
815320301
256820843
588418532
543466039
109479664
4681028
55573964
903279792
287160981
40980769
597977747
213656371
912242123
642031121
251291420
847341181
359499710
445293134
365874894
130288878
13730186
541054887
36510728
938954519
180192679
843018208
399779083
844315862
696237002
543385905
697370382
234184569
175062855
919946533
267307556
559307222
938631878
683762987
969316275
652517459
380180138
781212681
522406087
384301121
905522718
590566454
27818887
693729396
964242828
218930088
229246935
367269308
736744698
733710467
856863094
274265413
220310115
649464011
363273359
266461455
604901943
211258100
207042789
743775074
343610386
363793178
38593516
992295589
374723565
691984196
908709302
675736721
475976857
713357434
750108738
232517504
18648799
652209606
33431800
589626223
815199320
706049686
880073033
477306913
314138970
330101074
497439869
441352387
63083438
993042141
338997107
289167866
320489628
702854820
47615515
168922038
574169891
778631012
40690734
541729540
551972938
35523297
319005830
272258631
310220785
553510212
891292449
23387264
983601727
624345590
255616613
568100507
616032210
773647134
451262133
898852255
331185066
729735875
429636103
13509311
866353307
597241128
929212151
381681423
352987089
619541435
355247093
773122035
665741918
581186700
658347611
240017786
611518871
491702259
37653285
779676022
387043856
607814401
167086128
760628757
438808623
474052604
457750658
438737846
737425527
770896598
673135654
546842492
251592687
148763258
837736970
844434015
348994908
27181423
675376231
954731809
106311145
937324406
919271541
690679348
198263118
118170413
357645344
402415027
965997978
15598827
956581635
124329951
735993849
671586109
511808399
723370663
562649746
669007345
574700686
392300702
139490469
490474304
644255895
582090489
946405779
808404600
521529348
516978659
743449728
813913595
891022876
584337447
816326027
82921475
673364877
449719449
688542858
476406778
562365638
320638210
116407260
55335630
472739867
721826699
814314961
548805703
810848642
580006576
636954858
114366306
281784268
679987561
452480735
283075528
815241339
615836839
293068510
337181052
744273567
389858517
596641063
840666683
658965298
152084382
124575949
372244187
308003922
653072374
998221231
62088950
34827805
86242967
106641707
254062476
275893442
84154839
17734437
922429194
767775526
397600076
997555957
941522770
880023800
629083421
532129327
211035314
131856712
533250498
267680134
57528037
156650938
351361806
732133210
172507120
723997145
275740575
396370331
320655484
597250749
442070774
240801780
157776268
581785344
574865908
79538501
195541300
573345854
198418259
7182085
731086500
598102402
370639315
569405525
346673491
392302559
655118291
960642882
29881876
619955053
913540633
240387475
774753422
385392239
940693193
905438010
683465997
354109756
934134585
530065329
152867
687784506
697078951
325178444
325704752
156798295
839779688
359737426
305157891
549544919
336588026
637689459
933438452
526068412
536593632
459425634
786011622
781956280
385459719
780204560
68878853
315097691
366488455
700700430
683710115
201683298
466048356
772384027
641092150
669427896
396072502
841431543
639211267
668352928
7029218
43301993
901023449
45460870
243700772
189875195
552522869
295380865
655484990
480336955
283367026
275851174
306949022
248685010
848798605
481267559
119426388
901509716
968650036
153930025
461186476
685055174
321296051
996378520
641468328
124021453
690749937
67395661
718645275
635729993
153472416
495156482
998478190
265085524
519039194
493291638
558402184
740550751
538255507
195584523
227681690
773497987
659612699
886151498
417333403
407858940
894734275
217363346
923585420
159824591
550001508
494562785
872781505
485281242
207166451
321974043
722005941
904644927
403992540
119679319
499125256
485127208
576735589
19754996
326864538
788210543
277372983
41863497
729645814
355506966
922865373
378875635
363254209
773065513
926248333
687688488
25442474
435144551
579045117
233609387
229287177
473386591
143810239
558820684
85728485
658909630
622374975
513196948
57919072
197065151
771285696
653757255
336558210
418576188
696459265
742554481
196762397
639857703
559286960
629122858
130485957
852870777
487717530
568078454
236959216
171125873
131308576
99715992
559032907
519477962
296531568
286861389
325599810
170383152
890392140
25738665
341316968
17914905
934026510
667954906
165835567
764176033
983944424
532580663
584221269
269108118
42317424
944678020
76606247
183693852
490926090
385584770
875857590
949922257
103123430
376416398
985669059
575731784
321861468
914602610
527601054
522658982
954164039
538441108
900533581
484424306
328157444
166175058
528184046
670720599
401237513
178847492
705831191
891332052
463287291
366309922
868926352
955136866
983857184
967851096
128808448
186630554
23109745
375339055
28551872
910946797
411003798
375677552
67259722
513975742
40069605
765585183
696053436
19423900
140353852
643176583
810011993
445503315
632047081
99796962
940950673
876142365
416493973
405885646
782456337
312078597
679753578
984525537
486634965
736813507
507490045
30532192
591874599
354010370
785794161
340970499
499549237
578824984
509889236
989586783
73420508
952479890
98915335
14208303
630650994
635652328
482794055
686407290
750978199
820110706
556297928
423423036
323089785
884060221
26900422
252666082
770136579
617224097
592882716
716473273
231193218
426478259
889042586
330446214
6485697
9537412
173710584
342043065
233629737
799383351
143627345
231187008
935614078
642460296
26376453
988470781
777227029
402285670
775234651
146804009
829284541
993346286
233547337
666524258
180515578
84067008
707442406
707814376
327109948
533128079
570833918
882325139
985942267
793415961
758393564
646942248
63437304
768469120
7722606
621113581
461941744
140750990
452777553
951594847
676483360
325110919
487808957
680629487
857683768
38429639
475439051
367850909
841989444
446078707
887188731
237846931
192930921
222518327
149930635
922418687
302095005
465896206
14933117
700501657
228549432
261302205
245244740
142198116
884066730
379434204
925033477
8757909
394563063
154121070
684862263
688533551
540568732
281952489
990040896
855404658
596258049
26812918
850130607
288680308
57689027
202983009
40335694
539863560
906227229
520546633
454011326
840918975
618538485
85303917
319018576
996045537
125817872
752275895
723045414
415181155
79866179
345610840
796562755
478249563
113396161
466681142
973287844
687868374
761216443
198655180
697278197
910978431
232477430
294525976
326160637
275282086
615765598
726252807
642812629
25566423
220966510
705381179
235970885
363520097
925422877
84114502
390219423
309259146
835102493
688816724
562715678
788292836
558907074
574859741
775538479
250647208
230250161
371881043
175284147
591007883
229695163
352467319
778647115
707572049
823268434
543032894
608441544
324012508
759143278
43736489
380279938
399565064
109463265
697478990
194214644
374484998
109639955
433042658
552826685
29281659
76461719
664028698
852765879
72399718
635939500
908985360
352071357
657617688
518987496
75513428
45031924
243884554
550968660
51804746
795871259
868499190
926734062
528398835
540251661
382389982
475672956
66206914
550115866
791366003
308536785
163150614
678829570
861428082
380645097
401053480
141007253
797207502
819054357
146002488
514546164
565666463
499701439
706247397
71632548
914283073
190961536
950823855
805025011
683629849
998704564
136395384
848596402
57658519
901607729
325715453
447750935
581241118
892790996
170436702
553608701
10254804
113912831
61399876
763862931
472788886
230155789
490643273
276972591
117934015
934506174
247824421
424830196
404966172
537258580
230204796
368797750
220486664
456766286
625968586
191428446
524849099
261181901
866486016
792661437
172141401
314554210
621171051
959820351
54929643
953302543
559766133
904416504
648617654
592393785
504291359
451753631
438301563
942384465
598843660
684127284
700318262
673851264
687090995
749123674
750880143
711565187
443630229
520399938
671402933
956917701
227264270
124474832
266822410
979008255
28759601
