644713332
645492916
242059088
545009355
647905126
122347694
710741683
4637953
616809462
731899326
81393672
846152691
369055846
519788980
790069847
748567327
837289464
420872013
372084778
537203312
694583573
639374293
398497401
757402827
162708503
898436618
726198752
91595835
507253935
798987536
890835548
920784127
320838281
602177092
986567084
985715876
979134053
386674319
330113630
428498964
112604109
59958235
271622425
280043436
47073151
642305252
54094813
448280658
655453486
553071669
259744596
536226436
739056541
941277969
125146852
5339039
246995514
484656260
382300852
749468507
396148941
619145847
497384017
817821925
841063777
160609543
525314409
766878753
533221895
804353970
769433273
450615144
90758383
943585812
424599203
634625337
367751867
118453964
710329675
520403250
844341804
277918093
436142348
954182265
539242940
354609112
181727586
379560311
477030239
981228044
738720362
494477793
4373467
580645121
32350022
493458260
562574217
453800499
438979658
886463607
116990842
287216059
915058762
851099515
783638394
809129450
445468052
795470728
516678765
490521513
637587170
128541549
774326583
861897600
905126702
118230848
183003499
543201750
278578984
486454664
978881956
145754097
289848513
551993849
65633607
274955480
446241677
510113261
911235789
931140942
72051120
913951367
679474305
823866067
403412407
557125745
362859329
585042832
170543870
730113488
909141059
386256857
862881544
986508725
343640873
610178812
720151208
142475865
675518417
914119173
310454761
19372466
175221514
952524993
907581649
971236743
997367544
363064912
785465907
508682914
362887773
935354790
884234937
585537822
418470393
723635802
449067243
950460515
458485193
348000957
755371517
597960665
372657879
548465495
577313604
592625099
282872551
303339787
208352975
455454794
554804270
303765811
834594842
997116615
620686180
52678653
738729853
726949311
916284416
432175662
559758199
999794416
799576923
661860955
367225715
973786267
502021918
277343722
568038331
620005070
161111569
769690691
683990671
327517460
158747655
712494094
646714585
626756018
375211388
314956550
688364192
694027756
154711936
330011112
953878642
59121962
100759947
887118320
964851641
365791739
984905947
722117930
34176099
26309530
788242756
755577100
798383741
710796923
181239779
603527335
90603180
5528829
735301454
588347904
294343225
785113578
619775138
507077382
838368959
908192085
405964067
111973835
351737922
601327865
743811469
865730441
845082480
469565810
707982312
308103753
873026320
614903596
312492080
202246592
635099121
438993637
735514591
657681140
539274702
403170554
914110352
935917661
445516238
771684052
224353369
682835362
958726301
566364031
35667887
168765064
439346822
593682564
48749361
56659555
959827670
872932112
370380007
432848232
282498060
922512314
910494619
328817930
2814611
873136025
730501014
475699582
693036748
533054861
953248781
855349586
49598986
962093997
967802678
435198405
994081731
470046405
666457595
580053869
376974496
60976107
907004139
278718448
433897922
539217247
868756929
279343755
566154235
255832524
242418920
762167008
68613629
302666359
375183080
616762387
492675934
585292421
933103049
572380211
41183037
748653785
989798613
425671439
613115249
180318300
119166077
477252823
625879884
613550955
62577823
489781265
206474516
790326137
55873736
221521953
15508174
631776170
894920006
463597362
4379095
451157258
909545346
437204223
290635940
191081772
786735956
746932625
586910916
351040291
942522469
408789309
536943354
94077384
538870832
628320709
71177492
481332699
665603198
253579622
420051169
391504105
653463869
952603279
193254701
752637654
555692491
278287491
246792623
153661127
601254212
860899763
690372414
469505686
568001115
590025778
839108438
552594389
135035498
422033476
393582342
372233451
890341906
274839593
671028484
653788512
952837909
112397132
251455305
427553025
150344460
534175473
966172971
641340383
43546192
612874989
797693387
956942065
243949522
537998285
635389280
508448464
500140002
433249789
749786078
81622706
718416894
67437667
526076268
948845053
789212269
518583102
346297201
243569721
859997278
47817718
501162198
378624276
281574794
539466188
799799744
443295358
26832186
819239596
3316667
67078738
894726790
49032030
425959494
955126125
792332389
882166372
308644866
597037212
786644194
885133876
872093447
457092117
525053514
589405778
935371616
885400241
586320863
302610250
638340755
631761356
187878272
722603249
781343104
995728473
111712790
419069111
675367270
704483333
738198540
192093921
481616278
680900405
429933121
682707339
186895914
669384863
641478172
570950141
156512663
907045896
209938235
749259988
456925526
974863400
175724270
44070081
853570761
692169015
604094570
914399501
856974494
724221934
180898841
371555309
879200465
172123541
267688925
430231020
843413334
373263278
206799101
604161532
858838670
594550273
403517598
191193042
27158995
842346173
402509864
265986753
243922069
15370721
146097587
731294857
421823121
438618283
265677723
806479702
820004202
67642709
565498348
983198254
100388763
823799037
335119426
757394342
500001563
58377812
803506873
14772372
401695938
211247152
727536805
783249384
700246795
605776702
890421316
862375251
571345802
984531226
16911085
11224587
289659151
338107817
670477432
841603773
578124347
449603982
949732187
440582182
906445817
461209221
610226816
775770625
807764928
223600846
503772768
35039633
259430846
646123254
691191477
968781182
38839300
387737491
864290813
32674916
287833914
362848202
31048062
816046418
548196965
403302470
235133900
835472974
50731623
554273761
693539103
762280945
153321605
493515651
179269995
50397580
108645623
362924691
108326554
940486716
601020335
951766179
975484454
476645949
102003933
855381683
602944404
925222546
293339749
48129902
972385286
901921658
473817002
637802515
553769858
215276145
418555920
133685768
892385215
503143346
226075320
774753840
725039002
253491166
530061742
741491822
881718026
765915194
466853259
640793896
860135558
675914607
279410936
923804096
431654580
336067734
387363746
554402112
714042484
692815281
800358064
309911353
542133225
2601721
581888474
791617443
288463942
515519088
939745792
963993849
631841659
974959853
470539475
605183207
714411395
826266494
226727177
721993288
946584206
360512109
973663655
837029209
458369286
652545852
187994342
296470678
622510722
550012905
206147935
217702124
827912398
864153807
419643283
199569934
702785281
916163966
232620614
722437280
671602691
738444297
453027880
366198937
826169400
502859409
8952237
885175703
205375132
674227728
209392701
605388085
109340556
665370456
607817905
353530375
719151624
963328853
851542065
889587372
814607377
285417795
169106721
738451036
309371153
722043667
136081451
767687850
555316570
270969540
902397925
798247427
593645879
504289895
50390596
208139908
907484228
607464718
10859808
955509876
643593615
302818638
91095546
948282992
340620204
600759849
108361567
162541941
256335902
66112908
480418309
739456426
64621901
343033241
907829902
386184896
569337576
714576842
56827784
104125733
366777958
241264385
329859132
934405590
771829802
411145272
11742205
605050660
614979860
399677996
446046145
111686905
952469044
896032187
245993757
511788739
194322249
220823727
397830832
708611302
613682099
973539508
511351948
489203662
790551230
162941498
733625526
250612637
596459992
664205699
638802331
192907385
550636933
906734074
588731918
402329229
972959504
156689954
176453189
929474930
589017643
503310906
547562079
856657904
620066761
368731403
786987380
168589712
97039484
396041162
191862646
348513848
316746010
348216480
490443632
393238448
729912436
840655468
143854360
608888304
677519744
761129567
8590667
950774160
760875664
253138759
561049970
45734970
307300268
843664526
538829234
37632294
44370538
468355900
119593658
110371193
425977429
654694042
869136900
421819826
375954116
565035814
153573152
200418829
472343052
290288482
876161374
202420452
416290441
195493470
672416792
132304035
12835593
567564884
251955185
827888075
494720238
596787918
95782239
366928002
807681431
741252410
861289442
253374957
857211927
154230351
304143310
848390109
228622821
380072439
967261018
75218393
971518567
722034532
232934187
112483930
607556414
808171837
478431107
470587182
376977384
358629517
629444527
111806798
171247734
406525198
24796701
476805652
216400714
291705582
615650953
829189509
558911802
502208898
614138394
634701705
703746370
900198194
343206901
318112700
986145171
27771264
973797629
36218002
228232451
597198398
160785466
290801060
334630697
139471255
220331660
686548400
118356810
625195056
989950616
449051913
111807882
749482643
82127223
450686728
129433650
827337657
631989394
936917238
764421484
138071508
516306589
469309669
107896138
598232480
408737559
707358219
464964935
160318407
484442009
349206119
384831886
593226525
883574346
574049334
245739731
733995639
142174954
76929459
71373922
929102552
710832698
933716745
512258280
165086480
522893822
954263725
818070970
892520171
188679049
158807514
395781868
36880391
271796516
90160942
80891809
691475796
182904921
736398216
730733695
512973439
221583464
958038402
140753046
640744497
64220026
518581356
865908296
508077888
204946997
395438010
685162702
555059935
865543316
835318930
427238808
582589843
957051388
942809656
75338657
454473832
889287247
572444763
971639356
325634495
953424249
347951495
321430008
793413403
493157524
554263934
551090717
405776737
346195763
558400481
707519088
752794295
792963698
871513782
100866454
4312466
88355429
309993082
687573174
793241038
473644810
840721932
171337074
436477584
662922132
498301964
734424406
240095264
661059558
276259862
623686190
649138700
986399045
815118550
687320246
716268530
197151348
72494892
14920363
650683061
844347291
279385965
208864172
307142834
127799842
674444512
789626144
85537606
841943202
71026191
366118402
579294164
884871587
178398318
851989684
112702317
176614420
884952422
130491271
994855558
819839526
310995453
