638387297
124995522
530086975
775059833
778829043
865212747
122190180
870049456
49171039
934304690
596287740
242329183
86983281
375097041
493500817
473489467
429962651
486860176
310596046
971042797
202224342
293019957
233134731
685430379
343931237
237614329
417546208
927142293
557685600
376138185
932842932
797976960
41123607
414069241
408270619
616803101
198705702
781581329
701692987
310323155
338576233
165049210
754779077
144225528
120930222
519365890
687716984
733670973
68334036
2855922
805697665
711135484
623843734
957788420
672598300
345367340
891860789
844656594
431128596
541214714
447666538
195047886
312363855
673032852
1461758
798310778
201205576
672914038
966826421
876697714
274783764
648381321
785167187
272891
632466564
37175132
538240879
88909202
564500156
824565345
549897344
683875234
858808257
554829678
570440519
221707447
174133226
83335185
741470940
62903278
724942310
354049107
350452733
160478272
862656616
143528347
852685353
81746224
142763770
322619443
318160314
14802945
766844551
191636320
728072157
157316343
925968295
623570843
325321856
635423167
807126460
802951586
280156437
606563249
991317369
763791303
336239627
757534176
102592333
779754309
624177552
117870390
931443097
903923142
151755404
920734656
297928588
624688915
137616273
488938216
184489778
456494654
946145431
241880713
506405031
535094398
917030682
667171936
826757519
413124175
295739150
550562381
758013328
106047773
255776817
921990722
73892669
743889482
169160902
98865312
807288718
95151176
979153890
363009459
698441889
200289924
83359846
862921407
39880916
807337500
859387754
301279380
485954569
836383638
450933388
350631805
856806154
38275723
100158218
456222970
846760619
669067690
930776655
689468156
484015159
73615170
359857060
825395324
648146324
229764680
846841986
554039105
455528012
38750960
681649496
89338601
477340763
583135971
543438823
306115106
451734551
54109274
627291020
19420019
553736420
994459768
64607811
921629688
655114383
905145011
65184568
35616945
643731263
712937930
252104692
138221028
164374519
289685733
878994299
624826718
840432862
257964521
214775083
810116235
960495512
305348649
845751367
447203608
154734142
361594786
873291040
273670183
494836899
794043110
4488418
792651345
41776670
911356635
135731735
489555389
9007359
438227371
170280940
743001312
164580112
811225040
910307840
742590081
786646267
543428467
924964081
187655029
704141671
918612103
465682243
193770030
839334189
817174783
58924505
248387771
148708401
617404201
766895546
293519596
31853970
791514383
540780045
849688151
708449511
459453345
96444358
253017883
153953998
389438909
615819359
402205491
87683580
471773770
645536122
149270472
395040808
103161286
660557340
611305673
436630704
685636011
569528510
576224795
328360867
810718387
953317154
224601885
852432129
887343963
340846988
391603156
671331823
876761342
711147341
373065727
270444995
60619688
34140569
327192922
446984109
671946197
33701031
314702762
302792744
63476752
106086449
367560419
171638660
909654032
853346962
45547115
956846860
155589872
856888891
346217958
221985872
964555249
521327284
897731123
506136189
871842472
400585752
266610033
48591921
224216202
730873666
210922236
760626427
272470395
878825476
334421119
69020716
333364417
164321564
764684505
651934979
254825748
273432051
264884114
704631937
585756735
52963224
942778096
33997001
295299872
434756295
515741951
19872451
364929382
151079854
305889745
539292402
136409444
821056731
575141635
271360445
767090996
266110841
78576541
332603085
895164211
606933990
899168264
30828556
518925842
976526397
623482443
991268306
92204385
694282977
967160122
691123197
256443170
193099185
920379453
818879248
457807654
232613032
753292047
789459906
215131714
191049785
395697044
121390540
572935731
795128715
932611271
512307685
589179927
493324060
884843981
988714906
194855509
932281028
809467725
978822743
153794958
911949540
515071158
318773473
811273850
524473643
927668065
670646404
183919730
614766546
282849232
943310257
900677276
756262386
813552789
534477964
512818792
289116633
117471370
704114426
211236945
777777724
457892823
723797125
43915126
111174757
402088379
598880324
809438995
978445215
496267688
324162140
383631459
941556709
665084289
545858113
717541873
434518573
978186054
690658070
263381718
725050639
937470808
958169184
512279483
989301012
611630407
832917539
679771269
350366017
475896114
905738874
814809658
105353298
767585797
376017233
454056716
791274031
274858347
700099092
122385264
328787741
861207407
205474514
118498858
958687090
559678798
959120566
91178097
267694676
816936090
78300218
310930578
426813299
440732707
486186304
840306914
499723638
211517642
54614113
499544349
569170838
919109053
459072977
502549100
590528812
509352481
278278161
173970911
289067055
91801396
926267840
159660226
278086961
568272805
934593976
863843231
731996293
839670326
553592391
429622214
652509839
741739442
412076592
533429925
397595895
594808296
387996359
664620590
281399492
535710318
954333077
579756388
220244234
200554743
553214424
409678686
402134429
702925413
527970044
449334609
281400637
785149654
802111040
175893280
890668248
918639991
32843616
858540492
506138729
622343072
108310620
660053311
657925250
624991898
847034508
827431394
507032461
925643051
104953205
995720514
121356122
613657570
892571417
753356736
137468318
346511452
939415990
77532218
15058381
524915290
461708801
29070880
311700281
104257782
148221576
867360183
939628401
236183312
642761675
478955902
561964679
529455865
158481860
659056419
427399697
294279765
921831137
595252335
353520233
725783029
902646223
476491377
597972207
532249528
327978486
667743065
892578236
48754303
38424961
544156796
979224000
955311397
843482111
981223437
160634271
79239739
348353029
553667467
476770321
979674323
887802992
270849148
282881375
625997302
433755835
591900255
455175709
233514998
325957039
843188551
424680313
344163655
724011983
289275350
622269065
985217422
431098672
779450751
776279294
480478510
974781946
890874097
197758350
98604879
499731901
606653281
685973753
177258421
498422147
348159957
945926734
368163669
118482014
373845908
837980035
631797075
193610001
971974904
98493693
736078229
212567356
659063237
722797263
195236408
119476482
635060344
231299413
554206760
358954372
175416848
648141066
568902277
777388171
996291810
4892377
996928893
73090797
184276496
126265400
827102553
905926500
277917288
735092850
977797080
897261816
56516644
225681641
350166075
451295314
990471989
791607420
459123767
680957058
40201065
267911153
315718708
168076834
2521941
979128395
864671555
375353867
131766993
818304048
323005299
700018889
377024457
590775496
122190202
368953531
841051140
558706277
9333505
845709503
271391139
830151727
934650067
923970386
745000181
297974591
62959838
409378702
881133337
102911446
368482381
383809426
189017299
887945217
737187106
728380656
689173667
828852059
70568855
205148099
261593844
451748685
774159507
459613238
412087550
277778190
520237358
465741146
103491438
981212542
610244172
431765711
782273915
613414263
409565919
210049336
333261085
391748321
423076651
704547348
916168556
455292852
494220528
28855547
449821666
939195872
511001590
489079239
853588389
393809545
679779863
12199081
488137421
804185404
584115659
819642452
55992220
475036828
511882836
467221990
777737232
597218691
305887264
899920793
492667272
936716669
601535509
575603035
478379298
527137770
395119570
297425346
405775408
366021505
288979541
806300990
957528155
745303960
9791572
472891677
766776599
31158119
612152755
709681891
301432679
598045091
943628288
978088510
29298603
589923465
154057115
858224255
879865483
955854659
926810115
318949865
149405588
594299734
536188273
513104996
337660362
935398553
10699940
326450618
998689973
382354516
606423671
122115916
515205862
777814667
862114295
310688259
465245256
38991158
700445390
746579113
985065934
596205371
598488113
894622180
993088379
623446998
546304431
888455831
373080654
536895313
417559861
449920748
439211389
970029675
656895402
363228421
209115686
496686574
135231314
831378044
20458178
285702137
710991917
919078161
991621418
821512372
462882647
251483935
727809168
843368855
392978999
840874325
255409268
180231002
333883929
553200215
995811619
641566091
520016615
714213363
389094122
122244108
953369962
461794659
964794654
156502923
682904525
545176186
120919265
498885874
101572572
968558680
903759843
869067344
726120934
699363797
885213453
679409951
903000760
171576006
160564350
294820496
160646662
529711798
143916314
576685535
194511479
258980386
636145745
103695186
367416801
567549593
976669957
421017950
442283922
898214069
332332173
249197257
954283506
835118495
138607846
917706460
130564669
228923294
741796282
424420317
937114480
386341923
454110067
634520131
667986761
316401668
738565329
348440609
553649012
94273626
961597444
423658164
317878345
388109118
961991443
423924139
909030439
17224079
131469073
534022977
991888721
482741893
426783422
827906864
367031624
636016195
725126443
67882265
32968159
242857889
164255826
931723366
787915514
719495995
639571053
808169554
804870318
1625614
435708423
51015133
828984262
628229348
867368936
348010295
936616623
908674007
931318911
566174387
873127051
714683706
8676020
113340590
97454221
207773304
432531594
454372587
959558499
626203201
267488506
31970565
591275223
670683064
315472449
310791123
930017798
29874077
635742648
598382348
748538064
153821888
619053819
907404825
581515654
80453940
705038713
363659373
615372955
78773126
891290239
458357615
704697283
158952055
194755213
318284451
234181869
50915236
834269145
580142209
286964400
185198465
848611054
178667116
734137106
403737858
459739908
158301198
312756899
556577813
417992496
906742545
272931359
332936562
817636322
719305162
95629887
101271193
531824934
17000281
502734590
68872221
838999631
880785372
734912960
809130890
327273281
432323167
475927851
997187996
76609253
879102562
195604931
55600438
311417948
