879305051
553826357
262362424
622297309
773873686
875285349
359440298
329298728
495114315
229574089
108088991
894983324
744790632
954541131
750296853
234939117
798752873
358538702
979101128
906948131
173035161
803807674
938665585
329152916
794684101
520798356
546401051
635883582
656333736
695672805
836573254
901557300
599520840
607383348
909176667
211747034
246918825
68115315
537071208
578719803
394410627
719169989
271804466
380597653
980260117
879204279
22683392
737487191
130224513
681700828
277986618
841523204
647255268
949377385
30997953
75497377
615160771
933209506
827613207
253075329
328884298
723556714
672964991
799441508
393000834
206531689
295462483
137407284
45364464
538549818
988020290
730637558
821467492
400381325
512537503
453865171
532003207
558067932
348892797
915479821
498114964
808913858
505659069
974632907
417686187
995050049
254302031
650143454
576385394
833679289
596586262
313709318
240502106
283995879
249835505
670853912
46204998
472362956
987596817
773728427
583741795
885276107
692122726
591674694
693680536
547349058
20055711
246873943
436839881
577132781
543494168
57092838
584316708
912133385
754960364
519970438
217897645
698332082
381755321
397950784
952229657
645319027
561021888
211685174
941963555
674310972
490135451
537471613
150545820
841683590
407660173
59640251
570471113
575164369
331738025
612838855
116791131
913984374
280952371
870337128
974994338
7428087
213303572
999252612
290185120
539493423
729392608
328368720
529035513
729865065
452956267
347872914
90607635
589646033
821498769
938422766
324254219
480437552
649711137
19369564
57213607
482584096
96328123
595156290
169472607
483853917
486621724
9152339
580395360
142121508
403179306
303913269
417379711
511418191
422956445
944801569
432015455
561769274
921500052
402470131
944918363
161766731
8436099
420680753
388727322
59787258
969032615
980825079
753665598
393315257
288584636
636353578
264273236
261582807
813123520
492410241
911099962
618147281
829780004
806331202
52871699
720240268
747973359
386914005
326685758
149042997
930493202
579189442
166689588
876697199
506407311
762484943
558937499
247241006
74451199
895446875
474147997
675647369
206428967
109685348
514821300
505796644
255486740
187080102
853536871
766825727
39640033
155796904
698294669
930546202
33701606
813868172
731989268
115168849
349598432
224678094
413793370
621522093
93994995
239684325
129294055
389843173
814135490
876968397
886907944
526099691
77416078
17032230
187131607
917676644
18262244
235452593
411718314
720094656
291509901
547075054
464753527
560893256
533377133
559860029
109402963
774696297
880894771
236143384
842995592
692539138
30495674
443768649
897642572
849773103
481653504
852625902
581652374
966744640
980391291
124978127
691661152
378518341
300172157
327437179
689409649
22607803
968665296
780618024
912283958
798249011
402149858
11894612
823658947
802523376
759924565
852900113
88144960
534134964
130281361
354597757
508948400
577992105
33972804
194368806
495604017
633647428
119389656
337358502
436023140
165636340
653800218
444973672
739703363
166531773
855413900
86235186
260721098
205939953
870450379
86795160
806031000
100276747
323859425
44746580
290389280
18601062
620109701
95119195
89848537
628753389
764480942
47517409
836463279
625793534
616029726
113669047
344545536
105803351
831833161
55762221
903218145
631306793
344594883
746647617
144448793
957176184
272191248
657127173
947109475
673689379
592179014
882205005
663684583
43486201
548566756
408671653
254132679
989226222
903979524
477002954
13537726
24270460
247509964
807269749
401155397
606282808
608510392
113909828
550502046
741744853
741689648
154917747
374106791
814688158
183577013
174724206
755681862
577211806
900297786
333213094
746409813
962982526
148009719
416159156
36574375
882275935
383832825
792977077
77226778
207358072
859536366
355319313
201823825
354830206
42224494
878947685
383796829
537325132
345492220
538165983
348665792
158281419
106625127
205364621
931999730
437261266
508098214
848996423
859909186
373842549
652989789
676920872
88928436
570766430
730593140
50555199
876260739
831350806
770695374
518879460
222449982
815533313
36683050
343143974
882208486
386370335
953093921
19276584
772463664
304629327
790927376
218356729
231719585
362131802
984547301
588128393
856357399
942645097
484159425
599313107
374177721
534836400
933067890
703384228
554368281
182615493
266390876
631057393
624237064
991669293
2686945
552446021
766629757
826612759
315716001
533132477
121598368
763481151
323156134
545629395
484167344
488821630
76532759
555279859
582915171
434633060
445201286
726796632
586219128
142464747
194197798
933615641
347191381
171382266
144701739
687613580
882465422
333298821
788775691
699592992
119979458
322036527
395039518
780794369
301942381
238481355
451726971
405106825
46415801
451414823
466530024
92876247
619488963
938530028
115145762
885356090
458303641
377788030
120469056
119735221
737414206
539594242
44838265
481772317
797471494
69071303
205254639
595247490
681911020
628102419
650667054
788299546
974705459
623563140
425649937
162130817
93782111
295738388
253337478
344433816
982906087
40094460
680380831
134804305
675934721
101321551
314126678
408661352
56236504
259345648
229309939
504677391
212829764
669040470
962178785
580385214
277198261
913267199
983322873
232871078
33226715
856479479
723195804
418313381
800747767
678230477
118170787
995925821
512880090
953014944
791573978
162565253
124450552
776035239
136829132
697319745
859213410
910033959
805837595
696149943
754944623
796593286
539010986
422565371
398792479
145989663
575469781
305664988
661384353
845264722
884932554
180514910
312415513
20466399
311207101
126426607
316898655
262067449
334056536
997704243
983150762
318200855
895781260
103221558
467771668
66744686
380226838
436794524
532211337
264859039
721171802
367164301
107429604
287172930
477926453
236633427
317468493
300630432
19520901
654758104
102760695
812505797
334541467
667615367
68082390
611059067
850149738
103984152
464828137
10402524
380421090
597145961
575977422
808133351
712999179
436743767
900812025
435789427
954793702
332047793
765762823
138675257
773453649
396525314
124092919
517768252
73085306
25242583
542539945
74573673
808958113
16268223
242546548
679298431
894943547
170644964
983659387
228165892
35139168
856712599
216594946
276242685
971966385
521808813
884437948
124025841
791186877
299296252
574173749
41182686
335821401
881679064
345836729
687473106
888995279
964085437
39052148
938016152
543522447
550314136
537973761
824907154
561444206
390254464
201444410
364152867
354599413
896678990
913189802
542354214
453084379
672646132
400650259
98081102
115452846
489520137
166708870
251644836
512087364
67078
726581374
773789052
451068833
501357258
738752270
927279047
670431492
555073440
790303150
930858109
131592816
45643234
684643443
484825030
318738838
391687791
714798478
581711921
320364402
520285081
769426426
894507885
386106448
31819534
588098305
663175268
481028804
247755626
572020259
399475141
797376567
787407310
425928787
543455369
823732761
764184707
373838321
60086947
651502193
274165361
693721373
799525972
106375839
982331691
410761398
407441145
988002687
915825228
779342263
723765054
774721658
584996948
931280433
991802282
230640650
832073487
387682603
419249298
913258952
75577002
446250242
422675866
983053179
390828009
133481542
344185504
619714446
141188074
661092268
554554129
17849470
654711530
930209726
46199040
826563707
969900453
788132045
403774756
621058135
180657160
675172579
565203575
468413362
848255204
624753481
212379618
856126876
434126503
312814718
991659272
376502103
954589021
146827994
575925190
827915118
271045506
816472791
715547829
848850149
66575893
787726698
846814613
254732959
224788134
705915583
120010128
654787220
885081392
165238575
260740195
43941441
983907846
798191161
732601792
400404421
881046666
954262503
134797974
766074526
921101922
488058627
185587942
828373354
669432994
178052025
63260447
507883535
354284536
218283921
555518200
153427662
72584215
554924606
554482242
392930461
828357965
310470615
243625227
142339620
504743353
557592397
971045482
268887928
52074523
947717831
392594256
156397860
414226201
175520768
946868450
316783002
681674816
949473302
927748225
578517264
602138755
18441258
585299964
46736109
642655136
612126591
300502683
666797471
609720374
107312533
971357224
428983240
243708918
339671330
572046455
570576050
710637275
992458353
261331172
363509524
517013143
916700012
776298831
721715162
785457768
906862586
93657334
178763767
271415469
238735197
471752844
123110912
627176379
975964976
790791704
809916706
725170650
196889118
499684483
892616760
257089713
304248011
659167553
944761988
976360605
963611014
912688940
74554870
603474312
376292400
606145725
689216462
688142129
564238700
61504121
685438742
242142426
863584801
261278339
735792548
518469257
121738916
395382001
370985176
635559687
848246312
801806860
267743940
548879625
762129748
845405398
513748157
492773869
368714411
106419810
212765131
257532459
831536841
745354555
821846752
994173644
19102464
575289454
895123068
632589471
782536380
434968781
62937678
914460855
105352961
567774279
861585848
935610777
763891933
374147503
135350797
908866008
288182377
309202300
128114293
161804154
644944999
525675243
841344562
530887000
92397568
196442592
319427718
457818889
848738988
427906283
410605584
118230245
439431586
741618903
499366792
546449460
500258932
738395704
853023306
413277530
738869181
353283084
443526663
194355468
983819549
578137378
728881935
994566907
971069012
303899122
969350080
522334540
617240261
660042598
349228644
493427219
733944890
364236067
540191902
586093788
115541063
605118787
65721867
677446677
157168695
743355602
496179191
22273030
874780709
588901335
408607076
549786672
456178993
714836761
422934971
291661915
82148580
646989094
547067450
514260189
467560656
324860810
486749876
544839866
458556201
888271042
500989983
779388987
