696470
673223461
240573785
447317405
700635511
855492231
420511321
413597500
601599408
222237098
198384288
417356283
431459098
110938777
758870372
234072095
912574814
421170596
365207947
67470401
306160392
47569741
710534383
249926695
118378479
154978054
208817777
460741965
311784933
23157299
260327061
580410166
635366403
426558035
214430654
325054598
726760176
15569950
221975242
465984848
257494989
24894625
292808347
379558044
513766413
194665613
460327465
666109389
631558979
768885141
379476099
995767147
615075785
380509341
765786191
953126728
962689076
990647089
328938925
545657457
646674454
959769355
101812567
578442109
961910035
617974121
781989879
4901063
896508121
433815773
507311918
897004863
199195354
899223098
809975411
281265766
754761392
330976338
736160281
923712864
694650587
542708386
829182984
542899790
643681198
264559912
965334379
254857061
660771842
261303924
362365520
736113086
686631024
676317783
819310392
297725633
923082057
714366236
417648007
895792291
412675733
455426402
769601266
197743206
261573223
482471235
796571793
715852686
570533929
484520425
198365336
631712738
254486807
405226059
851006868
103966067
130586370
558912775
934760910
697350123
652639740
527132817
344129219
635204197
71450252
771198830
210373838
522877569
79912705
512249778
358183707
40395156
913328330
840367989
511037131
239224185
773107118
631439778
281326567
161209963
467988118
249481692
684323131
176251417
62938588
730652781
481626278
281404964
825310913
715344324
167139262
364169282
779605324
720297883
243152550
885542915
111297182
134397069
126292954
490374391
272097396
273694224
635939981
58284151
126336717
157970179
718384407
414118817
894188927
611782683
330858948
499146591
277586207
773550947
229362004
403158047
842809685
167877802
572265609
340797469
289572552
928968872
697566654
364568379
345110515
994014423
260789830
193030446
597215438
625494214
127927002
638710049
505146824
790952174
889112565
194293894
613541710
626038979
49914699
904968407
12268374
67507460
387216036
213528230
384485376
667992670
86583075
6054377
490935879
839994501
42733230
943419379
562131459
785495483
200801839
343128522
576127568
271371601
713173634
132322293
897180348
525353960
816903377
268694713
483855680
692148898
993999766
486634031
884438380
35068110
789616336
216770705
117963102
667297200
328529095
222065091
541752836
484038423
980083002
677117843
907431348
254735452
702094566
757220936
582760983
184507622
76578590
719651339
590150335
545984042
618166324
342170108
912865343
917592405
7788059
486914412
250604081
118521323
729672549
692336476
673992903
599949042
121615996
455867768
50378164
825962524
825456277
894834257
456966388
978736746
801375685
92089144
291288598
36055791
224890943
642444895
823259393
59682441
685933728
299348058
615570308
274348426
896483695
338454337
416901784
447446228
303905360
200370696
659509141
841614681
971461008
423231513
754365873
287746525
3124940
307482306
133119456
246226797
706842771
756798458
359051344
181744331
262684951
611413587
744608356
526077180
50881509
876809552
692701461
365343163
663655018
190921640
432587594
430324491
76766168
399644477
703465346
783161657
38965983
602931935
522057164
625085580
235325115
615351705
7275738
378144172
337723269
3542073
32930850
917408636
509325438
577032596
352839668
929135268
940296712
433825976
11663475
285070107
593845979
890824603
396564718
427095806
507669233
294165978
177959663
780539368
990643917
324041382
210980356
603480462
604016958
349957798
207260813
103910836
234741294
733965762
946419215
647333244
604137849
366464184
188353910
47339436
843878701
775292824
856017723
86622422
838081970
503452324
490027777
642940191
387981002
418395238
189315677
148141379
206367216
94961357
117416347
941159136
437392042
226736368
387500253
13681887
792561715
429450387
313391677
159367639
369771782
248928832
694393974
206330950
487406760
364330229
680932257
227381795
702470692
349225282
583217103
732376407
438148253
91337241
942457396
487191593
834013603
568040164
215499460
185621720
160642120
59119434
897543618
139779936
616549415
5260079
209941201
377401480
978963930
174672022
254777719
414428313
461901147
696650083
716850638
589153138
809058348
283696827
155533431
23650772
737462980
961933880
445670685
857141933
511744253
385039938
503010882
346054801
284278971
900308658
179668282
224521551
213950927
127769957
998725518
310652347
351385212
554614038
589781534
482146681
154389027
303530777
248417864
527798670
94447563
168788789
270475260
741498169
374486601
353304257
678133244
550316776
412506733
191848687
448158738
198708238
613448748
40401685
628035682
231509476
502249195
863886399
93122508
78655271
995003738
30256167
200477386
334131189
697924564
406198291
237767925
254444309
693915292
673386748
869261743
433932203
713516016
917872014
762694370
342955463
114564677
761512712
971568199
930974712
222175413
629351505
812014817
22102239
679611217
800017279
697203598
310983527
926578354
358272057
979897484
290502627
210408268
169762592
532794930
64191395
968311402
936344069
43573604
968288308
115536332
423688934
856401483
739119983
322586943
14226535
485192221
695576732
277707313
285080219
116944799
740736482
892318198
162147795
856479857
365652233
218241349
178375146
654519971
897907284
708994691
926784397
327865953
335643234
693489263
578759115
223523934
543753423
385077084
698502974
374644059
178220606
717939107
3279890
815438380
798486477
772950021
72894833
699515295
665384681
314825057
1626865
33276213
641498135
241327258
239161001
398184427
48260473
313282734
167142697
845950045
789936256
281824098
145666318
259293617
188751933
95822981
520758248
45630719
743827826
790702600
941438796
310499648
579204338
910436158
938724191
22797374
889038308
346709413
57993379
592702210
145346515
478859849
989135289
583082226
707367825
893508183
686367816
94315976
454328262
180574688
175263461
230470689
217934387
852552927
584707802
896396507
572272788
743986272
626686446
702663496
252191773
27264114
955687468
874682080
373386260
691127216
454071874
731061976
302603065
216363626
509146118
701551058
255289355
574440485
700603530
311076406
292688808
562584091
551925790
295243749
409455163
426442271
591302456
563253138
615439138
710968107
92565261
726651410
325728355
42327683
450524585
145052036
720022966
355329881
340510437
118082400
523172380
114453208
209695966
16240609
439436309
955305838
791712909
237964636
671428568
473712402
975181333
643493900
151949397
273631396
603707699
9688697
192060482
331442696
293208333
825749501
435961657
392434329
259242941
662418152
598561955
727420462
405333621
260275381
765839040
364094082
981528091
899959472
233930048
582521129
787904025
178235599
352888124
535685180
855807439
454149323
634729360
353337819
891824568
141726736
735786772
449071359
574702012
52096959
438619983
440835887
952991553
388580269
62121548
514760934
682120742
130738050
855210265
547277813
417678653
712015845
549972217
531437528
472125594
307334486
492184309
75221860
409563852
569428266
485727369
425472099
656800571
656375300
475635256
839059009
191020140
82623837
500609760
117516205
926631378
149490595
152718449
353236662
821655397
325003153
411102527
592947821
837837924
719169112
900400386
657165975
323025333
805610310
118006527
143791594
904177105
103291832
881212224
584490081
649542425
660564912
39507507
5273746
566369588
13147884
784035314
296616252
912945012
223062537
323740794
599496904
630128288
737694060
620646433
268188057
559297395
196735554
709782129
147122441
896231957
899236487
237383935
690394738
669027879
828561393
102446766
851190260
538368772
331843662
934881903
87728308
201411612
916119677
467973779
266066466
109983088
147444703
786867072
808507513
540967837
114486275
680002808
614775386
395428318
300903481
27037686
585331272
184963877
849818469
584494197
707441550
393509701
734089782
688258123
750305937
423180976
349112767
336245865
737808194
910701116
932845053
758247479
581101349
288180633
236012485
398085292
714008610
269720280
354579967
158204968
411852692
409868480
901274615
606154603
781745682
219233678
622608548
294966420
368124398
801523706
517115493
666226382
688550301
747349463
227440352
694218605
467321828
227861554
717667840
842885488
760870319
811198836
49058878
897806395
608122783
356238794
98901458
326594752
159415832
902818187
313029075
315610991
830383908
691613500
172641505
297573069
492235085
127935179
906512439
531072258
800572427
54146347
968121466
936284487
393585623
266618670
69697177
833751884
60740280
541793878
930763462
486147056
552052438
511694477
397334648
600653854
360809602
3468219
998031818
425506887
120332219
296013795
135550587
465306209
488494631
201504502
835842472
996936800
574707958
929867282
201983520
339386649
321349113
186595582
42313061
706723972
843077369
112774390
504220772
341504113
286541617
265149573
265854471
617621952
972054723
826882018
763558551
318689431
294278852
571987650
936763465
488766865
129903359
481005551
410740039
504558631
918595758
502815257
447789855
192081120
430776196
72760376
259043926
130872997
339810358
591376813
164797942
365456856
469381416
690610674
757576484
248035212
499247445
656527705
138965270
855182645
30159323
517928634
493251485
661612611
437945950
517153041
702657947
2720308
993103815
713216654
209483289
840343560
775855542
537754428
788128213
340262112
664984533
312139652
910727915
213781241
6105646
134981474
277811594
380677909
662084075
398101694
849308013
603668177
814411164
688728253
989519418
473375653
342040281
555557392
474399307
400667124
9563772
786177243
754135169
913623153
370102427
256323617
137769180
626593703
381893524
324454380
589601313
931626987
902482459
417314372
583050678
187107793
745799788
925184028
849076998
895177848
240117039
112573575
999528535
39844255
667845026
98989770
188309142
304375562
723697234
736107635
498303279
220298149
63355120
387461089
330698340
878807289
558004481
997104761
843678812
749782028
997212292
651217890
