558772948
9090383
819412156
602084295
183024562
396206820
276383488
184910965
989738351
18283859
222374849
241139094
169948813
312857551
50381223
164263515
523175408
263710163
994135742
374865044
764860805
6360216
343447503
727058235
42922455
294746744
406427934
294827677
134874286
521454611
813648125
866085725
706356567
610256454
332810246
906855307
870078349
570082799
133082133
601343044
184490465
718251370
853639548
509026014
902052150
933793240
196265421
603206903
856011615
602351740
462647596
766403051
100906723
2741224
430646957
552412732
665642879
92353920
559161839
888277816
989778885
981555810
50036678
468283740
204635732
356289122
534782526
559692357
980047304
143525914
294185164
953092607
130628030
392792697
190374578
46609434
152720666
834421488
825006084
109129214
98481323
803221029
438816061
532522544
58807014
47245074
765179002
703615342
179609497
780397513
241212428
777724429
10920959
244804315
611564158
202934654
668214691
385355808
304390282
545763028
399010713
636573062
623159598
712485700
308166575
509554987
635775020
708114025
812366644
384037522
399692065
831221390
267347835
450032625
789796493
186557855
542739749
517514133
409476725
157390658
591110119
831167182
380082860
199649790
902313485
516460733
942171647
885823714
781228537
987439923
378394741
767364857
530031205
279243056
710118499
461908260
180061430
726330359
224355968
549252026
411470053
57064976
891248696
795571974
380705448
409991037
510376594
560888333
455007821
425006302
660194904
150700558
975879081
146999624
954652907
567843530
256490202
423509808
810172214
791705841
567383338
749951305
926885486
824926720
5642780
632327206
301190184
988104778
739914124
327888232
6496425
816409389
293158164
860224698
745920604
534045142
939918484
584510885
818944341
492322447
6084139
381283313
430815892
356222234
327245019
227694183
791485775
383031581
324590147
142274969
205418058
756551621
916158143
432650126
981868686
661518746
130179489
66321976
789929193
748378240
108800853
522271814
820974208
127119588
418509877
843785514
857542393
115654383
401079018
420607765
627925044
671979315
604565465
317849766
785621701
186100025
319135412
570663251
497681701
777948596
840841430
918158601
663514630
597639155
122470174
249944802
900251244
860508036
878356010
84401857
403865652
873596508
794581690
70566100
383521594
483812323
560309104
303696303
937712356
483459504
370151788
675831392
981952561
903982380
514349923
533438741
151986156
598308376
647028423
795768661
342383333
559516236
568640274
11980596
907536809
190642250
858757182
223335053
4649413
168565074
943534268
997034356
237298371
316677161
16742112
754328535
877397623
533999364
934328170
301809378
625790919
15439108
632950894
14222197
407796808
165010038
936206038
759532249
83289232
589031432
97958646
301942867
213479612
82587349
742018522
844349415
304956233
782601093
163029290
192879344
625055139
336974051
299046890
769147281
539925234
373117430
438533020
665275400
887240268
760021386
656041116
617986790
663980204
345219045
169977741
326944224
926565341
554418076
604183787
742526771
254436211
99224933
140045821
415617980
70606428
641591400
783554744
154711022
574658637
172392696
449372302
94796529
370970073
741448826
676754237
288816868
716392217
863803611
474296961
34679377
726477016
270930637
872291979
323267844
932990314
479971855
637962662
868260565
912609606
415074297
917784072
750538155
178417306
420502518
938443132
525830205
196928230
883428908
698540853
898333833
589562685
283821998
90616763
714847571
310649084
561244586
247016716
922531377
668464806
881160872
610552006
62761730
80121115
569504410
16049754
983505572
226932952
816777975
482627664
590634572
3628738
915294177
242101414
159584339
254608623
698834145
916379222
950467554
803005693
150924032
91888638
832963307
165262758
575963127
445116690
442655018
180313874
157444408
12618760
371745728
232955138
715431284
199795758
31448734
804522290
855022342
670417040
608912895
404452764
954937559
298897252
380150253
400801244
107906281
894705094
674268507
41720583
931032422
460238948
611814938
644865363
296549161
119525683
517540774
789272233
777588697
897498970
504157986
124387719
573394734
803191697
69488544
804159214
110881936
357679433
288197452
715498418
210652680
355062047
399586279
28417104
307466327
546014790
848068133
852026778
711738383
432162063
57356476
681258031
770848182
400934435
249281451
697205458
400803821
726880364
936405976
595905600
682254982
242176500
26933593
957523370
166259054
484525175
831058028
151745861
229408707
575991037
289919308
750226846
606507641
958770087
831067901
575970374
60652669
583397833
337399035
750534370
271457549
665513995
77533849
345426633
840142494
822899953
353539536
172460298
553910245
372283085
403355393
384001571
421273456
692291851
33243435
968476179
328128454
442062908
862158049
822941151
714956760
696322271
622618070
135747346
142242755
307129628
74750389
812078093
569866533
673311075
636552789
817405986
389481328
185871606
324448051
16740987
164642650
681506958
117380876
343359099
130985638
658597729
597835614
857125621
172635644
905917736
328953390
914215789
925526651
862591721
247841920
618589759
721239783
514457883
35577609
575135276
42895925
941786502
203183878
533012865
748149564
541461442
602593764
880599169
735730295
585949405
994520241
235401850
367843799
16502448
803833528
646621494
324682031
518798950
691955512
56359030
98486656
765492448
963111700
236325017
978176237
160534599
886551440
707274810
425469155
17963029
96166203
875023444
150293996
749312774
973845060
222856147
478323080
584368010
595209533
589524195
56003964
717236444
121395326
586686237
911397493
93551540
546371990
909024203
58758192
601220425
293907728
202440833
822502370
979218577
476648619
277403476
978674801
966858859
554836627
587614964
654910001
895318952
455130013
717767265
489783202
119496797
85107853
618531024
42657386
580977381
168298413
740314020
923589415
102431316
355065
381250210
644097122
376425462
324927523
884624696
614162608
977527236
648516618
824248728
724055300
893725369
52521073
171075417
272664154
696441584
244181345
511464219
29531382
7594569
934614193
160685011
262106431
403628059
96903035
791900696
8443687
927840964
866366816
477780809
432922011
553593706
278851416
720071054
978863512
95398408
633306353
602249338
641931336
670211929
973452355
677382764
246802334
630881284
993711964
596057832
66975723
914032435
345866869
346215801
336796036
656834193
710782637
915994846
167817121
839670053
119143779
240469062
279522427
533026825
876181009
686321642
111160419
170735809
391326717
170461593
614873952
332450018
192211904
177265745
63135231
641932005
869532882
359319452
34142212
257231429
913882676
631225146
409916093
500845201
724924973
94411251
581974095
520151015
140984772
776087817
842811068
362856569
552253932
139193458
976254627
392837290
322726911
108904511
794030919
287130713
566222344
76066524
239554566
823250371
981183879
734525703
721820530
168601123
283080569
694864030
787301309
351463185
881852633
910585691
925787376
487918632
830552967
778677224
808101851
781769758
104347546
591009403
29751036
615238899
327650523
252017382
780196085
53018446
201011116
670297940
319205094
760628371
565288531
747011498
691009084
837816151
391670579
586665721
519661321
990399268
372590719
413372971
237070445
446120741
988786506
491347883
481003934
641668240
213406080
488335995
562284321
544049685
300802659
12261161
182783166
975212939
46315487
624315666
495599847
729166496
954329617
668802084
967590005
612782627
375658935
26672938
786174653
134841135
219576606
87971225
96248053
243887246
259015902
817702581
409179038
690974574
353938957
583630294
626452391
836302639
771013447
138527844
839612364
712675120
108013618
775155407
459825712
553027369
564228331
715796143
791500663
767354911
91065873
790494824
36069650
703788634
445782965
624287816
70461805
962113567
705173228
346162799
422091633
125434855
392087941
318397075
285033783
483100076
603082121
491808591
621273981
462685192
997863274
659297207
958153048
815801772
829189719
254914884
504769009
600503527
566847225
233147283
570612802
503780462
296470560
328893140
152821373
468521076
781632931
705390403
245191608
729651140
513168488
664338823
131129410
424850648
716436210
714177508
320587178
789616542
490121623
976725634
949945246
72419740
94522162
328815470
769491636
431768664
832341775
220267876
874598913
190868080
119518807
469958277
395266341
472025945
775549995
918311170
828964293
63194801
165575702
816512706
701467144
897691717
246616982
891622840
949516703
333524450
528167796
533302399
99365562
115012210
934327704
715152465
110381903
590121590
283202035
498193062
409258299
967655089
559401502
721052707
636179299
561365054
830791488
54323528
610132332
43210210
269072481
659103463
649300651
798125039
885213214
257392377
624040840
673608916
275258490
52253529
825802757
202899320
379298766
435967185
903600866
299039375
120902314
759586703
256540374
404366340
359576374
805144750
188823909
277356933
509052870
861309203
503793297
444522993
180333406
140102090
66900228
192293453
281490507
906306492
64451969
869064331
884001747
301240521
229798994
676935326
91111625
436772986
314863100
230948506
672390303
206358978
588356322
123434317
817451839
337139923
440462739
71204785
797783152
205765991
683633835
463927729
470279554
371943718
289072168
23904011
753599079
179517846
493275509
135156399
985353299
633509303
921408812
472992272
371515216
34536534
415037627
819661791
529787708
579605046
313254715
922803387
490281650
957875402
604966628
302693891
272952880
380358979
627071153
843193481
699639349
995695442
394510300
75724516
222672656
600524238
398784777
512058028
12168352
205894983
923336246
911593778
943497475
179706700
245595205
38881000
284950165
115364049
751919100
782915304
922102295
620800946
541417075
218178105
892511275
760830447
973646078
512404150
766977089
986378276
750951129
373240100
552446691
650082027
435517049
