243086535
654941676
601312505
92239385
652755382
295430820
854785558
424255892
849004900
307448778
271158560
568131518
650106901
881535534
296847482
713573009
34371328
591709610
807961017
287821219
521864168
447111781
184442088
192265512
793993301
27432779
863273210
7944128
452087932
259201092
783719737
573569552
755866405
632646168
189131922
693870460
248128320
78209476
619936383
256414000
769543970
216360421
409291178
488896190
692973727
101106276
261961898
376943982
537208794
764085717
184061915
191520048
895219020
139597312
903374807
795974752
470499588
409046992
298246082
625322603
432157608
846841429
972167959
589803807
523729040
697589006
812265112
17460732
692403612
602977020
465444688
956161851
971773225
551547017
518277247
305503746
37820603
695545896
499291783
692887025
765470880
486329228
470735332
688002213
75139177
592199688
678350530
616269092
729271360
393157169
223370872
839081326
779963392
994613779
824256390
922702540
244192460
819487370
965167149
995384720
288841163
244501165
684540368
934231772
298641028
227900062
219746821
343672003
621320064
597871061
758154149
774953690
909755208
605359056
859851722
945828379
376106097
284165745
514664629
931529350
19238475
195996020
288189371
299246443
379606148
626363361
176198458
977159445
727290625
595574706
61311285
218333231
730378745
503907061
404045861
520969714
801788858
536503558
389361185
847239114
372452867
334678526
994949026
131400299
635003018
448417180
929326117
174604336
134762057
878428009
546596442
960026713
304822741
33637799
976146244
92845142
956311793
385293925
554625624
672277665
51701603
242587375
616381377
25745357
536559775
539820917
44574945
405848146
201313194
338882007
144039520
839602537
894804559
667425513
559076482
684559947
201046992
156789072
664243423
931188967
697037243
1594122
842397387
848862614
48978263
101284570
913510489
696740945
527760815
311200719
564657920
416494933
981877933
717083518
795537510
129865492
718297148
969203669
594840522
95182101
403842235
523477970
973291140
795880049
734388488
706993904
65222154
637397226
474561316
291586296
891798149
799522720
721050500
623436656
975240421
50107481
400189986
767518761
976767093
435275205
626310427
347833998
878087329
890112474
774224085
727544586
857724603
177721040
871888002
429210990
966262798
231843322
561948548
569061322
527346731
173559273
28302981
46517338
114474126
341984357
36062415
276113262
222179629
236174519
419402568
765135198
695444431
358441276
741843096
745430029
729675504
950778386
992436574
159565317
468871672
56008236
645390639
83178665
21655963
6843902
849269300
887501113
765509223
45350325
325323497
659954826
237574172
151989178
96089924
801681148
21804500
353672648
653044635
634782735
399212789
350197164
125654368
641912810
470709905
9088886
32100155
499283326
435877942
126457973
699535484
15484411
239406746
402383231
100189649
471338494
528168632
945124314
24861375
107630223
492715056
148561301
510604038
176829303
910851020
759447740
527561026
543455252
262351352
940161947
723625528
376002856
297733751
357653839
760352526
118674508
930353867
3477829
612468759
12567076
974743745
349985973
451623170
639051249
345814839
309839085
420548080
835190939
51799529
624751428
273512516
76680185
328811272
545414411
142067678
250651488
839593125
948825063
731061789
711262163
481527859
488644901
236931974
495715994
402832443
323532628
717750659
881752906
642030703
981515140
540984626
524690803
332655554
12294298
132886477
142729082
696938129
871552787
831014463
601011934
338899660
692370086
491655723
637599922
666649431
646945343
47191583
752319339
215586160
509701038
279081382
981528802
272416038
901206594
531039216
486098843
113053999
955907175
236218806
22282211
592088425
538795172
193160236
70284387
83766802
748821711
744024629
316516973
412527933
999338594
553713358
968040336
117810600
130049854
372362503
789157772
996989177
599332051
829066562
755887099
276341045
965431319
666166745
132329665
702433758
559455822
252274764
431448959
481255081
646787632
29675083
741030952
635333981
808732252
8923508
800104486
499209849
421371335
553833120
917827718
902920713
730674608
339791405
216247564
955987679
311041044
863718202
142366183
528844091
741881443
489109665
513721947
126840612
480331706
745941164
626657105
872628426
60830571
367850628
524310978
496546947
312575669
835261891
765740300
969663510
812682404
332706354
309078347
121126346
572258015
289947922
575617842
45498930
911238843
852966384
545666435
625639913
449919180
176341984
391392713
695737619
109908580
902604867
739373637
157677967
515953135
614190340
155002275
62791087
382266402
927476059
438379278
53520706
29522141
421280771
590345043
895412716
574051103
246584053
143305275
978334688
554639855
21239837
956586074
451933521
913491822
468223016
215601768
627365320
200274729
1017191
422709245
884488585
976457914
828573357
386638366
409970801
95888253
608062333
453710375
198492064
177704079
246287260
738859943
644781954
851568642
522097135
15976788
489958071
262621341
650253717
51588810
203335127
33036709
413058023
141097764
88668743
946018791
287440116
244186143
47730118
398588571
527636954
862516356
381249210
504766814
553890692
77062790
200948783
34642404
180374241
799524462
965988769
792873676
944813210
800630609
308352595
282379893
311804120
600364877
391394686
452246227
725643695
364743978
550021010
949428380
219374117
851451875
563399891
687475593
297969623
463952009
808448136
363876189
405980256
799903491
650067124
383770902
357610733
140015140
297677950
445034344
815028004
455315666
82247099
850729254
85600039
410461450
88223498
612427412
832745168
806288848
634214670
687075237
852791456
595483890
672944874
162892975
312495346
431820828
285392696
702438815
513662898
513473188
736672780
716422231
991076325
602112579
386893419
144909718
150563485
924581691
924769159
171788979
302686927
946360340
637218221
270328028
282496878
699291755
863828341
808912666
763228376
950972477
854730424
491680773
829737337
121372898
511084732
810496365
126958616
487174148
71275556
925789903
854622443
595239133
931371445
301554816
718642885
365824867
859652927
483487459
23568030
943313779
461863927
908163475
881519688
462425691
384388310
906431114
958265667
402616845
880396096
613203589
567992486
476480028
939210437
562690419
658742763
244992006
886684893
869703426
91027846
576397053
17951101
663389335
853306135
998979254
317166535
707447792
14988895
335663405
551685142
916672010
839638826
380340881
785344636
819914596
489108550
946566947
610161084
367311646
736984586
604653617
852230696
724341770
606778051
458071965
357797417
378142414
656028695
368681026
642812051
473650878
479139973
989949499
392459613
447170975
925362677
798474590
54857340
882540432
145259155
676940517
891442219
622602262
850931702
963724084
773564761
187651604
691135391
119295841
73581868
712175815
634830921
519373247
132718840
486374228
724166356
293609330
56611284
395234169
641181836
939024120
51419097
646307867
692851353
78034263
437532037
849689326
987881267
338173660
894551917
690633959
891709606
727620650
222052490
60044069
713211397
229628434
873410067
643053965
684507203
170145812
687007021
536732854
295099157
930636235
838819955
959766725
857230659
906085384
723004618
631753347
741863305
659623170
241358595
206235034
625521419
245134351
929750908
772897438
526192047
923875434
199770336
352961731
224743922
382947908
820466207
907210269
297320756
72674770
773162829
494537921
420199262
413557317
710726964
471036024
252017098
514686242
351208709
762215117
239214307
477765311
992458665
81795883
615169040
262798570
948770652
232086436
486262054
15817455
434522649
468077045
299877525
100512628
116861918
760631768
970375475
334045290
311988931
912151248
110170027
931609685
662445968
784555889
132922554
228466696
211554085
328305987
948896204
770322570
954217935
110835177
893925640
167535791
533683131
48426736
931416767
117974453
737792689
961945350
434177255
588379771
420948215
281503301
638152120
305085784
194660396
319686633
296695399
950095195
500660547
917971807
202697310
439057460
652045089
307604621
815319342
207902776
948873328
386702343
51244485
620464664
283190230
715939483
61599519
323687471
574151403
132341734
566829496
68435182
829214999
852401022
596252599
350043580
477973993
521790254
510661469
380942666
146403768
827836769
33806300
891867450
31610588
998801007
269662022
36246128
908137865
454868179
515490700
226078510
233107393
723513991
169101124
351090346
910700865
813712589
305189540
705008730
219903782
314464648
730934379
62318662
752857135
228260217
120880196
648259524
321719207
852653729
961083466
130254835
796943150
434376675
61499007
121036558
352896043
159377033
588854076
284389221
446277460
25353390
415549604
119283223
616851032
340750986
835327788
105701008
683299898
245162253
439342713
664261402
216600713
805652738
161038884
831939119
96902389
971487636
139010315
803350370
877920811
621402497
714526919
55484136
493784712
385235864
429135359
798730716
662014983
48064565
998194301
751323832
224858513
20800319
258731270
194550391
898915042
611651155
445467628
412106149
392932427
15179187
964959625
76556954
413311015
296822063
913654120
991290410
273337791
229559887
24134168
381408405
20366718
785503704
406468409
824874961
310826469
360065468
625498510
231615167
911615626
36597071
443686023
635235333
246967950
688018880
439402889
195800394
546921467
966488491
933024075
485251233
526020007
726904165
410417942
862741623
656442871
637969965
642173119
196962648
471581743
437844947
525392925
432455096
23930396
616785896
730957114
439354807
614331908
433856307
883723920
538849574
986152643
213852460
500490521
356335356
571493163
329724292
829589003
725292134
857419173
717853725
444368943
306849298
296535810
538882934
855388396
293462551
375085762
543726784
168432090
672856503
717892347
428535862
760033423
473770679
511204145
11230926
611304936
630182053
957061765
48081
581468484
113065159
82764571
394174501
