467588386
328049659
723056544
717950546
113796188
628526099
732049810
353465376
363484074
670716885
382179925
773880098
952618555
707703989
759629875
463390094
291386710
633952251
166480567
614152019
744837760
729839707
700009153
987434
781313808
845742505
328033529
468421403
875589007
732580481
180000985
921635437
228930655
880415921
721250964
821200797
691135990
217705714
496054636
989372719
830166134
351887728
771716320
436693562
851081961
795398607
690000244
253708718
148677037
371576596
834427065
685404662
874771514
598044250
557019391
737748678
628040504
722069109
936636737
268053682
300492570
263628407
477876367
630903591
490715899
460544486
544949443
72202633
986453023
938429076
772254103
73680995
137897615
177107847
783985883
392950032
958123386
263315590
149905472
985915199
155742260
74324810
319744365
504012411
898153414
494596322
46863923
630886403
323396530
983502285
193160293
969066879
281068976
228000953
688880148
566537726
874011360
140812728
945977662
390537474
250449163
617797610
267255694
210247959
599322491
760746069
547507046
697663666
814058365
164069359
779625291
364724913
572163637
950721536
112311421
226167759
943884041
973863954
732750176
996119575
413680563
914063038
748806102
2950737
745268783
803187223
792612018
909896660
488227697
217448157
518938670
817310658
317337927
759367996
735466036
537944648
807069114
109496405
904689919
137407345
947089274
349200255
816828037
159327171
203876994
828435379
396903241
330347439
115689531
462712389
622653684
900147404
408062550
949858085
976856910
336386123
868991507
264304956
464979175
796135266
968134050
637610385
209435969
596610208
645130687
962314631
47386985
812795639
215255500
574366772
419098643
834387635
69174035
595342830
49030301
64480307
97235001
589478931
799073742
916833403
406283981
462264579
794207128
25515308
594794471
618791264
409248107
367479841
782511085
399079912
668953139
542764158
644517229
108554652
169273293
309478889
139764286
220217829
514196482
241562361
781048393
584107601
115091938
541322758
43613745
788266048
830973369
812719719
900827784
912376602
239151122
279512576
465231213
548145771
389851284
505869470
843403255
183920660
1815736
26339422
553066524
679907143
30284553
816175587
905413631
876334484
189870406
960619382
426069536
739551410
924716020
877017170
75282448
557511380
135785009
822176379
347172640
252884370
981901562
806528422
787817894
596528387
466652056
870134482
159928789
389440563
77532944
96371457
718703366
663403822
466075632
955843625
218402092
487857059
688495836
101141250
553823047
298916350
635909126
167279259
598395642
870353986
386650182
161276373
987660580
362133951
204230128
907719831
412360762
567674904
158696830
590518885
202019097
195287313
238521527
956538136
213255086
160150070
656246797
515973068
798801539
93498948
241916015
762665713
273475777
968872394
658615077
587425387
869015543
34643759
268353332
48256289
616975242
814622302
208132780
917463906
209878205
305375682
882473900
797794837
185210435
169813111
684010694
151028462
504706992
875556746
753824527
23114779
249335531
731957699
887886162
393672977
642669552
119936058
368477718
504896693
628437970
623984467
887800594
18788186
703518872
616804739
38704288
377717002
299321572
110440540
973543641
387396793
987154532
321057620
746659930
907879402
277676168
858451959
330762632
628988428
409488253
90887553
257958721
397919030
215047866
635500298
338089855
137057844
146757596
874680353
405586736
497039184
446144583
703236085
289025935
585893736
417575087
863685714
94275964
568405694
131108823
306293691
851706889
394266451
902013103
366427734
35960245
928277910
985297767
980006758
115996809
784217591
789173424
739489289
95408439
537550417
366025745
489881564
803740318
68018573
278714883
901646443
230959406
424641217
704853803
476504456
941252208
283918446
32031684
160766194
490304315
413990452
764175994
762356937
497879605
103194561
239180663
863692269
495905925
848620131
599540053
409811944
151760075
166750836
758683544
621369144
707865759
706655293
607827646
751475517
219867991
927693521
59945395
26257391
289690810
229462378
75334285
427065671
689412647
425508646
425175524
752041797
896246226
824531573
489702442
702006355
20041596
26816486
241609684
992213876
298369753
502333475
993975638
955120186
468478518
868902938
749886368
64208569
665957671
83484658
768638696
234596915
676090799
280556166
940898201
562610793
354045057
737918603
472666126
268417226
27860276
812114990
174279621
70397278
423444606
847498254
513565716
327228501
677048392
56677189
601327547
681049272
465045608
615613768
453105763
717534514
933717882
104825207
557778871
420787870
479576009
11125715
761107998
605927988
656869949
190578609
75950998
615690059
883633370
927091648
347961298
282122992
554150358
973192457
964353600
486254762
328053853
923578360
531675580
620980262
355337221
422657866
387160176
609280482
482157110
87589424
769551305
60477030
827450402
223363687
628892909
249219849
180139731
51878256
788841215
16734560
51006991
568351632
413527327
232865997
771547256
897875656
443595129
749956742
708715889
319204555
126898913
491853150
651260167
966851000
389480660
10139522
573149626
936798607
65450648
56918142
623965538
151827516
123770878
569280525
421027302
15473967
788239656
660269683
298198738
98741449
101983260
502272102
184351241
947619039
435247770
759702220
510051032
298809582
849433005
457461564
979062735
637203432
900564591
162952555
960690509
277698154
409216862
860599400
833883025
618753387
676070221
243341122
986427606
731923073
392769021
899179474
444580754
844246801
811838693
756073289
109635999
783325445
451758004
609974440
217221294
624626809
307501909
703641126
531603229
629778439
500088488
274340044
87365602
607989083
77855405
986762104
251262923
960818321
608590014
143329147
606257103
927640254
826386657
679445350
422671227
858642137
515844495
452428166
554850017
536068294
315121466
665804229
486970887
93359716
347825564
195737290
185445428
290590151
945731259
336063699
970196244
705575735
328996171
204104585
118664898
401730177
155975520
378438523
654067667
406006915
647916550
483762431
235656786
668509546
149816185
181995744
956938787
772312652
187303213
358579156
108782314
855073741
148791108
995534934
314656972
834284258
787369155
994005885
260163518
882118114
801316676
960672771
15087062
272526315
173132902
900681367
598644083
622282071
560780451
20941049
702666617
137405971
798360498
148843102
888151742
831359034
430147443
818461340
943543529
165829820
238798502
413132774
103286938
587152103
227281384
115122502
556784626
333461236
889447612
284380639
614361020
161969633
118275004
771949552
604690238
687243778
468675369
963130470
495376643
249134817
583351659
334656716
211532201
166362163
655912538
971376341
56713242
999948005
107383191
483297937
404136814
968907813
50462355
94333697
643319612
388183902
857385832
427934957
45244930
58010399
343896740
265182847
732834457
276399811
406580027
540696983
19130967
26410946
544152863
200907964
362683665
467016971
323084696
694408712
582478159
904141785
201600572
936924773
931239564
255905042
58409259
556836620
226078044
406149674
880243823
645453205
111507277
23941306
128629940
216506335
829857944
40740411
917885540
437366244
905238076
318168812
601822257
935132388
759782134
115215554
952245374
30302296
455795142
906475225
120614272
937119842
645823117
356053642
511855537
739177825
186583329
920461058
496695392
789339887
999601139
787060119
39104802
326684783
396155986
761126820
429189705
995189659
897781005
327646527
371050018
321943253
549131430
885718451
789170634
264309347
302319527
266468182
177142639
816024009
303659666
28106963
101041477
319602818
285535402
943123980
999630087
755453634
512085768
389452113
29923006
909396885
544045018
128545653
437765103
118177956
279064009
275137474
538976402
998655312
686025848
957055714
132521289
128148615
535425207
798671017
387988411
760104665
566883006
247546189
436858298
920115145
743318419
680671381
485680220
971494175
686018641
719501983
41149380
453032004
761496732
673736070
483103890
508328892
297723520
461653131
777898233
420585777
447953347
670992678
985245336
27182053
727491779
178487325
129998161
346603951
895585672
972892861
784177609
486864384
555135569
239525422
188570627
264539578
952593814
109807860
166078466
863373636
642865431
466270927
432159314
559562025
233988094
85944397
237158580
12289777
473951823
624192396
830425093
73772076
20772783
967402632
312151317
895890327
262300852
409676244
192623365
564831093
550673220
139076269
75908503
713125779
935324373
554284994
897896434
521971310
485165443
218564311
555735077
187915660
295574664
914524596
777720345
981682419
238833363
425683311
793193958
641547382
941328744
117708383
872652126
271393276
142467767
710405532
466091600
587732936
927374103
292680298
2238726
542917569
917184493
601247372
312700416
503789162
390362423
719033533
624237651
679703098
188047962
715187268
527124333
255387511
68457318
642509432
778197411
106248185
189682287
330468897
657056963
836617539
616482284
551075982
623502348
432964836
266424141
804515226
570658011
224918840
88193393
310163497
594597205
192485144
216325585
12817507
270731166
694327291
601824180
273931182
591319995
519799829
801445659
113490860
453499420
226141475
590584048
617264614
202935957
499958334
932208120
359843415
398050649
596905206
635623334
165621186
926435284
366108511
977745023
879735578
237365020
585847196
148375522
399318810
591509704
877884463
120590063
334639189
39061926
55639811
371778266
83870119
504424004
915751103
739148900
137257134
35171880
502991424
97576561
397360872
842380786
649159526
601579269
70699677
292710718
728349977
912112847
997691998
556861809
50704399
86382222
904622653
716582267
722088600
36566161
5472799
371424306
402126848
521981154
575614955
105551412
255944859
578202687
147296145
128180067
848338000
855419409
482299545
857756304
498366199
130449305
423443860
268531949
580384150
37354791
588205493
