543977796
708738294
215007389
931004566
365381517
220611269
948066425
721392394
575806947
269775688
650307126
447601535
106782841
126792414
489929060
403787422
871405736
777865808
877978904
272160177
882044478
419571297
8949127
586261398
853375612
567760035
442553547
493033016
943273802
942829267
387686478
698683718
367074334
355367311
563004511
389567260
855725643
264336517
548324482
548921345
740647219
236826484
507281775
719000316
505487546
703602995
500484822
971202046
380728522
189011751
546563393
214185366
296677908
74378445
957549123
124406498
699789166
628745989
77628953
797621481
778057720
455033408
778118591
632977679
882089208
951623407
80527200
751415529
563787901
100361799
548061778
607069218
229541326
329057558
531512957
645217994
912289521
289948810
80773851
149772617
67275213
471351500
112304494
754262051
396265874
173501112
402005809
292695889
397818186
438598012
689778093
226979653
186707564
750703000
770863624
285613810
458707892
874304095
836911106
553864138
623075794
749069291
407414144
280366722
640949972
939494173
984644039
967620349
542865486
312331129
212116976
409840355
547972137
927856335
730346267
306706219
342728914
23856540
236711804
708588096
549617598
787831310
353597342
125189889
410583704
321082124
420361654
478838325
558193932
245899147
186510102
37985425
453037702
526909712
526696821
318205920
63937356
831937770
113312079
456771699
188857072
434385459
749830401
85487056
226481036
279937737
679007514
258851227
20356732
464157405
942884894
434851351
637592291
128323010
4246540
835244482
395471948
282224254
869783017
319867847
519132518
505805713
409426416
296966339
125821027
174131551
956802652
21062425
401159513
412140346
242768862
510791143
910544460
779940103
519731024
115232138
38000909
268110285
898708851
130645966
642074608
161510426
458481592
94036526
303014251
751658749
400393133
324714691
522663172
691452337
922733970
781713100
962154752
793444230
937639180
683051357
24959042
452864062
959666028
52349484
323135084
657945089
857691713
608216384
221388542
432093751
524306890
857652186
608591985
889014400
797243573
127361663
383515402
739137050
677793238
357622091
47324120
315389890
993952087
374162277
773738416
632087960
498399252
709707174
489406374
461055760
548636390
117100229
842300922
836679665
90273096
585136845
308444256
846359367
807510881
984129517
303818712
850265207
872647983
870920498
227351858
542740945
716122705
633648770
894208763
795372307
398197698
223017701
115650991
580017088
635727236
709569151
458911974
585503751
278611067
691047122
159545837
147984538
118810009
760332780
883457360
407206660
15351263
771912319
798741303
212106727
818917405
537156033
931626168
693663719
53803379
197058912
442741906
123031588
146810418
230997471
915965254
864750480
815498410
694034066
62858062
325618688
1449238
262283834
200952428
380703944
126224871
722940503
567748299
116463758
824583680
155834174
731455197
112315202
987463136
820145196
527389682
944210384
834907465
682102035
976454900
861041663
291391531
421987271
526213708
438668323
266827245
335880385
438693333
47613596
775081866
294795355
332486127
424775942
697474718
557838672
405757422
753067428
570959890
418037359
85881856
95976902
969407733
815162409
869080038
897969203
465603714
330426703
135568451
326665220
703607787
971754868
29843015
133396374
717579164
201816397
34227156
579461965
736070124
762284103
113876699
790344485
284247170
520134703
341381891
529788324
823348045
306679255
414840482
429624464
414387773
774322252
373250494
416870106
596220179
880477998
891633929
476229121
552907231
628244503
973064608
936400540
200311934
112028112
344005807
803326996
264952340
199089752
707196777
495658321
523611515
826295455
16997303
808675785
304160659
295537370
811729730
449273029
473780518
339291713
74621158
158924458
915586220
705943985
912277445
929285534
598504374
612972907
537176194
837101164
310182466
557998034
26554733
107825620
789219494
177476158
590032550
172219057
176128896
538054893
264835984
624258293
599482476
919182160
906012948
588092317
757324948
564574707
112709446
300682809
68748268
442360900
2448603
213615518
553623345
814140149
20814319
494367948
199750665
414720271
204822622
651979431
661913556
870095612
185475854
965613479
799740721
909171682
19456291
126684501
705504818
639510672
273144132
935725623
74455729
450362863
559441981
996404059
799931035
324185128
171960585
33929666
500263461
236493385
768352896
867821565
555549431
812939214
554202273
975079343
156661838
95664602
972468391
761408623
333232271
612856551
962344735
729386863
733706306
940399468
788351594
848153265
545118416
986024943
595177989
429237594
169216768
66722978
139159789
103260482
254698168
24410259
694436911
875565536
242759686
170892955
151715970
425420170
101742715
317654287
410064047
986801506
354969408
44376947
970022662
609840215
667042280
511735507
602493351
461599176
488018126
830055116
262697752
859531566
535833533
323807318
488811249
514238516
641315395
339115301
698604797
488826452
673779425
450941791
720381174
132251579
401227690
96902854
518648937
162339316
461140581
536924564
627644147
416052018
530335420
801550086
493183857
500741468
16002281
985337772
762195312
657481259
464229626
677560611
615242354
424643051
761712505
834905343
339732002
918952367
682081705
637477452
784104774
762627413
619049489
921237593
313022081
904027616
323995772
837771082
208612525
570139425
993086569
440154035
458594
951093560
202410968
846645733
329196145
734283445
830623460
988069779
498236235
655977621
576919987
41123537
24596826
996218812
835699436
295738122
370539072
566322345
757170850
599696568
480257609
823663128
752819789
865016733
797002527
609097826
488528005
589156239
176745696
178231197
776725247
192055886
664394689
24075590
677102016
664148792
222232083
915066771
505709198
605448555
88328906
694011925
139241216
128127153
185707426
577925952
896640766
316803267
68328179
28257649
467232010
642290178
812968574
393390000
959896424
176795465
198273771
337394234
49643205
720098318
245755440
241467220
811324082
320005037
879252372
384864100
376728846
521235
319116795
171550644
73506039
455472300
60613147
151722295
511367662
786245683
684421911
624692635
679309307
219076575
712457058
171724737
520828060
148488047
710999186
134435069
379087311
271004688
64179165
500306551
465875020
884837848
865423565
785610878
359693115
846861685
882687842
819236177
248874779
800843324
201197105
896119531
997686470
896777534
954751608
11759709
581677030
661246278
882022337
173650741
492373552
573581135
658084925
830566628
7641259
74030702
720639159
662836034
609005849
744817303
5776788
105724158
936342069
818810243
705675622
188668190
590048733
275002267
792029178
664505975
903557840
865185732
375817856
878465981
17879470
816337526
174038266
624050524
193736437
699239477
552758037
717841032
388982350
890528422
7932999
892293884
226752922
34856936
777969619
285662412
126222525
219851807
210230328
504057475
795066535
95472947
959777460
178876227
191101912
766083418
421710974
306674762
869217099
217516361
270092900
627187818
197763278
779618943
812687158
191303732
899992435
96588635
469099597
909766371
192059265
287935755
716741806
45813646
810877244
813381737
961915267
555191796
497032647
506366765
538283450
683706033
654955404
871760379
83399445
922406522
856560064
995162037
432948611
427653018
277528502
246083275
848623931
171465988
620435522
380745179
694530605
447133978
222169777
586665887
385669976
29633890
750752208
300463955
311998209
507130780
378731139
913963814
367998982
377720174
804168150
866519176
809642113
362850333
679232910
586386866
972232412
326002897
696219497
890280635
334743666
904830396
663640022
41446579
632237869
945975989
439311822
545275818
425378123
430132064
118851131
514781288
333022019
910366759
120696789
508649559
932953823
354491449
559762170
576268664
543675382
942596249
627163055
55228437
623484866
411009324
436441160
485773598
492233077
34048656
408512766
368527707
750914479
331889140
251922220
480839579
365993866
709305629
668226084
366022218
67818957
833455320
488585691
937866917
258869042
289386861
533497157
899275353
242153544
170583350
653433041
617740962
766240726
119950833
346605252
392147416
277667341
608411584
417961711
221228544
509534829
953538223
53042740
391329466
21619298
750323423
763866808
1132878
658444539
639857208
142655692
223648193
686265363
193739951
508449706
710220061
454010558
689296136
796359394
334098005
877512166
537165806
243620054
321649726
380615613
790771802
602286980
630963646
985283886
859774802
203172237
757582281
291343918
446997539
856487388
114280733
780412579
97256224
916247619
508545618
525520052
532364278
240830813
602296334
27927657
429784848
931475597
572500774
611501125
636385189
938136857
588371203
812052189
83863705
343716377
972369021
709918168
731393013
10713852
230847494
148036443
132903161
15848990
798669735
436684971
385073410
932304274
239267824
337252562
394168972
929807481
356754333
773048516
287813776
808577952
345147887
296334992
641323718
293722069
950830764
859296203
29786205
19462520
348898696
921637944
614801032
945530090
207480212
103281162
884118366
404362563
49019565
86542371
685400124
360509175
392616890
516515287
442161077
165611362
642854245
497480572
692207773
235248212
217332152
706577707
581382523
815322686
524238413
275285752
998568488
676034029
68594450
437670944
59883087
371551289
118250237
113440641
666950292
877031790
821883937
439543318
724824061
135986661
453134195
989806407
880787916
270211961
87648391
927304599
415961062
828632599
854173914
475712355
650867822
453350191
167088429
794537992
802130366
642320988
340255420
799478345
421291677
932194459
104712672
208084336
335768113
611348620
26659284
313848834
242258937
279176249
849564993
565129286
343727424
203310927
772656510
556221111
782114015
227525743
825789790
311170562
727674294
596933812
859324689
169935888
821860114
592882093
786803120
606532894
204462860
323712243
311310273
