851058766
915724072
485998896
985244567
907244693
223248421
673681297
953773690
417434338
210262894
815942321
402231138
161497217
925723669
785476587
554950426
852527335
807217348
109669206
815497131
606271122
933698244
167985930
834773158
113392346
214239814
854397827
675006576
322824033
1519843
277181664
754494328
579063600
917331407
528210953
504509204
318374165
698268841
612381664
680735865
440384990
26039896
38544381
491465257
756867703
424303465
820147453
551691200
809212690
928983583
109154130
345202457
652337162
49407355
387193439
917360521
747738142
651225736
871852221
693004878
368850592
998674719
630949657
415914495
933081228
61447992
823167536
244165808
397512715
280967382
236576261
154258494
194835684
428933339
375112140
580231225
895153862
676520671
77905455
689088879
394092360
302706627
865793885
393840448
892365711
931979205
102157166
529656245
530137968
610850431
756771061
667148427
826416619
919376784
311885272
441710269
395090238
622629885
558384027
695419711
601135927
575981645
154178484
528245308
692407321
954895635
150366773
223403822
674295214
806962212
22206658
71217470
573320281
182763342
298912518
66143965
132880834
237109208
523548782
1102022
959290825
293511291
714027838
786662282
524196320
569427833
327841874
275458898
117048066
933401869
185140987
272523977
118136644
382485742
87952951
818110714
148528142
337548577
701433125
937470075
781612432
878753342
855361029
723175754
588643773
685553590
93828146
643653276
620464266
245741307
308829434
157981029
99081102
557282004
736128884
307624636
861953805
367516200
4048987
122979488
627053761
874907874
106355756
740893343
621821225
749682679
953080825
190834538
94810390
480801803
917615822
795332256
535676081
586078706
219489589
80537483
438150260
990852083
198018509
838642728
475599686
684188596
654994630
871306758
624572434
27159957
173442874
560854638
646356857
780328314
956156908
781011940
333499589
578453637
310416313
906704557
772397585
114467686
101354529
838961092
732472763
902993606
548842886
139662463
328125483
513497177
622304946
513002395
337792415
655591401
869474374
871101721
169497691
165406257
647379800
942865164
219913243
235048997
116320908
594661267
576239804
392226186
544477680
314482075
524644894
136603881
461832667
957222443
275662392
312785030
308139896
323682574
889497553
359057416
106169965
572606078
135345709
515332167
543181274
111075257
404855009
660440478
223062223
990765454
910853939
85055186
611514249
168093331
931073835
367551148
686791314
537348588
998146776
506693260
262721287
340246577
358515926
234360810
615017567
191521601
51664509
665082502
237340002
25007384
347451505
545791799
981604166
810440273
59236292
74773721
807519454
704581074
691867721
5245651
189806257
915799325
169163963
553712225
403628135
439589707
525089631
293739335
26148607
908111243
625993715
770791306
325535796
382804292
96336129
765923386
214090152
900984898
900314598
351659673
59410747
739772506
423100475
198054838
643313948
365062139
103451019
801073974
108857038
856300113
560031692
982210238
845480866
992901124
316887003
346921961
171082613
804803700
830732674
175427860
666431969
757925172
638933894
329228758
399013668
576660197
220256002
598799874
714104144
293312904
860683568
906534555
804266474
340208048
945834903
450033750
492698849
971109124
910398275
38565996
336138688
724015655
184882297
169848493
348079550
643783475
925310439
332634670
65917289
749414166
594840773
409286451
70252223
724886738
685227702
301485573
100838612
93871717
799041168
66653750
144806136
504651143
86969830
815544133
995616544
653497136
177943764
505272817
47066221
866853252
854223110
199973488
894405423
792166678
839289171
942416312
573042875
469085401
981149206
755230192
651349757
887621331
532882584
964689976
698472130
451397116
836282331
79379736
654980344
644349329
349195137
398827131
172067955
843744524
893759858
831487543
637045825
369338162
174231947
694582413
465839711
420037621
285568449
199064036
895191055
394867285
514881026
278085544
885597566
742811389
728442696
631753210
112722510
43810976
415303992
257184804
971768557
122279853
117072002
544219427
817214803
98564027
850292472
402716891
517658114
455395979
27905532
50660898
898406818
7801627
305370487
203704712
294853453
286566792
289390480
231312136
602052881
333818548
69498921
303604844
936516089
558196786
193782169
912168954
915906631
717441926
286104621
128256978
428440532
636575054
859718984
514765971
252266160
630012519
877367608
367275683
569745147
882851556
681405921
439795076
366961752
464220127
379678725
877795938
437440901
524737984
336899756
826155716
754420494
183991856
655131921
637950009
52780931
813467157
607703337
259018016
904781857
938123517
486810259
800216186
169291357
899648552
622220365
261831763
148082642
790604514
951438551
664840933
409199183
922114796
661566987
719201324
652412626
629703844
936643090
472295961
178518061
315986229
474728052
391168647
380542170
459948903
373836483
244448676
981443132
221768975
461985040
438799001
22309182
618349591
462493824
631621629
396041297
881189733
270503718
467313199
841999761
117846961
729713296
646836386
573299431
672058822
416956533
832305697
522424868
935930595
985537381
423077086
876824065
135407375
80499954
588795627
463395465
95641612
419674016
709342453
525812069
377771689
280388630
926313666
328619474
512639549
642531750
790849590
459620971
29945358
323160027
771222891
359200125
469329891
630296199
60671100
586272932
827891665
817869214
708483346
42992370
541530784
722023807
45512536
236231592
38907953
561974935
886901805
537849636
873698196
168226163
300399685
461515717
561161264
941501128
464228071
837458329
803399628
318216911
60659881
29527071
626106942
372684725
492479509
612770568
214314489
63876960
407494173
505111175
19828854
2522694
635503799
277772396
711190668
666350083
984281283
655747881
234876094
690082073
289711520
950664612
755629944
252999953
585922774
861719193
22760342
309707174
798038860
527828762
166068127
223212770
782873302
509674753
757209333
678956274
416885426
168846059
229544297
432741967
21917102
975030991
154480762
381790630
518020782
871175501
532722363
22627288
750325047
894811179
957219843
808480189
602582235
113317555
28505390
109995267
273897126
373106988
786761950
630760315
590010225
904607314
265838099
879665409
339043048
796616082
219649391
125829046
520563062
32234394
249464656
815435224
426203584
802134125
668164971
314680528
796183850
373839313
734979169
714747271
328996829
133053
559382125
903227679
570608917
357587936
620630534
669555747
481169362
647214065
405059147
43778438
382084107
598783980
842731740
117309786
709192892
274815352
42747582
721404699
651526110
406893317
502064225
718090653
645346523
141784618
382276605
800448108
445152582
713824861
313811416
900057811
638127818
72014679
301763485
589877172
345225188
362610418
309056491
981455110
175985548
550093642
644659682
873348995
627175245
205686217
433351117
827419602
959402384
550855184
605487634
521368498
331091731
13574470
63221161
922103511
498068826
841291471
257881156
428824298
975311329
820182425
224403164
767344499
333402648
505001335
405650618
310069428
297020495
252854567
772084597
346582474
965758859
61292470
545419151
101432467
762233633
628715229
90915407
439660305
708433500
554857002
841045722
894297397
108337227
792442917
568966080
624553348
8793517
379659972
91808346
503933715
104729262
880232192
6143780
355803121
325690477
877315182
539946346
122173910
800035598
123281689
530399107
706547816
778770586
258905160
555609638
269799260
468155318
961788692
159869878
869353596
750376064
818220849
720390797
420454327
979136702
330105766
659007272
540959730
936035254
781097269
301275910
917360521
161046221
268150881
241853212
85526667
55148690
189616029
775741988
884918450
88768882
968741496
639624706
585151811
24457895
134497905
115526810
849432066
236833279
299166819
156398029
47004824
219790094
222454748
753557650
286508411
159841394
585689451
376666418
995584710
218307909
998986615
186138655
18938328
822005778
613038584
545501595
510619705
17051947
470082971
214650570
278539288
186046703
274951426
780584713
781634567
178596142
135238985
395996432
844638796
214578955
809575205
304126451
636868434
624699239
254271085
697570426
938591471
514593229
955344799
925685271
469459237
812949609
780157277
666610540
89782266
782602840
620686377
763146032
411419309
588996309
604907104
832380118
766750307
84516249
877858740
860958119
944838667
441870034
971923082
107912269
24602408
189693019
532027621
781005754
408732703
694860164
549270219
394239087
567734692
915468157
606910122
996026474
61707147
544397698
745191331
465589677
405889425
608340885
690802447
999031725
557909763
372092952
984577122
255642487
609671850
977195085
537376142
552352185
746840498
393312964
752731758
496721437
542670146
847432530
901082862
279766218
280921988
999151521
257877836
394922101
233332620
226447290
195411339
495951151
982086186
608880628
770672970
222352608
339324916
412269062
455068694
336497782
751067586
972891355
550002504
652509455
205115896
276385133
171333904
431537616
157484021
996918033
647398588
174421727
162736399
110188684
453356327
214274616
643314835
465425112
184667688
406737902
350463048
295880345
765699104
331462473
176681612
488625970
273556299
791221
206522114
315023534
213027268
334571435
938244269
416233976
745653850
569778790
297430025
248573406
74650322
4536855
827817617
826340219
237438079
236414586
579048700
20989612
333214752
871897501
155524301
556398354
579037771
873899802
227601373
48330792
986034732
455187240
207192250
218540031
475827842
716489924
2828834
170542682
225015501
842460486
783890764
312827152
236177457
746502421
364534833
883577536
916844590
394741428
390774790
180130833
578920283
524122828
58442266
529284518
752413771
155692000
155411218
401658797
845266919
650123759
735985761
339127465
106970061
889913476
430199242
290466609
362586539
78889993
772745563
358160397
1708020
657274934
