685315748
593443642
835160179
855424865
33285003
236289583
776749581
738914164
831719178
428929395
668078578
716226835
272014953
912947503
267069652
78051885
18324705
79117376
636221322
993834701
489017937
450674710
693182729
661213795
385875901
338575772
301344414
603721397
53136928
763397180
635542282
471300773
795583486
892854941
641931282
344546728
826070680
844142115
807113643
80626231
585542560
694499811
256084503
622304783
809529342
865992964
487094268
436493218
440738833
419752006
404185723
158901076
638517096
562040127
131607849
234641038
900260911
173946383
469548964
694709229
934945167
173028184
685777235
68321997
793387112
196777805
920643348
379160010
271016221
922522922
251981203
174182589
272003732
555595091
408292141
794518124
194590207
70877946
851684451
519882935
851481502
864851194
162982563
633384921
359211457
476641206
832783675
233543358
761247092
407290243
444285815
652124296
374593151
112404413
145681062
412514375
8722575
187762505
828917670
612751537
945349615
107934258
165476997
518215909
167770802
230003134
886897343
82922004
153747986
337089723
40050831
829382965
322261931
949666027
843227726
70093973
10045620
52392314
709110538
316745905
363994128
687099989
617912916
863725976
478237106
599856905
799589436
159599318
409914029
995777764
785795549
6827701
241960275
238932914
574533318
743547244
699374197
644766653
465614118
129208323
589743862
749861671
79795371
424157369
367239412
614902849
329862365
424927122
269176686
75587089
402468755
956330259
478651966
512171764
248757408
258249625
490021340
301751019
39978803
567913895
430413696
727298024
673007974
157970221
551294172
33223130
587422690
83329016
375132709
99680482
370719774
365278966
586778194
579902215
727002042
614132456
607304617
193755546
496486564
863334256
269994539
374662313
890422631
334326940
593309009
829465288
528175734
729788510
990175505
316283692
253525903
397623177
604787849
897700222
698794625
862445836
76853697
921825149
872863195
334016281
27480159
246533349
49794413
169496203
704867313
37189788
369552064
898749750
785169720
634624950
650945006
296265793
805264454
176644545
297919355
55751382
836875392
338681033
564661211
721828883
505047395
857634178
93153510
58849016
846154578
973096595
760491115
689077971
881107588
864556205
537278759
685479467
320892350
162470282
835854096
23461190
324867900
720926427
629459625
556119220
459913223
629425983
944618788
355550554
665338684
957260108
592358722
428143304
599780866
643043242
25570444
738172662
357163937
151034312
828968885
169845979
153379838
990945396
323341624
731770717
276698672
680474092
17642161
920613513
97346191
965465538
975373442
642794171
340790448
274458164
730883481
115948964
709221406
8541990
261915659
875621411
913015388
737602955
393510330
888894468
380737873
332347811
89297105
238064345
838985761
799106095
328315530
169858037
333501395
666008117
870081351
333922502
397584803
897688907
279420548
779439130
611783821
24005275
258204363
699873145
981886664
949564549
87352856
325322701
912159760
909621478
28951255
348621946
889118652
953347473
256830589
415776882
597435066
434447155
351032844
944350859
591176987
779577815
81627752
298240094
637150007
805515405
309292776
674782329
404376812
396960978
718364160
811532498
729121441
482476528
263837589
889010113
479398592
693637183
907007802
431173322
244994955
763974402
325904583
929364281
770154840
979693582
280739384
380153920
409177527
454304469
736487435
963137647
546656063
335069687
188262143
832206004
942377521
959964267
62723137
176371259
640271773
412570525
920945888
515198781
191257318
217418756
619500504
406642124
689509884
367820475
936378288
903797881
527439351
919859520
699355904
827202584
453673231
152263470
528085252
657456424
524776021
929138854
265604802
950072341
660473541
755226512
264876434
394051753
294214384
431631583
946632591
519434323
630914045
730636543
790901548
832424429
843028512
810705801
738106962
552736084
360193078
874097258
690644035
41357052
517926179
832689553
435698295
626796541
635713782
361059557
378532773
790114051
431879014
405266712
651595237
711132917
146965722
970873546
854725238
436030805
952542320
225448750
112427739
257878300
421187883
416943965
272883836
796802807
128957972
866931473
984174070
642967429
414156507
975349167
297263345
650678761
238494818
224247749
432146162
827783987
319528216
638079892
758337969
933154826
53098810
156518539
87555308
225647332
79041305
79768630
685458706
872154965
955980561
302076156
600193762
134744328
761669519
432765735
620169168
100982213
559805717
638895487
497838569
768782307
376885486
735565342
375957544
456529846
108003367
916475
472638098
922717972
538727384
26941250
116502589
314462428
467110779
179272912
204779489
264669343
329388657
47236503
717761501
49189341
181472767
112019105
686986867
112080350
375155404
162519017
889009241
805729082
604078580
331163948
267978270
680632727
140241322
989555661
556269339
317533467
780560994
631025461
117643965
78124829
607130530
762740733
333427580
929039310
185573567
285731334
667633548
582396607
227986246
355499825
771593555
512569213
921133985
448649227
587309540
264866380
48578475
263877193
81374441
945484348
111907233
666909015
318639391
207563436
758962979
435869860
174221105
477555117
623003571
887246021
484108347
698363195
929592536
639636671
442058809
418732033
778591523
757947556
926506782
89424070
494885468
306612633
577742836
248578755
559570391
755409055
759498741
691592093
402246120
291402959
268954992
516683800
549651019
172159615
966217595
940221514
444101341
125864144
170076331
749703705
111510228
190078430
959393034
340740224
871391476
73230360
582976676
281497313
6590418
168577507
486274855
290630917
337370410
991950369
450598880
805294598
89166179
70060636
647993043
3553923
676371118
482629011
75308996
331600611
618291028
967424545
148712175
757432920
673419075
501837294
974630691
652727379
587871225
176803077
977913840
304807037
347219598
237002611
377187277
486340031
172432379
478001427
685001675
233668613
805128103
978324073
179313390
557700649
721560733
160922996
851055335
374040704
477871100
166522407
73332587
628881216
114769434
627792422
722449194
903966929
924518183
825543755
608078237
504753122
193946814
833547475
702759691
160567333
14036529
145791843
458075000
852163566
692873358
161653011
831121542
198369690
797627334
841640382
526472507
639966954
788111155
591011525
35872186
512496079
650781958
600589986
174856278
421348817
103470489
349032623
190037603
719427174
514553416
473220346
561821846
346888623
869923188
180248552
39721798
971580626
275564381
18746057
543664119
575768890
702847994
998891767
681167345
316218089
335400863
874962895
831253881
273129050
101319915
82482239
115855774
333506658
789671568
95582158
853971163
593356827
658691196
281410874
57096843
665003904
955754239
738647825
337610149
219653011
599831163
484232919
328446500
617378781
801918583
554891879
364402572
769365098
47347405
460103295
809648083
651890189
919422640
858638188
85947953
228507593
517778741
916908551
618107259
432071177
357364572
228315188
557217053
774341030
326277388
446364970
312889430
994153506
961649212
878660214
620014650
964200168
661281618
461514333
716386924
851167942
546516394
213875099
471210466
546428034
718079665
346490674
286159253
329568273
285934074
202080974
673934185
800053007
195462920
828589249
147225162
38845687
120540565
905538971
862288438
371515975
927015865
554105469
291101393
355553613
242002449
370249065
807715884
168687189
840088643
845447914
990608569
457908306
142251263
234780009
681991197
303903642
445698085
71679225
713991510
10873897
942155934
227648779
488406955
124196413
772430783
512836421
798690585
133059963
731435052
581168962
843659602
755742645
599225894
344870949
924152076
992410924
922773704
115656853
304425584
347830600
538774789
117472063
489479629
440486158
211472404
216025879
657801743
960682909
146598052
843321518
593147601
48861340
191547461
851414540
429360039
699367086
65698513
166904980
583122829
729166027
571558478
674655921
437252136
258919680
1788311
234865923
858682411
797380313
310627932
689580272
381129936
330041231
767253639
366160909
472099107
824683871
738169149
47920796
912724008
556404904
855034676
838007675
986461909
888113532
988021360
794798261
564195184
747811352
915510908
224784990
926712410
755868724
532534022
575259556
776272120
864118866
680219925
230559948
438697847
976606479
357343466
860421429
650054977
457017779
462191582
263106369
281607699
825386550
379315433
604676167
961197935
17777716
254180970
26717924
874131349
733550802
688194010
549138603
270898319
206990048
670670738
110871059
881869403
85842942
762867860
625261210
797507207
191994083
589888787
607980240
144463945
507609201
609222948
936117527
199061437
994613246
187952697
529444130
425921949
724914990
513190562
738808633
368495919
310834741
263587053
908934693
501687753
505816098
701128205
42721318
175924855
131081322
959661627
231707798
305935741
246472407
978552024
564212035
694149917
836930370
465599160
89613616
235497762
771335192
460212222
453588734
408554767
318063441
827656486
879518101
545598104
158749880
123216653
545983328
693799485
931862103
742375139
571034662
822255887
853933165
123573457
291691109
490865876
547167469
432055385
13382623
547947572
377515150
630181786
952589029
16061221
623740661
835294212
588991578
259315829
423576945
503310871
597160726
850622517
809998318
500379926
183624311
678159610
821610102
497123212
17174975
7864668
413678299
537908312
374073636
504097266
407517362
741956146
840216750
713356913
173908051
598747738
688330291
339279806
446829598
905641160
31039617
687881654
875067455
863456880
921857442
323455666
534225074
286667498
270222539
428551232
145214413
720412143
12257568
353553239
939949144
613531497
669255772
50044256
414880410
5517954
134269273
839606836
256108150
448491763
608543858
881784514
995077460
875634664
85407778
824829205
814980578
257880919
403792919
904357157
469340309
