807280230
6726406
839265421
294461371
95839290
774109953
535762864
975961063
247823152
297240266
806865049
896840095
220515166
892266169
766520107
562710245
524687405
155087502
238317915
868344278
63008279
530549945
393592365
892367975
467981418
420419104
435601653
866166287
488400757
257530056
978415533
86152906
170312453
239110297
355358980
429072609
344463385
698115944
934802486
260446499
818002900
978452372
529070084
583214773
802600154
667641211
947423123
978116216
802714251
654518049
514181763
14214606
290523498
199715846
845619976
276730285
613134040
946897444
826479951
675420185
338508299
669596576
487560305
990293095
318824732
720712143
726527642
981404868
536907188
337447497
218246859
826571460
220285015
977871414
50341377
84555906
1479860
810377591
89767820
800340206
472995979
457485436
63452035
833882707
743348291
964200926
795629406
970596606
393490319
78628695
815938568
397565940
871635991
259382300
921938199
148406323
490892066
538776988
264390040
81888011
941113568
966018254
441209027
465266754
436271189
687610302
793929589
312652082
149374468
761064069
275250424
802756447
857129624
26139745
202424206
881022861
606144541
653677597
246944803
354623804
925082735
755931034
587914548
458278492
521508928
820680918
954935468
960902714
55933215
901935053
593663839
462702871
545987550
7879809
859226637
506977724
16276408
598185280
397611518
55737989
170271336
482977323
821222138
632426248
803378270
13182120
540436315
845496245
56958094
40915337
542261780
837214468
291832184
909766235
156805274
185182534
378103705
982930533
943757825
615590269
732674832
833026874
256718867
247439413
167400230
812547551
256768897
849249815
166913107
695446481
864746452
7959261
256066079
191206814
184352467
442105412
934708894
955488298
654900221
508326807
280244603
109439222
903944619
15017878
359673272
756449370
170870686
636221313
851074533
674044103
128874018
33345873
654427453
782021247
323063155
337244461
226258456
573782724
465026018
990830717
756413222
691186498
678583138
361511612
176168883
534302519
581148388
100625370
725413767
714699861
250473638
422615406
328030312
435431017
335345666
623235610
929082253
241700989
887766140
410950859
641676865
620547582
998175281
492869003
566572462
831400578
353531806
474044830
868143657
847108005
215846956
360926169
490462280
664069503
751913583
589058103
430856083
542433007
838848993
825370752
175300981
70245316
910807545
136374671
423570464
706258610
705315560
218996436
446675581
699827544
408162206
984557466
686016583
54075159
349153851
135865639
693011216
185714134
794939148
344768303
180770712
107103558
232481711
878305761
498852905
889547467
932153125
663960807
683517432
746287561
192379527
386649246
402851994
62395387
235649878
571431548
709740036
861800609
69298538
860313850
126085018
134535370
27369249
168316113
438945799
231289489
674909584
436387120
314915651
616047944
896046885
245141948
747493858
494080689
644600039
68197423
837763603
32501784
637521764
534022995
774105484
41354753
535479002
700388018
507448016
21512960
581705471
623621196
818425280
777722301
426125602
831210606
116415596
934625296
218683285
46235342
79734308
64165598
439359961
267563416
214637882
495766004
349045155
67469488
850240674
947237577
639155386
908771303
417795347
167452454
733667944
677238252
224278844
535275541
86208366
84730265
599056366
326981229
660868095
417432839
649584016
51288388
617961839
537193348
189922341
64836279
128726352
812868561
275397404
598364696
988463113
773598005
593141821
369958348
319385113
278339480
692309596
468009513
850147342
560210438
382357572
672934167
205825848
650972825
44054357
748887349
606931761
581140053
848416930
133953020
447178974
752753077
403297501
21927122
617979399
163349494
877804163
811851806
877547146
785404395
818511225
826286824
633373899
819430649
178989340
960069938
84096430
854320495
215890428
807868884
392420667
131046853
476833886
100657657
35075266
976649848
845462538
966989013
493138991
441034991
457904516
547586298
964451630
141444384
151185722
235710035
370300503
571214698
751978948
156035618
400535315
880457789
590462366
64742947
741699211
556070747
39560268
386395198
471983484
83984417
664790918
752611265
365249624
40548045
741532351
316132121
275919191
302639843
986851854
641329549
317886954
910815148
318712814
436512155
327499878
270924927
861835193
491929515
668244926
943279303
589769434
512881730
102341547
59854810
407333568
511962877
540584486
412090938
358958444
479004518
937089580
459067340
495005529
409154573
776244071
705293250
182336673
923903584
399912031
835053600
959790843
67660659
584362843
110649398
838148663
489720166
561744974
153950211
737243068
470774284
694235552
547630752
718150270
528704180
494214981
151909187
650269718
305394814
633214475
229569473
775547633
863828251
943681397
507847335
704239968
858819613
415809619
909558239
660268082
622206626
88588253
937931607
92017483
833191325
983488459
522108774
928518886
991692147
221706145
917613401
950217902
386634275
674847869
888184159
784768965
389458827
740917068
966301348
914939590
624334883
55023532
876941858
290689109
170342557
59505966
95962591
123979261
76515507
406409428
979329049
73910546
652186733
493682127
115036441
382186031
756303944
455613268
884958944
545215720
972106206
223390300
658577569
83688668
715601072
279351570
388913358
188980381
55497238
723078369
314781140
117902544
449508270
994618648
35933199
567183093
211646393
647242497
921674924
773685358
887525867
398129513
852003379
585282718
242377095
843702854
298031168
892952146
559811428
505998127
28465020
933845558
855958123
421085627
942833383
400944583
396445962
793253190
575088035
890990986
670592606
906982209
68482022
353437136
91628287
861426504
624402275
657568084
457748927
547853346
170539638
109061446
533938343
111273585
657689851
573976692
371386919
73294850
841311571
871898217
981320401
495961210
629168952
549499110
694613348
380935581
261944420
28422642
51785264
634988614
170737131
418393201
72154461
30683937
103092752
980543657
329647491
498566242
493654431
380950590
219300579
640463082
435203219
11958081
335458488
919403573
399907214
744684537
763395775
368856691
29557663
323151111
951941617
703189817
909670584
174631395
277813256
518982910
658823786
710692705
599482083
595979632
605782820
822760311
377116215
752146435
36906984
503254405
8180832
677146193
244329200
872820676
579640418
460360981
652597637
340857318
60757991
617210870
214040621
775209774
981028365
517259881
265026866
682928572
605430951
847586018
466451583
368964643
121013352
928461355
702730400
810664579
839742454
782961724
781468505
623320945
34680262
612442906
634841865
583312052
882496588
896652808
736503704
86249581
124527490
156736986
743510692
491580636
50592179
568813265
113873403
660602384
304942289
883614011
729664338
82222202
330952766
922854246
217329360
529530195
285694852
667942340
382241052
79719476
974415792
433664620
33078221
796678692
678892474
29276692
306177055
448315084
982369004
630728568
892713184
84375557
780756175
178777284
558401082
448693965
104075326
974870945
318372463
552200085
814587951
42128015
505722290
956128442
53297386
699246303
292368178
111826015
395113545
105311669
297617200
214554248
514411755
656784228
111833788
690862869
123658764
946831998
812688160
21315487
262636210
665558318
678233379
674213720
990900826
645288780
301466025
152175481
364453164
768635394
425454869
310823905
349569877
830040966
265131523
932287776
927942328
76949778
743381306
979646170
736908513
194351040
53201538
877057334
333111367
678158936
569963800
123971946
66943496
867538212
325035200
157243326
162182785
297056976
289563875
149029633
363894635
831508569
965227615
408008604
397780277
140192696
747372849
626478150
679856799
986793293
864984369
684370788
391652704
179546011
762920539
46708986
203450692
833041989
284406972
68285169
612356779
801176044
341102352
312741889
75324980
177494078
85231985
496914950
443600193
268211543
148641120
52512901
540477090
116101890
568393141
96433759
111722162
335372701
581865892
596715816
446978189
426723387
197200535
346318073
813174565
885593011
732319240
887397484
104617672
278326214
953792632
329140794
12650003
221278705
536672853
562718589
490406217
652485725
332683624
220286198
54960711
250457899
182877957
411645255
838152172
812471468
143893697
275550814
611152868
666486780
934986822
868077990
251176096
687691155
621306978
185633391
603975508
994784277
499567323
189731967
445174836
197834500
392297277
165273978
314418909
819500324
39862898
319198384
579429036
5674551
606027540
459236436
2689077
361579694
541755105
196520290
243845430
785555278
508165899
703096
741699313
456768426
276244615
438130891
343339390
85714642
77964698
324958846
599971726
351039461
958743079
495621938
152918401
142951656
775111360
857126210
858160620
17603978
97226345
18651848
772608570
824695311
696121777
605478317
60459239
475750386
865388913
889596401
145936050
424786688
941787960
818420229
486618378
498864226
448032652
988406409
921589883
954166385
821934586
228704267
741535626
714904050
719226657
228389575
46931470
110405602
306318034
859737419
586468332
684628893
338359669
226241451
688328932
489514051
228094525
917004000
760646647
670766296
377671652
867589003
220325728
188368296
179022796
175185038
409251499
140322850
9003560
654054173
694919003
786704950
935536325
903994233
195669390
868522077
277116220
57704519
105468654
467732202
558546847
950053635
169432351
5651494
303128069
461307155
86427018
715546509
130091296
997104326
270769701
531028650
227759761
250823586
576494733
954345582
8378539
553167330
535881254
544041619
819138074
906608618
101402042
652263859
164818415
799763380
749092566
434365434
30572060
819806854
212397830
170390005
811535346
292914445
112219449
427618015
698156651
214674234
885240226
717715639
88758019
693704988
10231553
11899232
383284472
163890352
558945188
684712739
327499500
241323807
860143538
723948889
521823264
