48080744
958893891
56371941
760123050
338970942
187989718
967424531
870599066
551101288
787272210
532990087
583971404
232201323
560481897
792318471
221139683
214515593
533194253
160838956
907759723
624671853
36299210
376831463
765396965
297255460
659005071
743994742
51640304
923732656
606038089
733254978
196467616
362139438
801284435
490730528
271778670
546851756
736967243
351533171
23762323
637539658
209506222
291263141
830193490
609998438
944024993
432211049
465254700
698148367
504860761
905498230
928341490
565780267
244868208
302930400
11781534
582062427
290974975
462867589
679965870
443994975
915784226
946866409
945063198
54017232
336522470
221831965
430916887
69751368
520539800
674287925
477548349
181661081
137076632
270220064
415165630
745036067
546637972
155398526
353230466
226794022
278740041
353491936
418871894
700539857
804913486
630687348
117271230
498354035
478948994
689716241
255876781
274099653
671567300
579767347
721755431
262639812
346199942
776176258
273475967
722193027
1294162
395503331
177608566
830572834
427949881
746680408
428703634
974648142
887764768
266745466
35424455
135576448
109637122
453171847
165254933
562292290
527994514
244523341
249103745
705835121
104560735
932562850
590802373
830823557
418411144
203448695
510093779
557309284
548464632
152525818
398836124
770461713
881922557
631037438
225499860
883236709
175883369
588299058
272589975
58233077
201983714
142623086
610589265
212203528
654291786
120300332
164462531
218395453
414512413
159463140
734645296
101676600
527072512
567640845
617632292
68731310
804700957
346785007
412161690
224501185
236586628
871394348
426183510
735238949
867909340
264962741
253653889
478599683
227671987
282018223
386408921
939695454
971933364
190870667
503851406
961937647
321973584
378598845
176531771
298110811
38986164
291698326
142796870
389001491
417880521
297159524
243389200
314281712
13405146
156768550
78535751
829098360
176137368
48088789
821646447
330589364
716439575
875350315
344294186
389329044
866646441
685862847
990723465
132494190
773054218
794949840
129743234
336201845
63789438
655694644
746757724
426102111
170253236
114050878
185515021
944888301
728597478
37182018
317358427
570749815
21573541
939372176
465194537
70903437
203482471
557310559
763558086
923844574
369224218
173262042
245498071
446623268
34304658
787202725
431464369
353123315
300974860
10302680
615947272
622930679
167416289
907187354
250492274
357710500
410010824
652433639
658845124
62086489
862573767
876758145
601991885
679257556
557991887
773544370
367755503
927274264
220668310
919820027
929011717
215743658
31391754
205898658
966977625
890527395
410196572
300134456
391797453
383050509
682586508
832391704
643913440
718294797
421234745
694427747
403333525
114386185
688879902
107484036
660892611
551048831
898465434
701471596
61270807
492466072
571270155
566240513
888631379
260760287
419447222
504190103
132455005
381154831
81290962
400203613
591538924
961517630
940209728
359964878
947513927
109876368
260636185
275794614
379499980
30182062
232844705
883697086
258022811
863564139
370210844
253369317
238394362
113184274
258927416
377962885
317278223
329920157
144627850
474511552
319257239
843956057
411503075
131037166
963603286
178396404
699936699
262758608
637003835
21031131
102888822
441815894
174176456
328915024
159970107
551016242
290412646
622670819
321971615
31088745
259621367
687573067
308217702
25067240
890549441
166077904
265795741
19270731
122227415
703328075
82925389
261618767
816889779
465698175
40707638
103557870
698373292
129599019
312191327
201103575
330245361
970086095
246693251
236991679
760675316
928394948
79192860
909479337
953214165
707911172
87550239
694607403
7948542
113539105
214890185
631684170
535738355
386435834
240487723
797525382
912600662
680665967
140531193
933675758
938105741
841270054
624926114
708478280
288207385
56412237
852642949
160813626
310479491
120868039
700843382
289535270
440879816
71226022
264391922
962154492
86885043
356316403
66056564
414316241
615777835
388317984
253670225
703350673
250807989
409023467
567819514
311937457
889111294
514665944
288502912
649579393
829554901
313017491
298885937
919405261
303468833
370714579
621271952
896801928
855268221
926736611
384127911
887080501
412695721
925354913
190804353
464512332
122043912
278333230
710640338
556284258
614609402
726214950
317897923
549787756
587599828
921575439
457670290
879183916
488592722
540705492
271702330
795813546
832365125
51263989
459980367
127862324
772340084
344986660
658685658
716170462
735044450
169254635
559048019
689041223
4190072
366589722
290654952
325453074
218219113
103307181
189893545
610778064
804025604
732218653
34969990
103339951
995119567
749098179
331805432
381893393
913044287
742088034
408209206
314562729
655034280
588314364
54715375
361431732
465374545
62942028
692172247
777057251
619647571
994469874
821239807
445354767
167166931
628856699
545597683
221010106
630920487
132217215
660964802
385285540
350811947
660924265
991787941
100146472
16293998
356640416
132742756
23241905
13181227
276792264
803126174
992956414
761045428
244485289
34006942
415875707
311874347
929223219
860078528
155277084
411134933
412836293
991130492
809555728
910978844
589615222
936173018
366262868
203500495
110795326
750972905
780827072
81123232
22923665
963750780
994110014
596526422
954568901
345137733
108734129
930199271
668930342
763876023
342855306
191343700
828283392
684309338
922681640
594849757
129721976
909135757
701697266
272138686
505687717
974150606
937975653
669793771
182232212
189167627
426678775
420467396
766479887
819741408
902385900
525819358
22299102
911833181
738121762
280734507
39896926
819349284
357305445
584085486
751344398
225077812
742204590
648960268
648275186
618212027
82695451
905305882
13491378
771413110
73778519
201659568
49275638
508688385
575435513
48773058
25775127
324316243
414294209
765401274
918458956
688266731
163719384
849188932
861490122
817035946
169044598
916450209
946187574
641947133
554952830
310372690
551830312
117611780
520794287
280609905
231946016
289015384
21518585
564020184
106472175
521372891
406976018
995066775
745962889
700726332
476543720
513610715
336397668
689348704
254959380
715580682
405055074
591904170
665626528
63077666
61358428
893015656
787470145
831239238
449167428
166245241
959118307
371544244
216460279
763405827
649829254
931663856
987894097
294825608
816827041
736759741
302797657
850274024
658929098
397086065
281290713
168652607
103226043
160763789
340492226
655433882
580052541
256838870
386987753
839372147
905317615
959926141
451985251
457716620
219251477
338930358
501545238
190279345
114852755
940226932
562254583
35431774
778606496
982557060
50897077
544879862
525716617
41572059
872521662
518199637
412783024
554781049
932975070
268540463
781786952
892705819
789789612
626706355
490747012
793733545
586192699
702279436
984556490
377088131
858088211
689903112
479678605
530177476
75574131
477896682
235214503
112518312
735421269
718702164
834831480
245858939
390046110
120668982
109866712
795612363
129717264
538480481
384317207
868788114
426589122
350536566
26951070
183444788
675929667
326545656
549140744
874838881
699532331
321119208
354034233
859975146
50875283
401518365
124468849
360993964
65201256
995539139
965997926
394624979
282985133
300264712
819359778
214272905
433708981
535928012
502659709
669120630
516839643
695134648
664016280
47712217
317962229
115768375
950499007
507551645
662952041
296233817
854247808
749028474
928755937
360375621
412985979
414302060
364667930
974856333
194983655
988527744
996200131
748872746
730411106
134178124
572482553
989692226
585802981
126324410
531176786
812678163
749735805
140001654
823885946
880020112
357999237
4397683
657102926
306322016
542012917
935106907
451019356
616917203
698041922
768967438
141291330
216969452
465869041
922609510
887278731
405057718
849604974
458852647
340944357
514131964
672920498
767966895
964723540
529838156
475229662
328270001
529965392
824174596
976374858
850273876
546498011
714246154
925142527
48735824
2376384
408588295
757199132
58345914
432843416
259876747
537508387
379282928
50830824
961443666
992886792
355513101
523823185
663193469
239045677
126119067
963073188
290883157
799057296
309753981
207099614
590032340
39674141
127264770
831092352
213742915
405141514
626844758
640542344
847768044
222469427
427045174
291826924
417133216
920233126
478690436
647858584
791259059
26009231
81067609
976623576
293637569
717136071
3279874
536951362
119716561
804446814
866771922
585128919
850255790
887200686
255614853
915188857
615388545
841636208
412344042
368914153
629934362
227253561
219100500
854735232
910663627
738740583
203062779
738974239
565841618
63686176
106689968
742960341
760355240
478260482
171814129
264873926
717989686
333130404
913462043
872896268
36394267
590313406
711375791
409296100
538369590
41715839
790286553
960567356
966854573
511856315
676438378
575497007
507889084
109776282
17924221
564005498
806908729
226332375
65959948
554896985
514073291
264305633
971109743
56030384
697756846
123811580
824773678
371995307
715386557
990740925
197199170
282258140
928174164
539447772
332519885
39620956
515877769
809804399
316365642
868947788
948454028
242495421
772119665
53985302
387247797
531192960
235071257
650578957
460336260
607808630
457965195
491657311
267170456
358565057
358822976
772088632
619203661
655345406
711539253
414558009
216942160
418291245
245180799
976113646
314657145
394180237
647322842
968441310
777256395
978303264
48127728
997104329
909966731
197012159
606442955
271577870
492185967
917124441
668782586
166563885
888740322
174194720
911659046
107577926
532775730
705541858
15087684
569609106
180624796
560431251
420417293
860532361
98265145
901807631
652005627
530162783
997314620
796006017
739328156
993067558
883870117
266629946
873322560
482032995
559680901
460860864
581690578
70158296
752122100
87245105
279902665
702079219
986562819
544975367
525817686
