759517898
181262177
969985871
647896460
200302662
140652001
418344993
978874590
468500763
460364505
55421185
746007507
83847130
770244049
245020819
428739763
508841837
305082893
919858009
451131864
389445624
365497358
16637783
637626104
559547055
377445020
500795976
55268133
304286518
453870263
656376812
330705045
120054492
939705936
509084838
606895924
622444756
178539113
43758080
610764681
391920700
735520942
605727152
732732098
662483172
29653076
728194382
331575068
82259403
304724484
318761839
49926930
667804371
901928658
382170682
394020539
164624394
332359767
88349405
822857640
639856024
363076859
674588071
14630500
803987692
724716139
625953014
144141192
261159211
638124893
806295005
330302724
261324812
309093328
59211163
653924680
759770205
283905683
975142931
529893978
649250636
169220907
973008729
999562032
135108424
606449881
662900672
218125833
557535254
115064298
442271530
290084989
90189707
220900439
970908655
28843841
60932870
591096651
928744405
937767032
403700061
584053189
70415857
444134508
498429478
988459113
788602117
358711043
842717494
728246000
634250333
880718709
357216835
558455426
173607003
470635116
390068129
675026037
879522074
197537810
61815466
407827181
586605937
146094913
195853363
516210016
240113017
40424373
338184671
30367322
592991810
168673553
355161277
37375898
126193916
65197447
98805050
528874220
501132554
146649309
817847763
304189629
375408337
829289253
480813963
561552819
932868152
531734280
47293435
500273539
638775710
385906831
711574575
731206595
875951566
995872878
997447251
924320943
248281145
982219460
748346095
748177743
20526371
812350172
135254189
465576780
525557432
319840936
432261509
108409556
371830065
861193907
173893483
732872765
379690045
757625835
32418844
757316683
665280948
634300542
583341862
708378736
993130937
837911130
391591611
207084978
457098976
623954681
161424331
130321036
67750195
174484106
280593075
518913092
398303212
69670020
283663257
563058164
694035063
15237183
35995387
613027216
99472770
938883877
128443473
777581802
212013348
978701809
351516549
118325730
963454034
240130568
259039994
613980602
398877598
39967359
755046805
182615240
420758561
928169209
8477803
901602749
158416605
301940472
40659361
197345958
580600831
654980389
334569552
310020025
473962577
469360679
63281619
650043765
598305154
970314645
608905966
54247059
709467656
614009807
995071629
478397165
272438132
43098600
166867001
827619625
915444110
666612472
120035494
358335853
314623213
101048017
142299603
765865852
6759379
134392637
454610610
797532296
898224516
931097513
196980970
557032957
644132257
41496523
644363151
494093355
176848948
608996228
15675447
428562951
431061392
700799746
473147582
806748752
933097579
530080637
629164617
115318004
135073471
213039734
281901846
913988358
534944894
976233697
995396810
372914559
327061076
297415765
643284385
463912517
515704035
811373668
156022542
778370142
417028837
438038671
834264907
230941608
398735447
672773644
650770676
306447882
650937024
691472542
927274459
613823466
627900434
335550850
832768272
476678741
505228018
339292605
662458825
685184781
649195667
282992611
22088062
667898558
46099711
271448592
167032279
879433182
965711841
551762929
912858915
619687723
544777203
694777438
389719914
495058907
695815729
398223009
716582556
462299825
562269056
975453963
263051333
843472351
48959237
381573344
745014124
991510224
464647492
166605644
958684497
176411429
148914842
470837759
129174475
134036226
415950608
166366348
184841896
127286855
505741365
771337493
340736039
99174094
778613625
307586736
69046262
933122994
945830934
337709364
780863011
107005009
622710048
200159000
122915724
673741702
19941277
178615710
618939320
664526366
526434466
175522053
414785689
799106197
593078431
736447486
470772880
73939444
565602963
255683687
79108299
529449380
213381112
589295700
956558458
790931562
634717923
163877238
64858726
741372500
312527081
811891128
45679290
126938128
385742632
851679488
553701379
948755841
347922034
455432771
114094949
237334898
547427026
520315529
600852387
330219311
356551804
541629841
506095662
42166139
836813855
995106817
367520030
690147246
258601065
251413630
893623895
33414347
243600540
331984161
39023778
856064037
113756983
877566819
351999284
714543337
129842763
287847561
413363565
741398942
182746106
522017037
726017408
110170192
141588738
841773399
982022352
693065581
988443312
626339146
434379757
93088082
657781575
22692586
904558643
317420263
444371097
355532042
868337062
134329001
958055591
520287032
705155301
15937873
416408992
258030910
123577914
669860206
168316244
886309049
200376548
68704243
128266275
764696719
859420032
314796817
269089408
257349838
548558508
416827664
269391276
200558313
44971034
617261392
897604403
945935695
198282461
91064397
973008174
34579020
270172240
774310719
419510497
279034564
783343350
662459072
816861735
710079535
693761198
883557826
718195485
312162146
524749336
102134263
425962598
365675514
964821805
893084855
163272553
589761825
48330855
187021259
806973533
451509397
864937723
757497277
475315998
87893909
118333469
470473296
59748448
32513517
696852030
133737224
616136809
426065827
649193744
849231710
981353368
196960959
497935081
559009872
563588638
665000680
698632178
957229128
675808976
942836770
191298793
531928888
981113888
305197605
927791842
383246348
986248164
83150980
967337185
968001099
414096839
25846072
187143074
728967825
591746066
223287902
823809377
685681967
615310115
391012112
485997453
999896769
716481769
115590094
911731486
966311593
91826744
489320981
623432619
141972852
752877218
907708593
81688301
532479226
896595114
586404579
489359406
754550842
104721673
313605681
147489058
532985828
458728641
681192644
435134871
955507295
9817884
768967254
967263804
340300735
841191301
12950210
341919013
284796863
456839317
191402023
815447118
865523793
393466118
961480248
291419604
496927182
459718360
825364332
215123881
506388244
944157770
654663846
832372710
5341487
733928495
69258535
580960293
301704434
243523054
953011624
541168127
35289125
680455222
956224190
956493708
322859488
522057176
283131883
300781550
739927007
565789580
796891436
75639909
705193090
770957459
623835611
361084723
143241424
22186076
650561874
73267467
633364307
466068763
928746625
11349524
355154036
936594543
961922317
606372239
771932765
431989915
40214579
41273808
503827692
650233894
780157993
185068570
437241927
4986540
968560114
974870005
176586476
524582782
475196872
940598663
147266333
579023937
127179619
234384026
110092883
708173811
437718869
279518357
592961179
879744156
907803819
569220360
751708596
944874665
601339671
386264944
560134857
676759643
528848783
307937091
525575000
755617628
571812216
54959196
990799465
438767040
923842795
138254883
53625960
675691867
896680990
108781525
990871889
988147960
864083189
776130098
809414923
727538291
496279356
63758954
994271045
760696221
448312628
624083534
742430074
210937632
433359973
492367260
403646867
582295170
414735147
499826832
995733998
167259781
415023663
391648704
7211721
72220423
243584560
671325841
784331014
299463986
225892396
917269310
983063165
799022293
578348470
763560635
80791476
825209572
576850020
832596565
180480286
465089828
313666045
764878778
307305000
947728680
312529120
779861832
5407067
431475534
734608014
471330789
260956719
396854157
113047526
823612108
573124297
472434485
768918377
737194499
483953731
824953513
279427938
694807058
534803824
531043316
641020368
943407779
632589161
669799337
411575784
578437294
5445149
582138581
319346545
530644169
853593734
650144884
84343704
59483039
759691302
463722726
665918774
352855480
564855970
754561605
656312590
586209007
685974767
754736361
190436337
608356990
56291194
839655519
348642833
355526772
185661889
618858985
230074953
776261682
306708311
369121339
147272671
335607729
19899749
156170719
465885639
678818137
77507612
582403355
970018372
922979412
388090780
709435337
977503196
20231004
159034739
926572457
129951088
780242217
874730725
54811361
257433012
877852798
479362999
803218793
522146100
165789628
233495748
963819772
344982280
234734748
420069930
308082021
752774727
390569962
316450055
330311044
332955730
408685250
288675966
977494452
508701394
103571412
784717987
267456924
220266209
346855855
862152322
328411829
196492032
259089431
488907897
449832734
901530955
251896949
111688326
269419871
856244728
216680955
634024618
300096011
445322389
113687838
237421075
735283623
502909481
80008759
956660609
586933233
703780948
828723693
593616726
721265836
491566251
897236271
546109965
153861600
93134811
211906074
582952584
175290244
303637305
905083917
767327739
85892849
745826850
970237194
406551064
500877777
278881635
47030183
474066314
116274775
774660631
988579953
532172063
395013556
866150335
49434363
764547442
140257449
390195245
275219089
624630879
367768337
665472703
767642060
958266482
4294684
705786983
957826725
176285060
644338654
633728369
458734373
996458704
540238470
346360097
151528226
989456772
532672286
673457694
455782832
308051597
656750765
354657378
477341950
946605203
502986296
365064208
151096409
287711263
43700448
447358631
442695134
785094998
28418215
280453038
399559402
420420144
978184788
11970712
402256380
795090793
321054909
870745122
829727659
482546405
315926257
992121247
991933592
48653458
714622109
59977589
231875155
466799754
934412411
967167490
967880112
13110958
188130753
821036855
455280185
639230474
554690573
670115462
132584611
196980023
191033235
673639374
968040489
259785431
946800694
731108080
11271983
520701573
271201314
660692038
986996687
786005641
524929718
994795544
630678945
510865047
373130614
102442951
573089152
983722857
215483475
975895379
850682585
61250724
312572924
386448443
232289391
157147933
556690525
763025904
240400219
650939446
738160510
632747636
291513169
642286882
24080758
732148161
101852762
983514028
48705605
711173581
195598440
273720373
980170802
181874471
