740271539
794282568
147711929
234059655
956158751
310016809
967025765
553133420
447519076
212604626
942315766
917288003
368642813
7155756
432576443
472019811
705601402
151230381
224360350
675348969
408620006
192215429
347588639
516260164
87931607
450920682
238443336
597530488
572687433
750208097
200876529
503985753
189134132
499907787
765905029
323286384
966632822
779037199
226452269
101307016
682189416
561155285
881209788
714623480
346452871
693032365
917539058
737441002
927402070
46762166
725556647
776649909
625432900
500813188
293071546
548056110
446693928
631451764
146128047
505238068
71573473
369495277
980445985
697310978
11728096
438330013
728153870
868735025
241250726
109290059
505386988
926564201
924778110
123053333
993159551
847464719
311005639
632965158
169807292
394899241
533381622
501002333
670128416
525925267
24651450
424226619
878552851
688320943
206836240
217848919
876592454
335181057
632909152
721214200
29733543
312694139
580709299
183898810
702895383
908122857
964878493
48804033
496190276
818112011
541375176
798992444
851871798
502379567
507653635
445606826
237050470
813728769
461644471
751228805
971856444
570571138
699366859
454520717
672659527
587501476
559777161
39832927
661898784
23401807
232697603
170205931
293655048
203563909
93319789
680465412
266755420
127106829
930069773
261684434
430020747
484577589
4812057
852016404
984550090
225659004
572354819
376173284
180667308
761229413
980798447
62863685
873536584
881680346
749357754
459162404
613327278
126188581
511239281
115393906
348345695
925045566
386905248
472788469
585414407
371169245
505337395
648307888
409059777
827188222
178851405
109943641
883658994
199960037
321208058
487278855
565759081
847350453
469970626
447000522
15146656
183603877
859165618
900669369
42603358
169833917
296669345
411974701
454206153
634157384
67138134
140566838
615867546
814675867
913338737
504975179
97672341
532023586
266601996
613380845
720321607
924046930
967113505
353479084
582378007
870854806
179204690
673576547
560472287
262078899
893403321
765976823
656217953
64238758
100247249
164741818
65879947
486235877
430185110
415580490
74499899
93362694
194101734
774902391
760050088
38284567
494076093
68983127
286621298
816232877
389606513
33735494
580748457
856589780
726678914
91099725
216490370
505686533
318291362
171748551
990629226
623092796
851502412
192127254
740754062
301161309
484348884
551628788
714428617
748596918
439095231
611436463
101838476
851021505
538880945
626958913
729945195
192211114
593428995
544093440
376778712
110221562
386955248
744239409
872472384
859667826
185228366
799628172
337559843
9147524
948251447
560193413
167944515
258436559
424951263
451407102
241860280
1974480
34148328
458888778
553935682
942447304
354554509
538024379
377137645
778170049
931897017
729726950
317708834
99720000
361154528
24279255
912257536
774197920
794969837
880407663
236137548
107263003
319654868
881086234
115932943
684720710
214068944
705281092
800345470
878901817
443491948
843401916
426070242
87473843
385098633
727970715
158062785
134540216
990157757
434331407
755667052
848930868
367101764
94302335
927770808
455501414
481919337
237839843
647992994
923972192
647935875
393746593
463466720
544543598
215269553
134597276
682319610
153062093
342955835
869214970
728378359
649273415
737678907
498235827
334678101
88495100
303656708
230234991
714621365
633183811
866216468
777717319
784040162
360638430
124740610
387206679
740161238
225352533
953315424
660431527
202801372
976229099
57288098
876373277
230965941
49745354
379935195
881526642
872204288
250501356
45651104
5000692
791584380
120942786
705953046
106393637
111251960
868865936
759624232
839275707
151844706
251684346
523218476
14809182
57755723
870218554
609706429
102828290
419802987
828062873
394436037
456967077
199746667
682524306
666413597
752149258
591985317
861305629
267269885
284932746
708559903
422130064
358030702
464120008
587532707
861215776
986132938
663097375
654685382
18346973
275954718
871295301
465728299
114039716
508586821
951117025
453010623
42478915
818617553
360747385
440038923
277106905
461723655
44141414
856065318
588684025
805254023
109060073
454529187
953803786
514408319
249946329
601596050
474691485
130715804
729714640
893653642
59098468
427276474
196539946
884085615
946609053
448142906
401456014
552108155
523140735
991238777
85706951
173937485
715296571
299138635
549506401
42688076
906522498
844893821
431452998
960406408
313889287
608054689
998848680
55961752
877072864
208568187
700881594
503938652
26008388
269699250
991036812
983323911
778872179
57463382
393912154
615202439
622077607
476661768
493429869
828963997
60267640
492033258
332924583
597445247
719547072
935122587
739232615
654665151
964901916
207258253
695073550
629797662
699262804
769308231
579764355
451043777
428427793
140578193
7012750
738040865
747261311
897517360
526099766
253441484
201964
102383038
395065305
657833188
905226479
934303961
420610468
429860729
351463952
602488999
900138767
821856028
275130105
401403432
336414679
941950276
469335571
46216443
539036735
818750134
574625699
361239149
284061106
9563947
477699026
942868376
186774646
481499413
469649018
755389003
81702686
162750278
965933490
79483098
597243282
617164034
540057282
81399427
749438670
30597955
786647784
265212820
278333710
96773805
869169463
757908325
175913671
27024360
804163513
65062473
268705294
701044868
358480625
707349630
678815784
638962813
818321930
385501357
180134161
962358102
747529314
939111053
960211710
596074948
520786313
737388488
855922536
195647007
804160149
719250644
401892994
387936143
296777771
508438779
32102350
309412878
82905439
187287301
140394483
719790699
766954704
159750285
677335899
404586544
486683708
380657817
804269652
258583860
400667313
958280467
798842102
154555924
901265264
787080566
283068639
847536729
305001108
682258761
575987491
131780974
901985788
980266663
222864210
84912869
663169478
880769149
404267096
850041844
675247280
369402906
556057374
631034629
245106874
460343460
195403398
587779028
261775154
555625166
109391239
140128496
933118835
597338676
794979692
845879680
920408540
247337069
486670878
509697203
225370140
184565619
4411769
400646677
611299808
8613508
817804910
786688039
936886074
592423030
741417065
605914558
976390719
954227806
583336579
31264407
402223093
167807472
909449049
440921803
591677168
695289609
585761575
749375941
572867521
435858995
198662138
304647112
185286970
376984528
164504327
415832408
394098270
894569891
624671704
490681660
364991136
155410696
19734820
236493366
642538549
408715357
650892953
669352122
814208100
503476679
163737775
978891027
14002096
763715285
443656586
752601068
337888019
45749074
918020034
530080529
598804043
255035827
827779154
175440813
809951368
513157798
601401068
559901546
427918703
325584656
211816287
81820827
329556101
92654919
666273269
246812397
148072651
672955683
798383253
182961810
44396656
916409451
935167840
69390841
272121219
219771110
290645015
421571683
933327940
411903258
77944389
348349196
976549856
94591175
891877615
109955309
327631540
844294006
426541996
129380750
807314287
90991406
241433419
488623443
291660392
81916948
649334925
921347176
97442016
196844189
604528416
664932335
247365820
735058223
485683873
682394590
319867986
758388313
903319592
590180257
222512783
179829385
626573604
16015444
247640267
863467090
105270969
234964926
200777302
556317960
919180855
303778644
246413686
669002503
375647521
953405248
674976032
446544396
777730448
190204271
570436183
369297837
324129667
736483750
807374841
413012052
100983376
241491633
608907301
209483025
790087322
569243226
940974412
836361737
906867966
627484902
464417800
225417974
240983175
428193301
976645977
414369999
720569874
541124055
277663333
300749771
418518649
578363315
359410701
532278623
7418557
873323588
980657863
713115321
19744074
853214944
855699716
890089852
208640602
834628214
762483714
863779335
626057624
991294275
766230636
349937628
362804230
410051947
762134536
748162617
488987447
449558057
205561221
349537147
213558292
156066184
648727962
783005611
458820417
506625069
994493402
522620059
882080930
76628677
202064467
916763733
588585361
227859091
816617663
53653021
771785185
574327947
16777371
406354960
665709585
112866642
788312373
729275597
774893417
927725704
937945540
8466701
816228778
611248082
43291175
557860499
667762366
631120716
499557028
863677889
204486982
72694105
431269435
702015532
840134810
239863654
981698403
549428946
789229808
849466902
761352265
134945138
593434282
708481514
976377431
914659499
432780685
799206260
683827560
100691650
367753809
919452364
8112193
531094711
568679528
986026700
706391279
270832848
33337502
644203967
249001366
957464644
728302062
952939773
849166037
699091079
143058511
314761838
566220148
425845931
131168237
238883427
940045787
925426513
166373439
803000401
415032418
107747263
634870649
128631674
125079813
868556105
947293155
398865377
495924079
285034617
64581911
900174722
133336003
854108109
533472374
710865555
516091443
145025841
600465536
803887620
406643075
640494508
859315475
277286351
771600987
118018846
232986111
257981628
969523411
128870382
979406575
82685678
364721272
765679126
570994282
598644015
635962197
904705827
519124153
380445259
10171488
329436684
457015693
564131420
634509167
242883788
181425834
712112038
892373555
420302681
722791982
795019946
324960977
362485817
396357326
774537908
248431786
357584297
357030685
7060966
635569993
689311526
429341965
367053697
305628041
981896232
535453449
367656876
283113826
934828357
74903358
611385615
625901687
220020276
793716131
77206390
183478814
295184055
642777183
528717199
936593010
520874072
365608072
549220730
406078398
184386628
757724700
2235454
369321800
796456372
350212229
278377899
547675141
512063186
744875264
320859960
900094718
89961996
258503379
652612934
707430337
813768957
428998211
957545197
345399323
111406366
169118259
104940701
568769685
