909343132
847570773
55558197
509859695
385218347
838784222
294126580
224389070
973121181
973177550
392673505
66975681
793032479
691335376
904375241
550943572
427771647
414748840
250099642
200901607
276841556
288526824
249968875
590658501
371517993
416603949
133910970
539131746
314510392
140100415
151305373
411272195
24054159
456779348
279301650
856760847
129184671
973190059
972644568
824082725
385942200
404882242
848687439
945062515
78048190
370740974
63282027
358592887
189823777
403817750
995114999
105527524
684097370
311468483
343404325
620816308
597601897
464899694
138341702
968614397
704873252
754994832
909878676
833020766
821872177
981401308
42921522
336253131
412033726
47614393
421758901
454581586
442104270
426016915
814959405
871959312
439839383
304906359
512610311
777018
353321921
775318082
349307969
910692641
144985414
45777848
727174824
712585674
113375023
658485341
259158950
664284975
834848357
4030171
119209473
630947366
495003564
15666673
123190337
96646880
327819452
727028894
946559159
142209383
982058848
540533412
663423252
258080454
496509076
471445011
180976924
292695537
952289381
137564683
615292475
929555168
405686863
999186034
688035351
776094329
254226484
330335846
222878108
753548383
788455442
757473924
619733228
438074099
306807441
184012039
376955747
424172710
181716021
415963431
672957565
626293026
828758921
207098585
928633791
604452001
382354594
469094369
216076597
641930010
477508417
966463411
711995593
697283673
388737694
189654303
225260503
495817529
327631321
347096007
842420394
997483604
504150786
193010776
353753940
224584924
920800182
225349153
951273011
312497037
94489264
756804212
110979515
536325949
464607117
988999448
100796247
198588277
70552243
83583349
393739734
785132114
114259248
580948096
276039966
821992030
45478330
922449553
49336404
117153138
958751534
881138217
96541389
834620013
573543036
675473959
122142239
635748145
853344644
704048866
683651817
157005441
517821356
903579559
547440746
720704203
855483895
175669643
232676556
399738244
88858056
26672225
425265285
244047971
953356272
57288280
883224356
923202689
916970808
531761908
179106593
998350628
176012748
834119873
353745502
213351046
660262823
276359501
962782912
789133157
866857209
465048101
345243631
366503375
399931531
236734293
267310757
210679688
33507349
555335762
966508134
869808686
689772997
649598159
28295082
932079308
455872931
852493416
881263740
516254755
792249601
198939549
718777335
321582736
524942273
685301188
980992691
683701481
549834056
334089700
60441379
579124393
212886729
443543398
532881034
623809954
681428593
58761910
844116439
716621978
789977521
672544668
889695339
361635045
565253773
309297906
308577630
526414588
805824791
421666192
757478113
807769405
395095760
446528156
996883554
667917660
746270764
23660895
841561100
714630341
255741600
583609275
660845630
699417648
494894383
387383740
656921956
246229599
116717124
404485126
250650715
397111020
8376977
164641761
726277233
119704933
309244208
357142289
756328961
215644367
376723557
454578103
877876689
128167864
576611585
252671972
184028633
766358571
446659842
864963373
877539189
657767697
217200808
129486097
460880378
206368246
11699037
190277690
866740661
177870032
652375948
62348030
409697463
401339664
171015477
360367093
799392427
230453998
720250922
877178620
358673451
389128474
267331932
625916733
337906783
801163495
705732585
532677766
122806062
242222410
203355107
890563384
799569755
251753749
526945936
592883016
179910212
878890879
703761382
519908987
108005896
118966517
490401627
578458929
563268418
314375527
44880639
476537024
957152386
216244492
453279543
953574633
46107649
569481221
506289922
488410714
390435765
591284074
791579312
659716881
500635659
479021270
67471628
624518251
974514924
761812563
262778274
157943714
874393727
578132459
180456880
920501547
526692615
200341934
769172724
239706933
898726846
688873002
62648315
23531256
756282855
229195560
575525378
906561569
788942865
249780472
844455734
230088534
745463826
38535221
202447251
588626137
87311566
44044500
19273327
628984624
51494889
865883375
603944003
801455854
51597252
886936924
602143296
379019926
35787611
532777995
426882018
845765713
800308495
266582988
589683867
701562761
528635758
768048055
903434025
271440099
903495890
160910057
835575384
724734451
917356827
32689739
412479887
835858505
375685208
591830742
833189980
482648115
181068607
140188099
188212043
32843471
84928998
261192460
971934002
869345930
627052263
196505452
870773957
256164870
822898453
998690020
429780037
478880837
448851353
500884488
59990378
319263509
140610474
747833227
725488733
890584831
30307990
879209551
884099025
18907513
474457037
766284789
3334718
443956868
699588013
944233901
664697106
660120396
78370945
556840396
616633763
267443298
796114052
34088094
644387834
706990438
290136099
579410514
901835997
918666806
602909700
933599048
387007151
874800718
531840364
513926470
342037641
433235378
414699365
297627211
2535480
205719446
377093433
953026489
394888893
860767472
193170734
426817089
556576855
878664550
333992913
769659640
400509891
892010955
884250724
792547079
523149456
106522379
103445392
18498294
600448731
450897474
977373552
965432218
415997811
540857987
379277637
128533998
912116502
185661543
602196260
231461727
245421030
780743733
554304916
410914316
890349863
843087561
639199200
783620361
513819704
863319008
22833659
23171446
584673892
833250058
533089156
494996195
990549993
739293283
990777013
235515261
329789986
396201070
697178478
551638004
228345892
411661213
537028677
854030904
481489834
64636735
514700585
370915312
276468290
102531185
524238610
619766157
337706039
473336407
902197214
680061893
467323177
319825030
504678589
737129722
428063815
954202106
380758326
582747752
7768830
884281441
137984003
172823219
194884528
366680998
901671740
849219958
83565254
2666911
182568423
478688649
306058884
785168295
302130526
449182968
348618422
651918346
746703154
482142706
309011448
913322998
157290155
517213585
837096068
310715119
768192083
9964955
891522479
960048755
123574188
274143785
30902887
954280924
846262073
597208392
926652730
341877366
176030783
909787290
200859444
675018650
536200903
335039127
290767983
423508565
374003009
682154881
17694503
55495621
388511299
776145468
207498951
898615618
273736303
94445831
726991285
620770416
335727149
884169408
598488914
891706784
957697478
123516498
879092721
908424637
447785761
351777958
938906220
704922133
522530236
6741056
475887562
836915863
281283262
633992796
377122095
822251027
226445602
413587502
936712109
86037201
992270451
836026858
571537455
347428719
66644833
132287267
680544620
751816242
870217105
305882314
6150216
291861374
311298376
309152658
717321171
412684404
455946405
382343345
975722802
22225050
743248659
312772368
532965384
381770243
300257905
370583087
617332356
639743505
717323735
904740257
394324814
922139645
947457297
512451712
899436332
121670619
551979041
531664002
841779804
315498493
671233337
187089978
834705027
216647922
590839
184026188
525617486
972130603
916671624
964437689
366304621
844102256
437864699
914487059
342788541
679498082
303061473
189767212
47170813
696061744
514954910
40801115
34492506
965476846
911557498
84010569
344404075
798846662
409716325
595650551
860705361
924282401
540563539
660224308
350991712
556158681
478067340
316317461
381179403
116231717
844965599
645201752
723071880
752886044
538435635
550222557
484274946
32970238
169663171
219938249
818609145
362211829
484493188
145718059
800543582
630432221
152597471
869228179
305090423
916580268
839622112
726770823
562414277
321021072
103732327
442022219
303538716
777640390
563495346
786629858
201430742
986744011
808587807
930939095
851096144
869753157
317729234
281606460
427041210
361334940
599735622
311433837
629183490
189778075
777041405
498493532
439789213
394845480
859680725
720559489
403561209
608839159
11227038
464599134
276609604
118194776
82787474
402050807
649153716
96413416
246683841
706634555
469474890
383033311
18507507
831865132
553624020
553554092
294621914
930790423
312702987
870991010
442186968
943755481
316844646
528188274
97587332
372636202
543979666
605238794
2233006
908693234
917959663
842935856
383068649
592591581
975516972
343988673
654329491
732901368
786965683
915678425
632452742
330627794
114651099
893101066
841958945
246150179
171270567
945176271
944869510
886235119
100223566
928890300
407856501
532570197
166652191
67471556
147754487
748421328
20607443
710151270
858071140
43914922
94180410
337990605
788674890
626539033
999964660
425915925
856348159
209635347
899224599
561720544
143824739
397024560
238538267
111559174
829104382
423743578
686229328
851437152
201365634
598803393
660369282
115997885
808469668
989069362
435079354
850498450
425939389
908045416
196234185
905908162
712293924
76814413
57607285
588537820
236447383
776660492
104426176
215419912
246185517
745354641
88828112
735234163
987010518
538503020
785065561
10831940
294031930
55093016
238367173
724010908
62191999
169170290
508785635
259267746
383545638
978182524
529520936
799605526
191459678
149466209
999976534
948302742
13401161
993316436
849426618
67010326
339417275
650000446
875111789
52443889
319317402
470809415
605251635
456010992
509975281
925135117
128987365
269966647
204003800
424247413
556466520
370846372
669678242
472223276
843716162
543123634
568028776
798339538
204992181
258264858
247139556
304820648
23960234
96719307
745378105
140525369
721833002
993694081
689076400
718055234
671414664
644031483
179981226
185923283
404693505
591382583
563918654
52774643
749292464
458410519
849195159
259554288
595601726
767212263
592999688
629130161
278624499
541177883
149600274
306302984
498981549
541077736
445008264
616846931
805304331
14496754
446849181
508532327
710632885
369449911
203302115
135293282
580890245
485948565
752832748
912435036
190865146
483754959
67529770
252333578
979204979
515254132
49047074
746581660
