748667853
165017524
770260772
268428875
316068499
764566363
474722936
866465969
139596849
184853079
663529884
212307065
614973775
649080659
946880752
892840301
638142168
147058145
403346985
937980477
607165661
810015045
414786122
819690819
862434870
352902553
745685917
442719217
329201721
403543096
468044131
128272646
238676316
210885422
949745530
692082041
61238539
405395471
538096668
472879416
240212280
709848851
935664385
541752421
519968760
262358987
971443157
967288600
895766457
786334792
880353931
290626829
47389893
439447648
357778286
938652806
750231401
950569952
405994004
963165945
18880445
32003719
537264247
736053752
716808946
535257237
973630747
404088353
699335128
254798710
831601762
232746696
608961475
930467568
697768196
897316808
874350659
873033699
299722059
600075883
381459394
778397316
546952759
542866928
523189163
177417302
80882753
799228666
853107134
11092723
941850639
110668586
999401466
574930722
453998970
208208561
172584604
199610632
824943474
984711522
288728238
567354804
267953471
640967746
954733029
647607234
681665352
116922324
741679451
460461476
64302147
877197700
650847893
805918120
581706550
240483128
485050959
994397318
212864588
539391644
454374484
174402080
550981217
688242405
312948069
720933176
233345229
34030753
476468598
489559635
724732204
674740026
48090225
315010535
311347644
814104589
510443844
905985011
588133897
875581928
495751948
963960427
57549215
392645658
946790574
64652939
459820691
193483346
993224170
213515841
723157601
178187284
986746043
285551830
530337038
114326158
16373587
579711065
328019676
233799853
414262004
647634599
640453725
252119815
735729271
389562120
829107475
335837357
494570476
767601960
730039283
579065946
406263420
337282658
43639695
490414055
116852865
158335558
741451829
248295130
261112484
39861883
40806582
262952756
766402033
546544919
687993981
762538393
784673496
197021486
797731001
930732778
577965335
354334044
461319923
848117348
323506702
805429399
656916386
557228454
235545462
123983334
698912868
225622210
483476557
144091654
771923863
649463384
241912135
39922982
997473291
858038027
838259234
79724546
972687367
374400121
606828016
377500968
485717781
189184351
701568137
66569081
551163859
297548990
969870957
799306504
1100611
51929376
875962734
195522345
166907352
311423464
501419171
184223375
12749667
137129150
340949013
815184371
779476198
622310378
774621055
38530597
520626258
744750513
199548193
939692973
92473543
498240789
381646675
86919802
241289331
946005733
319711617
467732034
855660315
168976380
572819473
401363878
255751251
684170052
142991043
719994487
773500649
46389789
873015629
686049827
356618855
654035858
66974878
835558217
33451107
791643644
598024768
863407401
414563295
663037540
545942822
806413345
98000796
30177983
706832960
502859821
670282699
789042932
954233012
220901618
991711846
33687137
328563059
843773285
564309675
939585133
559433119
95306146
479319335
54626567
265029947
474236468
871734883
513498365
583074118
438437683
431265910
546088457
53468694
449645686
347980964
456304214
53168738
192622775
623033557
766406127
303363081
225573267
977337090
640131220
49711788
984457716
92156776
652114010
694337979
322931717
325472799
223201591
271248541
93865972
232210525
502718621
384088066
359936727
398007592
71706354
934678460
584502430
447103864
268395276
71593910
124194241
735574237
504587326
872920652
535407631
980518397
135940283
220739728
797903547
636222052
333859851
117969055
839188113
4914779
280572229
382079692
219620873
819160384
260142400
112964883
208064319
274839915
959602720
217435161
845262342
72216148
693232009
794615181
551327203
831727665
718860650
778469401
708941814
568537310
925517545
248883478
587569448
779193356
158930347
342413319
189532516
2461862
473344993
457643919
898350672
384749566
544899951
355021948
117435363
689626660
715057587
765342045
186961464
155430392
863529589
849354325
775971516
287152165
27658310
463191483
287286388
341325100
669412524
966175880
917361400
555390448
409027240
270650803
79397233
31688751
794510242
440427515
660230036
917729080
923432366
205602456
801494921
501958800
319084487
460512775
527316196
338210061
677179818
861700541
116670078
953518603
591507937
553511421
705007719
76163219
472911961
300417283
751535045
695738863
55126931
848207414
333049337
507169111
540282517
342960223
975722325
274249147
275624714
85746611
895116417
274630071
105112008
269232383
231998025
657927133
47859403
274012715
968067676
567145534
935875286
949076325
664145281
807711982
849505802
963842796
963882510
855515817
565643083
3234013
558776788
494092959
688892468
964491172
862602149
75224951
872553118
294325810
961676281
976124263
484790449
253067048
62585346
591433206
966584123
842040005
848406595
322275554
321513396
47080586
28303815
198899246
332349605
184389511
759863575
106050604
184062133
525337353
657663308
576439720
379077711
120206507
708606063
272390700
526969822
401023458
585737602
140620834
406630233
156773073
785374013
753533592
312336432
991943412
82355084
682808238
886490978
72712074
841127858
7465796
115436200
641606956
534002421
518562496
974930196
359877542
161743353
504502956
204627596
756551544
891162817
347215764
636662501
385236561
597046551
364583941
544460983
790194645
64463384
565560665
256302403
707785761
915645319
164740322
261706571
274770222
886562812
340406192
102034427
77055337
219559624
111350058
684209494
650197511
461003520
737470754
586204085
190043567
297460502
167092279
239280104
81234645
935993236
650078687
265610255
438158249
116871091
927099870
394896860
717771142
138347254
96296333
8248690
275567192
751163392
407650438
725961635
369262099
256855925
700159974
473314728
821337160
402468529
127572258
536991920
779812758
663006268
986464988
924233039
859575795
778379855
354417416
492734142
897371103
326280560
175067757
771792523
265566632
899130066
823548321
157899130
959462941
945509330
384263283
938708081
123263291
103101368
408642302
899034118
53353081
11509119
216941986
933187640
597300527
693777550
417942943
678766115
808420978
113086767
485797495
775151979
130406102
2866830
535321064
939391286
783929837
603562190
110877585
949286631
576095635
635857914
460395002
470132031
433307603
542260843
513851786
875827828
18205245
188864176
413728629
676711389
254363966
87430870
870879957
848066676
561437869
421229774
895433614
203593553
908337616
496301640
963371544
152479865
413332570
48396341
27493028
956596110
410188266
444871996
154778243
519701099
992223782
459355669
322938483
417495166
551114115
746809953
499880037
55039683
179925763
542115113
660560870
619556801
699358137
809086105
520788013
42975231
131986871
687254386
377953416
362700063
708128575
907284031
40949014
79793994
672486369
307915137
56799461
384911261
514767814
557255675
465639562
573333247
34085932
894027528
684487606
795008295
764492386
453384791
296952561
814627914
921349735
840393930
23667789
366222502
835740769
343814742
453121726
604246464
527608327
984517795
824609238
722933879
66918579
792078179
811572523
84939751
418406654
243144488
745008796
243198977
690010492
114968775
540271868
622670087
76475550
87227622
585470869
805330608
124598499
725779716
278482844
678602079
390301824
563325501
441350326
867734644
883616241
674726510
244053224
328671627
854793410
452552995
857302933
530250017
732646435
742705682
506414667
242007751
82455004
599547854
376601640
521347897
708375993
53753584
124617422
806380960
300122062
400997701
289746952
748513146
758343871
647791117
479647964
801828609
706034951
146007159
332632054
503593077
350727852
943837878
201323509
743680142
999091262
416337169
388405565
237457496
257665841
10021850
890023650
333769867
580812953
343463118
722875603
525050643
349178075
757134946
970226084
336548239
438708078
634969365
567612582
482618539
384979558
495540076
570327754
207002292
972905029
55474323
824215065
586639276
410073627
2821590
891279898
138617125
398224345
632921496
522256633
292038824
665348017
887159924
548715118
290100211
510974050
955977083
167700193
414880753
924915513
954597320
452650534
948900003
175781073
996083814
64884998
715758486
376225296
718704968
358700583
503551186
846009413
181403273
264552465
202191517
185806783
303384374
923696238
577991363
452183218
584258477
126826297
716256577
234878312
678187260
671200221
551548152
86254246
277512370
971644488
429002474
327839883
155447001
282086778
18307709
602823788
875315060
410858202
413989812
937936590
175521411
762391828
679519375
274220913
18705447
446029409
483944744
622607459
346523601
104293427
207589676
32280844
589708828
962697533
340657036
827771022
736393955
714021691
497593811
324883593
513336844
629504239
98712925
747060479
929698108
175711302
690562412
899316493
246244755
599367728
310491721
892526170
509706426
640054771
276661807
821866647
447306921
442035664
216172864
232157850
187255476
928940692
739730644
173218942
764054812
396721629
738131053
192749467
941429741
190536686
866429831
161293369
913264390
89106219
424599745
546017171
663678902
932458895
344522803
842994143
755466996
584628249
376362703
747155872
793801704
315063504
522574417
949654056
686035726
518790387
380464101
294358291
497848827
265435960
137628116
584396151
889773594
925493982
983005666
532976478
437580248
497812945
957886751
55708069
732937895
149198352
979261779
420600207
215455026
730644635
158187745
514848024
97512861
373178719
476690853
602627225
552577988
992574770
379417236
448991307
874147211
788476996
506713739
422639353
810072583
572071540
663444541
647828429
951478101
840203593
656243575
738184919
949453227
811546323
405413895
257654051
626741496
320654633
14217976
644603352
335801724
101974209
734199029
955391090
360602642
865616075
196845429
124670107
788745106
535000889
31818162
897198822
546076745
534014359
658829266
649103251
991099204
535247397
245635485
160866354
485753810
331433350
469122104
375251432
74401059
420002824
565394796
285966536
967764823
219036802
975885727
