911678633
551497451
548362299
966087280
284865956
907342548
359808933
648159138
702299518
289259519
331417077
578702995
837966475
675700243
914848079
39253281
642697868
136467247
759038107
655139049
650743468
431911164
226035790
139175179
110876552
400485470
495078232
916415734
228028887
977940552
124250668
958995237
243557418
889163003
31699866
457504360
203761600
945681775
796662909
898911251
94093655
506713846
791817151
168206340
344889419
223486479
488626526
326051066
709668788
324787981
931927176
393959398
857019230
640759690
718359384
479767468
325461660
409187120
855210728
884380484
412264316
443393198
420130251
724358964
165008850
372421839
335145577
948803471
644000377
457343719
835491680
697016091
339804337
860126854
561045393
144029621
640094011
57829450
794285758
887390071
911858942
169027165
206746945
903240905
46013376
730291268
101976007
602797727
170803618
551932396
132042700
794574478
90471047
912282423
486646934
650700456
86583595
67458187
3197489
972467579
888340901
539823054
682050688
252325069
489296299
234911085
54155061
996892374
79714296
574329762
839673455
267632210
614901360
967820655
972521541
243237150
236646252
516889345
678345588
434717580
270445831
732347848
777999852
92067980
325301018
40917201
606545043
427521912
373479920
910344936
57446026
572635824
54631960
821818178
999049169
372035887
486976476
954421875
413944605
811102289
676136207
105083631
523083430
596473854
712258939
864410489
179673117
122650391
939760880
243409783
414054204
569694249
389112598
568479907
702021747
155993052
761823200
589982707
927024049
448379097
628366041
626633147
623412454
169369358
516883736
267037631
213000249
793083181
968771484
600485653
756260673
282224375
102944739
867243297
758581372
165362200
209264417
181525998
379809039
460890528
861244082
483894651
487761030
130070136
496290732
487751775
183523225
486152051
119796431
843056117
610212686
896993767
27397825
965565506
182736248
49503059
481671175
353714072
79590117
445221307
651410239
386589935
153878906
339275227
487149109
131829828
466749510
521869300
809898534
536659546
946728633
580297202
210173667
466133521
587135013
144471389
138872117
493342318
673078624
29131961
83514406
726848196
673286750
125715366
990272966
859266904
254826549
137379231
684507048
709078312
683691023
855550344
101935880
934587730
809480287
474654147
330015744
148485803
642921025
364460904
21002265
661653924
676253516
583136883
896327483
29915483
686820100
561264303
378430492
38264858
910630941
988328856
680635446
50458156
361706901
924562042
713303184
28163540
349002259
627882204
877003277
329370278
837362250
100820221
852968521
91178288
478361322
275585935
656653232
112480866
814455643
990386312
850421291
308617720
8129695
421860480
50594680
90149866
229387882
960357482
172446804
693562245
758948737
646242189
798447370
695362166
174914897
51477723
572880829
884918244
761350961
301852204
799483542
15038820
487457625
691631986
824291673
575433294
730168360
805149194
551554160
411234164
904611070
265949626
223809214
920244627
137907564
372017726
42328461
939846419
873967361
623153317
798775657
388644775
455435400
183441032
570421539
191120060
302372849
157606355
916263389
426883599
702705105
771734986
351129904
512603439
190902769
835382470
821160093
316497708
597568806
475161384
359981505
424238686
408803322
761212638
788951173
492999111
422432975
878202741
557454602
802897170
9149261
633034408
10950882
138197643
503076546
410838767
559603419
304016593
121210446
633171612
273060445
572562005
888885803
124670561
708529057
132876083
914819721
711205774
729341857
302525092
550857632
725830752
342277612
398805977
263171812
374536970
979841452
694222760
394489857
77422427
768687083
424170106
600151752
113366219
417734337
69670696
760784104
212932260
9526892
780064001
275779051
517143500
195287261
964397193
202100939
787419499
535352881
284132761
52683580
656075090
578179389
711227200
148860884
254929509
252039538
283318508
290756795
612144904
875025830
128539575
430997314
865380657
909526734
43788019
864484527
848890337
972410251
775519584
706936223
638858361
372091978
701887460
701678881
949277854
26746041
33714131
530543491
377880418
196705037
475752311
839184088
695708690
641539180
738414765
499243037
57459883
275309222
345222242
861326680
134415829
778913899
148639199
337906429
880987315
349066687
410398393
607616764
151499241
99912665
353210601
815009246
759833295
577196537
413825218
283983112
876291927
9548319
199583028
228183468
218325406
752775015
912876376
415439867
399273518
289355486
735288622
223841477
171111968
544544980
807024644
573581114
627188008
914192902
572520394
859944460
223452778
363981031
820691564
600211167
616347646
426097366
379044249
277967752
843494435
660743064
79350792
118512153
227713961
454431653
622951108
47911564
75726194
117038774
643001274
381640812
866037522
733199331
938632910
591631829
613778064
186556916
436504795
606954260
292888020
779629485
187821237
845640392
4676143
553880756
60530333
512310896
188856753
599371859
611835820
792228038
373730766
634908623
571945430
738530452
210004693
616776468
996127514
716680314
921593870
759113079
497854920
510149234
271191628
190879581
993906937
490253446
425348120
229059734
986433102
429790730
989592569
772089988
985079731
63864949
472921826
233710399
113836010
673833204
393901319
110640211
859054809
476354333
505202953
850773234
7910045
231128898
161253900
200102457
381627136
997001594
190429401
719824480
685360388
533774939
281774565
677672002
574448763
813796560
559973818
570276885
86962776
959797017
612938756
182045089
802635468
601640777
649828891
508080481
265608626
976294292
502940458
322294310
322778994
810953659
900058269
21500586
4946280
420418393
182969536
762778038
328999546
225245662
847432597
989431506
239361329
269768088
86729599
451304791
782090383
795249823
659261635
300039449
113859385
823624432
23677435
899257791
863415575
323157863
48137765
406269267
581300006
653173417
934493829
405332843
494061135
868135089
397045485
874406728
633716669
260273978
672725721
154030370
630827024
797195779
241277339
861717112
112364420
623507248
942683758
532867379
514911177
198524099
725990097
470358802
317032657
202901009
208434924
499154561
787276223
800477
158085010
681788415
372280627
776700267
181478031
675826127
290751831
442099753
495370371
371226238
872722602
212322870
817588121
521816404
122524101
505231264
669212423
316663604
582347093
161960321
786893370
239908326
380474104
515270385
891358088
382775906
927183319
464135027
88300185
291160126
659700165
897890923
87130504
632916191
102188968
990937305
781749742
854126755
615717747
565451210
570965280
670264665
128136877
571457519
660144776
302588307
380935977
204173692
347834700
811801391
533688584
891771319
916807467
625315902
213907106
918176682
301314311
857010241
885342177
798702124
748642806
826616803
353799568
204210244
711526072
974831678
125192365
184671929
419627436
131586795
723481521
815085667
700945855
16895882
590995039
116628704
111771448
809016583
855125607
588769781
1839929
723009627
116300326
276498793
757471541
767928844
981083454
461814601
419009085
184012284
689622993
924739500
968784576
817015622
816808402
744348476
316465097
923926632
859931446
685313096
177395942
196264048
784546254
216247905
88319870
718602916
190825463
899911584
34320862
97278401
806405233
492297726
1884633
296572396
796862194
25633179
710316476
77300775
446738702
943597226
993748222
663377763
765662842
235615152
441963800
798742020
846301089
883930231
200087479
846646561
800163606
187844815
949085136
169812511
411373839
805575880
938463371
900052419
188178922
38868624
577103381
81171870
427493738
321730684
377607049
197325266
922854866
672212179
20153427
791175222
34032000
239164322
477187929
916334218
691564873
514018177
430601204
548931102
774284104
289577848
872301825
306895230
699824105
187674300
297114793
618560418
543212589
832072121
885198556
991286313
87169806
810264055
889121851
407870077
366493845
912576351
235884025
443932158
858008101
244638533
875887152
174088909
863776803
408912255
812614561
560999284
710656884
32750918
478247636
897355660
374974676
389532269
125768315
898601073
166566797
270208150
381347764
239819438
24615890
759046630
654112676
90782745
787013622
28867113
704005416
223767943
350042469
69317852
549840372
778988520
278134152
986669044
690922999
529645570
413690694
698212916
443118425
290911849
375059737
736115507
907903532
510461671
353824484
987842895
616311637
697637536
684495740
990520777
241303279
96285695
531228587
996064586
419316267
98961471
590525856
785104407
387075286
834909690
704906838
588846617
210956815
641339032
482910544
699259115
619221507
388305630
698609268
596122743
484910378
468353880
827089723
90435914
864759699
288500381
851143097
143651004
736958260
799170725
412555475
6367879
539272202
359521691
828014571
453554677
247759933
282069565
567352776
591961528
939119713
628586286
311137629
608208734
586005010
786213118
525158692
266564499
27551127
654565368
368621387
228006006
999028267
88372996
505610398
772949398
269195970
440792672
131304886
130815885
247818373
446874851
48146146
587904560
422354215
698538958
49574415
851435122
813324460
29355866
451499181
337151942
820952853
106647739
657003029
856324090
157216251
218880989
504430902
78546580
763341688
584578597
116099877
82392891
430549337
184549468
7339611
450899205
853911291
55065173
184358707
806967259
150764678
436536890
344143155
492244861
580440140
723233068
185854518
887466051
736638702
673723569
453240038
998195259
203066186
31469445
407053152
892380527
431369966
649286307
615733146
50314980
936361768
52758305
367474196
663239774
330774973
965753253
157355222
237804747
691199347
598675208
997523829
758259287
844997158
644531920
186387263
384415962
762504582
164758167
275883950
433983181
33026470
616964850
341907876
89618118
131338558
117904617
879326703
399079892
777496315
114959082
19529239
204624984
439332025
