4900153
186568962
342085460
386366027
335495889
85951498
162834880
376653437
444657097
969055440
682049229
207947409
169561021
602885802
903026787
688243148
688220469
299975483
163227900
713605183
857578240
767738249
965975869
10853583
531103147
268379844
704283580
656486908
708453571
890049666
950138186
45722034
640364891
544472313
134155359
487539793
851457133
311218952
314389767
371581919
889764672
163068406
547656829
258468685
61407092
763973421
932273196
747969437
305644699
622592778
906882496
528394525
692450895
202716492
880459867
237161903
220593092
331231877
855262878
67116044
381667916
506347971
668199865
554607430
18917254
636327195
567582517
625088707
468730442
415486993
836786014
377001517
985585714
791645980
823840510
694509834
220081419
707507184
949446489
767129725
336106647
956314141
350842209
85860792
983167169
421743660
353271138
437648399
664012445
896993455
266946701
520225256
455956072
247273722
989914001
383416700
494868540
993049398
239551430
425079896
196390903
307184488
279238995
890157704
785806763
529880978
542808809
900804914
378875980
185950033
17080483
513085907
381785386
88133153
731009396
425353774
155505761
582339072
571440260
597173592
283056056
129934118
961076260
571736986
148540292
316560757
921045444
738311991
801731977
440423809
199641293
227032020
467955753
524366592
570738821
28922158
677075146
460684504
300054028
453286190
878934849
452466222
58772418
478062411
879912971
753860793
138439869
367822918
516264325
564560227
227910939
912529467
421609138
642377837
142023839
66456785
346108226
707502007
741617411
469246005
608835532
804496817
99072937
938452169
986308738
790048462
45130153
857418793
517394331
702087237
748278627
694821256
282285043
118154069
718238741
830589833
71161699
483013848
691824013
394679498
178120888
553222525
222047665
237171749
212512870
287111825
805422880
825577914
382342752
504282035
682813930
969573137
719067091
830808022
844450656
74438032
353393285
120320247
491753672
89864509
708730639
281021075
850428586
814177087
816281599
533089681
630244423
303455069
924139095
311434005
995295085
863094376
15677994
346937912
291125117
55613007
582449152
861901186
725939299
699196912
984625580
219552237
475076040
13112295
19273306
778705488
975754164
451477019
273703411
643800709
477196547
950841450
991260175
601959503
685948858
897099812
702793937
407870577
420890149
679423188
656867400
501967811
901438818
70908747
508986949
819719553
953895143
372129178
539682905
788837649
491988878
491492097
394380947
792556758
105238927
489178401
805945033
837316291
794903780
37576110
557335516
178767403
29751657
280338386
834237456
44453634
871834200
413718489
660989053
394025304
352819068
174578574
441011036
46516110
42329512
482657768
318113418
404167293
504125345
199553752
824810343
603624985
911794113
484865761
151811830
985704448
556460502
198703416
496720575
196770456
91154778
865477645
612966796
383314039
122087672
478099996
472216154
621100431
236671289
464533314
947885351
540176654
711140124
145657601
436018580
317410304
50481061
347864837
750227246
622581157
171064983
401777740
333190946
595350027
212765765
953710529
266973289
544885895
128526556
848533006
487993131
673130783
916997912
464218597
302870525
487341422
561611777
57696997
924428437
564229514
10441614
697012985
167496004
39592030
251668399
284633689
892484860
766136512
48847180
834401525
935223387
208595665
448476169
874139416
25705473
689377036
532286699
17616768
170548273
168377141
211126707
927330257
492573875
388138281
976540182
274754568
623178741
246921527
842787074
948677157
755798525
992784063
423436398
185997732
612139543
474051996
234281736
293598915
343681627
928132075
61225669
500836776
496038715
294125030
913309618
279397465
224654613
42858495
438513123
613493487
955054722
543995009
887148722
756051295
353102806
83111355
204439110
779357721
63051847
976913830
661454947
645563332
923349436
100170021
78602999
942439323
785159265
262478437
261999873
551653476
455095300
238687783
673935139
242416197
107151471
710289930
431291542
198448845
474828662
697142716
50099954
580320245
808408402
229293586
993622434
211803515
105635340
667385101
832894924
529028187
269612886
454924013
230547067
366767796
266677128
415662335
577487338
395868693
215522030
970870294
494238198
962176175
780858620
886859646
158398187
716366938
870059868
644732525
648899824
642812875
651819812
5990264
304529059
365909130
926813876
81134701
837154929
694055850
106547586
866799483
836803982
117774163
429583511
732971685
282040589
171286
8140716
307167343
975739068
691489134
132802591
35422849
982926814
503958367
202904517
87923777
799461624
921548754
70895399
277255495
341743646
460902814
18485277
190082048
877208373
263622621
150394954
864637936
439953918
185542426
578507405
883431487
289321106
348722546
134066311
376464035
532592664
47886935
604819056
158226900
708226222
562892525
668993455
957410688
510010284
616396962
23063449
800570691
163004612
838890098
281673076
915606173
623160450
829292089
525055837
375901168
99288886
239501462
855763310
18417967
849776331
143502778
867213423
790196641
112981729
249371103
746101741
634204268
369892055
826440481
555331112
751574689
316729698
912668498
569029272
778851119
791909357
61074587
680071763
260811411
240559172
349824261
701633324
601063819
903869349
662901230
260271036
460029016
823666708
758165142
277175148
293091201
192123623
586401088
308450567
564723443
695679100
878796813
844428959
260639180
870295220
388859180
430678636
336564129
283558985
530098386
598876475
710491951
260262817
746204716
583991809
38214298
559429697
594951899
777858794
499952070
441869453
266149604
886327291
450080497
989100065
286072725
810537559
611726911
549265332
262239910
559451065
730328608
604217930
4305829
83172019
913112543
216645626
419432583
390516190
851699991
919145624
365069194
317504833
373770962
64024755
549779083
199766198
77461991
174173333
238960849
733661502
597171723
808542293
808498496
122853989
429529495
992469520
394348462
271539113
584222494
578321620
818951723
787298796
21319075
970647319
868547866
106274020
255956987
663032696
670879264
821568671
139997114
204435709
926158801
580806444
76800259
948644770
512556329
386055742
439320982
86306526
733075567
437553578
310304482
528578407
962279341
921786313
795719433
881451838
653642522
920643022
822297163
147893469
806293694
273378371
100193901
577770396
296185758
403123642
195476888
443505062
943809210
414429294
503294067
417392177
593664387
392736013
882383490
227692051
46053729
480884724
479913191
8292720
832218130
497915967
845246051
381398144
476994313
492740666
8367978
946761551
310554586
374505148
9390173
750236241
999271506
992103644
398142013
652780430
480612543
499029861
652459011
109432686
190578854
995815918
142497315
318646272
934259510
892912304
934914018
569543327
39402822
568027381
835398108
172757798
440729831
814004443
315675337
308377727
428132318
718795755
100776083
803445090
394755664
248715335
132950476
569304062
405039120
753057824
418120669
601560742
994593999
229603060
747079507
547023866
828425711
370480504
817713865
836402211
355418652
526599778
447138632
584082008
557826647
438824649
907358728
742527203
539107038
836632374
309506410
185267063
676428306
89764286
224648111
761816786
398253778
849013920
714677021
941863517
862865441
573193252
913607151
181201686
474791634
333353276
574949327
809799761
820947873
288374241
344332085
70249326
996290577
479273125
952959074
901532538
271657123
516694073
245618443
955931013
341356606
390423272
30197023
568406744
443551413
232853606
925132434
904829713
4954949
985262720
148770088
979411790
655803481
875850346
973536768
782225398
612992626
265936946
109290374
224473371
863875320
97558967
921579328
250732796
492300288
239257083
188976485
197155181
136805211
323115571
490159663
881559703
603395477
758746007
600506910
472442168
542996228
345200407
737650271
241938027
408220840
670119613
804844811
835685152
139604153
364920294
414445844
120440230
505736355
170733675
288539912
5720176
407403699
21145072
92055693
243797639
468843942
779464226
76106455
204294330
43877120
727977252
768024501
681839376
495103057
267210383
376016313
897057473
275343436
501094599
239229170
267792219
528286674
867352345
816252529
193755707
292714154
85894176
111128643
127379994
824811237
68536255
691418825
966071534
34575659
484439486
474156004
582250404
666690313
356709271
3598226
763532001
269093951
533355940
198060907
680243587
902095110
123005434
340582094
872393769
988903980
517388370
845096793
4641755
931504503
20747693
477433500
540051352
204892542
898299985
951083483
382949766
668335583
948726460
379483091
975340864
36558427
801952966
647263717
10663570
793054377
793765907
230367159
918634163
497496373
475697168
998698266
994930732
669291438
136008941
291660595
169708719
745312080
238734872
138476012
307422867
223439461
686777069
34567031
13827966
7005986
934104650
377357862
768390327
405625786
620648459
95196417
320367490
153872849
222720042
643685159
100142144
475741716
329918524
79339391
195138073
287021211
926462628
507145380
455807335
22049425
482502766
870759913
68883600
606639389
781374763
637637684
429600710
810250447
72060224
751901402
349781356
767385935
633435751
3657584
858949725
416408044
461976830
513008376
876847913
380500750
678330776
841057883
446571395
492323781
191518450
693967002
415393556
159395481
943337938
20401656
296976832
179631689
578759694
991778539
524503218
63344737
308474262
161750938
624251022
983010773
665595706
510117041
81812625
470818638
293903803
332756208
842305963
326260940
220389664
778730027
825044379
413454251
630297466
75306585
343718648
641444882
424188517
576559818
415120938
87407761
222244128
270205228
866912508
51658567
454924570
170149667
188626240
641657211
479154364
795604988
107933781
300225892
888757353
893837138
714905042
168213734
759245258
975752756
198419977
858762241
851661037
89132615
939005815
164607910
