255982668
449393264
490258682
543641334
72443581
654465223
774614304
894362279
218026016
577459789
256930092
343985767
984501479
33593794
287805244
823133730
799160972
341114496
164559452
524152623
941588557
767740659
586153421
141789760
520108733
851629891
386887994
598787223
850263878
684157358
182818376
963317885
124303074
146669638
473315888
421953149
445228537
207455690
69466056
736518977
461439549
693232658
287313540
141333612
581163484
203418698
99024550
928936323
676467065
250563925
872280886
865475917
152347805
326823831
228026320
488242007
863239842
348468921
23532601
220813689
267577228
175827081
44098400
533868656
394641412
293612206
219682693
837831840
560277905
865852094
377905193
591705282
271648439
428040473
62713073
248355898
480427119
444819809
560626275
316690034
752605341
457951670
922320156
599699953
811876471
317342458
810970079
797479241
918643317
985073880
558713306
96759615
183923088
848652366
468941748
285612467
649134258
753444882
746692198
287551277
983736003
261192708
368658418
810614970
872658731
280575604
593827477
724307330
264110758
979670420
7814887
418420032
787842645
706842565
468208346
809625557
253506923
444398446
721992184
77298954
482642126
422203451
919188522
575204023
307138787
281145577
407782193
422996072
959098724
777100604
599221639
726982235
698127609
273074997
332954029
491412633
89293252
111705186
727041220
531300867
723514979
86662748
533368482
938972895
977258993
140293273
308916969
477080521
380444019
659316190
32105544
204735812
31452698
669393243
804909150
561532552
342004184
793454393
503476182
591513154
872793409
170831404
765208605
487010152
380448781
280832650
720292422
514767647
373888536
976795712
720332304
141801737
717357224
190691317
353783973
395979378
888834967
980215626
597945029
166845514
972228606
930701670
42552053
299782534
744995060
394485827
695529537
28734365
468165846
771421476
149408448
295838857
608229003
135528066
658507456
552683575
321454142
46358330
558524114
696426342
420000850
794149321
103191985
403648305
938983884
890303805
487378586
840761379
315609270
408929771
672697583
361788557
195509364
336630667
619284546
942091737
128279351
465426070
742015091
985962952
585303111
691558056
46601800
602467058
827387263
424493446
533572732
581829157
532183859
801100397
74525236
842476637
421691511
901518685
746844662
178079285
827509684
638903746
360798648
854691253
907107239
854768157
713125094
59236074
98723893
787619890
100329493
271598335
516243518
716415717
424404224
856028070
304343237
572561160
111123231
728442793
747547520
500724926
576261041
514490437
356731073
905549427
308577520
514508871
334404535
830220944
940097044
293990678
589786003
441205261
114582052
489375603
104627422
887323836
78855713
730534953
978432960
987365724
503743164
39767372
324163953
261974396
65585638
815768140
376696173
218497164
538133399
849130350
790395454
18401869
430531764
326784758
62642705
846308209
497960180
1557811
546190636
198616223
724831537
268502947
847522845
806338813
681812330
75038257
601833664
935028619
751400648
417019400
493705447
380588276
750009832
760181794
996981760
536493668
190326484
94756676
839963789
492809378
137812698
115907370
292087544
90966693
503595223
571384134
10673496
787797293
426732898
258319211
389363656
77297901
184344316
779816736
262534187
235240217
192244526
517825138
580162065
990547379
213934475
441667552
467096515
121113999
355424903
409807177
268392036
670349968
329802997
526149035
655981725
403203503
161594021
53381258
60803525
608924166
976415401
756556151
302743590
110428196
64364761
814036370
508295721
493081437
27655743
416407545
196243959
970193094
497647607
761741543
344249142
672501344
514594610
849416408
278874902
696145144
648810854
170973545
735541788
93788045
302992097
340323527
457994295
900583861
602337484
986160151
915703879
130963058
719013211
653610019
258824814
435688373
215081548
469733868
926182618
399898104
933371830
974015077
93458256
939017357
213563217
298198941
172702361
568061452
181899893
983480380
888608892
312177612
774506355
364658379
960113311
805441856
21014363
208955544
807436097
724041232
356042074
607711858
890743951
41495590
500703665
65280901
251179882
844037587
502916728
908560767
457419795
44860741
923233788
878976797
762773312
674795775
77515289
796524430
880224827
4793156
167621165
889932841
718683968
618857103
97551258
603526266
356456701
354354832
693496706
453382957
414674010
6126004
662297770
202141385
43856029
325659972
83271125
51962665
438313692
148282315
47019059
328664772
65144724
273339124
526060584
843748151
388943822
895529557
601885066
285317535
727926567
224489931
328730716
802642941
556420067
466109231
889027888
271886848
943944331
897177397
708824198
896825049
150540880
49533771
493886757
451293791
382562969
721092402
835120767
437113340
591524650
25552623
358210738
731942511
957774096
838956391
824788117
445344843
92796518
253803105
214582444
460927143
752469765
408179170
725456388
190184079
677395287
859654828
645721317
577746796
436632082
811384276
108018333
541136293
439458116
150194009
178123892
15610952
779452366
74766793
461185182
667851419
60408789
164771725
693792884
702373943
866279191
596788203
844868843
717463674
641321112
443683045
179090330
690141225
682594953
247897054
144355283
742361709
324077382
303702678
773898503
522908140
75371084
257373971
481257
780140372
917534289
817074443
292484395
807580086
660832499
809177165
665892476
18029725
792617922
546731023
400518354
587698039
714386284
23082445
323904886
80607083
14785984
928257642
936425682
992949036
632293945
417877106
858541339
191561061
5838725
435762182
691533569
475749687
300868288
938277041
592480334
803034816
164290468
913652510
784839652
49204748
304303808
37288757
56631174
832143946
777790567
161060605
897523301
135863929
847378699
556657243
27975424
300994936
979797791
693291420
508122155
147113440
320948287
7532220
147846427
499657183
958533103
100923333
801741361
225070317
117643596
190142788
717161435
854340880
954250688
597483536
423407571
800733773
238242791
274700138
776303273
977497226
871626468
104281736
215158468
471233340
520353804
722677410
344182361
449181480
407786757
390538632
495951895
607576867
430154885
445366893
482086529
156758247
765806083
285182469
90671644
203380475
235547394
831560855
714500350
587647779
443899168
43182420
181613240
249895162
133249672
227241650
62752144
705097653
916988146
530624928
275486971
216666551
792373750
676613085
979303378
235855692
756740971
352559881
817283558
727104962
694190891
109584567
424185995
508883794
115397007
266649323
34927689
953060321
184028494
572922798
741949832
40065612
389781384
627510687
27334171
477171383
541064169
94287198
315931808
180545107
327786487
790854241
690588720
899529956
169879922
265419977
364384495
89192998
305879090
854815950
446639502
882987512
14277297
987395387
893456886
334314601
618996424
672729444
134498154
866600348
192313960
109691822
521069158
344065347
788675094
235421358
826885166
164863062
649278913
502131995
694791521
662453772
36628073
636738450
399318474
903336648
418995845
524656037
339003872
849977029
902264826
945734690
647181231
329212542
126283295
858962318
25788315
402385996
734053799
693019569
858174957
868334724
959789043
449331458
988231146
218094665
269785082
346523372
110854861
934458562
438534810
199521432
439914083
803747094
160024428
784185729
846359439
377538845
588076912
990120237
915318754
94340386
333725572
284521124
964335520
246579269
462510590
191856616
217782052
929712775
209633043
424499169
430809261
956259343
643957036
826456796
702664728
587296613
648507303
181223809
633551566
72472473
413801176
404545309
411442218
702743393
505820607
843434135
169188114
342097565
12602879
648249469
814309082
743933561
777700814
763834570
534609151
675267918
484995937
741651876
755584074
77928466
128741320
181142085
724825518
14035640
768712170
483654739
159790057
333567630
81521000
259062826
729031540
406853103
356568671
842846281
680539209
929180262
873078905
261592127
740758661
619076453
22668501
875684486
917109895
561383573
610190085
686875699
178558529
880122465
291847645
27396809
102300675
906855425
425639733
555623099
943731151
232659091
679719789
397406577
934031222
22165867
683644078
835620483
260576564
753540052
919217927
407455979
387364890
934854531
83295361
605428888
802189012
223403809
893215
136507620
55259965
253056832
264032188
163441945
403845554
81836470
305096209
279667591
41719985
54124190
156762150
822176113
981213368
800945570
899115128
447880117
249460472
475672327
327560903
718592793
935432373
187048016
615107921
163569842
642165644
202734106
299510808
243703996
796827103
686418755
225207796
878896865
905962210
289132112
500363134
690674319
968626901
516277843
993561022
852194751
717069657
403976486
793900498
206452373
596777902
97041814
426242610
586419318
35739403
635415243
355968416
326516685
895842905
282300421
201075245
868211947
637948910
100462345
521276300
201111447
782325661
61392213
482840487
355301228
828916393
277865283
916213902
692081255
300582436
208440809
479253214
733182627
482111303
475366151
1523136
531455887
393147517
408655547
566791939
545123830
776491494
713091488
207964593
161411860
330450339
898691109
983053958
623661788
88056866
632151185
52725408
868164556
995001542
792449574
69869090
655677443
921135998
438599269
377535979
318912618
180827910
734161353
285836882
827298592
156162028
622785787
844405381
420476753
280777285
669619357
475064429
229293362
533670405
976152469
424619951
69234172
853427618
321428626
24850889
930225282
294811324
292552113
604024388
668431250
155715400
611088657
738181084
689661727
405497060
345845691
610319887
954548247
31119568
247879320
364295919
42330141
427254606
380665999
5249831
707664551
54285728
562577204
342884503
418437508
157086755
823432045
334494150
18849072
367829622
634917
802249824
599707372
413748380
447310695
24101294
888275795
130136965
617405631
