310234901
709736477
585853067
998642663
580506587
977085476
966247532
542144405
139126588
165346434
378159859
678462229
695706914
288970865
254377353
327123984
193937856
715222886
891121337
513715573
8910467
310626787
604050957
443064476
911915435
248968685
809081069
423761648
636787410
758290357
790983174
234834435
805753597
265863109
915510317
737034715
858792207
229484519
653513928
91350450
111021353
76523309
702332823
108533964
537385774
872292323
422470589
445784858
727557342
262300127
407935452
197201197
387872927
483958244
408599263
999608112
105685519
142788591
86727227
331537901
168004406
542485884
905356994
380836229
374363259
143325423
872708631
429843805
373460547
517342637
468331775
964453335
61708957
799770887
402694219
932387156
608293963
495516992
905678701
39623111
826498094
363296211
696204304
374487282
350354905
593781976
846961507
321795352
857263844
915902203
631349195
716003616
142757292
321976026
923346042
568535468
171166314
321496593
734170704
394060350
999583691
992626783
72324310
210214705
793968351
443482116
135492240
588102038
81264025
476212105
391314148
610168526
237109888
47104115
505039806
804708194
846281578
530869711
30481324
780581281
296363915
550913278
572579959
457558342
885993440
752328157
821696043
739732930
876424843
834158749
761220842
286797370
761346287
511618351
40039419
833871310
290971900
485989599
580518930
906872788
458289736
258859468
240531327
381051739
524588055
21180669
478893727
95653176
816936219
118637848
722253889
640296601
291015269
953589422
97696434
448670413
420046823
614765967
324221264
41640193
621786072
395759308
711677193
247105274
714991262
104516778
848822237
725491536
7064696
671168495
513736293
360291979
950350780
123608534
322291544
37504447
310381951
191528220
932970286
864812770
273434430
726042866
922796709
757786995
111904860
120924240
995782099
807756864
413921916
591369005
413824486
676205932
161768334
538878737
285086716
62530427
547182273
993426052
666060476
420071276
172358430
753402190
88588480
145767724
604901554
361961910
689945820
167406734
631297877
60191987
138288461
228518603
681795680
459408493
768205761
895743204
472962598
953890197
135200413
594067021
108734677
41065373
311569619
415695690
257344008
837530360
198523644
411472043
838521817
259761117
490322172
316955897
525467742
512899009
692454339
520032238
637454385
777028984
152885441
749942949
430978419
828375364
176458986
353729929
453080543
185305882
994410251
702359840
770672974
389343510
589567828
593292075
858225638
71993454
311336598
131293056
441832570
672892788
888423714
767371193
163438266
278473777
328884916
371536759
569869814
821332563
703050859
168896670
766954152
248173523
258288818
695933612
801004756
385257463
163088602
280359312
864606386
957839689
962615146
72038126
843120107
496163802
640799068
449178306
670193288
897030096
458730258
453474288
201562411
561161282
78199668
964561595
888605269
385514247
586504683
152504641
499490448
804922225
783860113
631747978
482255021
825513580
935405687
522499451
131054691
893634214
792287318
472968174
908904850
30977286
266686669
483992879
710277641
816385588
924251084
667274462
637674708
879706609
701343470
672839717
362602304
249576571
967334258
205792869
169973854
293727221
807328342
415490509
798752779
10583960
780868863
59684160
173979575
330867167
589783103
17606527
560758114
118299616
318123614
776559072
104742777
985762082
544569437
170585124
294474612
594206787
254283954
72219680
461263161
919230219
514829932
619783837
103578755
111020396
269145673
232678450
858179321
729612817
352525596
837327469
86305872
376796808
674215394
898320889
250108422
207002509
310013304
379410474
226602485
906644557
106516348
519375091
561582994
924784397
568096939
376840221
705007133
796749133
911318256
575767066
39443267
735108662
954227346
879522559
495754027
161085025
956105404
62959178
61721493
357104652
159427204
831145295
765774019
480796144
690253200
727945968
311546688
646248546
920476701
87472103
284193483
874873478
845617194
554618603
812713870
995454840
58200843
178794356
542923456
892305451
527671316
61430187
818294560
776758528
797884201
351197209
422569461
794692833
402566862
89023396
250897104
247054125
317688980
869497831
747217352
275371052
753601070
80786849
234531196
840150970
65293533
58758586
876272431
823846153
291573583
164569787
889491466
399608742
66808688
500299185
102884181
777311047
520035721
169416041
829433335
97997016
12850734
989015489
682911941
339055991
305376506
516853853
243681684
831453304
836574997
37139357
557184497
976119361
807401250
537342818
241853770
977413992
944263159
702772485
827011918
468912729
185157755
994448406
485184945
633314414
461705741
22960718
727884145
902267676
986139214
473586056
727018403
148272939
40064495
649220335
262520317
764585579
397874906
895475204
534774463
548439678
815076901
44819126
987271154
254434225
607385288
913372104
592207491
529465868
258445415
125470187
833047886
817263234
342404121
360520605
912839259
18402327
503830544
49597527
877350249
282415788
788969706
341414006
845314089
362988940
310120953
408911558
936054865
158180914
274822501
477268189
579539085
48787955
167998022
278572239
653835827
140338629
7177251
230750719
25929125
548333636
430753226
198418276
643822261
860669026
640538168
909755167
805868817
679543889
736381074
244117990
260755035
348277379
18124954
252358675
759469971
473662894
199505035
624282213
944313271
198473730
977317237
434026577
254643367
781177224
545931101
784259931
649265212
63831882
706684777
772500630
11225075
273079824
23668402
329016613
851662560
590551430
697591744
984645062
722450770
400365784
603042740
256510976
421799838
30704511
216513153
231261706
30663000
915639345
519102267
180172932
940833592
382895036
286437446
827455393
571016397
996726647
943774908
862645035
314737925
856278236
260489955
742036934
972859110
963880443
232892914
987675209
324608976
689108340
400696113
168918541
776071149
214859972
901831442
543947487
595430989
720806260
12226738
223938856
564664070
314669394
753596931
733625865
544729614
526511845
831667036
628330037
986642377
196213007
758000214
854935911
646776520
834946707
669907137
866172533
139875828
861005804
283651864
457919393
797811595
228837943
906652729
341554658
514943232
350183726
404101781
725973620
481063593
742489957
232024404
850210136
984499908
719836052
297980964
68530
102681304
526864089
197307320
446347265
132213406
604562875
1032832
128395969
931108125
545760200
522142019
941124440
544952833
35658908
404071659
734425183
437154395
554307344
426127259
335826127
408016664
412042272
218682632
194545888
122410063
105693416
147266443
244152419
964188601
907790076
870436002
926940467
536965742
669838606
763491229
613011737
663698484
837304598
325705987
193248719
227805111
778256759
410446532
969183030
828041705
462977340
181020786
445404685
338418298
497599219
413055740
430192564
293708792
962154836
592051865
690639031
308181457
2761431
323937201
26519990
457296432
756880411
164207366
23318048
675324197
595201550
404158697
875114226
272167677
791059921
70726699
599849796
228601356
232878539
108021015
629759903
1595740
249499600
366504181
659432722
924672628
701861756
905734120
466589382
494734336
440243437
633231674
574810905
77786740
72852197
304830280
660937052
513367396
299185996
735952286
470924698
614049392
387128483
293858833
232840155
58818642
305906559
173237007
547358376
426872520
813205943
201591208
60830253
854133821
962291961
689043291
58681856
636257249
664504478
101847361
755434674
851146290
697617983
528583711
235080760
961969874
829347791
797327485
199315479
486229640
409789646
86482399
929415359
496926251
637096315
15710510
614467255
955640766
133664026
600614079
618766068
528624748
358375744
39716862
681528391
238652229
572401421
720677082
115494778
383808905
246148424
24679802
848862917
197338635
980517611
619778407
916431408
858544771
58778073
270870279
229470849
508579073
973921527
61128735
17082873
726723544
272175847
563904000
217037505
946581450
74576035
103041089
502593223
63890398
483081291
226809925
492770545
657901121
847055318
996428530
389568452
108670708
681832706
815506572
240081216
385109843
237619480
732076723
516408639
17317907
99279101
755922482
896862693
862793745
371143230
110186995
554703220
297247008
22633988
954804846
966476380
8497421
503639577
168913327
309232870
143107335
522086578
784972519
714257342
753707686
127007862
258530286
11489453
62349542
881301825
120800141
826746365
158414954
821047517
631973029
489104063
540099123
47495360
199719597
847302348
318653551
206178394
639799476
692747167
372894296
672106703
195523537
635267133
892250470
29952149
381071031
605031130
512919379
506273702
96973881
863023263
452646960
17819380
762700952
890310044
840748813
744433029
834513151
981491919
250343088
283440628
396288266
476199489
390660958
465700782
426377257
961002060
303919980
321610977
990579317
936928939
882287101
92225351
341363046
81600982
931484323
623263152
119238981
32397392
500230794
515769010
313826986
652141250
724073636
768949764
36457103
522279742
284794406
309409551
6553535
574220521
371665242
658307555
442404078
89453667
275818436
719324046
244606174
426549688
603574891
420068970
301111149
191308401
515694383
160044941
980736161
360421608
676456333
681099969
958825719
217485660
625194048
802115758
481261125
734574077
969613641
744147014
752125852
621711192
429243678
904097513
676207653
994510427
315057442
416358796
565263696
223979545
649821272
251909379
805782544
212160277
378656978
692689292
428822499
80161823
214657860
122518584
136446867
564028694
788213601
676035494
845823408
603694435
350583830
789067873
949026471
569549482
177046430
707829999
119840024
531671420
967198193
622894981
997306008
699477376
743861315
306600721
876250958
99335587
594781244
756756615
710600335
424546953
875317424
746665442
838828681
932504754
373293259
401099301
519916217
847095056
607700147
188097157
833497589
753208183
