692738566
942857845
458522861
618161443
347676304
322337394
439846478
473677002
911474542
49498136
885176467
645437568
920221637
342074620
505892690
444387529
818075711
525066131
407712869
534773889
449415377
101710712
689480674
184310007
968524304
232540731
762505186
849331746
399761213
555381375
985890854
143947808
461656749
718907136
938737064
792390182
291088927
919273917
929206991
703876457
721634471
845364789
167122
538360540
260831532
7998798
749595439
494017188
736027421
133619860
905866837
490532422
264402921
872268754
149975398
591027853
253377171
274212854
649637138
115135572
559832207
590514730
73915788
356093166
63607281
741228658
183780819
201314501
403337554
713502506
153298601
898801793
595859139
703836410
813139417
604050586
101543590
151120134
923478473
960525505
482945291
268487998
113304324
266141352
649514537
495358431
879544886
589387993
568931737
347709211
539013011
16876073
269636778
814071418
144044250
131119740
771449001
644073955
474753259
519602873
824217978
548280937
90679633
22524915
980321258
7065043
894673281
560566509
59129337
545924811
489484262
102257037
350734379
689111631
632190280
291344208
477210406
807774435
706578627
568248848
861683771
594392824
632382763
55628343
174489495
136422527
629165014
781787720
559792160
682019676
832601584
457469634
676366873
403875600
136307526
934664353
177808364
90779409
285820093
642449494
600685148
318978376
530258655
23006925
858224947
436755974
666141692
580525146
181881138
852700040
653909333
963674564
937495327
906504409
657919100
229825154
915898172
35051289
848035418
843898730
377900027
112885561
774349
377109660
713323226
32014628
425890162
946858778
552804105
697525926
113535844
386430997
521954341
64129132
967563698
542705394
64134168
609375838
197403394
737733520
470280834
48639868
599906582
707092118
28110343
868927018
519974305
769862462
745956498
906482371
18766180
142757074
242743989
441921361
264549467
487799587
318204027
153148995
309683697
826210318
10865811
719282913
27721040
484355210
739164196
267478335
441720222
873366194
938940709
115213706
165690985
306522334
837647893
110301897
373617896
329260158
512978977
293682229
348999316
844396207
512040321
656027698
200902279
646321733
678759745
970778768
143687007
80032980
799579664
479764111
224501366
910985172
299692140
371193075
726867708
750997920
20918828
115551371
967927921
760632006
427206795
646608110
830921751
630742792
740791385
712243845
305109179
132442091
68303465
935289307
974820608
24521798
804149678
465287489
314169996
354838112
518380633
381399305
805595464
768385427
123791328
361687242
73786529
459176598
890712338
254705812
6830193
466454818
383434187
622619975
308341330
397427606
325754307
588367309
417189412
865432210
825105945
570159486
905530347
966515899
665669588
11244915
11729514
864290356
504943501
199979568
106835494
834404650
57023078
372029596
232617286
639519521
309955905
199542493
636840677
65519552
572821580
371745153
740030453
486085573
705413651
838654360
749007903
445683489
626947977
577393002
698767489
215782368
48098077
448737785
529732165
948221146
475868957
839079564
102715838
112546413
349957728
209496172
954233095
690732770
147870317
172425541
409431739
11404591
390002688
668821807
87471700
126211813
951526630
351669859
292610629
453360792
830129032
419444773
261102247
827015227
262237011
566046023
237342378
927550498
501212077
891053124
786306573
608285292
842297430
284396139
163650563
470876340
96826655
524294264
715561823
363325408
417512057
49297682
338215255
532988109
429222620
737603311
55680801
958126168
489921302
572555676
264255737
696428216
156127156
76371373
118092114
56424184
577977317
275700610
850309400
783911704
972153792
26682597
189520692
256817192
386118967
801146446
169107159
105606548
505171243
616595358
29385158
427232365
636108035
929285219
35848734
780831349
81229518
728114136
397792606
524633698
510365221
279216209
437629196
928656400
626797386
89878356
452158136
765926056
166304025
107226379
892899022
821126043
673984862
931650117
391171614
390829460
859776989
81398062
146869142
628076172
568496151
950074252
452954924
873325942
543170517
837023371
60320181
226841935
40522638
337260763
975194665
849863179
877908002
325675702
273546482
692937583
589053400
260864291
630019805
296240610
348988310
403181102
939302521
397944864
723696335
208259113
753247501
704457916
538113604
645019273
921054359
999831454
581244994
769716433
956137545
560290968
826261283
564303252
385485882
789774014
29558175
225316200
725403417
829043260
132031713
43035842
943218040
348309160
658103635
698234030
801776059
598912697
451378256
850628531
279087861
165315049
10771730
55010060
149629607
334911404
83775869
355862263
688728329
395503363
416206403
975363209
268618185
108191569
369538156
713255512
866676298
24750147
875378408
840245789
266682434
123672109
677777683
110259260
265913150
680660492
265041072
404938340
46354280
839879573
843243213
322141661
548453197
730616462
490628571
790822495
549519238
771251222
414673645
50574477
705998144
673695910
536587870
329900054
412836856
156668502
774417656
835026470
978771003
944848122
831557730
777025911
723534287
611132465
583946096
155415751
487537365
900512468
789096909
468969113
69870332
678837528
309507983
848848755
552260148
94064742
426910012
538001722
617562996
578715659
163736274
95425076
610076501
824803930
134247645
592986522
587084238
347877629
697422403
109244647
906242834
430014600
426167336
101506157
8321842
66217302
598607372
937320730
146670365
335212819
303285130
649006768
982154312
945704530
980704144
27160616
364187927
687739114
777639904
318772114
729758489
236415934
217463474
400055344
781111847
736132654
166949410
898730356
476884820
990959572
568331512
139659735
203090065
679852261
562726278
639855730
252670191
208001825
840526912
486042846
495457368
489589280
391331356
282350177
275430528
514729504
113270762
664371969
844099785
107087029
228798595
899345123
570237724
378650288
379486157
669826900
212551126
26111992
320394309
272189187
899267890
699877015
460435910
155710792
766881306
163625394
445916703
302302051
382978252
340848413
774490423
156186102
847212200
291597057
823314745
240169208
845084576
935113295
124624815
266382342
622861891
502577439
54630571
369797790
762160977
668986388
569422010
824439776
300366103
892899376
427304604
226558199
887607515
568337725
586774954
795580352
29153370
235620564
515468870
111805133
68812801
810968710
281393717
503251371
332596605
72612492
52132922
278640666
555335542
139316948
824742323
277437829
901487176
54011966
649327294
396690451
645246444
90638119
393549813
97894918
594203383
621476926
1935947
490078875
913543807
547932224
268578586
278874475
704822101
27734392
211015838
609464011
419644425
12819681
197569541
811893180
221183722
551379198
37201185
689548484
616853465
290781343
269104233
161049155
68157053
149866775
325071021
833595549
919010429
190084503
150333907
938515249
842070749
417573951
517601749
447335874
809032763
791314841
589707562
784664379
804033905
773258445
573818564
527601149
928301108
215278311
857793402
888667494
856442423
837434113
175506729
93867246
53436933
704001328
481041451
303422039
352372692
840886790
421921822
763677032
222861202
434983035
359864045
514737598
877400483
272500587
767393260
2070473
495217930
750233666
2860416
429868879
961671634
252536805
885514577
843595019
716962778
741503083
232748045
852878740
292073372
436403525
977153124
81576316
14577774
56466661
885078315
138069421
936532499
214179709
94963182
968145971
369393019
826030529
561803176
369050869
413394400
59080965
650200664
655800521
447885049
855722928
393449564
106208757
834573696
745637848
132195610
800900127
818486749
637446430
586459260
610869608
608138745
569043080
471603660
786457676
457829910
278287729
500159823
820933822
387422271
629323838
65537973
281038220
655270483
34714444
60475860
135641104
690733627
516463707
430200619
657881812
91302418
576947523
404993690
436350442
42953961
870944367
247002618
268939925
924271050
84178187
319582671
299086069
627720448
484093573
360007226
800349937
354426869
775345499
911220958
135106671
558921140
829266841
268378249
818561209
790184955
112411343
450938272
799859252
685161987
996554504
110166500
302023041
207245811
928577446
519567189
31191221
164049389
35253217
743503714
586885541
31285110
231219898
896662770
303244083
309741167
766451903
653317771
171176910
674707216
260125921
781214234
915388126
605242747
295093948
98960671
262035576
308569273
586432479
646165486
930542617
420006094
447143364
583777936
927716544
974011686
17559630
91840257
699143001
964526382
328816004
636300548
319173652
31841785
324335417
103821560
327701241
932604069
965134165
508820042
23733051
459093571
279761361
125152036
425036065
215340270
194778372
696780292
912151861
829616774
257531613
722621947
577616908
389087729
812961096
166879447
584141745
647441960
968946224
329232395
292181536
674611645
954174768
206650527
345891212
623825372
462040582
883546341
280907330
191272388
771259428
329431505
343435107
77612437
622432434
471449045
140244733
321991328
158741871
712376274
779233314
320779336
179688394
869526226
706994769
606194056
58683639
930085921
218880687
157455969
519679813
680259280
963657843
635901769
216638505
349121405
504918801
73110834
779260822
801210691
753299686
311232029
415872961
720879473
58357345
928100107
379186839
500004471
766655294
341512050
26634714
262150416
488700089
256569950
549999080
971402198
494923250
84648542
499655756
739697155
565141733
531954660
664665653
123451360
671592573
91000148
365773660
707533337
860973930
273311029
966530242
67133898
542730504
357531178
959076587
468001284
904906374
458808920
811168880
778894661
227007216
558679166
163430626
877368635
130821255
257529396
191559190
707087893
85902688
245236305
854198154
420270259
573455076
39563667
236068958
221345026
646566374
292421600
49286900
967357195
562326446
671653501
639030540
