623401958
101512278
811276185
756435796
898292203
657100961
209546162
766680355
48746478
217003932
383066702
183923808
64992428
347732963
328470395
828857112
424568434
586045522
804817885
327861718
448290156
347848611
476315607
961372180
291972656
190454653
54231624
984195414
931473677
212261582
913346922
838733722
145822987
910514433
820080232
226490556
317723157
936696461
193452468
880500997
582304339
964396262
37053943
429776928
890296411
929101739
822287428
297982701
25440951
603066141
901842425
386094247
836004951
13934673
293438828
275553346
625196670
849904004
464463140
707837549
602869337
225350746
835206676
836484895
303657008
544332978
38100820
154477993
527652729
101979839
511133955
487871972
392593054
924316886
745557378
483893892
310794668
46538678
71075768
362870915
368167224
756248921
958754463
328407536
310419155
527252675
2728770
131888314
617075605
544526885
601293885
467819151
472233321
485614917
277631659
356953592
129189586
200569047
126119919
345963433
891000919
667809434
770329970
923461111
91932186
413970453
993501192
911688064
268377294
809544934
964758677
578657991
778828235
101592224
339670325
846620414
266596282
506799140
526065739
776404331
541604207
906212504
537402387
983125842
500685952
43314803
15638650
906978135
646685226
388603785
354704306
110225621
920418757
725112334
471869995
700357788
985918949
35293351
236475349
896448701
533751481
91040705
863511019
807530669
579768207
22635893
688990914
370641097
145944591
431011243
90357310
622390444
674503306
349715587
804359224
984788413
130407047
787204127
422775158
48617382
398331803
86523056
265002837
879773507
454840627
854533056
658239232
53715901
629722227
639312536
860701464
231302931
270323790
629617037
242652850
450563501
42701485
729871716
403357635
478050058
354323887
644997552
761033543
215673982
298246475
732313861
435722313
570703170
920753108
487081581
569950740
198714822
612518191
187857966
498116898
447228425
826037867
983737510
352690042
725235149
364396660
635275013
740918868
506632054
570309778
859054377
352066653
44886269
107062736
353795722
942086927
400535329
383846491
944725098
694293494
753334249
325489511
49328854
581527032
722526765
418810743
87536061
132962791
142640646
69361795
661986641
618784738
82465824
131500139
795424423
624525633
58963973
377181674
678122485
113653398
719048873
904078682
254401489
645364203
439192096
380247207
390836044
463640433
566957385
544994652
169415410
814868329
667793091
493564471
744782647
121738913
776709013
402210477
630163275
306424406
276860598
502312221
598278221
437270259
908323136
240269638
269600829
913386128
311638312
729270088
883122953
23353655
705724005
831071700
975244620
849255566
71088022
403964650
142334936
342279557
27974698
623895626
566005404
597645992
899946383
847118311
950991646
588901351
386717491
673685509
847816619
656753494
747018397
371698078
836792798
216736651
305800461
817131228
737041066
198922457
110646378
477449914
152002121
837687296
661871698
146061755
109144323
836721390
518319850
895527080
50650891
372744363
259875541
287883717
278449707
652964971
936306816
632229
537323875
61204825
289277991
680699476
526668637
637952801
881453468
226369458
276335257
334025926
994278900
758507968
543455104
253956793
666923583
943412477
231633179
550524783
471893504
728318107
935774293
753884628
737973987
114270256
70581501
491190409
623034618
475072256
396877953
459134679
93248371
183827827
280429834
305168231
279807352
675836240
909644464
429946900
950781275
514049319
956233826
435502239
869726496
775118396
842442488
759811880
352071975
796694097
705820778
316463063
56250538
727924923
181071466
207988708
64857935
783439246
323230836
175007735
610117974
35478227
14918182
406381212
829491504
817200576
240777555
810451073
478078134
238286873
974149439
991087341
33768012
801686278
599743506
957844184
772084279
500272053
884158130
962855589
271827766
310769620
139118434
826340520
769251476
80414889
402884141
365323446
2756361
72441125
240310296
496368105
352605404
734636729
819828924
915303048
499131136
549852614
606010734
52525919
534340840
31991415
281733745
113785101
822544656
714733436
282695050
254564259
128181417
223227280
435904428
564585880
899281115
360375245
903179967
299348354
896359791
188577661
637129735
749076614
414316435
875454107
807694711
405637008
997976575
477781334
638481937
299131281
981857352
684440456
458713048
222231665
894261318
831632210
428514749
239836351
29035875
25333332
3795863
54518039
797719838
148319882
237142029
779529079
636536696
675724415
597086989
992230157
831456761
520480570
18943256
310553474
912722878
856934118
638209483
658886732
224296702
876096735
115808525
344763322
76251499
983563767
272706905
443740959
764514231
213672763
670324561
67648904
931860495
663343615
270312479
871026459
184781798
582611696
951356775
265996553
638312077
28165631
769100311
322252160
880694344
646251778
467674519
461376781
665497200
148159573
309508785
37327199
193422727
769628015
15539649
152939138
909524806
659032540
978266538
814156069
875612975
793401069
15014848
422863933
5399853
529438084
60369661
168113145
250168091
147916796
125771676
330111182
905577342
372212929
20574654
196131070
106996424
793556364
464068977
429999720
515889248
811330122
778243757
616354657
904163976
632997361
874226176
162232480
647803966
117373340
961501651
525749257
604345156
137200706
390383576
844911007
13150783
346236377
316852306
351256259
585882117
299561373
211208690
517580404
22387897
979397602
131749856
821209796
749053360
819408577
45942713
115968441
194963562
548266818
298266821
64282852
15157311
398660190
518699956
372402491
655211906
898137180
520309178
132794750
186415143
600022418
725766024
768376635
981829352
175663646
182980287
760760045
476704057
112812717
844117601
216327874
600121432
260663353
593966760
924766372
501247504
53016380
413179118
828395387
71430626
845533209
330785694
56078338
838933883
326100724
829753696
614490592
827536420
944449813
696044352
687744936
779252193
78413939
331165261
422365477
253631578
363373219
839380443
573389714
636428290
285182667
639264383
82150845
704149215
81938947
464161419
754493956
804693428
593933582
871154985
602195526
484958061
691913790
61364124
340881932
269236724
669687686
929442751
655728628
345909948
568489694
933223624
532254242
416768363
156372665
437075679
521707493
929498090
171601282
671134794
137874285
213635936
839789403
191967096
786247958
206268826
248634849
351929121
756994936
861939304
75259739
809797162
233602837
73294828
93848826
202786874
87338403
17049815
990283328
153128753
583943890
433930467
183651815
227479765
67938596
351959042
107010140
665382480
547776549
644863266
942453924
824995865
633092146
922798787
733280700
388559589
645168656
499946694
275116164
134613105
20601875
317758565
172447814
793789322
270650209
758692530
699620786
458959414
322919537
953585789
349737276
504657677
939214761
18472529
87190903
703943816
29984121
612309638
124028500
434288916
99258686
583252367
804152570
112131670
919485378
250263873
176705016
310804048
340014127
705289235
557618217
587391708
741933649
855670222
132526878
266185325
261482653
389862491
956829555
309246064
652338254
648050724
342462942
594190758
295125990
437796247
885781102
614619616
835607884
29336883
358575468
32859018
375918193
840827247
35354418
437349506
513605993
60316144
874303943
20386335
581987514
388816737
118945287
617630301
395967572
762345566
762724026
83544539
885945650
821005577
442461163
640121629
655480081
814782434
781950661
451207961
240789424
209961811
817005678
481689130
364482770
562085398
475196163
310677243
346713766
524759198
211473514
901106401
820315803
695177370
752579330
201166508
515558546
936443219
727258548
263521516
529105437
724832640
198223186
532780422
675072219
802236563
728673965
14602306
586875719
718453838
377378935
561135758
58876586
584146456
196560081
303644181
243310464
392614813
655903564
19902116
913620572
808268042
270916534
871208372
550872052
861617623
263228734
190768279
68426246
241294654
124563082
719036861
87523885
518429144
922102522
515956783
11738625
284225256
806616909
562246205
833411432
460593857
723801523
628259927
147380263
650337754
842229815
236169347
498617289
448935149
957856042
122943732
280539654
707356432
349900942
720837394
453916106
327014812
981908368
813454594
539007828
537905685
946176059
345581064
593890755
658342073
473611872
540447440
662043932
680603297
291905555
959085207
585997902
93657358
186490682
453026715
84466518
642656606
723828109
900534296
19387808
27059386
692150989
619491095
283438611
1619350
438497206
380167452
168528201
201265128
62040677
684723812
302316886
993162313
23238377
295505746
514417796
378220459
34369171
489038188
176725882
301782375
574125413
818013991
157029593
998770833
536945829
186882295
520865749
896874225
636370875
811259498
603186701
81374071
794066786
511948441
845754695
326684963
62142453
592271405
219844866
93444419
371919238
460778804
618562619
607181741
656768321
592835587
70418981
890984935
938608918
706246058
608287434
234789921
723808414
717605432
452933972
874136996
462461502
284667776
464673519
251614911
859301701
271653975
564894251
250781177
81537111
220942814
199095527
511289934
449751049
187732832
316078006
442097765
269193322
83281462
929863135
113346608
199451371
549847850
342002512
944110240
116463313
629880813
958265306
930124815
202972064
368396779
357565656
76461354
59014469
971617697
864223460
777474675
127597885
968229954
234142717
100265263
895884552
367781442
525644630
435825507
393740060
559129046
441233885
750876085
390168052
166189669
965596598
640526951
787742295
339587363
674685625
912613650
942665263
520563278
135151597
229420888
313388667
634769434
47809113
713140330
863377156
122634172
452275465
478133351
323509371
538603329
314499879
300963367
849138744
829597871
217462055
831669928
24203220
906177003
550370180
557334266
188646928
207389220
539956763
36782394
