710728961
927634058
594836839
55098591
391994496
324526443
579049116
860905644
234252074
239217091
564229249
894576868
824069185
649170543
298924533
732089710
520897940
957028328
776572387
966568290
954011132
76017552
195711511
209147818
766847000
615469457
464812118
900625999
976043241
384300643
896157714
97676197
586769838
8885382
303518926
460152530
734597503
65060429
632782468
68265872
364616395
166706390
638401112
612240432
96667216
520133487
215095058
479531722
758577582
718218469
293352846
314319796
64571126
467666524
708220162
634711409
731922547
385689021
288251589
776525037
859714324
678423116
884862402
849951429
343059375
466553052
307807029
815183803
345651617
838772002
997492205
455837511
324245860
708306515
601951895
787304741
437616439
583471077
112480601
246713513
400374399
985280395
142048417
257824771
90947797
581837918
33105070
119103314
300665219
668807515
728229981
348908482
776808838
856257429
208551546
686193278
281843986
788449681
269181056
630114163
212326457
399911254
133880105
919805578
720726263
837515334
990073935
356264610
865714628
920915419
197094969
148451470
273208419
41538075
376150638
874433927
536374699
627037631
759003632
761221456
433447981
188703715
514518583
676844100
110542021
648583722
679028671
467988429
499754968
915758616
505460755
649166756
314290020
482366437
34387056
463144
851400290
222242837
537098507
253432461
591763981
676840458
253388685
379749798
471712546
579778511
75700062
735270763
480106791
334117618
149818579
654806354
29446049
507959599
196666181
23622741
885392669
457036004
809263557
72142540
158486663
522085506
856509641
949956010
415454664
547928212
834161448
790841981
7151018
375687493
23033637
314131861
89939124
505571170
169457474
756607522
935315029
134768784
205131553
530763508
572883660
943757906
987881636
165637350
765940037
850654399
619720706
806330420
285700255
10764315
115070474
394364286
412979278
464955966
94945798
69678475
820330816
303432673
964295133
923784332
745617061
284858080
728119744
104419298
311083980
835686716
564867229
523874877
338502124
440058658
88307710
750623884
251904450
278500048
499258879
214728755
534203868
690872291
184015973
564800263
928207504
27831027
505141725
996386702
260617019
628669350
901152582
624983156
410625372
99778999
936276704
631882356
170473650
281347220
785146446
288025579
215638162
883462338
854553368
930253319
285787170
95845829
467828295
845641596
922456603
364446588
142459835
134479229
965697086
880217041
535474606
129458525
119416699
399494870
995576827
717786034
779716353
731733040
843802278
682414629
934534132
939884072
113249504
238723125
503781952
456425353
580150234
970557229
493353601
211233299
999090591
650741529
836318921
253762652
279013092
832361675
560002730
659500127
73930099
896170429
486209514
766673352
659286069
530408329
564304392
806818179
512465657
770978778
285770391
67360411
508309224
483905120
39660059
172138739
995719185
345903097
982596323
229105170
341859644
466031250
784296352
171902605
641125626
754463786
881126448
884733075
293139602
865654045
120481777
163215151
157783303
120216226
657802941
947631848
196205114
167860780
280598002
582841173
674418732
696963771
943959694
809171455
684786837
425993189
702924073
515185471
611081469
664180182
258043465
933109994
849765351
330897560
317640483
607898847
111874076
314306909
125547725
904822281
649281880
679571315
513678577
646811611
650497000
122555239
909577107
388092998
826102177
92028210
975933623
827858405
65305094
399755149
554686436
644895872
522071554
975124896
487115767
215132437
51539713
365940977
273651606
628959418
607610579
187371781
313449799
826885741
802575741
49904094
835757771
881898204
42313054
375775720
933559292
994847416
183285193
297148083
158674455
562231597
516416081
314831075
689083292
519053258
688246557
430185059
867804900
450010201
776211123
672744609
85827293
136749179
827191140
910415287
853282568
283340902
405919709
884719157
39201031
463125218
809105439
82691365
585517255
776198083
256270438
94035419
785545351
689529372
466195855
559839019
461610678
224923470
816450441
924884169
698716354
736708636
676857683
754598346
940712860
177425519
319566880
863439597
50674618
129831131
964076799
699008592
54707063
131897766
522493150
650218390
588927707
298566035
257947051
695549235
753126157
433724715
729313818
912885208
262782820
594211138
644639707
178275527
983814345
216372103
211133931
860903821
320298736
902306970
211698932
116573931
606483217
651321361
944006296
861775510
143558338
945665840
32016747
455686123
812121282
557261844
39328355
653647584
167036222
815977463
970911310
163044643
966976418
120901205
171758012
264991639
7394818
763972474
491815526
346501722
532785811
141291352
879625251
834302513
918697199
103172978
378709855
152400092
920198832
405919219
43735173
937606344
354559737
396171539
551990897
807460315
401707968
273627694
100763925
705520974
554882782
990992121
11239305
167836881
245460791
48089288
893927402
199397531
730548957
946707292
109179113
842510741
159505835
597504574
328989699
2266985
66040589
197714232
536988923
708948304
178551989
886928262
733448751
761117002
772242290
33304966
808484904
570804878
568910306
364297696
863283669
733767123
663208549
786294550
791618939
541793689
130052046
711788369
588841722
870607910
209245575
179312324
421851133
973491538
296740106
201224430
778100509
757055162
67181840
549723911
741419725
203993736
736638770
391815619
526968985
667954519
257543369
250122302
395594589
212155825
239604383
323122524
630487223
366251261
83423623
375411988
179302192
373211283
805885633
787196008
872214938
354252219
608872509
666381011
499702729
999239663
465077128
759957212
464376895
571017860
255204455
51429741
503623037
19186395
622877970
659289933
997128351
271392929
259325565
123664420
284250319
879929743
316193780
376685896
631003527
886123049
548825100
55599871
890067914
921328116
21922238
404889226
951169528
279985830
677508972
387167506
595121225
70257758
892112889
527729320
202877390
497586155
785745405
824576727
956951369
188174642
819499485
611300828
743373290
424133688
378283635
907909261
113885718
682221213
502945689
992285193
38058438
232186613
35377484
613579678
450414563
409477256
869889296
543048778
549095622
850315228
100260212
223637207
341677421
235710463
64168707
926870593
379280039
731596243
920787028
786664162
94184337
491617052
419734525
442828884
66623564
937524271
312226580
465934226
543044480
114012975
291003507
268948314
777040140
685223777
349109067
362934612
34880273
278533210
77314757
793400133
627696858
242696626
275481105
106636141
87914430
595862277
269623406
507662826
359964981
451413041
528629222
382289474
761434184
716281525
898100856
546441385
812452086
592548599
546956113
512890291
97250676
403955070
4298
435082646
559311720
831311896
446597066
656453642
886601394
701234093
891990320
100746828
654281485
127386895
158967304
851487709
216135946
313098384
354914454
470761285
667900864
804563752
105969244
91631438
585383752
908714032
507514128
60758614
787122920
802667681
550482525
442331673
731577096
564424465
696149456
223741787
242692328
840398457
547324420
256602532
149265211
613169762
621061430
658730886
559422719
427882393
728007987
634047289
557314220
46613146
330305438
499353701
237634145
76194827
844989425
292686922
297985825
908372858
849698893
650597686
323797768
385838451
869330720
83933713
150751567
449658646
369169731
89857019
431237437
935225515
608795381
375737488
765773963
98311921
321496073
54731101
183502321
447238356
532208718
157501358
180706045
873466838
503444392
740509774
472362243
51128823
204697528
655382268
719435039
403462534
925755960
334319468
990699563
896726732
932804763
763426759
743839040
537127717
507979319
109764072
58712662
638150967
202809851
622088704
437817764
954567948
733579737
139322223
754698752
790258323
109184601
850747468
376164140
692197534
469891641
450330928
882394057
128820946
611571469
99622744
244961118
713787462
370421979
27774903
9469554
274475912
385037924
869047229
165507157
558069313
310892059
646374602
939259036
422444645
98788696
542555076
670656987
881355687
302692009
517794293
317549085
65375304
900683514
929176714
294277932
75008492
958155327
298502028
426835091
482473834
881032701
615018094
925556247
408356575
864802953
344925198
267728987
175034948
612619149
163341851
569530024
864532507
973815065
196629439
479366264
462809997
911488431
953719494
593408837
927336564
779673940
1038369
826128935
93777175
782073658
179585813
813103946
441245264
733496969
934461061
316320583
86535895
442212138
683033321
677036610
695873964
720818354
530902461
557641690
753863496
274826088
495622039
268736537
139350158
948264268
453016577
91560238
704054074
449810450
831467934
163520060
4435833
705093190
499498525
702799893
879994331
788889157
831779072
626282916
685217139
531821251
826483722
441537977
678158087
847021266
482994128
422320368
290781743
519592828
783492298
741991642
380585969
396077803
839545339
652510475
284051901
732301830
686778777
145512906
329057080
88025575
109049872
991434813
902029034
770941000
311884750
381442704
942713611
980233427
797042277
906984806
889039281
904619544
872424550
222042245
448342364
54084061
590578449
292328890
465270139
30696208
800778493
184461246
666318150
89476292
782934089
608358028
865547849
846988048
418747991
147692501
102110379
686266165
297225835
597191563
422771378
835048907
539508942
907217085
535136515
101551424
479606755
310548315
722550549
876507490
852952359
475966424
523653252
617503094
204168110
229967839
141723381
394449887
680242765
298360872
287247080
924588625
325116662
812552741
988006910
703526721
515894854
95725562
561485435
649349776
804874427
202773115
607393709
275232986
799270866
613293456
514575118
683361363
757192373
363718715
551089451
490230178
461910695
789810658
236523931
306967665
84704776
248044755
642819937
188780151
5969119
707660490
6023399
998864961
309944483
498182752
509932245
