306042301
561335927
251540449
858955391
478894588
547157976
341087064
808426991
125415219
727091619
107923169
411082405
806589189
701815190
74753823
336153660
590700899
982649590
181587788
358965266
447275288
512788801
848085592
37927689
681221162
826996483
234410281
728607540
364862306
891247387
955629460
864734206
829865480
470582558
579292636
308770270
669399598
987519370
132050735
824630074
181830824
193431938
230841834
232830212
644961327
990777085
993872318
167826051
54512370
935070391
249377442
902601216
490054446
140837862
179417789
793253499
713250334
213612760
177734229
651898103
312747694
612479523
443564684
234167830
771462158
243188961
581216924
336006630
122522554
765983551
666754060
603181528
850598854
356957713
177134442
253843349
281946966
615255379
392966361
690444076
833124164
66584229
674095169
429791914
641869945
53028244
374679760
689027617
291164768
786039135
595519934
455786838
809785141
480152631
511882379
569351299
749867253
996674003
461368052
401772365
409560160
657865687
45303497
288528818
268316331
646195913
52002361
133096732
963703419
925574439
511306532
97994955
820646398
487290152
818773938
246163464
938384353
13772770
592297884
718433914
868509199
892189305
44841862
336483417
170463617
210967222
793396385
370446223
845075333
607783141
503976095
285272962
153887326
991193994
280883915
175258476
21280732
385566351
161475582
995674030
1025882
241583028
725324197
365590328
274732603
497524979
635140439
322494988
661378692
265718914
630966945
736094482
404376118
742934137
533263164
517370854
613023825
708820079
118065200
57349109
852799526
681556137
288021398
355920278
421598343
226033570
944107627
829452402
206406237
643515462
224882732
552818002
852297186
596623852
717408032
626926171
166865107
679251532
61750814
672938637
575826781
470901397
709067530
579356418
976816195
767881612
880896843
410953188
457930829
763513059
562234649
312460652
267501150
104126473
142874504
319469743
953561628
369403919
943991984
48699032
553417350
805688035
116088751
17863229
40836181
78148942
883797294
807752264
25526105
906336992
350505746
933772291
647069264
445126562
481522326
381898129
972488606
708664978
379104082
653716730
345136726
533154439
371521573
442893177
81280812
912422079
285316851
748170713
453749348
397938289
673364542
797461187
735259547
13051781
119521286
770138745
354812646
691204300
538520236
898667252
884084316
73144578
385427082
551593836
413007312
628462356
665391386
822374586
622604146
760976374
346981135
244896649
990299835
290275254
703562304
20262911
434166461
673195573
936582416
128414101
792832090
135626581
354002915
627587815
232972449
553044557
198512744
634017482
325605276
711383579
27085483
281284306
170144742
480436829
769632412
271992147
147727356
819927735
29885864
452818454
247030692
462942263
125566566
692772973
50957153
428467892
807161351
444984293
309489475
99258374
335972283
681617071
754621882
410106134
105835162
748457735
719141662
757839266
318621386
859962753
429949612
31373903
496769310
911220566
733890891
65696828
74751907
509863006
520642840
431570157
872535553
614238725
643309708
483763961
881383408
329889826
10060015
661229941
576630661
804504556
745883205
753528450
324528007
226346901
375411295
345468410
526662422
760038606
374601667
21174676
552850484
389888089
501306349
169923109
22868842
215656788
966172952
214345998
958882081
985260323
353715984
297298344
924341451
877919317
226722820
721733557
38307363
270857921
528722725
775945334
738397720
57911721
181208604
514116828
114079548
676421160
706845895
270422409
535809270
388422481
539034405
314713300
135261339
499468164
878719671
482647464
112932376
473386599
460895118
665726619
363716873
795714015
702347858
591370337
450788571
448584860
829186997
446608688
999624080
653677736
307161046
255804500
231315880
598656331
282776955
494938763
208679485
987189519
55843560
346447680
508810892
695750543
678536727
570459600
446225918
39002684
162037005
424873287
999199645
744075354
608801181
564920762
809962802
862996105
412228461
942683704
355563861
589838266
63328257
665494686
847234162
260237207
270798327
882131532
81261434
283229904
83397419
536605007
216691208
383780908
273967979
125742855
417543038
114447437
156915726
667966329
117177287
131888258
145144419
411785886
286547855
404313710
447409042
255548725
44876555
742240283
445841697
368319774
186427869
340093250
139374902
618841217
923861261
390348873
499213517
248573685
424952215
796405193
489198166
162996013
955605264
625431996
208182078
615418736
470107375
483058325
147377724
695515364
706080378
744262131
825506416
223675602
444693846
651542369
378946830
442920451
812828163
15249602
837254977
339021149
837388205
715077643
350177137
876597957
244406005
655126760
201881592
27194165
615233918
908342040
243014113
320772093
642690091
982148404
456180621
661115857
196131632
831990304
785441349
561818228
594862559
750326332
662239395
442165737
514586833
915699298
174147371
272318892
11402042
56293066
435745520
409702613
959150215
150177016
325607806
240527621
275254859
331584119
371012731
814980614
281176732
120183559
80281445
797738336
501248017
504734322
580985509
462545441
195361748
717830971
246788818
980837858
229808251
275436748
744158589
87061873
52838247
908011399
362011124
328706705
480979389
929562699
15792122
558940852
472596519
833311499
361621877
492513075
656540597
215652999
385860998
864547512
460977573
970460734
280641496
474678999
670044886
864501058
940917718
9852510
334713788
711601928
76957144
293571069
809504246
454907661
179894361
683713466
406018425
238545933
187689373
367243459
969572993
42306025
334001224
351614032
104391436
521340592
325141816
667936517
143112445
88472434
806004842
979708747
331969973
382241305
519860285
259347516
994795251
269479589
417016986
188337188
967093679
352158614
993992915
769377459
852605555
722221051
749436604
17688858
653417138
677908409
86494649
417994664
27963626
18617539
894974517
418671547
636459509
929027462
370287563
148704294
539359241
272981201
866740064
246241354
905597085
97248395
961601095
427262941
935047375
920546844
688918213
136538835
821528946
999352184
400149778
617414379
48313108
564623764
499008476
382170383
771903987
307452958
14519379
465204034
1977785
388010177
951745121
313352434
487266787
101188737
622888005
65767788
899192025
268312692
648977946
694112477
485418549
747751561
863780372
755357159
760619955
322173663
82641481
732870292
988990195
949955813
596465717
28611441
618467759
277560137
370358438
71835745
430018986
988117178
376800305
231906283
258461822
401536030
244263569
517586908
145503273
648248660
939996152
833858638
297658838
623150425
237346809
553216254
350374237
706037299
131995830
300561546
700843390
743651315
621550426
449730323
224811476
281649085
476213838
52021970
791544458
923133680
694884673
209706650
730830297
551052260
635748800
911074845
891512385
417071663
435650655
83882518
503487992
346193464
609853885
112371294
382177509
248782842
435211454
365839769
712609003
43249463
678237202
912430458
145564306
69796892
370992353
686367670
366566751
927069981
7094806
976812736
925322190
192241598
726042448
222369592
953363986
730289502
103028340
746606576
987401623
326271962
661703867
933302573
270386644
48113311
797073552
354649925
133797429
509179132
67552814
976028632
846437629
110374068
339412966
748294995
244896477
782454214
64142343
661033404
180059907
949381129
544508093
964442403
409976856
458837917
158560327
311246394
620151015
387484293
159007307
651888006
145754502
688604877
378438145
386337041
381545594
744934627
642043814
97450995
272723338
16342427
552570240
857387618
859517166
31066172
130375107
814948122
852828631
977747451
977473113
170909772
666147159
441994935
566546668
38020493
781763867
697261463
523325717
811548725
889552983
485827158
734498909
746313135
350171824
415664807
830274130
157832751
731935921
953075923
366749400
499961849
140410399
966691346
388310065
163717479
396810889
687120474
104925236
378910683
328462810
343612203
458417761
642403562
410011178
988097534
985740845
703759566
122058208
340417652
604573172
684284129
221608910
830495087
207898010
786896179
281843517
806257103
507215793
443852359
200792041
972542354
83012200
899752706
610998051
477511264
30499372
699455811
53684869
402829189
641209602
94643393
592336227
144415033
483085915
545940779
27409397
92095346
336301957
362074289
429923960
126514564
35774543
391518269
348502751
682465269
278352939
309915311
758793335
601413885
881873961
590553784
179904680
661072875
178118642
355920455
260600002
558665054
31405511
932499913
957598162
286285033
650074696
719229018
699208048
509929778
91947901
77193876
347409172
661957230
759486781
189748170
469955146
145141504
13928398
74277476
936767810
691493930
551249954
928532780
199158324
720584059
940662474
452270982
520955226
50655818
914738712
931263351
966296389
127165459
285340776
468744341
60689835
403802042
404476125
143638926
476439866
316545523
692310220
838572972
590517367
201159062
962506138
96836105
841927102
692125790
120598638
34763175
647144476
103841166
419152643
569106071
7415099
102872729
733341588
237014102
345622557
197803714
198273791
648552230
595191064
160684549
110897486
220243712
376616453
290742440
129058335
66153103
740665377
870289471
597837608
620222286
999183709
712676981
338015412
997999261
758077920
843826368
610343878
828829434
930057178
879975537
284118874
862455223
708012815
716234704
461329241
957817104
670460452
167462023
798016367
278636152
118271732
43757989
243381908
429832818
90261576
742262425
720219651
551184662
563067455
54445534
294097796
776855004
506003556
798930355
569922361
294738117
764857315
735342326
478936181
501796188
587459834
369444356
718495050
715215526
876565673
248442261
512230895
660381747
829413197
171241229
395692650
573203354
72273103
319201455
501950554
955425719
469295073
908182593
907737684
15815494
123606717
59159216
265761979
875611644
585877740
507263869
