843717501
938912076
297643964
79038977
88079861
261563069
839728201
39816420
440623879
235475116
634609540
983506950
744671737
961238677
63386417
628287156
360304985
248814157
536262606
38699222
332150610
400674804
314703043
484735046
403702794
774949984
837652314
572901139
50621004
595977151
687241942
170889030
596718090
530565397
884632094
409920560
847620848
330709339
700161837
303061693
538615388
717165419
607295880
968824503
943759645
962754114
161017262
640554055
583443668
520059436
712791995
647915971
387618678
21597241
362837381
443042697
624209032
812908917
675336181
313129876
423910754
266827062
989195415
844646726
548233173
463720510
386788859
214106339
76606583
653465855
780666306
29595645
548652318
233200912
500083833
614985189
793378922
345878539
540975399
440948678
613932721
197098258
989457469
530561567
883185155
39325970
783270350
575120849
167728016
441589396
785711526
34711931
655373156
387031961
879150938
271788325
727970003
762649153
420591329
480039135
575965255
946910921
563947472
929977812
739393129
683196349
99263653
154417765
521513407
747852190
649663773
278330493
271933517
234387503
699197153
226812495
277369592
458633848
961461569
508907202
680450158
811668009
46378322
635017185
867754327
745954375
374222487
161620356
354049973
228295507
887015184
30729769
925287208
60936263
864983421
667021799
633150785
59479657
791168436
199988806
940062316
628852584
53607441
419875825
791925621
507381033
762778412
420985653
687834807
652338442
994418732
269336155
801187582
911684126
799588976
764297245
900532598
928930285
62223484
993438752
308973861
937643295
800367791
293217899
860837004
618934004
353043284
210997254
369404080
32175353
593661709
217889935
667465410
761472763
568844885
51597573
758060567
626502496
843091562
360373294
983175961
953236833
473785548
701711529
233876774
617679029
229542185
13603082
261347286
100686176
766489199
704220498
997256171
797729683
891014943
2419021
828484792
760389541
559038819
172991617
154337749
551781158
51581572
655659453
58676733
776528797
601870744
39714819
342839240
747991403
6236678
274030102
85838722
701850189
10262791
355737027
463857746
98656261
59341125
243157975
389391819
339440201
949649966
268717904
265686152
889441209
220633762
869735726
870457819
566425863
223112779
997671024
67463676
670099945
206035544
431394803
901655260
818126094
643034796
457347976
15808285
189827366
670763840
513355882
94449497
492459097
618381775
295405981
787466892
535277916
538561274
729828531
701048416
315880844
783599796
814897546
602131190
782863667
389973300
169235522
555895034
732135017
169256999
776413376
524878623
8565652
206566425
415738776
495814644
578867986
454081765
645731651
455621463
601993147
227349690
199564453
668676360
436294084
174268406
773227054
271059434
925227779
82268834
335179902
27864589
493284247
296622608
751582830
886500148
391137997
829263611
118791593
428152793
473799274
901452940
283673267
20570367
894350463
988477257
85883845
285892671
202642999
799591336
208598905
81196151
892829621
274207067
99055268
88531154
584035343
146221186
165837106
608595260
616746245
898176087
630667253
649866182
834077095
748548786
31594376
711943043
454983594
529238627
104676647
749604374
335290171
217578858
981822187
700540206
943676421
178994086
774325895
447816826
88384561
487334382
68416434
125636443
873669927
253983751
135034967
219077179
197567340
663051676
302464804
244916810
663426505
510196332
811406546
575623186
270785687
633807083
186493270
145801677
956882880
373940801
830909076
673404371
694914689
458994529
745905978
675250763
292384879
398515061
144854731
405041257
371895289
718020279
520210698
129411863
829759652
505030810
776196254
580093343
613513819
812517196
514375702
791931917
226773822
859759835
86177869
825093838
406172310
406199001
429754518
309869338
992500814
628524218
490933944
714443759
656425304
395012062
430721753
414675398
508077772
459784202
926692299
799052278
518196944
897423545
873021520
945406225
989985632
681994683
745863533
765754876
857610828
606399926
532287857
144365684
859565097
38977159
446630548
835154853
372816659
920812139
269078453
886185876
968760541
834985392
412540442
743371070
227086334
805766938
472986557
434747589
74309057
361520855
72015571
153729616
885824896
715323423
273734972
329350275
986738313
140771643
835108205
724177625
660335467
663999641
452258509
386100887
96236361
346568259
854878661
617448145
948381512
595566898
41858738
587265631
190705749
40506422
830291735
683211551
484883103
129650449
718319890
184218693
209008126
311115943
691445819
496089972
534384355
378558240
258540787
144241673
765242185
117280273
848416538
232045016
85703934
544900826
225850409
304760900
382726882
26439554
647134709
880518074
950888276
855538411
486366076
478742157
319662116
484749938
963023866
845318473
885031687
590523420
844467171
857087864
422451752
650889511
515169499
349219524
972553821
956168535
851716531
717678119
88027472
710636987
852205958
831101239
747150359
809813721
501561697
645804921
814656012
525530835
300484668
458443548
482515739
837801815
233330416
353469714
824749865
212703661
176427855
49634416
415534373
413222312
259209985
174718765
272813100
991328673
809593262
434814421
29731327
876630884
332207077
426558346
174723022
929456588
792490601
240251288
3332452
655264836
731591797
509848394
983188239
317218945
30662461
359500851
290038752
386023623
374572124
584649936
417559094
161699784
524469657
759850159
779740679
802082114
302143746
674805159
451427001
677487192
558288138
755821684
220458
66747276
616073593
938025127
193323757
873926321
283720525
553059149
45311213
993079127
350137261
169485029
481111863
666579460
66446175
98315427
382559850
899709132
884680012
886789476
616756548
224943326
17255327
868031541
352161226
572356917
646817665
372640906
627312842
117685442
788824285
325845259
96976697
975770111
509627935
916440963
701145350
92637333
166177094
416112430
102303097
821512973
539338723
424479966
811562522
354984628
278738295
113161218
735635939
203828318
292245308
551717867
792807179
671498661
139065136
775277131
49491948
748042050
585863900
620966838
227108655
911079618
925746306
927625770
204254841
24292002
72508331
505341751
156951525
150005211
397170076
289922517
733532038
468567582
784486379
795243573
685604602
592775359
56469019
997176597
293618622
533656446
637004966
423484524
825440132
237106418
533038078
425478035
836704975
734350802
866949014
953103298
506773431
545210254
189003774
191223478
895766666
611712951
220225124
787270519
282476296
773396542
956209692
585630728
806658241
2322791
818185828
324239597
887012280
343821561
89672529
456716587
691573031
588687302
327348216
693452207
274074651
502261782
102185637
967148422
491253922
647030294
668636775
422600722
283056195
444066776
783149084
188321784
279563807
593262900
899476906
73891650
372550234
269198498
714700300
520222078
577446753
51374238
616826282
823117340
418920588
208798481
538465753
492883413
644678272
410232426
261530267
918086128
217862037
495551566
917148825
393504884
509527314
253076701
296016597
635446001
104759767
533608969
302574532
362591464
219173706
629864044
44675790
293749380
444344653
15780879
84166353
422374532
873987000
807126137
116005453
222700413
885435499
279068295
548227833
282455441
108564540
175753361
777922448
872823767
182536509
865062954
970459745
784012239
676114074
505972021
564364335
119473533
973181900
79254298
415462311
43837783
748799704
254234817
603943634
789056543
164122690
244716373
48538759
628897393
326066073
839155733
44099127
410735899
379546112
694448412
508069384
230459018
704848867
13561155
526881460
929006404
755686520
429750764
180054955
354110751
659404297
260663549
617635305
938372631
451416542
964692818
449192631
794732702
391663826
72167669
473900707
631200681
675124660
759171288
118332751
863848166
127214602
149025054
546757693
343380774
820963826
559723845
404466127
981665660
997902636
333905316
414624664
959620745
552372837
486455905
288151262
319048940
74179862
249832883
129652245
903459140
627081067
110166127
177480850
361373253
389963102
249366424
19072073
307378442
220547704
876868701
555334357
945677577
895228403
663033293
801791802
606661466
882993069
836674179
533146923
99680452
856197420
635969643
940469993
117511226
550068154
489571884
242359864
905207919
784016406
154851767
557020818
425291776
629519042
214873609
236767098
17048474
971544202
185384439
953417671
571597401
540651772
97087684
761117955
121033935
778570958
468947085
64392342
889339542
684664102
681489795
436055869
237505682
716685958
29971793
47261719
991111422
169696133
59969624
811305098
900391216
7006559
113864152
523362035
65695937
319847882
130042580
316158535
680354793
426266195
784743327
635117262
697608630
883256507
961549520
559028678
759109736
874851686
819436057
338940266
81121068
425179542
353020321
220543816
102526611
718795897
319515136
708605817
599547248
167611889
245655674
847352339
911574578
374079339
53026454
564590841
426787620
573725648
695422018
801186051
648528378
152788550
384037547
463073347
899920774
46372532
738447237
354249174
755136436
470943114
288151982
116259735
350260074
721029356
730184030
475211673
653986237
893320335
420835423
346900038
332745
421436762
716611285
512742903
180610520
937390986
723542682
323529290
830230052
396958679
132241058
185384088
179429668
18250006
690411887
928332516
41141995
889946972
320623041
56154078
980348658
965265961
953469379
128604134
879459906
129395938
497092265
190545221
643895308
577814780
910604603
533467284
152890224
348521979
800853305
227091615
436177264
871294642
282462827
962529786
322829848
414917947
524019120
358177757
338702056
102767893
936830066
332010068
30617468
801851512
434069678
764039263
572697293
364681344
366551379
35066782
467967381
588007150
633282995
51214581
440298721
532997461
679633980
252415271
486354075
598773772
32493863
830907687
217396699
463320271
492155252
169847351
