20039924
758367995
922327147
529517169
451453832
546770063
3138618
215485037
323043376
448524119
399183796
893169429
171256513
211287163
190971507
421088929
460568258
783216405
935470371
129113646
907848058
747893679
769906744
278183329
894945061
906186787
532409716
163251273
798918347
557048246
612831950
210937377
985674976
190548619
447408026
648894369
39463122
772416714
9825989
819893427
606388608
129005910
78994086
731536376
386891576
768231458
74311776
372362165
983004287
598035825
826724827
770457026
940758634
515483725
70907752
272146244
988461249
644143818
634572106
545267043
14360347
839887344
416566688
765995129
835692168
188246418
907494452
980707893
763879135
542077137
381625807
688151542
773390416
115576944
522725036
778842147
668899592
38370368
891291751
126713603
831875010
160047550
180246984
200882522
730323417
842374922
270178742
470191251
119640866
175261782
660433118
395319303
137844608
464558944
805533079
766501263
712439220
312998956
895844207
198645158
860737004
93603882
608483029
440927150
216410017
138573285
997066609
825181690
992758687
292065603
603246651
950090881
752852065
507858502
713392031
854312795
659640359
215684166
35671711
993317244
918067675
437303201
861067026
588617352
881644017
986306503
550306934
308831471
310043863
756223772
66402927
355900635
142526160
692646592
265976597
738271127
551564520
739319833
984472504
591750132
845308312
444997050
477432562
827575261
572015130
710342235
642467236
629986104
751166912
951220283
106860903
496755054
277327245
902526961
280577482
423433803
232536855
19865676
559283131
230103513
588266349
688235137
515137827
236534915
225662676
247346015
807564721
60205472
241881904
975120902
302748275
920320525
231211660
443921577
148008931
473070624
959870637
33491765
16602222
171301782
343839266
920320829
557664558
358823579
649362868
569647872
78573389
239999197
412069110
842542793
505734272
531698844
180036701
754368991
3483782
157073175
929859222
240897647
601912584
324669114
902777513
582261764
388104199
776046008
648472007
186540376
265543393
833405666
754518029
807506857
463563165
199045089
3263453
387981349
886264245
667945519
130570578
156314248
587172045
656014803
168772626
567565523
648136361
399339110
469386629
771049430
740283824
476842668
440437794
990935755
543211401
718972989
431579179
691933107
268524267
761577501
532216630
781618548
710351570
462822491
304104478
245167722
485481166
604562252
378979627
306689183
528435390
792055351
868104744
335538262
26502596
773544974
653725600
945897780
155896488
335211990
934125401
988765087
306659379
877422576
446256551
788700724
392967871
763582273
264295455
744590174
767465908
311330344
119457082
124686743
135728889
348952029
445962677
124349553
351910325
923604902
82084356
43574108
20359483
162697445
242614039
948228471
608737922
104899532
964433158
769666425
65247388
485681398
536036619
933312275
827452098
543451541
474959169
832928992
16565940
515403753
852199849
721898892
340266796
634389452
539223273
217105045
672598268
743418000
199809373
677550566
327582297
529376047
593987455
232291584
253127634
890551293
968405604
143961933
634808537
498028078
179962801
288068339
799149113
494629028
679342785
281784510
775293724
186144805
297234644
592277346
873992858
613033683
107783613
836506570
71405053
360185462
703307311
385970029
623474171
25508993
275630202
865319921
905090157
286882592
442084128
535871340
891693942
303745035
680184641
936900804
575045936
330997235
198120455
518537860
335440952
564131510
922749777
845637766
955046665
257438763
441811320
486453463
446183356
607532026
803557706
714548612
421592434
757480883
160886531
892942170
187243982
582435574
520487761
609299543
222397875
314642879
382978181
512266521
52544900
143471444
390090566
471548688
505960163
360333839
17231409
542995623
414913228
589245751
501065618
507273541
437435684
857669543
430923362
366035407
583697672
789176738
419136564
297558131
483324884
727535515
114278906
134213058
142858504
787242469
749656822
992610360
810509473
588820910
296139984
20798073
181153328
410483256
793092866
811575220
867348195
970262630
980493298
85849516
590300616
260562083
299635384
832346681
256415265
653612988
455506486
329574437
151512211
154452354
25601871
433221135
895506313
85420050
28941636
325009384
29192538
255877508
328690184
718717693
610677016
24621047
732486148
826092316
293105766
480267545
326120212
26952427
64576677
619348141
498687210
613435040
808683439
333287047
707257513
222762801
427900131
281932223
877797792
489245515
331735982
420082384
841098149
656057119
563219039
862918847
125291759
95733278
381541619
468083482
782382682
611470687
641572446
261775604
475172499
565679568
528075934
473543066
539240914
776147718
327492775
428554058
264997760
532164069
655765142
412166829
624537695
562219265
378162535
806178834
897109251
747260313
378079714
839444668
386981710
190594631
183522897
76429028
262873277
430186918
354975786
230386934
645410807
596493193
836965457
887216521
971862593
546907834
858114547
141577945
694686865
954357063
742691308
101650074
161752739
903181923
155084623
308934079
291976
151052209
238381152
563072492
717570742
575362783
570974229
35122368
233390973
802127776
874793893
284577868
382156670
451646905
210669788
109053996
421171932
97105841
783143250
668504566
695198610
768548620
440304235
77629860
704104716
236584590
111491968
942752187
4569005
276429640
677691928
483799786
35510007
874588816
76137052
111821067
191805765
791903292
512816190
70048023
25518964
801843088
653825548
169734816
672113940
573536678
759421273
243039960
743687274
633637311
680478140
64646898
120038672
486580056
613735467
231743355
710747972
160751291
858967775
480986151
463870814
628222041
30553363
956961331
124435848
390994106
249067860
507567852
375509852
98848720
917248229
629268638
584289649
713095226
642985602
893355521
114723072
270569419
405515918
130568038
477163316
868452006
199064912
370931692
595951498
613045029
363761113
548929949
260853349
844393696
401073094
31054473
932935516
31830039
606177208
397296921
771289724
696864215
45298968
281119834
324468818
251853420
867530107
644838553
716389081
51209501
480357248
406943445
843594453
720379945
117020282
440178553
755235372
728399736
3822835
595418806
429157129
659621670
361009833
511390817
27232992
700137909
246714503
531116155
697775625
886193755
696333121
552459609
106918018
245688680
122065796
417858856
225270450
124396084
806099218
225309896
921899
554226357
654542609
544741996
132687781
956817667
705335495
540473402
727373413
960894539
275819100
204535779
28007204
10758401
968139791
111668054
335854382
533908150
253886841
624330907
5138916
336413951
947062927
830195324
354876379
927897637
300025427
597905773
598314148
699161425
214908102
630839287
922300517
778512937
594496906
874930771
5079060
816267835
378703035
70415324
994802413
706241100
803742741
736881084
610374654
491797342
524452405
96159616
277548888
10397742
82004473
691362299
870509242
181768311
220170979
664507947
607163428
824347283
189865617
204790142
656792240
107429721
942159252
28211987
745986437
644979812
282235261
249494265
416261493
93209020
106588993
519586545
155205114
183471516
629528493
298897815
532671209
210181842
219820670
863079036
403445231
203865810
320356885
587916406
617156951
523545801
760330043
740532205
558341958
929988958
267767342
180731776
626402218
173912892
413623083
887372691
764081846
775530753
990894646
965394841
209562080
274958140
679898122
184339867
903808747
562417927
536157184
687037726
552239816
921273163
131836738
396981586
604526613
326786580
801344909
452926430
787072835
354242845
411055034
222440635
884649767
541703054
691152305
486272534
825441677
925857216
893184326
981292220
769848432
742155800
534815967
757140454
219287195
254425827
653516955
128487091
523967686
136017017
684107658
54739024
987388615
73292317
188292389
637068793
798152220
870785754
576205161
299615637
372567982
960696652
100299856
409839000
364475718
768454010
80745073
667859025
583805833
193625588
358898189
977951529
669233599
554864963
917189292
810084015
386457195
374696282
177694391
350100785
673269623
672857818
928958742
651055818
670135186
356316010
235052018
811357449
353410665
54083512
688120313
954655921
349652054
593568688
608724238
809151779
641855944
124976966
392664735
450833183
173680753
985657928
544681256
330342098
777118826
706156127
385505423
432523652
156103024
378208373
250611598
423455937
693091363
226104375
626346012
699710162
31737909
449244037
739703813
8159708
533401991
269387623
314448360
529722321
505505274
404242267
628299474
75664910
946140723
108037513
168228070
261480228
982031546
726861206
176420031
687611694
128176561
598616643
873936990
963979057
970810585
802528365
655254425
975202291
803471913
264664376
261564558
123547679
967222675
909014074
777413869
192611907
385273152
384505026
917431190
904293129
671209568
14958935
824836823
372876559
77856652
309840512
486382927
48065511
209980302
989131368
441424389
966230155
49684343
938734317
571533601
433121264
575307045
775724755
37349122
730873625
614133196
339246067
726250407
240840898
142677708
504751795
108442234
37126649
330623642
975616162
876207075
597526519
809430015
272126901
16402125
113217626
773779819
501060430
886122404
660970072
316145437
607188914
765221988
814340543
823239985
295334401
73863335
28488357
337480473
344292605
617304860
609548396
347155904
186557564
290159933
331963500
288708526
583995924
230198850
573104856
201398278
449256278
717441867
234364139
112924292
843897868
156800140
777557441
922332192
458315975
659341443
74246615
889602349
376379048
414728188
6944281
574024078
911909862
417600911
847343306
430888460
79953877
699646174
986331036
358311301
266658679
250370615
622872450
981966967
684438623
824509098
189783894
270861579
313017548
459571794
866889157
889747045
530857849
701416251
979342115
138534261
296305892
106156164
879164496
684951160
543058245
719946045
970776855
