971200420
336044034
461614755
31664951
833518445
821970033
203893407
832279298
954477915
290365316
106219503
532457006
388846276
498832343
357582681
71668177
331290372
672567361
503143390
608548112
529820989
485689367
976363759
150105594
343026258
259007871
292735463
252315270
126513353
224272397
479075229
884672545
233335731
373632290
277113416
299865797
569531101
53936039
644402836
744746574
281613224
676784776
176696306
874482813
911025297
680427256
711913711
420551483
384312168
200819116
306023676
994502379
646123963
832027387
128937570
485511052
359680273
311509161
688638692
574510574
529234570
951578136
705765944
730205518
811290086
221546957
299121275
15213985
221718927
57716883
502137074
277354333
28164525
758396815
326934887
853036211
308993060
101880946
239080295
662599001
547094158
872183979
868003101
925694235
918248719
484572848
238548581
401308342
244694719
791602362
940185522
258021939
365297345
69892262
215512004
330035087
971018830
446490786
63192726
689478340
381305980
696699725
198832556
326595284
698682040
28669342
966337853
887727147
505092499
275901357
176517991
257799327
72428865
26039691
27416415
657050589
83575034
780071708
811956797
326717237
982998374
897812931
770519265
430116563
117531360
244115135
912056987
958272261
542884811
996899798
882017380
862502273
38688219
549601954
281293020
850394431
673351423
541407816
227012195
889579377
518234993
350821433
896215841
968793361
615084371
682386194
185593074
339257654
42475846
558461413
246460053
190947122
634533987
736475487
706479964
483493047
926180459
768715991
209063924
454566905
116612354
8065592
344842335
508192700
393883976
314015717
219111108
522826910
744746669
177021982
983699165
542167217
553059513
922377419
808482242
632176940
1597090
801725902
815032191
435145164
58522060
572799332
915796415
984423397
750439745
691070257
227968285
302212730
843121988
797799971
924213971
904635430
332343892
772445288
772967023
510169401
5979097
388023141
574909384
301068653
463275086
662766162
594510983
865453863
574762247
704292834
637887607
712156567
927993243
74303023
481895957
124454556
953683799
773918759
396044844
543813020
92269175
360418937
757752953
702813717
86047432
916898376
679704920
946946697
252808010
79063734
209823324
780614223
149410395
298312840
626197843
613573947
226816517
513963537
971870076
395755897
978288347
50342552
409661149
46146911
53182649
515811716
374219485
768818964
315904013
799759414
950951630
558425132
376400443
229154002
417900226
645560158
630270187
872095666
215021221
546376709
983061241
647564285
612645852
495698512
494469510
857273383
562746172
629680403
448105179
868322009
897638038
439720262
802048681
288947
565524671
41926623
950757787
711606042
649631067
570235714
542678890
910885954
631042683
453048594
128112103
651398191
404213779
920256392
880412613
980637683
983303759
354720850
298942316
425493366
412694654
330724062
437696698
913962636
551677399
195909265
953065543
744539081
320713785
447582003
902121375
511231368
756376449
376111496
663629329
375973603
694802370
918664144
222464598
644785505
3697819
72175286
16521601
159597258
367586409
843071317
453059603
642489778
749267788
467467494
885018249
542917187
140777945
376555315
587594291
234800609
604229923
36795150
159928642
453721801
617170170
798139807
590172169
183460680
550927218
616880734
895021740
28102283
256627062
504439010
285835313
64639614
132256251
654156809
421795547
340519368
314202460
278099439
546376226
708606081
742849661
310575764
995271291
853246289
562563753
359204187
370453422
379821134
788517203
428828720
771743678
658007219
758735502
768742795
27615334
205558010
482003116
833060920
608670039
750705674
948049575
424957319
385862716
244828778
181632181
820378634
410660936
486621135
954759766
247074923
920598148
326130484
490418923
451322559
710872139
306594406
802868514
736925878
620896925
191723030
246427311
515200606
239585078
827798340
732695331
627828092
305904111
363513455
626541474
216237537
858516250
481141538
669429399
795670551
760556504
317892341
924713046
750442513
671614108
742185118
948543250
883832286
425061367
541442279
508230570
445613194
167588296
307412942
57870656
721020927
402689494
745077236
212163994
416947008
504278362
432848969
185372241
558064374
512133445
553804087
514474522
47147481
860079659
738522228
388558672
439456609
656701083
694748371
690766054
392979797
381881358
52426001
65311769
878711806
243179779
362595024
90139239
698142797
319567770
287082137
460239796
998491168
305642798
905520546
813548042
113439014
268977543
252482391
291392188
327707534
132520100
366648671
238309068
117810021
227710595
901395768
23752626
686539137
152883607
68773961
788912109
472839924
616646886
664890857
339139569
350263493
679765466
333452187
173767228
141683337
342709730
487229442
238496604
225051308
93564290
515983353
741504681
954559111
924974185
275119657
170479066
404218692
403356182
363058520
260459697
15232686
814116932
947501747
651001210
341784009
338842397
403600100
545259189
250793808
498170026
987399871
381844281
640751940
566380976
463284548
433673546
935525355
78715162
149708851
984997802
645290657
128152067
13257759
24245731
711727241
159891087
69193514
761564950
877763948
898294894
384693417
69483742
253588366
404431160
323906882
536146560
732263718
682450975
831983217
802840938
939109628
941970251
987702794
726881280
106164418
134139071
100752741
388178135
461689637
841446110
234953709
325503529
253647331
378060716
615169039
887080618
800859172
923256016
939273968
181892922
269648883
642035149
667495240
352498913
113476609
917916129
128255915
236320779
242474093
927137987
701409827
253074379
246731944
346867911
45888173
703320404
140449271
286376477
918081311
577588170
59138346
681015377
299875313
36317838
663341184
59189888
815836410
875527648
789262120
436826263
735287386
809007701
743177006
650090295
533192055
297074479
274475011
635203880
613404671
188248287
5883155
864431960
145704041
534551649
140036283
981879328
78771585
906779418
332172542
911848633
746631346
514482694
5174704
361685797
122754576
588633504
342159835
631177401
689157728
54286721
102079719
252728266
447058658
805647829
191850600
892402125
509897372
596641648
813675855
748813693
428845393
505245389
672971805
729833024
571705015
194706385
535311336
765323663
896281553
681461854
980418302
909056990
543355106
877413485
690194916
220804692
803832996
381491208
527335718
944558549
954914642
643297608
946046151
559117950
86168568
753154888
417373301
340056211
342701048
247634157
471981955
482129935
93103563
583358848
483003240
241385957
841510887
275341679
789980781
928048189
53322168
576836171
734895846
7695874
73868418
193022727
709373158
569645172
115452913
971045906
88569128
128406164
69305929
869117305
793899049
785547783
559199237
113853855
643664455
818550125
777333083
195255125
422622614
648647396
209479898
498288366
815953427
959996256
394410245
448808958
379293803
528491317
591510425
599287528
891236381
378078471
908401760
938350276
485249532
893145839
43781729
847728128
224603298
371655141
159065029
343575791
412824006
223986257
789459798
697455455
682186718
727657032
631677222
971430655
150715106
858067041
154213557
86248450
798215974
575580050
377069299
749376901
175234926
666643953
591752102
560077809
536895738
470018400
977880923
415820577
877146021
620848959
628604322
750518614
774768396
929604954
970651826
50967473
489582367
865904106
85464359
591967169
170536457
696954788
766622239
651636770
896814093
620079769
448572421
33169339
223864913
822153310
140134302
909669480
516076539
294404826
672493201
557959343
779903037
598987218
806680052
942805605
246105333
373639220
820309432
61337759
99052709
881158606
196662258
221110151
887415213
103246084
596666081
932311867
490115691
785102129
578840443
478280137
900021712
940115331
663263714
916815967
21445978
944711583
191955664
54992711
480714657
718934841
234442075
480363569
257111752
412692482
271064434
890595148
59224054
142658753
345861836
796897236
876645355
705284480
552584060
15655487
423417510
227462270
145754125
120618829
225487228
207822434
419553789
730974409
715564382
194213064
657937630
839787705
935723502
889864083
921359627
301393749
181683556
765316721
580623101
380117867
646716531
716298688
963998397
474722730
832181648
706070932
873087813
347456937
439240292
781943206
601634781
194737232
387531270
647608227
493398457
793983707
798957457
71336834
829505482
272892223
299381051
503467664
764799186
62898688
754754851
431276728
954871645
169359969
221299125
44468087
615213679
111328633
124661378
172466192
368938954
707118821
263463871
671031393
288437179
519416294
334734619
72096851
291734117
933621175
592578282
463200397
452256434
288115274
396465626
127375919
502436290
110346721
935811237
307730878
80736815
143248867
951499501
901099709
719967878
400904920
751199286
703727843
126157812
394772204
166729526
490306147
70075853
215065077
278669272
786279634
530519835
127926064
782899654
310089187
938157602
227284200
211733546
831178009
470320405
291554454
979020292
666756370
772894342
93923205
542031796
504866957
175517395
816930499
91729376
225690087
755619319
362364161
951063514
887532257
768217007
631006775
945939037
896961911
766891648
102272135
393124543
237191357
9446001
610185990
596856082
374510226
327447066
625722050
369573274
853452614
931515319
120321491
430779304
428413423
421884627
84442915
930833499
32234607
852740407
661862567
314788752
253145352
123335700
52979185
30660315
168155674
176862548
895367395
541872179
307150826
281345162
314771634
64286361
368048270
898429909
741828935
657310369
162708351
497067121
167521570
177419891
549795343
447357224
238276761
294174767
635297828
931584855
522650090
465647630
683774091
700173274
913704430
44221504
105029080
787483382
139979191
113855656
956466815
579525675
428700408
197647677
432079670
83849871
62422448
572107451
616743684
56035129
62731034
529983513
680055691
427132545
768125148
535167484
