436289799
268920681
806202341
954577294
869558096
871980783
212871570
861501213
132780198
981288598
920612249
684263340
237494514
576752834
402148295
364404268
598730200
946314156
906757154
85979086
983263218
894586971
539103712
204299115
401734285
616570652
948351118
415638606
280473903
779722830
721331979
957787487
864578250
976668616
640207240
881442036
946358342
621088085
539281287
949658774
114581723
295524352
962047509
983213381
749764268
939436859
100561812
881007214
470040942
154475639
666805344
898472503
949286475
908647923
505319191
541702826
729816967
601903226
552843008
252987444
923629663
797232963
581027310
353057366
259956618
962824761
819685089
260825896
936545592
520706258
418045924
977642113
407032868
957098378
971397362
687738865
932539461
555890329
454534845
462297424
516008839
67343904
945597663
125998264
112917486
822859474
8501011
955930325
471349425
98504413
151625068
344455116
68245077
286293842
26029111
317348759
714497041
608990143
723256763
786939506
119751770
839735914
944461620
949334682
736429713
689163230
491439635
992188096
937250560
817580324
609163364
173926637
147368380
90545583
736978604
856285759
851635299
455029045
240139880
437097142
954323749
863754762
789476470
838041178
369081190
73590808
909397035
120739025
931069266
654048602
973241823
323549317
832633565
667595338
342545654
676272924
122882282
996262979
389568549
423754254
331419839
16312913
18679765
653769099
489341048
977698429
197086735
977699493
549315237
169743351
465713459
259467995
368850262
286159620
832615755
255997006
50259443
106420441
580253492
662838904
779766193
370700609
61118829
283201957
844338500
285614046
341293071
479773041
747999928
60705679
733403476
855372319
65460496
816385624
105677302
938010835
845074997
135707370
348700130
391382759
876504071
931697541
571423787
761325915
188335143
713773827
954699054
546473945
834979581
86548647
626013480
16461840
416009486
726729644
643988059
960719229
955194083
735477806
809430598
203727001
636405358
717313692
229699564
488609557
436339873
610341139
194007499
552464636
180482317
894604918
410922007
914552072
757720310
188870733
786334831
848068650
799276820
299792912
94866814
130564672
330914991
794819125
644793458
661451280
434692198
716941636
439362832
338730851
172397565
144958072
982816751
109597191
326276771
144973128
754977400
159190378
701997976
82814229
324986042
577994003
519766328
402234417
365991627
940374662
675626638
711461407
258741529
227138753
940394811
795919408
161442408
655401170
640610991
678865925
872812009
841586232
72520234
568248283
53917359
719398235
170978306
855276647
380067071
35524245
911788166
301324816
588275300
612747181
433893331
627144452
146070673
716462591
974806868
516872810
610798343
928680572
428827497
704418795
985824640
723230790
458200107
212224079
398336038
376478155
983515662
327415580
468986198
647410845
272161118
913391167
86670144
133749693
28896870
605587806
407015696
664489679
22167345
330467382
28586496
374301822
123186106
645994346
793245420
313250358
649848734
444979816
680594300
123738181
68067581
944131435
412758734
368101437
582423642
330686567
261198127
958754226
456940608
3588915
52008581
584372585
832338616
940864454
340586062
520502163
540474307
12320980
687565720
369219062
109857113
946308663
906513226
98360115
675832299
611522817
600044683
812205759
418978657
85085680
726629420
538535846
646821278
345248017
579343263
328029681
500632432
718568706
551326049
698210301
344389678
448261468
207549070
18578430
278458800
444213909
541963205
182321651
305408283
272743257
772776049
637527753
757414094
311375238
13881067
121758917
37618209
314398619
692269136
970900823
730641882
448992367
539775569
371854928
276959494
513472734
937551305
487090598
361521191
12556381
19869730
821905600
460994930
989355417
24829384
661595644
738759592
887934796
819901313
231618389
69559612
417723032
506797475
146235399
312309629
89101667
781121750
335446040
331366950
457584345
290411472
186233812
26299569
580425224
967568417
895397310
908485898
835694141
741618935
764986064
506662603
54872606
820800459
292851902
252873526
950870448
176532823
768058675
286545853
352285422
382999324
149683411
494497304
460650746
901341211
312918850
942194890
393540169
59545299
187857826
732350983
602105265
155723648
903936844
722144907
833635916
795606030
880569704
21786999
129432073
753109744
903065450
146315861
54915248
724955785
14687005
596922572
213945573
893361872
361439180
912568843
13063074
48900186
979081527
74585020
140728061
691736506
565648821
679084012
654649567
953202418
514945729
776148842
553761108
32635081
904557337
899148957
916863613
570706994
419237608
155264417
295963117
746271675
157113780
599175676
479933873
3367550
439582056
735694960
886654206
715996277
728249317
500178296
698106117
275288982
719287908
553205078
176642119
829351823
581416846
141899410
229957208
201485691
367137431
176229653
238164014
126916607
592554751
22280167
820398447
115538046
680058958
643238577
474124263
206174762
616605725
266791397
891786404
379905850
594651146
137360510
252154450
829953860
792429805
938653289
224953101
14767433
78042724
278472126
313347171
351352258
722506837
87511789
989290147
277338198
925307207
94477425
379134244
980884126
361011661
353017265
410812797
417301888
915296511
771116159
35937319
85010739
26054033
491931354
658683255
452496511
661418672
796736268
234700677
444056335
889744958
400003347
409055885
428484141
951276550
223396581
48873883
314082625
708932994
469046189
393031207
592547168
653948429
196786064
280867554
522128299
887657152
910902277
18894188
241633880
726547712
834852560
914657347
21313645
902715970
139942362
988713398
586111368
619788869
860850659
689933584
925770568
852811111
545233811
387593239
525303860
685421539
950650102
29607575
137615079
304143382
96730171
708368893
446250322
378084951
443390149
431062308
829267967
211063800
136554955
564839358
750516394
777842079
993066795
717508622
54892397
485345998
387742239
525768169
811334188
234683181
462762513
694293754
848082333
779112603
467260638
739736056
108714618
809192824
755563692
836706759
937007048
881294701
881279107
937490497
629817540
126483667
468407025
643228693
459325820
708880052
159445431
375047568
483233914
296011301
939417189
147928488
859744314
827725188
332700841
39957861
297679299
424881932
218273386
902931896
841380868
402436415
860286558
667137717
910824312
703654091
322347690
20075143
455500107
299848194
627832308
869221691
896562971
55576298
87691081
928408728
16938973
744513545
66442348
102454135
75237750
87714945
211059840
552071032
839695413
319332149
879991740
280989428
476491982
715605830
539027460
512125116
663021315
978347209
96109629
227381124
266197108
801269306
732404379
755671727
386532361
139370288
919547460
183385719
668178991
70195497
251365516
804168016
740034107
404292112
23018888
553165752
358439583
115819251
827694146
753665922
191376575
308215526
827442303
591492163
823662349
41358261
543583159
739894275
760820732
115707192
206200376
918215760
959466668
860309955
662211620
215669665
12109166
310770619
715921772
935867461
168167484
27674120
883892039
769499915
67966632
75823724
540955320
72199870
692586942
985861706
153685532
547202063
150653063
342443705
36004549
957981580
973827001
140912215
932009377
345174100
595787127
179653184
422564985
552471799
863995120
333149755
844701346
879724150
742080490
807349221
541056586
47668963
399897477
891826684
585498438
163702455
424323485
57942388
523525531
747838625
500402940
471383289
47307332
774959025
962021659
658998311
767562697
617022962
824305405
704230039
241842663
871196949
378761241
370747672
340080334
988514298
605109133
331420239
905504793
734816876
231122376
661231168
330119379
885237719
444805120
106016568
147304586
258826378
756945265
872302093
533658094
915884613
617386683
184170751
844771158
124403837
132345851
647605959
590450139
204996808
565587056
227678384
55418745
37850451
565506558
669859635
668907720
29149804
551746349
596984138
558593320
92903246
152437593
788708653
516716248
839171770
141263910
162069612
330153904
856005090
511693725
508736319
860077695
952003311
170571944
325958049
253810266
194590490
525976512
215676496
856168446
957503172
740970099
700507985
169229819
3443992
605812423
292268927
319731160
774945484
437108847
118154781
707080027
159961127
313708772
440754848
763447019
828678028
667454502
5599388
983139926
970276238
317452055
734445048
693303082
56850737
367600687
103415432
867278506
239548509
416049368
474317230
503173290
336069853
740815691
601090147
351933145
451929607
619478834
513272255
233359346
848994981
842338450
555208418
418896243
393538943
801656290
700116568
638294539
729817094
562511028
425132236
527135987
520377124
232536569
885892207
640051116
6525051
7204902
112379081
635843304
502396991
424990420
80182651
358896115
962791615
614981489
371010173
419145434
712618623
88821703
311517411
209199194
154182246
772240040
134144944
127937787
762243636
315548804
299764139
255194445
667484117
465120891
137461411
677037479
990917131
947181242
982796165
103533283
854923482
961039029
345408094
444724705
507099752
877428950
730962354
424004560
762155799
196312303
456104626
778557452
430646117
280971133
925675914
640995391
250993617
215933042
372953740
748137082
98391625
757954419
877807479
690976245
707440761
857184634
968359186
37276099
287529009
403145171
367978983
15610373
632185323
267476890
564221950
751579593
743413607
866792705
702099440
276753295
41277685
710140382
365781987
565931332
859444177
521206685
824548327
386512983
539444976
496466019
426043862
774984088
574227501
234659082
5141658
96969063
83231549
654431847
737283942
649915117
909069763
693686255
136475551
359010628
828333318
440494253
146372129
163169226
716749182
174096321
897581782
384200910
513833601
96200445
706859397
388251241
392172432
311876146
831532067
186234075
32636306
581846202
497831122
791062988
977101307
592994893
441382870
