847448817
656563239
801230956
308035850
658322830
362318034
627667234
264158392
982395776
268135708
187545873
304885115
341366808
661845029
62623676
753137854
164015701
988434111
51318590
35591994
748709235
496155818
943247313
957064773
687881682
267561759
673931180
977492927
757641573
651999640
280153742
862747737
65222391
185139819
487828447
996440209
607713995
831852823
709309194
969273864
22015558
922626313
836913496
14413478
31411595
647415832
646890898
376039089
698033130
665241277
248286506
240435056
810816900
74495738
256107283
351292999
713315925
844166182
620154167
390761071
688386852
650174306
506516817
330396135
987981964
324798134
239662723
156226988
174016581
66183465
145423858
332162876
279124916
82044724
13576436
826082921
659242320
928833834
925653178
40465850
620670860
297892091
279459796
92400296
403713133
39718686
51930836
990726652
929032535
136535447
283124284
763547812
211698656
318548123
280887011
371841250
416109495
506517361
26431513
706613459
407753108
490663909
202022507
631849664
519817418
916123629
961310139
728772176
60919301
430024361
692050677
784482089
918513003
579688316
770090209
390494761
370714510
414116521
926683000
948263278
272867297
248936069
227194452
37481133
783059180
381876045
120464220
960576791
801157712
641735185
409973425
152724959
902402321
219039718
632712740
130006950
95869583
647610131
572582876
487589503
78408545
323158659
929807350
499008173
444484769
498642194
845034807
632010338
548457912
890392248
1126740
1992973
579834359
78168233
433746162
158817038
263469457
164541373
848790483
137941372
795659408
733347
927614462
419184115
20050935
539325718
882079766
699473284
946975575
640083259
294625178
723104377
841533644
439093496
869854732
949708636
319128718
728186277
592996363
284416986
536841236
488453880
412118878
910765462
640608445
407980451
572890598
824234087
785293555
473895701
866537492
931328208
798819647
434641503
691930093
77675198
395544196
510623235
478957237
905159050
616562426
145561523
685034762
908374652
595767070
278022361
160459328
140740863
208313500
484037524
839688319
535283178
571545009
564373497
601100135
307205528
588614467
16848999
778575668
612070483
966435118
57845678
914179728
473079873
773545765
363296968
924284729
406892140
747163401
792179534
554164440
808505481
249229039
687837312
667854558
391279713
803419116
503744225
314998392
362586084
247521122
432149735
615920587
301256031
634207381
331254314
359783199
234446150
833541367
384724565
489060729
378695196
732047566
866886753
938723931
558716748
231381793
211954889
134828887
232470101
353737630
753567187
393577460
416133965
929873082
31182838
286054138
883707695
896518937
209820421
503786411
84870242
701850605
415989584
364549360
534285382
441925090
612923697
838872491
442291450
3513769
689838579
573350772
362438836
303118804
175469243
76457914
382342285
749113380
109137810
159897919
591464227
368915337
82528291
8848453
493953934
38572274
199786622
371382947
603024542
45200176
476075502
337927211
623720945
880938152
404190487
676844589
316057981
502337393
404438548
116791658
618458095
373082396
692537435
228956332
663899050
180216414
31138624
113015160
754403838
954724922
903711852
134594315
787381127
49922502
912322183
715954903
619322314
407141131
870595424
495713107
242138467
241540749
235847948
397091274
527438265
351911368
949629825
481500682
898928316
498624652
760399932
880004891
344674832
992346151
541439823
218381830
676377901
853571957
344949402
313737519
7433650
86771462
616979107
648299618
141488322
341481187
550546082
573798443
968615968
688235582
57522275
908916849
631741967
908725439
874653189
376917345
137234447
295446160
701518065
311987682
230586587
549637940
214086842
255779186
194324990
23706960
789919482
795034975
508482678
693940352
39577002
765750355
62191728
556857905
488279457
155367005
624561641
587548329
255602951
185957077
801365284
375831382
512884712
210692734
441102377
851483081
248262924
435949391
117692961
164522477
81147382
380931740
152053892
32961720
83150932
457795708
872684618
361199921
453974628
117781361
551561704
755511106
65315765
274675615
648658580
291771918
846725120
74884062
420445981
719286183
752355703
549686117
39843208
515560988
510622396
854755204
36753227
3394108
814676807
342841908
775444035
353970090
677342013
343960200
612792970
658645260
613696463
29230008
473706972
30483749
282682386
263361720
133573701
137821589
634395372
45854177
310515617
238209097
562034153
149330458
4757960
173378861
15503409
398406776
412166773
531461263
341088532
636492903
522339322
228395726
421042480
869290510
546523112
111132719
342337325
197591613
78169092
721355563
661882644
990013319
678075454
817495111
601177088
389962231
436603797
488993982
416112416
902021617
881165614
464768219
544239586
798544129
441359954
665346349
338083947
602065174
338466680
278935236
931793426
81331706
317556727
977203559
506890685
245311246
609441268
413391874
716838606
22440981
795484263
436803758
967685083
589160052
576326451
572020833
471255003
187262847
572201772
625541176
961802978
923172789
115348847
439066913
755327287
57571103
684156139
622498349
427930556
881176762
773048771
740272149
859124931
799233855
789562135
580550938
672456591
700871893
310604426
355865842
780520962
23211922
772155375
393671435
106537353
444361856
497083134
955079533
222217678
869339120
194091346
150821099
29863401
712925503
317132257
8620637
965982858
878489813
221876272
449319582
561155106
986942917
985461317
835661843
249392208
55212113
577678825
168451228
799597915
995775512
899564241
770383108
876658420
216335930
845020213
938591055
151017413
721677410
332529560
310965430
560487968
729076604
400280670
558591434
687085416
622227672
710408748
146199428
482101597
780941498
614568078
793966776
478995621
861284843
794710734
793578043
37750604
936493530
144279227
51325239
866683030
328631905
155481617
226442165
969774878
423708236
274162677
813527469
867905288
378541201
857603222
244305448
545960253
910910840
888831613
832078500
586662246
426869882
148576427
627164535
344803364
431479396
686349629
18656417
381207433
105597464
291387487
15373577
421625194
51442169
900840450
214523882
577398183
281204320
444282399
231856062
573594987
173838505
588816555
263377179
348064994
896881278
278294138
103560395
923338274
370262630
248006523
568084779
972453229
962632233
206915796
610880720
787917103
517114690
706521874
435203633
642282274
136825200
845234730
864177413
132320749
258789100
391902274
816463119
477700749
643079340
666907263
264755932
466628440
656975550
258483512
412823741
838053326
885199246
279099541
447922085
153185257
582789234
95318141
10944803
857590939
723302706
42920347
458992960
844526371
289959730
426606777
60283492
574682444
9078766
589573786
436769787
328603774
724639141
131056430
89275893
504979003
461831018
625859645
280258934
703355365
983250589
101456338
315477678
704148721
794092054
772827392
902717856
238015149
258599789
282018375
59493040
41507058
834289927
6586473
409018042
215868753
932909313
971936746
187741018
216472563
606623770
690073486
457549674
67401763
821713724
84219966
113414185
754142816
189823647
942943080
691354238
956929587
815059206
307589436
874340349
621846367
727442667
754844238
50434317
517132336
523888920
822268342
316082655
727060389
530080746
395262728
494313846
718052667
722038386
873407139
572069688
489894271
438118626
63786371
96731595
293177102
643906663
248075914
882434995
709872088
659413207
148575039
48191502
315656707
590664136
102563451
226447851
526700490
132246123
787171674
488426084
178065075
921502429
670608680
692583642
784355427
373990831
730489284
537321016
426450995
589906118
395361516
32104429
316416506
370873391
201459966
518810961
751272834
210857841
581163246
977939702
479366753
872409241
340562228
857719128
375313880
774076839
425948
136396252
427517294
168814876
967613354
585806543
934866711
384981055
394004613
568391841
767509944
371202728
312376166
919186270
913417377
710754896
455984000
119965969
264051691
116470610
731774994
944783314
389204169
583752489
475175015
315842649
551082875
809231970
9059330
305655833
580940200
812889551
317269761
10278587
373564882
594093031
109803722
257636118
622292763
809554972
97237716
931435450
976868777
633068124
751301015
380070106
898481673
661976975
64522325
768611855
416425240
220596259
593667437
258843269
42301845
55642632
747192081
843764803
693639860
651770705
34723667
125634741
375921724
88348780
987451639
954620392
53932966
302097578
545621387
319324346
600951173
198347881
497673204
454496717
19232894
800339542
967914536
756136043
832451473
95104908
417360975
889105899
744709645
240447474
889230591
360343941
219222114
58426492
967976740
317922250
846900949
266038918
563996257
970522057
774831304
971602973
555513726
888519997
645616484
796680622
326137140
596384094
116355588
745197977
167660681
218077359
722923053
139170719
239610375
241962302
87728095
991056036
11313329
598534951
234409729
145617767
380925095
135474250
199118188
627107698
735398277
995506472
334120836
227699137
472423395
334912255
634351623
527151146
679665412
47629919
244825815
79394538
110519559
35770851
768967767
820976879
772750311
999511666
72786792
671153232
637420886
80051395
818816116
726014438
230194154
855844911
254725588
965461305
736112327
629213536
590677877
420039476
689401809
18508786
61282345
330630666
262263257
888656449
272774582
832748425
583725734
195771906
459505305
191980455
997136485
8333556
880536477
975542477
829567182
413432849
372867455
381413428
62687457
527964954
989686810
655346881
176690356
608106397
997504981
616578483
80186667
668890317
791038818
50451875
456952041
824786338
389992728
92010773
974488505
438337100
558713621
884093860
726737083
240038365
87427497
441648979
620546088
626835660
728877951
221860597
975308433
279183109
135894122
322679478
256346081
209264448
357352018
161436854
28821974
405935462
153940310
654156859
891151467
