179207433
201613113
606718645
725173557
87517624
572456504
897687817
303218883
346211048
547316053
318106360
603284817
388826243
703397858
937710600
229581496
587043517
82424730
734669383
40252309
888992018
27554166
513288466
65937646
197389556
592853752
305949983
20368789
586447256
7957797
366795753
691374000
153244306
350285049
484357123
954256128
775563511
529092352
545103002
759074897
847026925
597233679
529759518
794347077
726032031
826471888
1657387
494310650
380858505
257919544
716848203
763676077
637866235
810292715
225181709
151653266
688324645
540780998
527784000
494663871
266506521
877319028
716771625
338253251
180520299
626732358
450040511
38541194
219040735
983454470
454017983
57951165
537321726
975594485
193225383
291758338
497794646
718941388
339905613
370917667
591196364
811639331
639510282
328527712
291109593
603119674
53507764
342951589
125103340
332703856
265931483
234782512
1308351
50439130
492568376
969707895
880462052
191506267
613826777
99299672
376431376
963116192
275269915
397404033
803901559
658897037
226354350
662271749
617067332
933423370
653858618
969383255
200875385
156866333
903467505
454867189
237808746
388243913
47143657
577400623
573224594
107088922
913437852
886336877
717522987
219235471
56642813
486882596
483026108
223517486
411296284
306288379
105114611
240605941
994486289
628080170
536369416
242106248
524626151
632212554
376765324
391236014
725884256
191679969
678845237
296548226
33907127
844442017
146971624
37701187
731899149
492218138
144362610
36426153
526075077
269342454
49678340
388933036
679881045
584666087
602254224
739471753
179245640
393549845
522127085
347570239
864268644
960269442
162380042
275387334
918497771
995702496
863617761
414931101
200635299
181988579
381204664
721757883
207491640
420974761
185328344
212200795
339910971
445324921
491618336
919078144
161925768
68688457
714530862
725143835
578401830
147436379
562225202
939960063
29958330
637293569
211990374
332334410
669552882
331274997
432279580
73637683
682061974
871584288
119203414
736196651
628600376
729431507
835790852
344086497
888137788
327920455
181441395
258906283
399337742
390053428
399560781
733920717
901931508
603048939
185644470
795580186
245738579
437236205
696985503
771061392
433477294
923657696
384972771
563341729
969998204
48870254
52205000
876216642
988695179
111690661
530138819
468326682
326121507
755421683
290477767
432494260
232897604
370444365
837006045
250481374
965994983
303318918
540622320
639904900
237732787
478069655
430402900
66503942
145630527
636699392
827899102
244825769
174598785
348142021
302719357
704942679
344458735
272449123
374088292
839267533
275715455
305224752
270211102
287647081
859914608
931234098
407799210
146509824
312571171
753150208
562682582
875294213
600230158
446504128
805066407
130158375
383035375
745067869
325608942
491928549
618467352
985701056
730586114
351995787
283791557
285313050
293727897
977979485
452702326
585535087
88035524
960448480
996356071
997738511
974765918
660770231
33107815
252975239
779990290
306498688
70270445
283893076
753932769
392480317
74016809
952604887
644595609
728094655
543075612
172560981
321907303
599390864
946840180
882159742
220800180
290014397
574638636
918215314
3855523
574601558
637506201
429819723
693807497
727036083
665114684
602234101
878938140
602491646
471738208
144296176
97050560
130060136
965077578
19110254
421658104
334574276
231768286
338105797
277978977
331186668
640717439
565633240
434903872
280141345
263627784
488644658
13608300
114196329
776938330
684751520
86131594
114892500
249119715
205388732
668992485
640450720
590085577
26896686
727365632
471782707
73666747
42103962
256356446
398779435
75510421
191847166
634313285
927729926
460501637
886225902
58246111
236532838
640236336
672668853
933884117
71872960
994915849
413666152
463408298
176470025
588625801
764741811
825553315
786986686
58164582
982158058
880940420
759688845
350117767
781207382
744488698
204871599
610740164
806196269
257519921
598613477
309276793
36124437
204630923
71780618
854331371
85878373
653694690
890712426
626505409
849598754
474656162
576450860
271504613
597119525
645534869
176419425
563488387
550895606
883156904
308924935
216550646
469369759
340614853
93352361
310906745
874624439
577612158
679294254
141737204
853374510
625792673
834040066
415148932
335270640
762596165
958791412
209035228
391627680
322138652
502747428
111047120
934840887
160481276
208565826
507501896
304489559
488184232
752998240
135672513
568069272
641383211
59844557
923039363
948594985
382062831
839907033
695509582
111278562
760873871
979706931
508266213
974400435
748975221
773130898
223806081
640616094
161301928
936233972
834523359
686743455
967384196
171860706
228756954
380409476
197877814
281709757
308888482
132049027
585850464
6417185
386440206
824613917
543621740
573667931
211991298
565948115
911000702
466553945
953207808
922689130
263281830
97756666
630753807
342431719
994481214
136646683
185865666
387350376
984759744
866885800
143187630
551950259
918474880
448929056
600685075
469522504
831087602
542629886
750717170
100353073
531018551
563460555
525428096
754456685
593266725
683652294
430778694
175307290
561139600
657857964
729615391
694747981
983026163
911834227
423461625
869627530
541106898
886325233
385928261
61231131
95844091
921538104
147289282
718964662
863229554
834489946
906139036
94692684
972982855
742468792
734860512
368370815
715836774
852854734
391670578
699821274
572328568
876297120
749164993
310828919
705867988
10558376
826210775
326901779
137270409
448439648
568924095
6640652
25467431
731057543
928415605
944762367
156701625
689486039
4508982
609480446
416171272
806463432
891227130
758776777
777513256
336086010
202324433
818670806
922997450
361244575
978911206
130171428
520163648
723640349
297298962
664809777
137160240
75099341
355363142
85285715
95327328
820387501
581694253
414789906
265565851
899498384
69225252
241925311
814053186
790098143
211669190
26350734
848345751
782190131
283650001
765865134
985069988
990388214
533315662
369781977
808233941
7539968
403904327
776025832
469528440
438752666
486477002
301827080
433758581
263605828
807602127
81602283
334122897
919223266
514153117
595783770
224769179
476437224
493210926
878014871
266860757
960399120
4617620
132899307
149575384
952560471
281825675
737973516
439990348
531433826
679739787
146772024
541783678
985581163
277051772
87787360
416483173
805668420
945261464
826813183
413021382
767398170
808166728
550447357
982496015
130066906
692227836
929122484
268037014
687866229
541095955
508632763
497177287
655300789
102921219
847834819
2922347
271005020
626450447
516967967
156926990
748503484
861836731
902324753
583866039
660830102
539818604
348541733
642171493
426365757
179300597
419100757
531175759
666397742
464993489
499462586
152232392
454170261
150403290
19508477
260332635
352703190
469936502
752124117
990337870
171107023
649594735
886482887
882659943
429216952
84865012
145478152
179217972
428293496
669886193
664517896
905561438
905841974
966581317
321665912
590248301
343686103
286950991
841671255
508565632
121995197
977457003
830779544
190307300
603458632
695602427
548752085
120601729
606941970
256635332
804223799
278566982
109712613
911986881
412759016
11235367
653335715
465881788
212954541
341500744
33822444
239882785
102882262
996511547
800475591
593901146
246390417
487588943
828737377
429260174
916646531
65752198
628265245
243558485
868342673
193650018
818815190
696175587
279201310
733614523
536112926
24876422
572276001
171658164
865662393
385950913
795848824
993855091
553822300
310430545
936912585
877804313
73996450
500170511
474743187
882112410
874574740
834267995
389831707
9557486
449212010
61163141
291864351
177681795
339988800
738471600
650301735
866154127
43644207
219108997
192420175
957160126
186680478
479340016
805387816
8946022
667606783
931224097
130849154
414524677
798052321
252535324
933766642
518306832
492347588
38842217
991755747
128094734
768815296
986230262
319075276
984547193
306343879
269643824
284402513
474949785
733012070
394594205
831669363
127190792
735649176
929694696
950210883
334713302
118010369
979752457
691123834
594656433
694782693
465797165
214505626
943350642
703418841
975307028
211505163
196676685
127396498
773557517
685334205
301146582
746715851
522207001
97338830
57413944
900033719
207872981
650816246
917036653
194937502
330438031
275933950
273012577
99554734
3658361
678875499
868357623
302324440
599053339
400296462
512595129
347718382
397099314
433312039
303018131
771724635
375724633
281128352
331036850
58138660
87725828
347553286
959454551
709259999
530522781
380474940
213442175
832355865
892796938
434679582
910137387
328936210
774087180
399718930
364344661
189863215
941493047
843795908
699760479
296431528
343147538
894352243
528343158
373261054
172739075
953428199
349616537
88894962
794320698
285689307
524309086
926744627
319779396
858897992
107211674
982884743
316479397
563752577
569031952
623183420
465433324
36001758
409527500
164373757
490159074
183658919
573631200
997380382
68967377
113154916
830231586
531928724
581367871
34605321
714991120
193373583
819210127
586193496
536520923
577094581
30858403
124547212
38035167
607107631
910370494
983392758
9156813
915189187
292507256
381459917
873383816
377740470
274763956
76577058
830998202
307145780
484824742
363969400
883101979
989080155
379796998
352236153
19927584
681165782
455457719
992380361
345376755
285174075
143906871
913838089
163674615
730285899
27231654
991937369
592325017
340886112
997966589
802419868
254003261
506766314
174502105
658442011
704873126
687507459
239771098
452491116
257164768
504790812
203607117
407845339
708548839
455240727
703091516
547440766
197297582
678622248
104619628
356869383
151649911
917990132
638016002
723982737
771282315
378669166
217785301
143097916
350508815
282826585
484252040
490112090
309179189
682404873
109966139
376335664
814578050
721354986
647363026
332420124
