164988766
714472367
628821440
224798660
35686548
770634489
735240786
224777216
216930415
526773194
981602518
499184400
614606708
126764807
770548929
315517533
510577514
406807735
635354968
61556405
890365671
664431500
687487932
86002261
983918382
611571432
762035600
888737360
534702025
539662707
136180511
869875784
231429445
760219896
426719499
367103134
652027073
46945652
527088141
397126117
87131537
189260099
958704465
242582934
102101058
729151509
987310564
211408274
877748187
100356311
712285163
974302772
265846189
312806527
235627992
500557264
26984435
542819179
240880277
424115114
8598889
846503425
690075190
677267707
390592682
111726734
267754955
854386811
700045307
403445794
663490458
463631862
879719592
238228851
974424866
701105571
705727034
444904998
983901201
254766872
624260867
550627325
10989172
434345713
827377542
161877737
604029594
918622917
524591903
926162233
340118699
109207894
806065374
102973027
388527227
240628111
499184908
281436757
851990250
990374323
461396554
132923752
511362965
474302392
436865851
248653301
94583180
27617338
338381660
534522419
794830229
582079435
558917976
986113403
799854246
457971562
835514252
255729476
849890164
228714945
507697139
349132037
329794907
773883073
63327095
554282564
657566486
776746565
849701622
733796754
201920663
424290276
592914746
993526877
793370317
491337115
39264359
536686779
997479860
578724240
67294557
576412256
580241256
990069483
131332004
758039262
550289916
819951970
303118780
930555664
405113857
243455431
431546592
623275304
482677184
112264517
803128843
737479891
410975296
882583286
591086814
317836613
177915714
604584904
332601755
370539952
989164688
565391098
192743085
308517130
418707202
298827472
258249615
271165923
161420388
931284882
768890779
339725423
642551068
305287832
3992647
837614515
473627785
919145957
328682896
958465231
992743682
969639440
510849693
681105800
688208270
301784467
125711483
114896573
987637425
749457942
398496541
975656351
657467727
760792050
768874573
984898817
627208884
994601648
511848462
106286385
985205815
160380669
461854916
551392301
343373736
463403420
94928822
105687463
878590639
753472297
844208827
258769755
275902007
374136523
377796269
19525247
54541405
511637284
620308859
116922735
173115989
143353041
283528497
411962445
532788340
793234427
682257694
881759017
536413258
19093828
210405630
479026136
407297495
222396511
973259415
832363013
507784524
959457390
337732063
224804850
206855644
20024019
236305933
234165127
905249114
139726786
699754343
283331204
382995781
749349325
930357412
115571600
374292788
394925726
933170394
841852773
876852171
49892471
18603960
550139308
781145724
213169804
569274204
859496810
543066667
365182691
851472259
53505495
400877106
545433255
511740721
95084013
173905220
395504009
910067089
153091969
907047106
49363370
506713330
393061553
93480084
398926490
498763235
787063931
88736415
94834030
104733347
12371768
289226116
131406641
955510841
457892053
940853429
787592754
443659124
993685838
450749814
376809122
691098459
540066423
288254526
646248847
882454096
837562525
237608604
835273399
941666379
978788778
484858636
780078424
934805666
827488800
543179140
625542406
456659224
382219234
714406567
782210271
770760395
448232636
260449343
839100490
764279378
269470465
589922412
53848667
154230582
386312464
951844883
916381250
702342154
530237984
358264909
966646905
104807027
447231235
516472392
661200709
549455327
253463015
153167650
125944567
527513131
509147690
196600973
128022040
914712912
315311023
330933530
61439890
279279270
668539542
606048726
242865822
279617079
449154034
881969468
612983631
247640112
183759936
681042816
555353914
26943895
568477384
77736270
404567682
469223891
576532233
520735378
9427988
865746840
53205857
232754944
517297379
295064986
134504775
311587358
255131687
72869491
461900372
139135754
838919557
55378933
890404993
637101979
33802611
924189256
115399087
687029826
655652991
565261765
903488759
413560597
365695390
572420197
597813734
99000672
959035745
431411420
792033290
658798148
338180679
794575644
321505541
195693048
226073413
435784598
88751346
947800835
145112303
137566676
626837781
540114140
785739738
44624181
842123257
499974980
136538900
931375404
43933658
480378424
353824803
889502405
865082385
444166222
962258079
639645259
867059552
944877181
697251250
35504103
352551611
823720266
280836199
803102223
800955074
44343913
733873391
694711944
411028566
598018012
835437910
167598250
541917523
518086315
938423983
363374619
627820857
321071208
730296938
97838754
962461770
27660340
387477761
311654866
304973344
448678272
929493257
877339318
233434967
586428152
568725044
143874164
250549585
109608200
785015063
803117514
259277940
982637513
243669106
797779344
766101588
441826955
520346838
445915645
644940512
186226553
347584882
346996070
505742238
598883460
11824401
545988343
214580242
599412495
73042331
324891270
436242504
969181332
498128879
352276801
114850655
856534071
461276977
824600412
29292968
691563746
917048664
432309322
733071250
135306469
104096678
645183343
77402102
932517593
331737164
520634815
507313501
941562115
666714352
118746790
101093389
582497186
371597080
634551506
574603750
22736700
929293920
651137088
36565869
460123792
366875009
290096606
484508634
891392303
682928689
909567515
980549977
695746425
416622677
953376765
269177887
915275558
613924818
370435769
494786781
366641057
468586241
282062648
267675331
552407514
817577768
494680388
302466980
379382088
251183411
532353467
484936991
826725469
249996661
6556267
762269824
265911575
395743453
272947458
768431458
814000071
160674708
186009797
249588903
422169647
540084837
811567075
524939438
713337585
849568902
185817830
968572366
1161311
139764724
207962693
554150458
647231272
383461757
484158353
642546022
872194619
987629625
105126545
640208891
150575221
424630524
153824507
445749763
410066409
191106940
3266312
519532105
340977360
602004309
680786709
205966348
282576443
32473744
845505682
12322676
6010693
969740949
589129393
529813185
65365581
563781099
483775680
686960745
42033968
452405808
115038552
882449817
911585099
630401434
896236837
826370444
55548163
545800904
99013681
997539122
386260330
365817311
114873028
522230645
846302589
666285724
627595006
399157000
458978014
1996344
271574014
614757528
537956074
471835676
636535329
902453669
398500231
575313359
574843309
586794121
940854843
466863760
403715795
957660600
76068388
120816493
607947005
710575924
705767470
854416263
150418185
736775538
933460061
847966558
626062345
640193381
854867921
66898748
683510594
399079856
936186091
84618679
227982730
40037623
180831794
500281023
344493743
439749422
993866104
993783167
427870212
480234802
970957593
512219559
56684279
919396568
962101514
157212426
446162257
725486096
58338718
917019080
693389529
604561749
851578158
534798475
681297465
689989514
845773330
996341947
47585748
331601483
891802763
175763453
650608028
856236164
238881029
363678172
776828806
575787364
776322749
168197582
716709819
711984302
426546050
670183381
765817943
421240501
791282279
706665775
678091865
697655494
620736490
958024497
340741137
19167011
391229148
623420980
188459463
646033317
818983556
654504228
593976090
997524155
946197419
96268729
588432038
795194140
861611530
200448114
680515538
598423342
380383619
870374891
949163345
890141135
200309261
981405226
178015698
181394776
768980531
260056963
898707233
139107554
318250082
349930252
710864992
933778264
835022314
631441017
465007015
615460048
175218708
130795488
756803806
121818521
574221491
719185663
765786881
330277321
81751343
970623801
559628970
590834165
26150237
79668522
317271875
750361597
8861151
450600001
818857749
409823921
445405281
7064687
877052785
558926592
755796993
454868536
679274073
596267166
385403735
654653772
960171825
230170512
735441098
65055489
423204633
249588130
113571084
827344824
315919644
481123597
215618344
847738375
99643433
798356728
700427992
307873068
112957317
238581559
32658377
960503394
924917113
384422312
812583267
55183093
170054766
168154021
253742701
197877214
366021527
119352954
39911589
169519714
944873584
427097569
10451976
329458457
855393066
961094746
656463888
67683744
636790512
181516326
134680357
337734151
194205576
597666904
907421252
78696057
858498598
447923924
341911218
440692513
563608789
424900340
729736658
575749512
417587244
680258004
895000722
255050612
995845428
915693869
461323296
196566689
441212007
46098629
902864790
672545862
787904752
370969534
452480001
151862570
582117670
964974632
323712881
743400786
249741955
474849115
860977516
572387860
260732767
175046644
339378614
918097601
777441734
599219074
605910924
519973244
697360910
434702462
911871212
175135061
66094024
401413276
71838315
721096641
720193028
938113667
896522143
148106946
694802113
234875390
290791303
487529064
995443921
190048648
858574842
598634155
101187458
986335871
326007557
942738128
819280486
322612861
994317843
820798783
576315254
543225694
419124953
841992931
440187704
382891545
975184950
353202289
459098321
277344939
85768545
180704394
893136317
602616239
23207757
311628286
578326970
712870569
877585745
25857377
884255339
851849549
922653678
587393086
740644231
7276769
418785785
711025038
108694905
969133082
355854574
743481161
407095432
251039530
144781387
176967334
518988714
54529211
707919241
311910568
259690438
937589012
28430742
718098982
104280102
677870448
705497837
498571218
963128114
14379270
364411157
106409916
445027114
968460465
936543442
724465704
620572014
831731866
101348700
432910934
964105759
264159912
244507384
489965237
921490364
342287383
773608961
642096786
457834851
846240421
792639571
523797759
4951328
565675177
766166938
946666325
823418806
204554696
483112983
62773782
301778931
920214565
747896923
94315634
604721925
249444657
298454047
438634965
314496086
420315682
556395319
687256847
953180509
275008306
347804807
995530524
693081628
538465503
796608617
761992718
