106285652
598163819
363770374
334581088
253638557
39363289
482039609
286745414
25828397
284458816
510021875
888606320
731225086
146754367
699759440
555889562
622246156
588264525
989938415
453216994
961379789
401878923
735774315
506066790
200099579
930604557
614209470
485880964
12815488
637676293
530956907
766096872
715326600
973408463
200424620
828919836
389513136
175616320
145743998
810159312
162521356
955607543
58783385
245334354
130268557
92278070
153476514
430304096
456982551
356774952
11249724
766580616
875195387
546074090
333329498
704406727
862389503
857703583
134481508
323033999
425153817
996158643
273929926
388152102
753501908
743925001
173279720
757816622
946329746
870839603
166376426
446629835
442520527
179779102
290695638
5772246
343095538
490439960
375798232
107821509
777128043
183905374
28898413
656040534
626426569
764376290
890901484
169252510
640078965
496017891
966530331
531809551
41134811
822709998
385005495
166362712
681677617
670631281
491832445
386343554
918998348
395659891
483974349
586142947
190398526
564619887
324060088
695416284
255378451
327557252
361311189
371949543
481905351
26659999
545905954
241248443
967260230
617889390
761725532
989125617
853023516
4027210
117737656
450311854
904309270
634566873
405495023
619810528
794773606
124332926
324094627
672464255
998607514
989454676
188823159
381468151
699931023
442755465
465642008
61806681
440316201
195485199
913874057
312521713
134706702
594580788
49904200
14474812
276804043
143757052
199102480
63788226
908905748
502706826
533320037
914971138
277922235
33662494
681833675
555831651
159124864
704249559
900642677
131045525
3462624
688846932
373342027
492450673
837836838
164437803
541317418
524504765
152247382
699918850
548809415
657538316
90153152
805215941
315605152
309728481
584662672
391020210
343006484
651016553
925230444
260306401
763558506
495900687
456134638
273852019
103545916
666268529
760921788
909810355
902681816
736066640
294842521
782828531
309059089
445859769
221238761
557453526
176637973
112366239
602439632
674597714
911540842
208986897
953897410
875781720
824817986
472706292
718057341
372105194
971168978
768104652
361243074
249626123
205815080
743156221
925288424
877441339
36316034
563984818
60891887
875048888
763582975
242437026
797237033
812742773
362695795
307324619
496156852
869745382
88489720
27209146
214382237
230640245
48576921
250632729
348765557
554571609
542003276
580352917
449034032
630839622
948211186
388816594
938641376
134577163
374823566
45216397
577013450
565902866
520571343
343797420
521137491
612653154
51474352
727390743
911014738
669103816
411749862
141154636
513085925
517493366
976549439
848311958
283615473
943959831
553722415
130602829
201049202
955182349
394390663
370716815
335438062
455963115
114950786
430052263
926837700
374766381
303795649
662659869
437919207
317479397
730311167
930253984
349174038
744692298
506071653
601729082
179165892
321186176
339617990
679661740
142821746
400848640
67266992
931540664
654290182
99899228
105201120
994681543
580854747
244220736
844167193
621831100
171512202
149854527
8359358
65174376
497702367
621422088
800553041
536248356
365308167
749089992
703235427
195606527
787182197
46295454
499137919
538923173
437888178
951993332
951436936
879863024
615564359
714728922
227895069
934589421
388696123
183410121
775762079
826938472
269565260
309114104
81805122
193698470
473312203
108480067
758741782
199319511
736332940
440897277
104026714
557743802
520633134
803369632
314353573
393731753
697613211
871660463
144358466
607994728
600761307
566277946
556793365
628861414
292783799
964304168
6266741
456783279
921959457
73769935
676478251
314292246
845660007
973614567
266683096
56194062
667284870
509536956
722294323
678702130
287553671
299818408
802590232
996990899
847966617
393693133
359229890
812194725
400375348
834163315
236976209
517035658
39051654
167767351
226177165
703287313
752320738
452943706
900914670
509008033
102213326
301958502
277360052
662563004
764419024
789734466
712083794
547018565
536686536
258159510
726446881
188076255
149366140
465656335
320441057
300942899
763687712
559802464
780894795
899090664
605074277
194072015
56407930
87796142
836793725
159442592
275240592
677892656
747437402
563395782
303873323
214341163
608622285
213286289
576488803
985595167
22458355
140027227
232571875
58232151
681609338
812211324
275508188
142215838
107716433
48899954
367669517
573395318
847326293
925234265
939599599
192518273
672048910
1824005
903933755
908141310
245550571
189563910
825769278
604976432
514493874
34191138
799581161
973290753
954286185
512105718
579453969
936079850
889167530
334845888
278484543
623660484
327230589
722662644
217481326
792862952
918563825
914192091
980079708
787893771
791773073
701845272
830566362
822203136
623796181
111355049
542292252
606798279
309352533
668347491
740044595
832894444
314257948
627595442
543738275
647418200
12630162
302217433
187929651
595610713
469445984
431589666
684227786
512480404
646749721
315939114
865287683
949386265
784342677
111070802
989577484
331358479
209484201
37875507
813203357
812648600
203624775
977378024
349494572
842931136
969813465
972655688
626727317
220820039
594801291
445590097
309402536
699635146
178924368
570063125
780232790
616346391
726262440
384468994
318447787
360183407
17617485
318085957
175453414
307857066
246067365
592905986
822455600
198281730
678770006
408686116
623410243
276382441
814392083
731089674
443793425
35252137
952722860
344998514
625797247
496790294
804862348
463407747
917679111
201159624
6536578
165652537
770461896
214279552
330838010
373231092
605096037
825015205
719427718
453019949
795031114
885538816
801924609
41637505
596863770
376907478
150200087
428445586
542050032
186115175
822179853
33020094
885243061
447834693
126269700
744980653
663623529
381263926
758671745
821657491
555321057
554209737
400406845
974293789
301320488
80414828
822444088
608176048
867443718
305538913
803590077
798395036
556954721
361372133
936058558
558254607
233327526
911085355
748134742
248889768
346590207
376416762
921357714
731563936
378979769
973516482
280409474
322627203
88009851
585857356
709607562
223832111
66343460
897770226
897698890
240821377
485131971
827630819
740317015
516448942
554463389
542024037
561001866
236511118
382525096
23784817
476065372
523870927
511776134
568015091
511653126
752538173
633129182
509781976
475067284
178904295
632852022
668842908
595314019
327804005
800005352
499816884
520166196
281586362
595931350
579757966
732051576
659184494
463673242
695237180
73122636
405696706
170768339
231685800
694426378
804566168
815414894
684846595
349038839
355194952
497451110
756538546
810851068
519994759
74204229
957069388
590702927
556561482
422702942
718794595
607969353
816289062
232316799
412513010
716443588
54646505
21857841
279415503
640579767
802767128
291733240
816880877
60197685
816538952
494892455
105956420
581769833
401443382
815355597
670501114
363489399
948005426
319804068
240119066
830352894
43466806
688965814
171437
207382132
638861961
989055038
175490093
236481551
744878646
87267827
256833573
173379906
758255327
515242210
639779873
782708326
535999390
44266828
546271709
63461712
680570231
696340860
994312115
25102303
968247807
375299554
189259544
741205883
752201826
355305195
659963926
496484993
992197731
582160115
672976782
365680689
21686404
72033371
1717805
813712089
116243146
580399325
315319038
729271125
238058882
932576513
823514504
886201170
175575724
887792787
827490007
903738597
773532357
176657354
149782662
347125944
694653698
975069132
239134323
263562406
799795493
434284209
484279724
389573450
427303899
760348578
181182173
176095211
842265427
274099184
761021922
463966019
42549022
732559619
947218565
100170906
381021822
265040990
787043420
35671294
551785048
303058373
565630159
864409038
527815186
756225327
722952635
815540377
432377453
325850837
671026989
46617270
832899046
738155398
13916595
681958936
96119600
925745586
301967225
477710302
751394339
647419293
43935743
901476539
126770864
363523988
861189575
40972738
229438788
49611755
966104120
429612708
188025711
203463029
711777357
496737120
868654048
619870685
861758263
671078571
37395943
365641794
743717757
516414589
603072193
714404652
631066972
304393623
718643023
265259628
4051305
455276235
963073763
309333117
284276953
904365754
259122629
664153619
737638174
164291197
895035751
681979897
586101589
382765698
359746715
241414281
858591557
629436017
26378041
517179474
813304886
476248914
63987322
630888653
440314359
385752544
903701534
527521152
298404346
412366210
732457015
556795952
322329713
964179158
45560449
510827885
466538943
878692592
919186074
807411601
237614490
204500429
882232510
697467065
776042819
355416045
779540204
360952059
156667874
361657911
855813093
1630954
278015582
201463549
451954741
527802390
391288912
332185110
869018757
898524407
664219
731601476
365749273
325271963
431834181
338239799
359650183
621922430
337205248
848918829
774875337
979898963
710249942
218966438
279564983
608804457
594016403
366520255
854845833
84898313
606212339
542749475
370853278
936746433
556553115
730826060
278780369
120866164
512224416
517758058
119538973
134353832
9673835
20661666
806747381
506013012
838751154
556960546
265632884
437803020
995765860
157617774
23746810
307749043
586782572
875914129
291381011
59049143
921898564
843150282
933785985
24768657
477339276
784120443
292312068
457914742
360748198
429002838
768718846
701008119
59459429
238784019
109698013
819447188
729379856
640521505
970225128
689588275
412219056
773551970
770053301
37055856
100887371
417042813
89132452
448594565
519002665
63104234
349963861
680638985
439445049
219731226
198967598
669074133
583972071
94770315
657014554
225553390
728349597
348832638
145264814
409748316
788241698
564624763
378343590
756981840
47919760
204299621
578369186
946261065
905689000
601792734
646830086
148346593
73096981
896730128
923881284
60296463
694987991
