480670483
830294915
834646447
802912310
561992211
240811760
160376229
221863883
860505799
112487374
643537131
757288854
471957100
189178695
572215214
581784211
148357808
389270300
984178039
716001565
836768136
269095241
629245668
839360374
915487111
103739139
664275839
391032535
978708241
988872226
960985147
572099384
368996352
827973917
340316701
196984898
224526149
312699827
882029042
103873137
871967011
518430923
982256149
818086676
500292747
954527396
879070916
233307637
545019307
587323408
517449535
484146496
806095566
828361641
353742964
211575242
201049247
995286071
887425198
458253072
576535920
769343692
243155640
871633572
151502225
71437746
388292501
643983182
848861992
375230316
357258061
835657979
507241257
880304901
844034553
318337213
286839091
811158990
339067627
960959713
224668221
430968201
846013227
391384832
471422690
476838651
766003817
540634709
474230952
128741459
995935650
229240076
425274628
423775970
527337215
102623318
275275282
110622577
666584450
428855000
566234894
235087734
384445643
169788991
230065347
681791554
976905237
925790663
984327087
35405751
924736150
389890255
656218444
926465483
233584850
145567719
923330464
851770807
400210881
674663573
305433928
847657791
169752229
720120532
379294665
128017984
410383351
83465286
352967686
741411234
43061930
176216513
144574540
910212626
394724818
989580486
46522557
676224235
161319485
789631134
499933412
840213153
556307621
438825200
204005308
606045394
573021631
498809143
190191119
381769496
179292853
423504474
710411694
991920875
123421071
718577102
65335504
664325109
790494325
102047362
271408203
893439950
572822977
242915853
992343820
748519636
245315715
746005816
531740665
244004362
99045161
247106228
690451321
610579745
174730161
465220774
291350170
730927028
516115224
773249269
554996351
911574206
893274166
971198189
562118380
619557455
465804817
152653663
786791554
676147715
924244982
382197446
885729909
59272123
518222931
606493460
267390176
313391767
446481379
455485671
360729679
827015813
967068477
946186756
282724334
932186623
733053152
99831949
817190714
658200296
427226932
334408474
148209885
17245055
547051009
359833995
165784
601624786
680797471
372786364
282714818
92662051
959214261
855592948
319759378
716847713
361376318
631179197
92356814
568236699
197830598
977958401
284445648
60629552
412519590
727980536
944505728
947087408
688473854
629931756
886504302
365972868
335462948
128591257
248920783
589836507
233987561
868484854
512221113
158388935
606327675
665765388
632594295
73695014
172770853
268067628
867801551
111475528
626427377
565876620
570810305
101873954
7475135
248954015
460369698
449268529
49962826
87580332
604725463
819070471
415328266
53078374
913150931
50865714
486282061
916741949
757199102
830623004
606672165
729922870
482860152
492891463
118958084
933967877
961909022
532065209
345364106
210750634
887858698
144451962
860178984
833030199
320660031
122597234
59121451
784630348
358497733
86508932
668221558
799652252
539873681
146407228
263759390
693150640
743060668
553249301
752614455
581728580
587412952
256028903
510868524
37178547
504803362
896504505
83016467
77918841
982915868
73507257
287044991
928304488
103904423
839212190
199721633
460273500
958891485
582298065
732418342
790553697
991744262
701651712
558244215
670690169
162401446
807019911
190049188
336452924
229132072
425807443
190907208
408659721
779450752
763635524
623337681
631829795
633583436
823000437
328226837
424155524
39580766
981202608
801714478
284990475
799463940
739917068
695747829
700661489
946685594
803485889
734259153
160762602
820830957
962060756
589984316
885761238
697784686
840178354
874777100
697783449
706455317
746563542
848786768
557108425
882600047
878385269
148853735
340268897
215874509
567891836
826690062
135891048
254071228
308262817
750972930
10541654
899937232
273253740
871226227
422484376
111272082
489387697
389767329
425646182
691548288
30144605
587828762
817389994
173651207
737576441
934045108
793405081
948223336
630443387
717700206
293017222
132415839
244606053
402390427
921078670
591063333
355478931
484786980
378793757
976795825
598368105
906691373
512568140
211087826
579442662
985824004
424530945
968952125
452292723
586511367
217067619
356796213
423140586
865560135
852455441
290556506
331463739
166617690
478298067
633846727
33284981
187667710
623627839
590562610
457955708
878125813
655331179
870863311
950147556
831421041
755793149
4600717
10973571
448850356
93180182
123453230
75260621
606302168
594208543
751752435
509514162
824452954
495930612
43932020
500632586
936221008
709275252
379045916
549934984
630522163
259599593
188861241
6488912
744947028
943510843
410700395
283063534
922005529
753132117
701316848
330492825
553667633
18804569
620871680
830718216
212466901
345822641
974290228
772379953
729002210
215295884
725161569
572409145
726545630
124332564
208832026
691737096
579695819
89930023
521734698
168850560
276285263
320928327
319625392
571821448
566931907
998111803
266026541
505339511
682479786
840389695
153255091
853170050
892891694
421259610
955846528
805648385
875058930
213213802
288165684
590398366
734985022
606665962
820932772
415226279
534438023
616452095
279943281
620614464
734678817
718963297
703367713
832075506
231397418
532466287
54207561
232739305
699179175
49050232
263786309
214355097
79796099
468950716
89900166
888612513
62040793
871991517
679517449
305286019
168486035
403183640
816678165
366482017
801764337
931336331
433865536
669619299
499995554
904399112
37383425
950479810
718168522
645412076
770660693
963516488
137021982
321179584
621772632
360425406
367052048
723107223
106469209
826008697
949427491
73810587
510602266
266034305
516765796
932320257
353185485
662446504
936934644
974657260
452128428
331495176
902285131
336885696
30311168
300061085
98600751
384588261
732743750
794780061
11666807
313306498
496186573
434384022
698290022
126383676
751590531
740861207
250218885
319092043
938233970
445378811
296714430
990669466
417054524
727953750
420734065
167831230
152853503
567675295
551213626
374936919
13545165
743511261
193283648
439165516
61231357
800136285
290868416
321711547
261824655
982463786
990363471
311689147
814341890
636120993
577624013
76218244
567744282
390382119
180729726
612324277
412227618
617842601
36423290
6749617
34780746
911615664
919831170
302357416
879327019
930769519
231734758
165068454
243566434
636729886
299761332
752675310
241100374
259124505
65152319
951454244
449992791
928507337
57267388
955770182
455015338
985025282
176327575
780933530
150329736
344515821
600086947
762471382
386945569
938889348
962709300
395702563
707087971
186534030
404384770
149615692
880305114
988510998
442384526
331055134
750729028
825295016
68122712
177612003
336359660
824948701
835117869
308619777
325229800
229275480
162331485
483720280
560575212
80653106
551734277
49755462
735288088
138897639
152027679
534811197
330682572
469263374
778122884
304677084
674020585
904058767
45587339
54566343
854739733
915536625
71149130
461481792
486122810
726212252
205041154
629720321
916902570
998715571
444573869
325381034
509397951
291467169
437241581
157670088
776557863
478989019
835127349
626434865
634799752
354629307
414327603
741407474
836483318
907573327
372562
281465653
47172131
763445626
503591416
432300891
779361362
780551525
453880042
409693173
158126349
700849692
997597468
834362959
875611950
922013955
132852891
736572515
694323768
826646644
25413246
39215402
32021792
620452795
528119220
195031565
68931418
419152473
419766590
500110425
501209022
329741655
624998472
578549481
725839689
923575499
582548189
153456943
495124154
12272977
546019671
728846424
837587125
27548408
999543738
75708170
481391549
764389
750822913
712785795
221776415
677755086
47083705
9836673
882160081
961157158
249443861
426719335
235326405
308559850
363369473
360208888
360784935
953769616
908484150
828384693
75851219
419047987
108523269
952036449
339465766
979395947
241448360
682050791
280626973
296566821
201628276
4473384
620909056
452411049
713640015
68167028
668329558
706980793
278334009
823453935
282657949
615161799
696389399
764682530
674131638
155828853
918130536
186564304
648903503
185810782
368061488
883817508
119064256
171159045
999856950
62343562
892241119
798786462
373320028
242380467
436306725
365032913
729209699
585593259
759528882
244970476
805810277
782915355
594919834
295202445
691879328
653804140
675435606
85030214
545726743
460689419
722658586
343840738
277904810
183636912
61265410
54884056
33147288
94816191
928505331
317810766
885409126
449750011
452554098
651296452
175925908
869543095
333660764
35953542
387147209
917625035
885952098
110796139
5153647
429161162
350018575
135215181
591644468
353701058
493931452
714257347
208381901
34034042
625432300
539167530
339684974
548400380
520881652
189683116
181115056
381422668
331885625
634393508
657087926
441718116
359561349
356060266
330361256
943623380
119276537
822336232
320143375
639482064
697883003
628101707
574737319
611862446
338687091
848743647
833618336
926050228
463239586
679446228
600884737
214247984
109428864
851375084
824317709
913386567
311611478
627525526
348661443
143977648
854838484
5724540
585739409
251558590
453708212
563435529
69599813
993958307
804853923
648021087
234424521
671595218
394113971
568899836
336151037
997330591
964430209
727822526
209713289
672138003
356064779
255064827
918183081
652439395
33508770
442839942
332289251
508186263
531742556
416974688
632011902
491751009
473674789
176165727
784643578
692158463
42362297
323178729
158154234
775251560
779143834
839660028
121196304
815218498
445021707
929289517
820134012
540529027
515224047
826987116
948956356
583788950
417812236
676523438
787912868
599773657
87541458
933300013
218049819
10868269
231146278
561413548
462215751
387879234
16009184
742673510
197920428
217948243
784256256
643992573
954968294
641251480
569668292
434461727
892994168
516404750
133868522
102964582
207417687
104219251
