236869275
839072341
921066538
621562918
650256046
139264404
352983850
340036705
395031720
836768090
94164695
314562121
884777917
546701416
464323898
475962802
536662467
21914132
801067095
558885966
650809392
31204365
724473778
607620385
472657078
983909259
925772889
876124090
750394317
873401285
875600911
831050120
209888851
487130361
677781004
198565402
162737735
908958726
48298049
464990216
325528685
238512982
248290105
311573839
292570714
164016297
545888608
737266004
159141270
187803800
206576211
259311115
370623813
720791987
722510969
205664910
114598562
313446153
148905840
666346785
213491514
476859758
589642387
521630434
961167178
263114573
104673269
397647556
868920411
265758495
313225066
627703739
973616082
336076879
233357280
412296409
782914259
412899939
315049670
308640780
438020651
188506884
716982819
562590516
666825073
616289796
460426306
489096863
764619390
472116093
83966840
849291581
760052886
381951262
251498701
848668925
648870594
726659670
350406660
29456140
59343028
148241051
868345592
893382774
874578732
578872471
285695032
34546934
487434706
310214559
422750650
701698622
998396481
840265058
228326133
24984629
759876938
27051870
854805359
344877381
802688266
615576405
633028165
396804317
181791655
463933484
867650852
591664819
84578177
384688354
763425814
56254588
62493278
285593530
249297751
289779599
320161291
823600044
688011782
87952602
330594764
425879372
1662157
454404830
49365443
382268216
850895098
919787826
153625129
226514072
88791987
621818724
871854309
5529278
226767873
443766622
515212885
471541274
711591118
410645248
711221618
694030211
949968755
102746352
546788744
366496061
639205343
712802951
590967307
938546533
704823336
936276892
339040086
766852757
14282617
376808893
613914248
178623334
347438874
799523437
613038384
947863024
438039690
858064104
295896367
141607089
184400278
56963999
58825656
805531128
774566712
848620016
112008925
277366534
376730982
636564551
475910616
898915803
907616084
682869381
743062872
138092147
328820519
215078594
521690734
152515093
282778638
105001551
991246660
849958979
829852372
336589551
124102400
912067679
797606863
763358592
255990521
91904650
806849984
405181655
182095782
582241343
653977295
785436177
163979820
856203319
824267966
61673552
390121774
377718064
900898276
714998443
271007248
664569491
56460565
474946236
619042505
222961095
336373369
143381273
858828450
79398726
65717338
208866676
975678754
437977161
724517615
199941245
479759670
613372389
380574029
384005965
92065819
502434429
500773598
160821528
484114851
543384341
51098774
665487414
328247126
221105086
714879776
613528595
949060701
114853929
65582302
459532907
855607113
322660626
144316087
33029426
755531280
663468710
546353204
102697056
516524005
445110618
809757421
726002657
131685703
624326721
581913881
776749384
997144034
516892310
622932623
768572818
163795892
895639036
990831384
75658163
171862320
670885954
815134146
637723364
364518949
452188741
259805973
860824825
372394858
264984707
344334130
157099043
469056301
347544602
628474684
428597108
956081224
398076542
644297521
39004232
733626918
325096115
533801710
703920403
639191203
938130391
616384560
432168390
491921305
297009483
295737014
959968076
331829240
68657923
861167105
84645326
848334563
908629839
738178106
64335264
185304645
948932595
353607799
866700995
279992590
424814837
307693082
649599431
888417625
194335515
812491592
765719349
251341515
951827151
342031244
846766203
137084243
111213742
998532159
426388556
835804179
827637581
368903519
75385374
969247691
384366053
825269802
400398378
486377496
543829357
580262543
47451384
659898435
579962256
853699586
784694322
971488315
667100714
423927812
214376366
630437309
966785128
543750764
297585790
484517889
530017664
708626560
380002088
726626678
14400901
947561081
737120820
910097679
311789549
228531084
357667062
580029075
278222424
897453302
895626536
599545034
907294702
163221934
344588267
614072970
765040208
105820914
671379258
98127565
557336920
875277887
469983528
687285929
784155792
795951246
869019049
283886817
71317729
590867484
439230027
675739491
445267713
673771699
471976594
596268275
843141722
137353704
348108886
351431172
496032523
204665247
693265891
769647410
528301275
614831331
723142605
803563193
199162496
683512819
719477680
424196750
37247302
281874522
169289758
139123013
477577552
49834891
125941886
515838301
359512033
73780245
508711345
687354939
458223275
219887044
154277320
233523003
691245338
748319991
770931247
627686503
757712027
319948085
602095040
352671672
182011995
700336116
158984654
169324461
72808641
65455855
84724321
387804909
871389802
15033277
638492189
163393190
504481940
332853581
118690722
793306830
11411818
832270583
991919137
422252278
695953901
5910952
311424135
308414230
460554010
489619601
112317854
450842503
912581570
91791177
666484722
717299215
679779481
816618084
957111016
777241434
890850236
956617424
443029660
294056177
989055922
120906436
815965135
443189997
581394854
990884128
729041061
358391757
629629268
977624415
616274685
925441442
328028947
179842762
656717770
176101043
388911981
850570422
708770449
583189038
953137999
633881816
475223337
779598625
348548554
921192972
483613708
687863854
375742563
341449286
902456592
54794392
389240923
697862959
433196354
575047464
189945815
868234136
727019375
469669881
760578538
753926096
821213233
934957154
475516490
741043278
389270268
499936719
159900314
781009973
388329453
40279814
247846974
859840620
340918177
355174105
645683097
36366510
94641443
660201880
507270419
41177207
982649193
288179982
75167823
561480292
536200518
630165986
746646406
81670305
986155227
520677843
123551047
239100567
822610498
199211903
812668581
540266182
304082134
607505274
531922704
983676988
527963540
594732589
953119832
862176778
806947417
529400302
356944782
78022249
929364365
153579305
773592692
66817495
962399460
719401331
771276901
533033251
859789330
914036197
204842759
759104280
753290311
78230008
794854744
867651608
916728765
8746406
37230121
141706273
542505522
105416915
732284374
487136168
128279175
523593430
513213665
387916604
335060149
212991043
754532874
6800216
273221204
668624157
152305938
832575921
747085149
56733552
276701106
103209167
427935001
279635330
680476850
390045936
402662514
772818423
230386676
449733531
799877843
85468223
945448012
798201010
492170180
215238509
535516725
823947450
421294929
286456524
938538318
438806030
206187665
383360297
197973102
646798287
159503323
198042543
485883075
84666154
925924069
962278821
120566458
859995213
732045299
934020953
713771271
262870192
424940063
342238438
84473653
355460751
293206753
63480134
588038759
249591925
267543030
956331863
514630034
57982695
133107432
328358487
411280992
460628625
118195232
837895074
897021500
44574703
81662228
33678562
230542612
204619971
286935347
145720521
523809461
837599020
964901763
85452798
66155710
558149226
501467236
272646532
399007386
79056491
201982871
583077567
145599277
142707531
795321536
948381175
379255257
203171459
683412507
427900380
951558721
597565582
550997829
659937832
741799980
894150224
36999452
669196567
181207964
391261501
111695825
879853680
68525403
147486231
539670672
750439738
284690161
182090231
890176152
956480807
556515457
860460898
929351099
332224501
258645753
535117664
692295797
754313969
249253166
133281052
654423304
27371153
521207463
859034965
194161799
926243877
286601190
304963930
343652817
172005484
521149773
832270668
91438568
7745885
967360664
322129190
514552163
998113044
603036857
44881797
663691013
197165025
312995305
726931699
871384922
91097823
668214481
218773328
401292078
206682315
201854427
282685482
419943400
47926912
736838195
84324672
358646216
209490436
953324431
613426793
463838547
979726229
838437413
718170668
435331033
724244787
769022329
921605213
364863836
936516562
20565500
694182751
151277111
204371368
469590037
457258278
714375846
794275763
987650042
103063975
258029396
67827862
903671850
136970501
970151056
238464291
412327268
43511656
270907689
883035991
963482972
305061726
44788612
989610063
581043249
683964782
358727611
594824636
291600665
147140134
322075492
746609267
853909491
464775515
186116814
507671674
131408371
215572031
578336873
279579916
369948825
564370452
221840393
850260455
355397397
396010685
76054378
701466912
748019610
196866742
311917519
725510673
650697524
481827843
973033588
715503773
649394138
161667046
623328118
785625253
98530667
119551210
502675097
840509907
780988482
511420127
213918369
438896335
950853685
462479382
107055919
196755236
465174781
991327771
513087166
399112520
83221333
194528156
634212665
185032563
607910404
657260698
846805024
94733923
835222614
596564818
95911743
372081647
491741925
470613040
858277534
969741323
592243911
792711619
181049249
250397615
61695354
381330485
69271973
843977268
182092315
637158042
750613225
285540228
89810822
115162282
260335891
659369751
968740676
573921068
632282440
454865982
527454380
438295555
177714849
441269967
272746184
407941174
5287292
184423664
415508384
841836720
947154408
480240644
604201846
137314595
604511323
672463161
810278521
262689551
337417166
701890846
125256183
790235396
2940247
970752360
906647471
561264796
4923101
720060332
336228926
436541990
403340970
917820856
838330599
403411552
442286943
153948356
614996770
739779280
977651429
653754179
376043192
884848308
428468884
340255594
690003632
270372581
681338381
952496226
510650957
587872728
849091229
706051125
236503902
930391592
329609799
737218983
435355307
206962487
534622495
711481386
403018072
285226958
848194736
978966393
438495750
29333552
641910044
200790294
695027650
450562967
57466391
70499241
285038120
683662985
325847653
240407873
361766511
662684652
280748728
636274890
879926414
52426873
209409375
748356197
587450760
697289844
681316954
907939006
73801752
705067959
718593048
408034282
205156785
266170042
250736106
90816234
36653572
449502489
901759842
