379134152
507629757
596296660
925170251
134417596
102427127
823841759
560711796
948330803
87652504
844815367
428649856
883558984
575580560
487042660
254927188
813218173
641919602
802782207
185419752
102573142
788857444
134177627
332998270
701696105
34279837
626946404
117048745
136647805
607346862
354436007
28278707
296064477
374760043
434114851
833778417
19689659
675784899
929420665
879095246
899361510
290699452
399525845
41129606
306452077
444975612
859942674
784048424
560510956
625808603
690144436
132065811
974358191
913428713
644304914
590276707
373452130
263298390
223474145
100137758
475480722
706793013
424063991
340983941
733216496
816536660
132585378
508798941
141465709
653264241
235237528
137433274
712498935
923686960
286058241
811873688
389331598
93048021
26546193
256720493
174337162
842897978
556537788
510839201
917202424
222370195
53920514
382635763
730455128
843838142
460326287
756391268
452310753
829282907
403614524
192568496
866635460
58541904
307913109
489915415
312390233
351143733
642582715
907246713
390571074
552711162
419566874
50671230
627370471
832431225
200945109
280404108
236752197
966753651
925800595
632582742
150255225
913224788
423781515
510846300
762616145
749949614
778343812
297627565
192937954
478846259
685122520
883216027
520072435
93489744
945238226
330789693
785134910
536630776
944330258
823193427
200315263
649291074
120268126
364491261
802803319
3249283
755265290
898023901
642893033
179922178
519639071
485557100
903482310
771031781
42313271
953410671
634760387
797066807
727299269
562440618
572799920
344955150
714308759
911724814
867588641
536350846
530598794
533880727
887192997
870155414
495269197
700121419
22423392
102607167
432267479
500964150
792956662
59290253
708042979
759366861
994684322
880319909
654734530
13015775
959207186
199565419
979733715
749040653
51176473
991827554
696029305
988068101
809331506
381889640
250393507
855360111
934982313
208543310
496902619
266452473
472650488
221384563
10830904
772737618
684652980
819517650
463133708
800875143
338764301
541349120
160454008
575470133
89023827
967932406
567756295
692480010
690220618
701292983
952517626
668023221
556617129
781558139
482704254
895365442
174126109
507201094
890789912
640533751
852213659
576907366
565981835
584413351
562387633
441590505
286716373
773299758
869489004
881996911
328362793
139689536
736431710
178858572
410276351
509827351
831373545
120559171
899044273
841399098
814133343
557913496
165139492
233689329
256025682
828879396
709835343
691092347
738680308
115465461
598611509
177451886
928727737
822599955
948661482
761856934
975367284
576040655
13082500
647433321
681216033
794456535
822991004
808223706
372930189
812828090
931591510
377758556
371281788
972876901
63991896
53566937
608156819
49390814
826400406
294300163
411767873
332292505
328387668
733508235
731755161
595624024
34619449
754023543
283385401
150910907
210961798
913831753
230197088
648419416
534460066
255332889
107476670
251610952
160183064
19676807
734922491
356915785
860759139
443197591
897287885
332076786
319810559
765803406
51473564
545044571
569295065
879336922
996199548
654361319
350089060
643074778
247652987
279574264
915678158
85592009
759837086
68967460
524838305
222019282
601866292
17759757
147561468
722862370
438416835
808659005
946090266
356545866
889207748
806723598
559377670
54852088
471533365
885190076
836220349
399678374
275813464
268816042
702549978
738340828
581615841
331624874
917632203
575835767
298330356
891385286
7679902
827902405
335932792
74591055
259839720
665955030
832077479
638739857
841331298
879528127
184515318
596948188
327386570
242814558
598954304
212749198
990129173
189475949
94983648
295236972
171541413
362462910
443353913
515999784
809778544
491021043
366417480
786497475
640403439
270241418
100127552
571725699
424532014
547031548
800979102
118187860
20613073
814616693
546883878
893422639
222774608
832793507
43858778
956692220
215163055
678865274
941429471
459735420
139386523
368866642
341495699
728156254
480852118
3093384
719843872
645216991
384548491
819933007
264812509
768818675
299537549
45580003
998336416
571089879
779400575
612789618
172416174
780355020
441835454
480766444
192136125
175512479
642592069
201561008
72462363
338747905
318604131
486661692
300836728
130913269
549591571
906682059
647110951
271536797
928745717
371971296
90873580
421438629
827187675
155762111
733639367
200680065
549804183
778065201
593885089
177194605
834457090
472768897
177291645
602373436
506449100
161074450
17899965
658620078
176730517
165983220
85564184
279291110
930631019
381095967
326612859
897886798
519096278
133899240
219227103
392855488
398469050
726799618
642344161
407429278
521916038
750977543
953167344
286073342
747127075
991456058
625708294
864526866
607675917
895267757
504290814
845835233
309370046
698463291
624464167
388517121
888782093
988490872
94806280
762762496
286407111
811582468
490807609
446091708
829149251
835752568
681583785
415904943
558838098
201029600
778725553
107657471
830424734
769862366
80457398
755471556
207907104
731826622
911493002
185274457
540274924
221037316
671615191
35363262
876805151
480777624
588516751
820632986
509435072
830709981
504073394
409978177
631993338
879581663
121022166
710333568
260169933
507075636
456924090
911374505
309872273
209803351
305688768
406646316
116542204
396633342
15410498
539507679
618005893
868992609
180610017
156955471
76997869
909531821
222487571
65369795
139967277
455444347
569286555
348371626
247235817
860950798
906469869
728128115
696956205
368747375
475664132
950843070
648840200
370123829
495301622
700831466
274902531
118496
875402183
330471573
915348547
264968875
918821056
480171809
465367126
49009072
202627092
640442461
650099963
347117922
332980308
722461515
657094091
55652371
570366291
804725585
937789080
108552463
664138688
448921473
303333480
577560652
709690109
747794827
920969209
64567427
890667478
247882064
373690987
479778549
882052938
76879372
34129638
892015997
150021247
874998400
536623289
89114746
883004499
198226745
658323705
266027408
78028151
349838283
35767067
753202616
293748978
593187829
799757537
690576036
763042384
166350067
335979807
426480709
27138092
337787894
555278764
171026229
559202599
400799698
158341593
954745027
266751474
170321414
465064982
256100935
688331876
765078092
905631123
695367889
268102296
848674334
225547963
465911943
790597767
37306072
499532500
359851826
712027759
167766592
770818448
297479648
448124526
683114950
716736164
715702870
740899564
607648928
864877905
812233351
319719636
365597060
529912145
482204801
39885152
703578676
999275933
907706736
884773299
779666131
64870739
528670884
687556705
104389647
422473740
914368049
940802103
870067863
635882940
989832019
838255393
195426937
458998468
391436006
629981249
860861943
506620501
583636522
453585249
749362110
515201369
80682948
900200186
93397771
375648252
902505234
318762188
743343161
426026791
87019090
38030137
591825762
475078526
932361627
102895853
242147563
609922942
343734878
260641210
802368113
774900766
870831700
971765986
875045884
973977956
124292699
906598590
138476139
852223550
179023208
196958175
415639410
454121487
135411188
264464761
984187790
628470696
594158933
728741394
519968504
595605860
197458942
444041072
548863849
951801881
246429630
720348410
526636840
288540153
387833685
250939000
162885622
322995312
651217134
974461343
644369668
108916960
25154301
119419814
251355553
995906643
180286048
891119609
247003583
890060914
622390726
137704275
339667337
667896865
118708061
613676866
15764009
614993482
740672704
206762253
577441823
426790627
422902136
923244002
727548326
403944287
379961750
849935985
464389865
928084206
34072552
92644097
802904352
160949844
620095091
875270829
603316394
474739119
477385841
524061860
415319811
306339332
197037489
658802934
329411155
108725354
380681073
858739973
169832091
774156818
235174990
547892139
582322606
444454881
397019520
217579041
686014822
101910298
391871486
847411264
615944892
330350062
426729743
318919375
855988362
529746628
334799922
178717492
47801774
243437230
10360471
541024889
137607641
216610844
791442440
271102490
229753138
764099201
593832846
618822971
23263214
521221776
680103893
690233046
692909216
486180412
510321489
358449470
763930323
402516050
189256007
501406096
82867632
629974575
908116966
84969749
879609588
878118112
802814570
799664525
773925431
201963580
810938198
926394860
763796346
694150100
410284497
365711762
653012439
125917029
987825901
921915620
508077450
773048514
824148050
94723115
650246167
736496696
626010158
369807950
19425138
976350450
414787168
645285722
54181223
508954374
458157256
507633065
308493876
706472690
391492901
351635025
961284629
794168320
844897538
821299633
710283577
753709032
926436698
998759115
75895915
144609727
705437030
638013293
414690148
267340386
993328644
309819117
805826524
813393851
434723581
143112891
252107954
433006620
780239386
797574980
787176410
165652475
872213636
254841972
235992843
902651430
57217885
946539747
734424126
636190876
960630989
713909129
928150974
2848416
384439537
896537133
810059996
627251042
293912034
874815410
270913420
776773874
230595574
786840836
515625728
148338139
701806540
495100024
271749109
248380009
99527070
528278009
13928933
47322558
34123223
544631101
881495394
671594726
762766271
173244483
87391841
758897281
903589165
778499271
306709396
279419514
381668142
802978107
428954313
538186446
333052893
624856911
139094585
905423975
526661560
10402536
935056900
85372800
739216242
87654703
200844890
562117860
674790638
486044116
536663805
432352979
699980196
880828415
968725192
839808435
15041738
138465270
864484769
120667551
787423568
512016137
873184707
452096302
480131440
236206214
766669996
898828431
66145710
733562661
915327114
474670158
389183423
108504956
520660997
23720687
609574200
796122593
932378482
675111568
972399592
525273980
84106642
417545048
241835465
874356415
579439317
500839725
834252914
