857264807
549250317
937623724
120565305
366502195
313714514
591801753
447265416
305716538
597209143
106805493
441236059
128049551
186112612
855936524
742950785
609931457
868674188
802197696
916475082
678846025
724123539
557485840
769032347
879263384
17724354
11625916
296476868
231192876
863759655
50976301
613774488
466530653
958242472
794331162
381167493
237423190
408368033
96128613
281494626
391482246
497445407
996818800
733839634
612152326
991859779
53760220
746188542
131725095
207498344
671790340
803695158
669134272
197711923
507567662
133141268
991764475
168591377
241301919
348777841
302088598
295324885
216072539
441956882
546232842
493031003
974705404
169807078
391781448
474769030
505527594
201563423
772545575
520703070
524992835
181400617
727304737
823646205
156880021
887403604
963964132
265437372
164751773
23694532
191969314
247281141
944640214
268818730
450674810
661189894
389403017
68831812
167066113
747350771
979406027
96157361
281372868
554861917
187606792
119121322
17154374
883953141
354407094
656956063
701970748
470226916
31149582
148431202
672719086
326167044
405836529
168118270
11711356
353898314
384813707
36651226
130573111
192378007
249987568
298951700
548390788
705886674
719132267
730591553
85366013
436695782
34497309
25194804
541297041
428835474
900027748
172442819
636039413
37758698
870249229
80010991
911030277
507795708
321723783
721742396
216131558
796209011
596099642
124507765
255353364
221284747
57120455
813167798
362537063
942754800
965584248
88994861
304874349
888655090
570730533
311267699
164820874
623815539
571590050
265274965
435729606
5954778
607134159
243883612
426139295
233393709
532078855
973952657
483649083
304802716
125620948
622777402
870654223
528245170
82820142
752181775
109787031
594624501
475238188
864081265
379575326
221329510
662657740
598542240
463251224
811032887
867568469
747384321
467028164
558981530
915190115
287214737
936205657
56448817
286012790
210176780
189074851
352216030
698368469
21959654
689205890
83167797
329518715
57734346
817133852
342806846
218340637
776629178
805834948
818548756
201480667
570196372
148577351
707508783
885699638
214400096
343297037
8591919
780632386
615106407
365825239
784694533
506924492
924667551
389612599
838406209
686571744
814205405
242232380
872643360
563106923
757571000
896256030
453278534
174875375
296407528
891810793
604923393
781408386
120444378
592692250
90939290
941549371
648479406
357500862
344993743
138637386
228696873
170749177
71612693
866879742
180482932
571583642
83262062
656134413
904511355
576243304
404851163
668121745
978727641
656235100
404135230
534396798
933191586
255441833
443909666
673940340
695298815
532633408
589292110
322589302
738373642
227183532
660188008
22414157
274885949
843145160
858445084
567166689
44618856
699768823
457874871
643456228
170619686
5763618
382623991
185987357
812993968
797144119
270364018
720164223
486959630
936801646
802680743
464209276
188557019
556542491
8357785
393037573
913591194
671053402
443338569
696063463
581457066
749023390
128506099
953299398
911395632
60847904
381248464
61366195
717798218
837684473
623502889
278958818
198360229
760679001
363777111
927427967
872817840
257922308
860946370
898154695
262269390
869127885
835629670
801571995
424502787
195978732
833857136
718343456
834787375
465407510
653575493
373565453
256430254
761811406
61999161
421596295
877257518
429324591
274591724
752146063
415895655
208997823
2366004
649275156
313298757
523721925
265849046
427878017
192765380
80929816
520219731
655668886
810107030
545183873
433794073
712329179
913393718
326934102
528796611
715416900
226990767
662905007
226578818
252390707
184108979
249937435
22528564
436548822
698679839
942180814
50170449
443493249
983330583
108800306
482259039
53271566
866761881
186354514
488273238
900780861
930129684
405979118
525578075
753857559
945187778
997906606
563458421
711246379
328017332
349669981
508202576
550323415
900527979
559174822
525155296
752990646
982419003
749975295
465166176
63361321
501193361
829300223
729198177
250584565
30759366
76726482
672338301
701306724
62924833
380522506
845567297
727039203
838660863
628015748
785287214
821011648
137326931
472721258
307202928
186202372
686479013
311282183
108531489
349009858
433978237
499847032
542965269
424155760
583645009
729268392
70852562
116786585
721188337
424911917
399587500
100829461
676780940
274993510
723098192
868461295
325568304
862151695
648321546
947494825
504102682
781163372
711662551
272512230
773887606
704143647
615663715
509697744
442772367
278963803
376882306
189911177
720768733
380188319
816606326
530912332
533761211
248182540
117661715
333656440
309669943
728780711
5850866
413748945
228428247
684457753
144230707
862333420
749623065
438741631
860634067
824327316
662960636
161036663
844907174
652814864
788184480
270453038
650268152
879501360
113604676
561154817
674014217
442224533
48029610
209676322
380060726
296592620
458387182
192185859
334700084
77385764
744489980
314665105
637824881
775321970
775312505
297913605
44083983
89429852
559912939
753330294
760074677
4030735
418329735
552554988
526950540
559732070
535281143
163791462
742727851
263308173
597914386
238160353
220051763
748515125
54766494
563626331
365719334
18751924
304397027
847638085
403946237
557437205
104041547
783248303
79837336
348295530
523211780
69585204
877502357
490270874
226369055
560838299
319588421
360274381
801080138
669983481
23894797
495474620
682725781
820328654
761311476
294595719
449458006
71391910
479471376
506329626
94613342
889309755
720555475
211686173
932194269
25332058
785032824
712274852
349384056
202637472
899989187
635081431
472717652
178655010
36520290
465695939
286289104
252456976
36939118
37076086
918571930
859777380
947434985
384783011
539731533
870244713
336026142
484068372
86326609
109350518
107979198
32649636
303776926
573507708
253682187
633902024
349029727
665816183
558076603
201036997
775805474
607313568
10890325
598442666
769994293
388813365
22756968
504070770
783808364
295615536
8306615
197001030
34452792
442395289
587757695
234835960
941874768
335772464
671954638
61949556
689305914
300964451
625948242
240033537
94658273
867339550
331304504
899209943
924972821
402618264
116666212
620472919
694380371
835902120
261270610
311258362
848887055
348992319
614788717
150918168
847487744
831955370
700260007
790711072
101043902
910978167
998196843
861381636
985750012
18846226
692027255
13257262
993861543
496127047
511731081
474841023
981365324
770856786
503784393
902654741
57508860
123547023
579097947
381190099
178949323
387833695
502620657
198550671
181124678
276499332
385948904
592882448
720983746
521036470
214461810
857350542
600704443
835237169
138989635
183680104
869142706
469922867
913459930
906126595
710591008
103408949
626611374
198253324
324171038
786429586
329893036
78030268
845207925
712133974
93409307
723940721
252857423
319069907
611761748
713210206
408357510
799646171
680256957
709250679
632897321
99144807
292273515
472825073
281665236
654380537
874136578
146128155
631867151
320104288
33512035
587585991
210087092
672971351
670599090
75540373
761222319
304367332
874379632
394695090
946606295
307918635
747674522
8849771
427627162
490521088
604493119
281634535
223475420
425779427
775322592
69496535
789665909
204209251
273229273
611446201
811135433
153786301
916588087
669790499
912293007
183764880
446163116
525103636
678621939
505823314
513853629
579886070
648470816
536221374
951987885
103990178
925266538
285561866
762644383
324978685
351470283
283423743
45197910
791144147
49887418
592502043
922652733
206087723
544781694
964015499
797920081
5877840
399742077
59152889
264404939
607436018
387779244
204589132
482402082
762841414
861755518
222570885
330227831
921803846
976667458
24607048
633163718
687254045
473791540
671332414
144229995
504104043
441564867
948250587
259975917
527711689
108588390
125443939
619903081
319790963
261112145
240075392
980321940
714606438
707903232
507975788
180143992
589317926
271816434
344551867
716210932
720677406
803159782
999802967
463223165
128899398
953195911
123394062
814476687
25280369
959338324
235398688
732296181
873449278
819785503
293816038
564312972
451491489
799176971
736693249
498847628
262335304
584686049
162611118
501729268
621680126
242248943
615621391
213900614
468691669
844463055
43845791
415437610
129239673
955121481
423552588
700944259
441761898
485027421
131076518
574515776
985194326
310967251
594622712
360452638
25713457
507779209
106872661
894820934
414087194
943662814
728652502
790140954
535123184
845704237
453875628
135991356
640548663
498073699
841543038
886650454
337574519
909493447
345785018
180817313
915492532
819961077
603056508
918327796
396232914
592871777
122551074
966464066
668100453
162177472
513653300
951368052
990063336
802158479
476015811
113900916
135376281
720800456
799813419
525028853
115810552
253704835
880314425
283535434
501245853
287561232
60395595
943688197
643484382
244426063
236941257
75700879
965182231
413805398
444960104
205752379
904722700
188544864
498588020
821215415
821111740
762188435
122040501
372945711
332050937
502507574
145928019
838390183
22057888
727642121
751274172
616774062
109680028
820756163
65006760
661787696
939646650
319521073
417081943
108671682
532476182
178862876
322979683
423674389
925236214
437952420
986185819
576257937
357198374
270263431
209178215
946831416
222212436
978598002
703917112
353622116
131664334
507368714
951484496
998738277
141633212
222005410
921630308
915842259
493151889
620167194
966020850
144426068
348798638
783172407
266105727
585201626
771462919
389916337
288739233
642248863
439208751
698366110
447709495
894098515
516321753
569670081
481191809
751794455
518463906
804442755
394561626
131082024
116839050
711384643
530123362
432277936
368036576
418343664
967038468
310470771
257232566
407137423
930522499
305069020
471931569
841759751
227459299
574025965
4157704
623976587
175368496
832296097
689858769
61668248
