100973792
164255426
747825046
56993145
167658698
197821878
572941396
194507141
472984495
354282861
61115223
951158191
132246641
503983294
891889078
697748351
928432963
387963083
212764032
970492870
797882783
653189203
424381629
445756171
946735080
331431559
562538382
540998128
266745066
87313775
746260872
600214969
884272353
661139141
365452542
149736022
752885287
887814674
543946546
285735475
979894939
383418891
21360002
394690659
25814294
900935823
450238656
282781748
680747465
921459295
754967785
250824083
54495105
450351839
53137344
447784587
739873795
302068874
110258064
836227138
635283494
31943267
927762073
385670719
608021988
460900253
66885838
471107499
138530752
742153056
944863062
40618288
844016536
927028556
990597929
414463891
631829200
29690969
419941876
45799256
881192901
279756633
860250662
345285769
332345989
495436788
545719863
433920513
608001797
917667953
409862226
450816412
777556610
707719407
650451979
947951672
455656816
635689282
786668669
564914039
834049984
979131156
144250996
938594408
976596231
714349496
406807546
127466548
459753909
638673451
815955386
710182826
882126996
64458807
955034235
355526860
171692604
582476304
53324729
112585200
915180389
632965324
863105701
220862797
332290829
494046650
263061677
136297128
276576576
42646257
958807073
996139917
243022298
855027835
211749270
902061744
135505637
921656252
368689537
617996492
88629241
418253315
974166603
969328344
101712567
699679399
568689414
713097802
752685171
294925119
776259067
873180511
582364552
674083469
649733649
201084660
116025455
923388198
606303578
482549581
451287818
270510418
850889970
417107652
679866376
819815467
467160527
27099160
852709535
52972491
220021223
250036350
213786766
435328236
23955958
496927073
658798719
893777355
119150229
632611429
925357234
549963873
383611956
981651456
266387188
85626562
413775364
568938828
205294186
10664610
786036288
212117437
315352674
886139954
166708673
818118822
567363343
557058951
289461968
281897099
232518871
541590253
860388265
699712679
74903895
526222716
659393745
147036316
650127510
152806575
542285939
222248098
804237968
973692147
557192346
901323943
886898460
869238513
150720463
594239814
406040102
898221698
821804973
842044925
266936201
7903785
934683675
327646810
268619562
205837135
929563729
101739768
604315387
837253129
400092558
383766980
689575607
683899275
906747560
740164470
426232815
266739047
918811316
52487610
468378669
563788190
407879467
341660525
328947608
265384728
931220360
698124829
406338487
695222152
875856995
334297172
719785279
18343339
432776478
67000109
591539040
331746934
878416753
444290375
223242845
440546171
617932710
966984838
573599589
173425366
211748336
202999185
962490951
410555991
168006998
139301055
979410380
769317363
373666256
703148010
600024317
593023149
998699201
3234833
274616774
231438899
695401280
909093233
961396133
65795385
663981699
671232267
251122797
839747451
148625430
94485881
388322293
474520941
829244763
27832498
945855478
440894628
768060935
155522242
53636392
728221175
735633877
995782494
527215154
736555940
354886791
950467914
644677082
729628467
466975791
998515889
333047732
875181919
169673601
991803945
745144889
708839476
5588704
507804203
509443665
540516067
951876386
122743499
261930561
73521116
750978760
504889439
940072598
345833758
757292530
159129688
824962212
843176958
949598439
546395597
495805020
699618784
381878078
224840193
710908593
713513784
26555185
521494329
372771659
150109539
761438148
513140372
304847340
837440817
282687607
237016002
435305923
260256732
646078576
513120324
776344787
612890377
733851933
453694037
985577178
849997350
10395315
298843324
972335935
307846103
173553677
489870772
925583478
623278002
495998924
45526105
326961397
780748510
796895608
795929879
513960881
430382057
749971839
111821021
312082967
237838387
200042098
102631781
63146150
520276528
723823763
564705480
197098382
436478115
770050809
882914641
965766849
928184039
239263013
860911241
703118468
727711860
549158392
64925556
976555861
271567376
587556892
681569337
341441892
237161502
910054604
654557412
463361122
850148695
999159441
345962729
862918537
622030912
141611070
747738790
649955252
907763533
235697173
452059407
584022338
608848195
292772390
489105363
853227192
613084281
79759255
398777356
541485496
935984366
92811411
786249020
881223664
685046282
135265158
40515590
650281494
518472760
761189888
825984647
610221923
69266350
101344358
346949685
437318673
424088079
19996104
343735936
786572969
491524222
210955989
795354933
492014687
97098985
480903216
367707665
978794984
98451529
828342143
728357609
157402247
511277247
113071916
527376755
757337283
212910421
464739064
177872254
486765753
101095479
97457296
131482491
146573644
409712524
841837483
514755987
507503837
945822703
51786689
429139112
593088177
736023317
612204386
49961274
725028376
297456476
294234332
784124678
204143065
767557492
61720604
551829964
690130615
32832278
668582400
98944675
956194433
573967601
589612400
224408252
959349014
842123848
856970182
685477489
394066925
79473497
648781288
82302162
255261500
966147228
860203827
32972281
46664840
399203031
135269431
421378928
899072859
63110641
802348377
459880807
918676087
680614384
973729188
719208260
39374874
545627331
441351874
113741366
741130123
742892807
558561552
933536234
356210302
827378436
469790097
750964328
879053134
926726896
655894348
645554878
648675186
211932170
528863178
237995836
907353663
28748323
505165124
290927584
897562846
247203471
199871814
893083792
771619223
129731593
305732164
278734629
868394659
137761921
646102614
848439593
638121621
535039922
341172037
512368691
407585675
926667591
676761977
219286403
929412933
384305102
542325793
972345962
407216292
156793498
811205619
706743916
151751206
735733351
811854595
10626551
40462206
150424290
216178519
493926651
543020993
665477759
161917011
226478709
521646271
191055467
882569667
741291212
280624281
807454753
7433257
113635263
870760131
16494486
830410160
980686071
351986345
285878721
361514649
513257743
704877676
227525851
485867499
614825724
318525973
598988246
126983423
132661308
325907324
635476063
807977386
487697330
318861403
847245384
969347697
742107914
764750579
450283268
697640130
738357466
501735433
801034580
691721680
599761537
149360241
697570355
835983783
135256719
905323189
831168523
658640205
754583484
788909640
702920774
789048974
315495142
179610260
547091286
907952735
922658023
64072043
749908359
415383887
645148217
999477365
519735925
794773859
23514746
47146787
88302246
215935491
901703075
588238590
623157182
11522309
903843095
535804169
886105960
465465482
620955616
763004461
991726702
227338117
494738800
976835857
53393902
698787689
615940628
58196410
653852555
562497654
217659293
542330532
774982105
674285422
751827072
385650692
46573462
600284170
629624315
902796495
812469037
88109931
817020943
615233032
756937128
166344894
165752457
691398464
885205878
779690971
293504298
81625803
286997118
159653562
72345339
522570242
920645086
668312359
946083463
820948234
178833230
965318335
393294231
525804591
998276196
359372543
813256483
948871758
259695235
518192402
489230706
285821789
835841165
718159119
950535423
903616771
410317173
879505767
219898729
887049007
533035231
924542162
172990531
874161582
268993355
136033489
255333413
615328543
601940082
229256830
465005605
378261102
654200706
808676080
723963264
847150701
694815699
291216352
616956834
397564584
353088409
216880698
431703228
367013476
290460265
7682508
245784636
568837998
209118137
168728567
112253069
41139319
448413630
59034455
287913002
254291067
792327804
519132647
256811235
862242707
104039130
197927940
346931675
30438405
53186797
110969604
631621081
27165085
994195853
103384722
208801071
119100820
262548932
822334143
533960598
316154533
492838933
805977053
583701317
261310846
890248851
686495414
406210406
433211515
117003761
423866285
929847470
595166251
520763077
469672197
54822897
175683052
34405116
754714126
293525453
155160469
869949021
401264823
313826679
179490660
376061425
218619551
574642143
105733415
959927495
993152247
778590385
626079485
525073856
971758467
761452132
986350749
935431328
995500387
971993854
417543715
791717533
913720159
913434643
629320510
181122132
36454830
506402006
524523656
48561825
33118019
84695703
507834805
528808690
378800128
446205511
91574110
492150374
404210657
885249420
671629300
111853270
300476990
473284019
123851512
645275898
303767984
70092394
549004609
708220064
68472146
240251722
38904728
782720271
875981736
363442935
956228861
487830179
684506167
998368526
339606595
712217543
50118487
57171589
926809475
908456543
270755580
97270795
146273727
525552956
669878021
494200374
531220671
110250967
300364553
305690444
491240542
440436139
789583130
984044610
877354147
966362434
957397396
816303590
980089677
792866295
45790975
725114533
652826952
15357193
489976649
603743930
807644206
405842129
545642825
959411755
61734783
243305401
546474542
215394967
374520318
206497189
923818666
23451653
38342042
574271771
709031050
928653759
482355717
570291292
872202392
515792721
698247047
700461556
121014379
373244159
754820146
233814895
77081911
133943180
862665568
545641046
444443842
130916533
35576306
66134091
686556167
125378542
564608141
340952797
243955661
247935140
893961596
574188163
609524292
670856958
42543768
933945742
777961548
405817905
83835245
117137214
242758815
82535660
143154800
974183927
905496882
107182649
284827750
172398665
204591608
827919886
166223490
412531362
352729398
828879271
762053345
792902132
987875345
972207949
887715603
583652508
364045618
141402920
326335630
624267251
621831123
124058884
90937264
450157420
330700390
820874402
455853346
671264004
50107934
745528353
302882230
361908181
987761732
61392378
160637208
579373517
840550791
392209475
136361188
416035773
81711650
481430233
221458765
780645019
908803611
249641634
946070396
805753597
518102301
500182736
