780823661
638755411
340015235
473240533
245506215
717890525
468896828
658491875
483629893
800967065
234134466
331345414
167543703
713280716
987809859
831490819
852374817
719593528
900733647
264603143
432720556
890055915
196885358
844040271
140334981
58953798
690473062
642350384
401869804
794407755
369281445
897889771
962159206
827194802
359278741
20817833
473971076
44885131
116091116
49600084
880705432
147652317
738849439
10444501
998797563
880885847
464591055
427374289
105869868
554722905
409900168
32389859
77595649
492519356
680483195
890767745
441870052
495974962
332905551
186552417
27417463
826546442
256622070
689222136
431685620
336244694
369186206
340348899
354001975
966992025
357519742
807489685
603502412
851133563
383897710
285068239
151206476
186440857
845242707
259449133
594362741
263098772
536480516
847146898
384507587
336891585
820294121
469639850
146711606
468510995
578947780
977996113
711979579
929538697
22182620
54158989
891030245
49627302
578758880
662552869
511699640
124242155
73372313
138877841
197203162
602410481
428887446
226462084
108621646
395414956
739561269
255429195
650732254
73456418
592189674
764318689
290065926
409475171
304714549
94794034
515950571
899546355
193637292
885490979
388044245
379523628
95510106
673963713
828950942
329738720
394037992
101579173
607681975
182689837
747749491
470120586
189726459
397602674
649943735
782097104
908004138
593832037
361018203
751296649
728949725
323518585
327263858
638523161
337349023
257863929
764093062
481555074
744912752
483964846
146602298
612153284
930604862
187881333
750833595
817679533
506900375
754923731
397511140
778882924
1376963
637982095
647747218
468042416
325706925
122069088
574592230
892463250
759531435
522617443
186789894
922118533
538528151
442340641
156541253
64525660
52259769
456986943
336614690
571087013
565645657
912482916
356666419
123717129
36087539
135596207
539515723
1845125
646769078
832264200
275196728
153080406
196320896
582135278
749919686
90967629
675771365
859221441
312816235
215279935
683271698
871629810
722023638
222295308
297174951
224483763
73625132
488264220
31340079
686307935
765419763
49913431
418309041
826424126
213237267
88894045
281315675
524030089
431954877
190110718
582553364
572747104
245694171
927267233
247420715
33709487
725797636
956392872
692420954
65573624
388754293
193038327
144170708
121334754
887815313
694015845
190459278
134371111
826542176
811603774
61971074
51251503
970505044
960461142
66844437
225283296
734771364
369896768
368898011
661025640
809651952
151741275
427266563
122705517
632726570
110524593
625935638
794756404
974874592
263465463
498686125
117232259
795843264
965766454
297553641
572381436
905742722
296974286
938608811
519221421
898434766
146944564
697487911
620351101
128139643
531301860
602242059
285233028
860422796
22137418
298938122
355900868
587494861
31395314
255921670
237013017
765771762
21465191
488608183
777290720
68080206
395702873
159496517
563076713
312917649
944738813
255408238
4738590
662907500
494463000
319540573
437797077
431287956
849676589
762590872
662707388
454253363
806915461
994565872
101424709
508282533
340702610
934333607
952737174
964527340
142785257
529737397
764447949
709844783
60540623
806609672
884277531
808366102
161318091
451141214
502731893
987448046
134411198
307433452
183400829
275893622
597503469
622325526
365959795
702596844
861141043
924612910
737818270
268804441
593214281
782759653
958856299
26899317
387183474
269008187
727377594
461369265
206759341
598549372
170132391
415001415
490960287
294893805
602366876
687853326
435263040
629430974
269969865
398535374
259858979
675259340
319842164
499482009
811165043
825531085
910779063
718377082
568373811
250140330
103386296
218172345
791919125
495643508
116630502
277780969
847753371
857378213
421182628
892309902
723763618
41362628
780688704
535861825
137301060
768399412
784933334
302609663
19958649
678106468
267333803
231710069
654643045
339282896
8945461
917954939
462917488
459374290
215734273
561652387
358229123
9000512
892995452
956619010
495163075
951960044
623082289
995316778
178263302
324585907
840099954
577884826
208248346
377659961
674771754
218496350
894570635
783980338
362180948
42765630
40597751
608169399
698418432
890267341
982806525
871676226
563529298
452636229
486698046
198675561
814863479
388379080
641643940
859530239
534080779
714763106
148367174
824069692
40698749
185341014
145317123
789616555
124346360
695372741
838006513
689448976
23461722
276983084
664511141
790449109
23384304
678937149
97193342
172968642
521054636
750059722
310582078
2728111
973812484
623486848
388430746
170446060
508618731
979587740
509722426
451720873
936240884
348718106
843579181
960008647
70129176
70500942
743281588
176839933
897448506
250981195
483823038
3045691
52260828
293357549
848214503
286546214
788125087
696248935
175291256
135926330
291185738
468675297
338475602
784021055
404181028
145639063
850257207
417211899
796910267
974871062
280997823
144758619
185650314
386285640
753208090
674743615
433403902
704502492
720319933
952883361
935655559
920353407
275520135
270073441
266236684
307536386
950467281
680454935
775272344
101884531
382320971
812369795
804296483
373796096
160535134
467565587
10242503
59558125
555827619
924490112
220243733
326069689
379929664
922577443
969983370
339064418
817395376
665975187
540149457
173470887
853142310
83622594
975929001
222407894
200270770
370832330
193155162
68402161
517784370
96644641
195171780
169802272
641939554
695025736
592550090
468628027
340462135
811854217
225750505
285642503
664501112
373845776
148674873
795829820
732639627
609585870
540423742
352942690
300090069
927172264
490141009
284492093
140305477
601801456
248742219
298698377
836440792
581888588
173525326
789702802
274410425
941840340
541773753
459182977
729318331
50441461
684130133
684903927
330027353
501355343
998602282
5541158
440224681
254506954
508969774
479296534
934947719
180099181
489768265
590684898
830408586
840212470
768312091
590612104
606503630
910679685
29496795
40138097
446283516
293851712
632187233
758573545
638328890
436047701
11232078
722660771
832072021
689491894
66511488
682198166
925455735
855519813
22915337
798734724
928569981
484599850
844267411
885798522
92831682
769445684
363750656
656341611
92120322
582840426
959294215
434197953
173528248
951161648
852679346
818638644
20944666
643992035
238620411
36175640
869168109
240028736
367212266
4176979
243274876
786309002
647224511
245455825
113587692
807570098
665229162
974888771
817297133
969577365
662042121
121903779
66412274
143698271
947306414
676837830
930101054
975845620
666453222
55488464
476753485
577034123
549132522
880910372
836812547
247872842
661253500
281463699
616899402
986739695
929566614
688541245
117387583
840090431
642523646
306522679
122221173
118294831
542753918
284550223
917611263
984405442
616900818
203950881
289119526
730775566
752226369
877246393
696685620
561782580
106074585
893322487
573575512
311723802
527423493
666240751
237176479
766314137
408643276
865714848
146316598
383765462
357989369
830557437
40010751
973500875
4516195
226321842
501174624
640783735
554616656
811806222
433091702
381902999
137877200
492348042
960133304
345181640
591790846
106036981
495646471
784007106
584778078
55116822
880665110
36244126
114965732
805663780
312666938
976282893
69346199
355907035
709651554
677039068
138233625
533845800
626416073
786343380
163940130
315618649
726259370
525904527
376071768
55901885
7165923
294268361
460230785
191672513
173846602
35075451
706107446
891994838
174523290
302606295
370068377
362309491
798987383
302872546
949892325
3766624
858535143
198852414
913654903
524891730
571437535
198709621
102154668
756052632
243669374
604031398
865931967
173789923
181241510
276172197
379777609
969741943
407935337
528876193
47950899
586396749
576013340
923293218
631817177
277591486
270175447
177351360
181383744
407045258
306970691
775924133
734858416
323543526
836451053
160173505
457083505
527406955
612249623
851180037
484464348
808456300
192113692
704178151
948003137
569815202
169143482
532317522
710753327
898351092
922828684
400326432
954374152
270111189
254921647
363495576
427753282
935241923
567035235
636063416
254716282
394086174
17325876
695109409
449081940
467745240
869172981
542388441
337338869
21068004
819088690
852370652
357492320
556755298
44411845
239494597
394283056
871835188
975290079
62001975
108448004
737857924
466598031
283032651
484216572
906644257
821549979
464747227
68621878
472955477
732420221
521841580
960371719
976186205
596463754
90378173
791130424
497004281
255096210
480257897
700642220
626755040
194978652
689685322
79262401
70458032
42834112
397618853
225699344
15427050
969212518
555918093
959951843
505033260
527615412
516858357
927488142
734293224
210892836
542437682
646195259
404425753
473766562
864383391
288647782
297247110
891998932
381306113
960291542
954033670
448364172
897278774
616738977
495032181
361359753
481692963
542879271
776912707
203770249
413758540
863810144
423931125
239047882
53194828
503742957
176502127
561889736
455338458
448570793
79605397
162890030
56837199
286111445
712658527
834062637
296216466
152988477
330595260
401037540
782015290
178459098
661527998
437327309
271665673
567062876
71933744
939179115
464919661
143673506
45922449
973979084
150575434
530522974
797134295
678627536
222264133
165377871
420571733
360640433
112145654
735357372
436660473
932735319
880686145
791143639
391526972
611167329
904080448
660969543
65143286
328704485
212284010
375875167
421754958
235299441
202282146
986603815
967382208
486131950
431809213
237323010
96970075
311664951
402648343
105626312
12314596
526314224
488977148
34030991
611798503
130838595
732416743
969954826
288891885
46657917
741798623
728792678
556641163
480522032
175535904
460766414
35098667
803950117
78530220
717217963
761695073
774700265
108768015
561834853
476345389
235660317
197995662
934439781
928831219
874822643
