731788562
136642110
510130461
790667614
33641638
921146202
113504385
675324429
987211686
791350941
957404091
956737518
884086592
845908807
383247869
434531068
879188602
797535804
788903851
365024562
441686778
416182592
238265715
294304740
471605170
773363228
566658429
947236539
992498828
152525057
617183391
431961594
190115327
169891531
288730333
679775697
894993659
561121333
639918832
961899247
928209564
365151655
703962043
619666787
382754547
951447220
103897184
841470152
658624067
553327878
435635249
576652730
490159042
63231057
612019870
315605969
898376394
215825721
319062443
260278409
354487772
166267845
682825600
834686629
174167550
525442497
766622190
714195061
557178474
703472171
539537408
318067269
157616972
827004602
436814997
76535122
712220547
618598926
911550192
520157949
669466043
725188276
288612472
439170949
716889806
40530660
941802551
126884269
557871659
973124362
781399302
679167937
242058889
379640422
607411475
761941718
682326053
869275413
445499237
857312049
184825029
389702121
284291677
955151895
13790470
117567980
419035758
663154438
626416059
535484747
603385421
279777467
304275528
798904493
590812364
629299494
877655372
243654651
117796822
133636889
583639944
639737921
156323401
584054110
922072867
860369469
76008379
777976548
219593127
674873277
394209068
842945133
173099689
54238142
335332920
279763922
440896598
333460575
425380478
599321826
621494900
278648112
500468208
22386912
369738941
501621835
374892409
443154395
788828056
978111979
884286345
438671401
751478591
311862347
273672104
545087106
233378719
700237566
33079028
153421000
41559601
641059208
443561311
951542781
141275678
760440286
106677777
250037385
463571573
311048442
188402895
544194796
818274171
518474995
512141988
304991831
139269712
133936488
214315169
420451031
485477060
632853983
989148490
241481146
790586930
955537665
91466542
861237341
780566037
790245812
46385202
740659031
300381547
271959478
557762224
980435690
835086800
548925426
881111233
609298653
394944058
124855023
979582820
477779614
789709084
340091549
620397229
233003595
799720358
968680271
405817393
99442230
485922396
612627995
667943938
408705617
651910716
202080165
160955851
185738012
668973744
245440435
469471347
673325759
264663239
447743863
243813248
546314692
960712769
531706296
469905030
590344285
252825254
605016514
25506973
360622036
653271161
511368876
451772060
450495380
335140436
858462945
61516982
811885764
384428418
946942970
254736634
687753551
604015539
149056607
328524973
633006634
387969574
695373220
940324908
149503622
655383675
306257061
213116374
341965221
96278300
74082536
272290825
268014061
498775241
815473107
846616975
880905881
587121021
307321902
755434454
140541840
750308103
710460469
850597574
810510797
183923452
657585581
288897341
317720268
193007228
556059696
942299152
811656161
203181322
836898394
202374711
557452032
664691605
876003350
705238360
347014100
298252501
109806839
354217079
261057899
586172120
793502920
313110523
568955310
100325995
373830752
100632529
296693636
393622151
187983133
882698530
677509104
844775645
129814110
965580169
997798092
17359719
895396105
148957992
540218603
131783382
460634662
64832739
661876845
613098396
289164942
216214275
711117670
602083541
408420354
842289337
640501263
356243389
589539675
224338677
390420531
344475058
719942030
217394272
819176474
455427166
645605515
418034009
15198188
954199863
524865606
712676386
534877495
910423180
707440266
329654380
402856395
960848845
813998475
129274516
125537457
728670181
651233676
955856913
811161052
157616477
389514858
694610094
985201795
345693795
242197266
321265714
255235969
905475431
575159637
653323033
297417688
678001832
329781517
84791436
486177866
42600652
49634550
707676980
88232790
576488554
681336778
800694489
894643273
78765974
439432942
679652416
542244913
460265158
98801219
661750348
693241380
764085115
406233219
661559997
65912308
950995420
432832212
669504392
712002596
203599891
457440417
629402062
335263542
54117232
32236692
724854561
631067328
729207038
643096649
82936805
679035631
943556695
867624123
234672498
476279697
588820367
799966820
906435821
906260852
562544848
779020799
794970810
806674211
913409288
960081652
533332571
271768613
668221518
18879128
535182445
609768438
380130156
995674382
884632897
119048137
51934715
465430947
840526041
46529282
714578379
48585087
813037874
817168507
15864414
982714716
749684684
896460991
171560720
185280299
477091939
151028599
526396390
763243539
149457747
424579091
662469605
822727850
421854253
94035579
498904119
453085948
962845808
710327910
107914204
473168365
298905474
947882311
982991225
115624361
424344981
123389420
959440777
859906539
191682472
513959760
965982924
977802301
790809797
930694570
210396967
636871578
100207892
482941219
541787187
384153845
83372048
616886616
846216634
460053805
456578530
229206864
43576694
746490461
547625161
261492431
85739278
102709963
709254303
542696048
683809242
801802372
913469765
55936359
760935316
353702519
191587821
666489849
571561066
635497985
458596166
684667302
31918053
491159681
883638610
862032539
352878055
479904589
168540723
723760358
389796316
682018857
101665676
522937419
659045829
195138117
79812726
212950316
312281377
930190040
428220482
863272960
268547998
248113748
246885327
408594594
723401811
44271532
722005901
188084667
192566024
416882197
45325549
210718648
1457639
771911226
197288811
552417011
862851850
685592621
908614375
605834687
934169239
985493943
152899731
1790385
700136695
390532346
396890529
565797199
273889792
978637503
354208472
641371025
207277503
595323205
416119304
783804303
244274353
475044016
138630727
308606522
757898686
980456054
531194334
972914118
636693307
890947026
521479780
887134601
997849304
527395714
350098464
626688755
21575665
822385794
929103719
283054054
95214017
245094942
708457897
332869465
647381002
156208701
914194873
213928519
62673725
403954523
3441145
406134432
355791922
413484507
308142657
387807834
546961893
600007852
847935999
953713184
454299608
179985612
365097076
809189667
869052564
509755926
567947894
746494077
628539038
727519716
619795360
384891708
666219484
133065250
688590285
999179410
766586117
805761260
661225518
601689985
66261180
317265815
910240393
232738783
887505881
115345347
531342679
584364797
219253057
962290629
79726861
421567811
974449793
975390533
828754444
915228404
879997864
899268229
463816900
137625076
588260806
167700796
585389479
335154007
784159162
618549436
739914947
222726672
724894221
308963246
621221716
741200631
938782332
246246014
887452004
137033793
269745217
132358292
921683785
753707217
978413246
983583095
527241020
666248408
647792854
198227548
410441913
690828949
304310805
773361879
119181545
867317887
341944360
523600442
13429178
898560382
731876335
575086385
448579620
268956444
375430399
308616007
859470575
910289810
341068913
338526229
482785477
728203778
87938529
691720650
645483186
747639571
977584442
710109681
159211829
604677709
640459774
919141069
687361152
585931613
208107522
49085997
918415866
951532340
189781700
753903828
399256270
415181890
232816836
988891620
405157457
694658831
683778671
652727341
378276817
669797239
124112520
616951209
325179494
309266625
715442070
682238134
602890420
612590153
127878693
371541972
889733443
631834678
364388613
408751467
258100608
812735264
887725231
862648006
60848921
326344401
390200139
907938234
720508109
587165084
939269957
67603587
495386942
99046907
286563193
950824353
63860900
324857100
331832864
489414589
480565189
23508565
593961575
378094527
870489541
525869387
446195576
305825712
823653646
818239727
864170383
767421591
50793277
824065367
730791012
592422192
806933599
821130663
591878419
51932415
279597099
216174285
896443099
738014409
369996666
647838483
186851191
503843512
326026960
177054338
307681071
564876343
300001813
874974023
928186277
234592043
218773689
509630704
992158463
534979533
880148824
84374426
84284587
902268381
722994700
171848365
16810310
671321573
368255894
694141000
143890754
242730236
732978680
279900448
209817489
264390903
127065464
855947164
8097860
222651058
339018195
942352062
979798751
646599308
510558655
299294039
467419777
175819252
895879089
496198969
373648503
297302894
828972199
56898885
171783590
195222672
131889698
994174716
15019709
198148300
631028173
515529616
135587618
631885958
33163583
64950835
831897662
20101365
665156533
663795373
107526578
362826523
501532843
769507404
195961337
937796761
104575673
437685278
391709726
423700660
704428587
840991056
775442483
872056924
320492497
846587859
413758035
676079794
108116858
14594817
132501204
132890746
840927455
809949558
591622884
823488577
806764444
347912792
613435724
445607819
467396376
447318412
510662718
232083715
388672390
10821979
795770049
59464794
860937546
233986827
90646998
694204419
602464990
591319047
493719712
790037116
740087132
263530692
311393461
186575723
651192798
155817867
911984506
650561715
531294169
974635830
521899066
691583284
177884520
372472759
131032316
756662880
824249552
946101905
956304282
257110175
330328337
543358768
483384533
309670517
50817809
354293241
815142246
874130029
923947818
438296784
530425755
249608407
316229846
801585767
83401445
543233751
36519330
426860000
794415019
311578509
535333904
860101002
700789545
414036559
488922912
104186765
881580272
488464787
102954511
333984117
869954865
656363084
635014764
236609537
459708778
196728364
780146158
1722944
135757914
296899556
340675620
37854477
726613896
92997384
444210075
272290658
375353438
376298751
289071313
587798564
720143549
397389551
151686886
644725773
721776269
470227333
842569221
69347974
820747603
946631043
472712968
326677458
771175518
589963700
568341917
874062669
614593641
79620308
341876988
886673079
763087592
34796386
291102086
497515462
970902888
497479427
133487105
607792160
969826482
216632253
728833326
505281520
199393473
515155945
613840567
472565314
504676197
990288990
514833267
989481443
