604632747
829108206
830645235
423508182
25479853
65412959
690118699
366029832
180874656
688939157
726473148
705841160
243686179
312638468
441691610
847795859
651863526
767136117
284356197
295464622
840895178
102235666
517871059
561540797
193628353
209909881
578213888
96140713
670777107
837778439
349559530
808953936
321552550
947520471
601999792
188668670
685581627
588486004
775163362
865663919
969515500
881888616
831201330
104314916
655375935
38307623
508861351
563221461
21090245
82856458
449136319
36815375
308633231
629487643
465301974
502397080
311237146
269104438
229879828
815569970
487199070
593977986
695252723
343096216
339379626
917519211
384288609
296165707
710638674
253022939
162214232
63377521
991972753
418692277
325949121
959006560
271034335
413556143
906164860
155320729
701048529
14992427
75050468
587920649
388642119
312744155
500320704
692064906
482218496
99602711
877431523
416477189
358606175
959593391
378464848
375537514
186635893
488105114
764935288
737856722
654019013
212695644
852582785
768067305
920642225
385758797
44842620
889940953
303538522
506295413
231362745
897681002
362939576
74559098
114521440
472206643
518927518
107332074
954454095
26635471
417198506
692223702
813947210
611035963
375591415
745737041
704771345
32379361
40227428
950411605
772370667
782929219
648620853
168308137
501301715
488352885
162409640
306983161
667278422
2883322
267901534
610379750
388526384
975923081
868239965
979750519
53537613
284047077
845071950
906258204
856609995
79303818
533651018
738299817
320658216
961795309
398748433
241546822
392475890
174905184
680987451
12463259
849713524
353126915
733924745
448433524
249060148
194631438
573257381
626168554
309797002
211944356
440053650
951570772
758733935
806818754
303697318
838024127
742795996
395840894
692199428
420724267
187307410
133969223
93801610
693066848
249278201
910321035
847649920
539506405
89604452
920862817
914507270
492373238
321895869
255438275
760666224
35399468
241998336
419806440
730690370
858906173
710789694
218903395
596461201
644665639
639250166
582080244
979565880
513839460
658097990
560724304
498750824
996634994
482705754
260263183
825155847
715744301
259325305
40857896
199155323
338739112
346981517
33750976
536564102
388934184
297437085
947680411
629674903
503295660
46152530
268297850
596025790
322989556
665150522
833293253
709934572
968404013
537508021
449135970
53816681
667197956
930755153
333810459
881408413
528880146
422111993
917872274
9667483
61632685
430282426
44921923
776074162
201140439
220651117
391951258
511924656
677038718
682339292
207527017
347228553
691569754
952405339
476270220
467686930
389800140
964698512
175761267
331484471
649412500
550328610
856751833
178236280
810189334
987041213
531957365
407983957
13171057
152342562
7683956
966822189
379564809
938012927
568042218
73013233
1230606
492223686
394885350
102338438
273199264
321368597
32895854
286064721
329981004
101907416
362246926
714792615
454484933
866123528
491608272
564181632
246350725
586387802
360254982
511304073
573530592
866685642
965884827
214099225
688693750
983967299
498753598
524696156
674655336
240704826
967663743
753556825
384363121
403256987
466456323
897576453
569813162
73422829
58285207
328043903
517432756
570687111
848255274
708281918
624794287
817164748
953499023
147047528
660734288
443502322
720471464
793177005
577757945
56738144
499482639
134544963
526338858
180786125
413644687
289231963
822614997
508199697
611409384
89276177
134243671
608690099
330429494
51227946
399667204
594031818
994368469
172927896
528102595
32211079
993871316
2843481
18430367
257602908
589304936
871529000
30468276
351706070
863961866
231153013
520233361
174486738
175798880
327624976
903774346
331911360
371237594
389027036
659778141
769053243
505428904
9233059
959277726
758979097
574038246
16104188
486735254
902271077
747380322
66702470
449133852
547543567
265074409
545546866
62866827
496639158
116114595
268735949
591481188
542115685
258763686
470908927
644237829
380256370
569042815
959756932
432891219
2804518
147453599
67755844
222794223
605341432
513149754
759049351
526782173
984638256
43565753
259451269
683564661
573200747
384793746
128197198
604325746
797259396
782019160
972689792
909412327
630252013
264758149
407135187
215796764
102501644
797545847
117662455
510289556
34519976
364995228
579021355
189936281
614281312
583212968
483930736
754817477
679624478
843908245
843792418
34393813
506025057
18764692
78228569
453073404
856663325
585171287
18280440
157321938
130566487
866583180
846978432
598237209
596353022
50344605
802639205
738046368
740318410
851959079
120292579
807795584
395487298
248759794
492262196
619643028
464544397
69514987
69283348
989987778
900863009
373379719
924701266
953351150
938226740
938295979
403387269
611487320
186529579
954061781
359133438
517330356
779265406
960340516
379723068
167936795
518016795
980784144
593583258
563936707
780573762
745884366
14499067
827665398
723615665
35996833
638906513
257265262
526502494
458585540
988529006
787148337
515887938
28292660
256458928
757186767
941881912
893627280
660010467
658057042
646957334
191151884
551516788
786256628
492825641
602962221
28530178
435146781
869036725
324325401
101626232
483760251
475931728
505346640
209414016
154978642
358880652
97035868
229735484
902229906
299389465
146122007
84984826
727944037
965532774
571985099
1442418
750972746
703881587
622536300
226054882
624389513
320773676
935526215
916979371
589421877
194367578
228242438
334839757
120653444
7466655
203759732
388228536
202177093
356959308
504768754
311216608
10541297
818878642
101480285
398306114
844846043
663891796
757780559
358667576
500835327
106167057
823572749
820723853
920840540
601519803
277557431
731265192
246500424
98270518
477236717
162986575
540405512
588367268
619992138
960611063
130638214
762196110
109082039
894763251
95629732
757893469
882807732
370984729
460764019
260768490
990901119
932094102
602401302
224230185
381208837
960497716
562993115
576858638
416144043
483254819
370794827
407518584
413999215
519133640
729909223
472494539
141728111
103906574
879722590
341782179
770811095
422174028
198886504
140869221
267667900
82649933
554809756
863017307
263037844
742941856
223359324
452588020
359959833
660072049
610618682
345463327
128863890
22270239
717061679
516738999
599993458
963546872
172223224
136737318
589816236
723119629
348196894
589948398
164854027
623135192
616165358
778901157
491262138
118981840
489957393
568727091
733207597
461532081
956562283
298558904
405687959
699975807
313820794
673202185
259895495
918206806
47558750
753927165
908514956
384445895
343630648
119457872
386844893
362983590
741788720
807264222
249950804
62149186
551052984
544548270
734453038
964861357
698163279
639902650
126776498
444458166
961325880
240977993
170114655
41891590
612255729
667331807
65707954
418502775
111051040
900017649
649726078
499021037
876841822
671609428
675560878
594269727
681433440
780408131
279504543
496707486
392056263
128278548
377193118
682693170
318776287
671058410
910479096
412014013
564105864
440826601
1812527
673918142
546425687
815437327
956880924
806580755
583812509
866623366
772190165
676298840
53749917
968342116
251932550
841771069
157538143
750929765
185307363
879443554
868987390
140183310
283427916
917755147
360398107
630069011
52401902
833047332
863784873
487421484
723115302
941197317
756852710
653693940
854396909
670224437
898205122
975807935
952595348
61404494
714728503
868980121
10457218
814810073
8217965
603205702
442957568
423714145
876345997
535422048
525155026
567846520
485751047
31035542
543026621
423922554
157398685
84057378
313520034
916356674
763035425
123833592
942795881
96391024
143508064
830992846
919446128
400055976
113945207
581708111
943565946
181730207
798334416
123902868
164715051
7268
129726091
468617841
909537182
757192404
187111442
628687755
956701334
328362825
962266456
155268781
455446270
725817168
110667318
430474355
512825752
814147743
662287900
36238674
298369068
590894910
926184239
914066192
671302009
177225117
683759573
42901592
309768938
294637885
591856101
343424819
769512103
361848178
866320489
543019352
294196462
688780842
174520195
556327629
729245232
134347669
167132257
614433055
134124567
988239281
375546576
193628959
289388657
683470850
68882359
129418202
519442305
762095741
825533799
573820139
73823028
215659898
797315831
732312064
73432831
144209850
318918817
662063448
736506723
618841637
385756677
93598091
859496677
567647964
136277893
824044908
639627548
105960271
306993441
164021399
423762653
311751184
779941625
683062727
801678540
490130613
753512933
626298087
225755526
462437899
823982512
7416361
536314378
292500350
469196324
78536564
891465010
442208130
482894798
585035381
815428851
505068808
877926331
515282928
602482604
281948485
334132280
721740692
547192957
244837449
489790652
413482034
455102300
661512400
150057486
762071842
435718271
114253104
930633523
583302216
390696916
692620728
436307921
274068824
794859123
378340315
557283712
566996327
98451640
57741328
932579897
197419418
623065471
721958058
348592547
918693844
433824852
264658696
80580123
519730054
155998332
31772241
79105129
980918076
972647245
410500478
552314059
874801977
142442864
707124480
642818291
777211905
511574606
899592580
194338465
122808122
68760886
603857506
720423803
224142288
724664772
767135952
623289051
489451628
312257550
292371234
790416561
733144241
312919853
231363640
328246990
171059574
33672980
410903468
427303884
358924674
613515598
455389844
301421577
384358645
826026255
682481734
424553463
391327158
414923035
155367991
685844811
723472890
527619593
225784424
849932957
829967344
544234892
856437833
795065281
388862378
408483188
589653500
668660525
680276011
620083915
819169817
561882123
911079222
378877490
471758716
743538925
100671138
472288696
835413789
509292522
613371040
302435928
336065158
398116031
42183037
342582489
231961892
74528593
156889558
606526421
