177101352
847902723
938451639
506827130
81762501
522761881
765081279
915059281
753613589
882572898
378546240
682999623
547100203
821615276
155459356
184539498
342575696
621508807
705123496
682089101
219777141
441175577
778133139
794908626
627324050
779415857
395662802
9324010
945024818
642511294
720172675
748276901
947107163
513221454
489489149
130994001
66111265
388301956
831329795
769687809
370330784
266436864
971279609
270320790
850291130
74945899
226341455
678098079
772113872
741244424
503886651
239661856
828705442
824538777
437262974
735925773
69769583
143543013
879503078
302346643
127099078
755757269
970034462
111102295
162400222
630269338
735892458
33878748
332126126
24465355
118428233
954273739
790179011
935435686
311758316
953340276
469895967
507812349
944617495
552378151
553074401
717564722
237210136
203780393
138624643
480510819
919571458
122568386
75958479
753563375
61224418
922568251
508798876
528983151
642588731
614573513
296402400
860177314
107920567
220021792
339053440
192462706
345971952
747648517
622816191
549612911
449482843
893269754
512780460
483922697
266029806
561957232
198925516
327124927
749272240
409534354
518547132
766254068
972477650
681889401
710697878
613324072
957920268
578562750
963240935
195859980
445474862
261195859
292846955
697184802
656937875
609718651
399891781
724595703
213324711
360611694
371592769
489561618
580964201
589011731
31027975
26301703
609787924
592035780
487533569
499267185
723642734
181673949
779710909
233054376
96026380
530148330
887699663
426031165
509323912
725729366
234542437
767409201
784407581
426956210
104138048
188286984
600422798
815595657
826984820
656311154
162065450
474329812
113800216
388660546
37941585
28985514
185289867
383465919
650861426
684396174
3536147
365884487
91029180
463973750
472217245
263800913
481484948
59792579
601158421
126789545
722018987
973860615
215271790
487595343
126069256
604183566
705154035
154007991
484873682
842740990
425878904
794192265
765050958
831222414
337201734
249312921
67873732
391050363
195112790
67040866
344858463
504233743
775169737
824927736
722193218
868657949
676380021
320433831
954738964
840337133
706802034
540630219
214437236
700195275
934292165
188204833
259058021
626204872
262591289
433758018
323831477
31281875
898592235
808120435
258517270
209343881
600833527
259806765
126772015
222904323
195927181
90434585
864679788
534117554
781931081
217785243
198690878
390344053
765402123
257411306
927803544
384720204
199269025
644536548
135938955
885248683
579755029
64855683
896930247
148996901
990254898
441668859
128459074
761354771
743209387
313576587
605641507
967049301
566410465
512849337
267824421
416573256
193661815
731834640
644409952
616367449
675950429
680319680
918264192
716506922
989513954
868713967
860802747
5179982
505954473
939111272
832012848
254055687
672181479
373268585
629588850
535977843
362876516
977775113
232649423
754258320
961975509
103325017
790908166
468354494
612143735
231641575
823933586
252552785
989586883
511230288
191058388
467434384
126596
519571505
209298253
899435347
146591489
180423324
159482945
121540931
580866110
123279091
255400298
804098113
481563737
351585820
294867822
193141879
883260485
731846577
53696739
215886701
499185217
890151630
654391938
572625412
889411512
449909698
104363187
757872378
44780380
608249962
15593098
994724183
748052883
364578464
253929091
152609973
163970332
730153502
389386354
182453191
818292167
111108492
173392210
838696417
847924718
986810051
986790755
260557914
936773752
630791706
369292299
257740306
457533548
975171686
968249165
109974964
865179566
636672840
10023835
696681789
76060137
401610565
76760550
972616147
107685993
260676113
56045230
116985272
97656729
142257848
29171547
153106983
342460222
871243546
397594533
388076725
716759420
815695519
724700693
902601459
463118942
843805271
821098625
413988673
238957662
757852790
537190634
772881196
396329297
143954126
287430406
527297490
720129666
692704563
106393054
416681601
34347941
200776061
731010424
587248604
930764821
869805483
162901185
794515903
601620158
216185315
915280082
586290001
577577152
580172440
393215542
49484046
911972145
107422374
233562847
232254864
580511938
662771876
733658484
349833202
723485477
283164033
720655973
953702601
854827441
501874055
432977315
649755658
764850492
980912930
353728783
515983359
84685095
137452088
971836637
593313458
680904085
26582722
812368513
22772347
842572706
950900632
195304043
816156856
750738582
237946359
615325344
612707292
459141716
874138189
836169661
371576064
467117575
381177221
863763126
647600788
149149509
209198583
939688461
99746102
783207998
265524424
821439507
596664221
226443657
877232182
964798950
774520056
135585735
640249388
551350777
553929216
850403361
710886137
507260494
772584843
87859989
904499116
202964018
616881081
886548710
820270021
190613942
890712302
144743268
982152718
48865783
703507872
273688961
324235849
444163948
471705502
86894259
712622410
239564347
577048282
129461124
598639820
589713199
873506398
273147408
840805286
477121557
818892326
322787411
282240445
521172702
756231437
873916726
91178283
559740798
244650392
6234564
322807379
213197391
962937975
74910482
930727204
451920953
244290938
828366399
261291077
500831095
811349885
196085439
79645275
467034957
137780950
471321789
930212211
643123718
489220167
314785917
329457619
343733672
45743423
343148464
371721614
567924890
862502822
460980016
292634344
829591145
182510678
764495049
199513556
465470938
764086878
499425019
276626371
502137799
198733919
146718867
345422261
45139999
11856331
339974190
665771671
622806886
243142136
815205486
383391751
284909648
943704513
448054563
70520630
929864474
676776944
979073706
167453967
619789511
703188866
362802313
589418130
783310920
535732054
431699930
318320417
46854835
996571882
614174335
702948077
638355930
194695418
428074411
444389799
342501300
969363654
284317619
331877341
705769232
677376792
748914726
324782754
47297335
77588264
7724696
885886630
734456113
693974418
269649081
788693992
785013171
331971051
656836859
798948932
835931604
557300736
562111339
509407944
580156400
21653773
618916835
626235003
628967799
112257409
745035819
90214230
515630102
3664764
728019329
960500818
392459324
647196364
461684734
942412717
954274139
38019559
542120794
705722656
528007357
545813298
583864302
352880415
726922801
825480341
917934904
306384878
537858558
629125478
608458194
785200562
407252315
774909674
751720940
684115458
58459956
122679723
695814954
935039924
332552444
917510465
370256528
730791349
965955087
309148262
396234668
137816807
870286316
714424140
844674791
797912044
15179941
856388682
981400585
34343101
437789469
266036419
899312200
803487456
194322504
438650941
552355671
886504623
395206569
942818765
553248502
617549649
895475423
777569274
883952761
831594415
342204604
607080869
373170212
610496890
175556769
853072952
386925326
417774539
429245673
780118097
436098560
823434416
784450685
810546148
770020621
550863632
793509087
717377838
246325989
792423535
223367521
892327496
740717419
893901501
365154794
483751904
335584780
23136321
755899758
778685017
242341382
92717042
830471378
13080375
455707440
408099070
483218469
370903694
858786330
584716515
879111092
481537661
374241782
414204406
2552380
728921253
102053937
584660419
172798144
2384869
824040561
178097584
531243284
91529225
608226894
449877106
866363448
479268709
245342096
691804864
517488172
363789005
661874779
650560655
537776714
343381518
992963037
771370309
354838707
361921550
67645162
422605392
858591507
661609472
913312442
741829858
518085714
326513013
891349121
636233540
381697966
750924359
850338176
753514888
954644455
64243798
561473756
738942152
404853480
5830334
541735621
3949760
125561598
166981466
67228343
515322087
819662881
723681126
876427690
659170860
735958214
330683626
229821712
810876593
934739706
401435168
319506076
869633811
178216781
866397034
931791391
539850434
587919586
609108554
310106897
766563811
513450827
908359889
695916198
473532916
781907761
254020884
366516829
349008372
820185928
63695402
297043794
691610041
594381129
397990355
922166976
794404586
450085321
232178260
900275324
51014340
521102647
39461583
818775181
553209287
744737720
691839944
560725371
538456444
74038942
1885186
416030172
516453042
856874567
300664531
1871259
911302990
27764927
402894774
877263098
481937330
964166795
880813338
990690663
871044303
104391374
627896034
275252682
780226425
944230057
137386804
89765113
355741326
708833229
259092557
245461164
473989244
89584708
142706911
728795194
90067817
693295512
828060384
274969430
818300741
647665228
780590750
834735472
293716597
396119096
10863986
766639659
47190546
354915161
418337994
86847543
640289307
48770918
947730876
448817913
116841686
416587262
780498944
594226386
936652136
912120072
60288846
807619812
597782010
55203366
527882014
821718282
885058015
674099579
787195280
788641816
136106411
605843908
172389922
223379074
323800622
793160560
981536083
384107329
933366070
370747144
42574566
826164
290495235
172245013
605171856
425218325
141853830
693888997
611953508
673480554
912796566
233833998
338317292
906180668
587376382
972970936
236953462
238513230
868237080
189145703
881581643
373090966
567719880
629696176
950741131
34445398
876380995
724351801
125017290
323681124
435051177
396391615
660860314
565904992
869545505
59462682
517124577
425536996
450031509
102663688
679864451
191169017
62146070
113714726
875845249
902272412
267526615
266209252
636002691
350829684
556207098
743022852
515870247
744220367
489165500
669483598
433106282
660799058
221503881
570726457
548837329
417502027
568871706
288272383
238429376
516404951
572973683
772412298
36635162
527913700
455846359
811416464
788481719
765573392
509281250
690412625
310944896
454005153
753850925
48468719
766918782
610171742
88349110
774187604
767474025
692028324
880521367
916639945
76739492
200061907
626356398
856325517
204033115
