588096413
937279059
182844871
794109418
202417546
107439523
167679680
383781578
930067561
165415068
283060664
484702192
341737445
261825539
575532891
623485628
934365075
202164911
220833698
136938074
816705576
392150717
215662247
786618969
140730914
925789288
442317716
399111442
83486824
205083079
653802592
725030917
227416559
655795507
323509437
497973485
319363375
606782621
917444565
444550094
809130385
768096946
630958626
933978480
627180794
457063675
297891455
219653323
635326496
479385921
459900359
711067686
672947808
158864489
110693198
195945696
721616811
396225900
653378504
276628257
665121806
768568237
300294753
724984482
511612475
558029745
257285633
685941937
938316100
77559405
304122253
327582454
284720344
776283602
327807688
48608629
761192089
281683766
159438175
683667237
627897833
222664392
763784945
604100901
745182718
942734904
52083109
68552069
545102309
127563741
776356672
923137473
953404116
640816308
779428286
40562147
467802192
905974143
422366005
69151048
199778041
611949517
281337221
557767090
175263668
132317905
426347342
896664204
831056799
62084568
434753605
439933045
236787725
969711265
648730422
442457413
4783292
696193851
979801762
568877569
505946636
188733563
140839627
810752359
301202732
380984778
374178336
643904035
996855314
287245541
580806436
855217945
859317759
90287126
483889196
15948315
941327170
206017854
428837232
612864812
516387562
155418903
237495269
483017741
692810135
336423626
686349748
983692849
992085884
336970873
35778855
771608340
926172380
853488434
563204411
11044478
471109890
470584861
256564358
794278889
758139567
782443305
899808888
543811258
481278130
579535659
580615284
146500599
485822069
632782107
501130242
798765436
267356618
366936949
52490007
350527733
951238293
657821884
117942224
964779104
694635029
390485485
651818149
659884441
251466685
809198094
929045563
5829325
527082713
472844718
544838424
470742309
949453495
634558342
854725243
733944255
255610013
693684009
1739610
113274475
755808341
539849148
497870780
359303777
835840630
237013417
504251722
559235430
800998427
212676677
59806183
813288004
352642637
291785252
99643860
367654082
130625156
239924447
292344572
672080035
650490094
574785959
619417884
12977350
87943682
30387932
849311940
632798274
512211704
318545750
94917719
257554284
656082274
4667748
208970763
154785880
892614704
292514371
824043809
14453268
304946372
369810133
204830896
314406036
413038534
731550419
118099672
657668242
534914482
487071161
603319098
15685566
401339436
329659574
462784380
181022382
920431263
484893429
271360094
805452697
387701476
871453446
47023726
482452676
117758958
802251898
157205729
347974888
82814489
944857979
475039377
838110783
415880636
277891304
367133663
280679961
369955062
305011848
599938815
356393262
912288259
191643697
97883792
25140542
715226650
79232153
856214846
326422700
541883366
27948380
234354616
407721274
21154277
18591112
626751790
433492924
322786406
722378219
196647078
610786635
574344689
770124782
574853753
590056501
12031784
765208314
599804928
123448132
962525909
182104419
811067319
615419414
884954613
914966830
893164436
196057778
773569654
21883184
767226025
38526804
946037050
830783028
806091521
54866108
710503363
67318102
816956506
397289524
651139512
933640737
957893553
647576842
108364770
989152178
782048571
142163477
616789943
507827289
13108757
950018335
479427223
732766714
363896789
359778946
216881060
618935200
522766659
106187445
125426674
430694012
659923269
300903222
955152193
158120273
664749583
743561660
964033259
519987644
879553137
944713680
948251807
202515404
472308618
28885171
224210865
163490476
507054644
895802434
132918259
751000959
579267834
265742364
8774426
817207688
559099579
213270336
466886238
446312574
837985046
91568163
544551442
710769060
271862849
220445500
273717468
656990331
692424648
950244495
324402594
38486911
178130216
96802298
628274150
68395075
1766528
276911819
260458096
335011618
135568081
53390583
111880555
626964224
973269185
374425714
851426176
394180904
292128796
137944504
599020692
451479247
276675422
517720685
682002597
787984974
400162238
237482746
930652554
251863117
755167701
567220532
471065827
556810148
571399839
94431347
572870743
482465536
637468212
940379349
815441160
282187760
952812239
131874620
310744493
784594462
979687606
917587216
737499874
897437134
369019322
879536563
364861535
554480143
351223802
872923346
761811488
660409530
414799700
840289175
668232835
764283780
346259264
8594978
579843915
568347547
582324755
555070405
55564385
878837837
801554970
368960640
756712690
351749445
322503343
316832932
498667007
144800801
206976191
897408133
808297366
482575021
499982871
33215419
882843793
875631137
202358997
916585683
205586345
698476492
332619858
912461211
67665835
797179036
272146513
51157379
935928495
944217260
552030704
742396945
202269707
424617200
862022831
858662035
95882164
58682
122823873
13112089
231976800
34390870
374256338
617010686
453433338
517391565
31991808
185657814
264300909
313043844
125751183
704212776
365988549
665739070
349484060
357087892
546217979
889093757
301294804
959533652
79602932
271345964
380904435
554449746
592770096
464579245
695138425
383680166
620552189
641320834
937333254
882785111
752807264
189246908
684608883
171195474
324220153
715609170
459027873
550274268
765187228
86488699
786856468
622884651
818466076
847817926
376408395
536530635
75133140
504934938
312444055
206788406
698763876
163290219
933509156
960630834
653486434
819806591
24240590
988854092
822253139
648311641
565105624
622980073
375710588
242966071
951405511
176741641
981130186
178288586
32867738
830608807
430065884
751020534
194346424
993114232
484489495
758019783
735983668
744952169
88170849
158607789
308547025
115617250
328876779
730544848
184021235
589517044
255737750
723978047
517709038
504413560
691368580
470173779
728021128
116875587
521383073
163876394
247174062
575500005
896412413
199666754
555400448
896844552
472067199
481835246
776722521
947743340
968943794
940394923
476141339
895466650
83822923
279288419
900683242
663645349
339764615
449488373
294103294
645165739
58944835
361888466
921003889
257152138
660579546
528454177
139240227
959892103
22999406
77470836
471731158
320613100
510845720
160483662
848539754
888504094
603207340
411702472
643550049
847041531
953822326
236277893
620573249
315342826
247836708
622242387
420590637
412080160
569490535
64375779
777110971
71894700
869773099
602008322
516555169
534523946
278662863
298248309
236265006
943613021
342595019
816830416
924743934
891472957
468663765
155528238
384620929
923339259
430748664
12179148
60438009
928062142
805938323
447061761
691343411
822666940
741315215
605661063
9315430
38337158
107863539
727160065
390401567
958623626
300359864
399836458
450840000
908837397
643928492
314015807
609841230
304959030
175437465
699937027
504446512
136991909
311533958
729100291
846679059
92308469
237621457
497251377
981331495
557311387
3937769
849048827
265956376
422711337
910664909
693888228
793208729
673001798
288932879
197927847
835749481
615434952
426428849
966120306
591113092
68827307
704688237
475783531
279410767
116732856
402337916
755478978
752624676
106001296
942615248
554351502
511132981
12214924
758982002
917006959
800715700
610612161
745828569
833090179
954685856
451311035
133880081
28128663
998172486
950040263
520807076
936839431
16026150
977509617
864187544
889011559
710563059
345413651
137987198
777851752
387620230
761837924
217840609
864598639
154973470
248458790
96424151
159955080
480096087
356313407
182755246
780993805
914019795
371925919
397212146
225137320
869606381
593338668
11434450
139802057
934947224
676559574
477611044
329370503
595925778
465498484
739452827
775115058
241813750
53603689
843788441
165719330
874227725
981130249
529386728
38877775
392771551
881229929
678116708
706227066
354886884
973925000
548032574
641859079
767285016
739813270
22819635
644100230
580297471
639050223
19405177
117224390
333979200
998185140
842904527
711060655
284226880
888470105
268672861
689474985
509005961
321309091
918141328
426492397
512524964
17035915
906766078
932889544
842539189
358334370
832365767
988376451
915221959
305207383
784915171
961022222
128527000
835751963
562085485
856112506
442678848
95352597
194817587
602763525
34198512
726564051
831740128
876042584
138225722
818326072
754650893
504301444
612557068
988641721
197221104
33577792
55783672
121540176
129334114
750249101
833047190
89930090
801561039
221963100
806684455
31028724
202002429
28771817
213269968
881882303
582533655
448474915
326384620
412560353
246796137
413653364
126491504
315377802
392293885
785960912
185295785
30723494
794663822
24213117
603683476
328064322
375819383
926580237
107986278
751337378
905238549
6986823
706417848
811836382
23065316
352748758
293791556
972854485
796079069
3169787
524561621
802968311
662772616
256343417
235792416
306175977
177916824
199996714
741845584
783567739
907086287
740405869
729246290
343373201
564953315
802323696
295266266
777347922
618279623
478620132
655209340
275422191
920785537
461932588
976643753
575546831
742057066
514548236
389495037
894047377
119861807
153637017
519298732
389124098
261399290
382327473
367950877
538320405
788420699
297507498
150147498
175822668
184734652
324418538
844251090
164832680
277740532
363044647
246883067
220741618
57482492
516443632
354574862
317458936
347960446
249139429
882182772
200840027
279699663
660245583
564118910
663368586
810501676
847798205
663705931
753449269
221107137
340122191
81973910
182625842
434372818
756945859
988927222
320772125
328472634
479386671
90687538
596366999
617681496
811811072
297806299
379012418
267665169
168753418
836564885
603418173
799062154
201839795
41163651
12259860
500144700
167110850
258620742
128175115
733388586
486778910
365320991
336936445
660712605
90801821
943725542
937618339
281070736
64257224
786368798
300536631
527516409
33802736
988986301
868573773
