488181239
193335207
190357909
944415136
266099860
452247622
97026309
148861753
981496546
215137855
822956787
906789764
947212505
560352251
498818689
854124049
964011046
508175409
420291818
336057241
47845131
892182080
703282374
988392062
486784288
640982452
590188
589575123
935017251
504309893
780296939
576962211
81079921
130698453
898267202
38954183
966790022
612275388
496926043
788152596
553913136
589298757
651251088
76375314
819330093
117290993
784935654
541500509
484695338
194581555
747162533
687423030
853428554
644113560
134029339
595999157
490052832
201965846
457630847
625117406
451657433
507451184
213844500
477186653
434840915
245994576
825709843
816514052
662085048
459864505
887334026
351735658
11249365
632139220
782144103
458546372
240930992
626907059
169061968
369493295
856046796
459089678
104879784
740435696
757147359
92873908
723533656
436966359
996669112
302268044
548901350
764824175
154644540
871808636
336495163
46461951
375454257
174064434
641534398
573335517
291581148
968421601
879415460
24830833
307247527
395426874
676173664
221289333
861969456
675482966
355068165
863145771
32903877
88137552
769070609
992567754
402571399
473408802
720039293
341967006
522460918
388743484
819844938
359817003
910963153
122509850
197091118
139440728
295644057
735682151
83092115
66866557
985372659
595726450
77912147
887625194
579674216
80048951
433188169
361720484
416700243
502244323
574996902
321186146
947199878
685755578
731920298
66506988
102738026
343927407
643890550
902045453
454025140
299567392
50874598
902837663
148576663
519598457
113867679
184737677
198335755
536732936
925645274
126287304
592390850
288201607
877773110
437177425
10225404
881445413
412893538
322522448
40220633
358318808
925266761
20216595
813746580
498658791
412617123
225207575
390589551
130584129
36702701
951716648
91791600
181046661
612841415
685805266
544851851
175074482
739048530
60075758
966181271
248450491
163384728
879967305
576599047
448709598
728795295
658998271
807982466
294742872
56281583
221292612
931033868
321368102
861824819
95706332
374300630
30658003
89091082
649917870
106981334
888660103
794148124
67751625
500030235
973928624
34495703
411344188
675360190
191967843
892325573
835150921
142396883
352817779
356341176
791770140
194934079
45299455
443617546
365036982
769863495
753618851
417225107
95846679
74302546
815410088
20682780
770423497
319221840
517135083
311504636
514193848
85983400
89130660
953094423
77521168
454302366
95633102
379937070
602670421
414213894
317451106
983638079
616014622
402417298
221130661
78895728
578216089
965026924
70054679
900772252
329001174
587040455
724054098
880054373
353362481
471434995
698301445
993449078
684620145
953245844
264072204
92122348
158225107
880463206
378131724
749167521
53266222
399723355
278820008
337467774
99300976
665362384
840947123
950823087
452412389
769980771
801210483
693429379
853171884
736514359
442466689
805396571
249167161
616362830
982503461
927153391
361929300
209076285
599731941
606086171
756000919
102184023
695316923
649424576
150141689
225328757
825412971
735551415
24285573
471963138
25629506
178492733
686206916
732586903
801471275
663638788
746093330
773231010
427641984
583381709
670224511
4872065
140277193
948105785
510779154
458675632
842955186
541862276
897959743
450978331
387238220
844189935
799991413
672733835
581466854
997116951
970045459
191522547
800681397
227083631
944567798
65659068
669143806
381208745
710884852
263973956
119189655
516580256
814891553
318864672
181060060
588698289
781434300
16350231
935861659
751128853
961906828
747211137
138645421
691466056
382373570
283550695
837591670
573307240
84724918
181439569
378501319
13473080
151120049
804354323
693593328
554570783
972549612
200558352
638813910
604565443
335728258
759068447
237220932
246805198
339485976
326374929
726970721
579095070
269918271
798539930
62755635
783641181
736872175
830337999
35210122
222834322
52877125
109215340
844710059
661017102
228067396
95836565
296483827
529445283
885472635
105716574
365460207
10537230
625271343
626489276
616148675
580875947
377536319
331296216
415400594
202838381
509990204
891840222
351980080
55998641
556579973
258496600
303388969
286184986
118683934
594860137
276600903
320782048
769144200
470759006
501693657
863334271
355848291
977796807
376498047
239891692
462584620
707775648
361332561
233769401
960914720
716433491
953823726
643428993
182391254
481879686
406104861
405575959
414937405
832371740
712844116
161036902
757235259
788711418
104437129
969570795
792447595
10298840
410761349
290612498
829115670
44678159
241393029
154512336
124795618
752814403
225027656
399739511
954798167
175508901
740253760
802214555
530507660
118210678
95083919
840146481
304672872
659959974
103793732
636804246
188755275
871024942
905844642
936772459
757914889
340656755
106099012
567136872
873359678
406927251
447444096
452285779
297014299
70720063
404653730
916236561
475040462
799311389
518633375
429576850
256852030
6365349
450777790
239428503
92117979
910629559
630529240
639024580
693627498
264290646
664897922
132487621
906505106
773957101
101857223
958090726
138833515
304620568
396597446
784138862
646715391
657890782
526379832
547870916
728064804
287967980
505200256
459787597
713556946
178847357
365106018
505361481
141326598
674216881
379952215
182389925
420247152
666416138
844654479
847285328
710127513
467074430
873509372
609069031
742029327
314956475
545780671
523057196
968862838
446563003
777403045
170419893
402713943
734494512
782861458
598961246
479985516
902906872
511363697
804149997
405429303
170741643
925467633
514780141
899184626
159536440
991161021
232288225
394004885
919467296
537843574
472417375
459966088
549312117
74011348
179640960
784381409
917310799
805841588
413108329
742187307
982143058
490924757
266993943
401444310
194686125
102647538
406832085
891355421
780990968
702404407
517340278
155052441
40504481
441856025
539385870
541606796
358729230
709884403
582492886
323795453
313492446
129052310
49395542
908719428
304985670
710453803
853401824
660483163
603220497
814579836
562674715
97065284
98255368
61962690
423286243
679816884
658473689
113335831
704498501
56888902
584328936
340932803
613013916
217062888
20503295
317364934
419461606
107456092
534625477
638034163
425652178
207426396
223348701
89312876
428694861
853090748
441529215
358274514
96458639
484232321
249245712
746348920
288134924
966411130
139729692
420274994
56797072
978541790
18569781
859568984
883133105
245393399
5385902
525603984
739466515
972559641
516038392
832332653
888216132
987620734
290992196
745945732
125857686
965186332
388927658
355248319
873716581
8942492
633267827
570195494
238287669
300199175
16877191
220266179
807643188
837980014
52797878
646602785
77333196
600228300
260567862
440919815
88886310
675056491
754901057
180258778
202040494
697744716
349846359
456135218
337052355
609196561
470058380
108837904
193240124
503299979
620491233
322948590
577483472
784481371
546558411
47854579
345273962
448374286
621281315
582933929
228516207
785119721
717960795
901486500
919761763
869435606
754999456
287987832
727052872
850072380
657059421
450801193
210285275
208668879
153207824
175971865
659096132
177132608
233143139
629091107
830140794
908039286
27026055
304343208
217488780
729849286
69119313
292851823
53669888
212713282
95645852
640512023
53775176
171967127
951742569
416920772
979783919
448359858
536373454
467616747
854197103
182070548
381785031
343167742
846240556
169690039
112663315
368814592
631273546
370586545
388758445
168141354
215231147
992190206
752793134
320476920
758093665
413617586
683997719
189912476
800316293
462147632
234317943
514339589
754426528
16547398
397026017
38318148
256926308
736287051
196187944
210736274
640759153
765526390
774894002
648070246
526254255
683858312
458102651
47798741
617185971
700304719
661578275
683083342
823954836
927504497
425280876
61584968
419173991
631265649
658827105
566166333
764362137
346460977
667300453
392049470
947752603
867445440
588741213
829693158
772664021
74345166
111888283
894986493
174398600
178022171
527382199
449704755
217296203
104722888
794222664
74235353
955514933
636198978
572726503
100011573
800569355
551234600
690384752
826922030
591266520
335441049
619144155
625660658
77459946
630021610
446374135
294298175
98225936
382844532
700317641
658808813
95117099
628409492
275134718
542840805
588416435
766591780
508684741
645932664
400122297
975576119
844288763
314451102
837042983
584591752
610651398
128163159
773734473
567288879
591480113
396518003
177060688
761819182
238426637
437222972
455201009
486227624
817526547
544376989
731648034
233084024
351478819
834451670
404405246
135413851
979118253
327105441
361064259
29885698
511595136
33977575
42549859
44452087
426799732
615690399
491152284
304693052
788617673
492868192
19370212
318210976
520563701
530937055
791364417
303799637
481748124
333297916
389982854
837911745
87639795
102188811
949065232
964307750
914284629
167038272
624097300
9837092
910045855
701629132
605473498
283545956
767098899
743848774
55693743
557502538
353968144
132608601
335019449
622736237
946070686
150507957
697609949
324658355
525006776
413437058
712520321
820541762
43087253
100605608
653665726
645820337
937122585
523152512
942245902
409406325
84912341
78242107
130167457
259761459
991593097
481315191
394647196
86988541
887394693
735824254
551112075
776714925
475243312
233861878
949831492
349139523
998278465
767246616
891841057
937131836
404578861
624406877
439300974
500847570
454517950
803555537
966749838
809440247
47963405
959653160
346423370
243946386
801602871
646287417
472590196
275726036
2441144
75257989
631143138
464755495
755860759
610621407
437263660
789182520
862324981
935805395
345298449
809225373
150774114
304526203
647541870
169875969
631311454
5114065
4827463
460505463
638941131
629319885
805243508
188037560
514565352
585206947
39025135
927741531
389400884
307165688
975112053
828955894
