724537653
323233389
728358239
944866551
502153065
465578426
450942483
251747101
383703770
308399003
609442536
429685634
555262742
800345905
865779261
17710387
230664716
617016364
140947770
439589767
557661897
226833047
287909365
546496701
511109568
783279048
187398504
602848000
825814730
250711289
867129169
982198891
565829960
961257680
424714830
431100298
766416229
281286558
949702010
642016427
672139103
159769588
190734465
115333733
844838370
664205946
405559488
426270781
817153573
495999919
454017434
464897168
78244253
741065659
887796660
497704606
35324024
181861538
433756983
718874015
278179921
848094482
425932369
132992481
441269833
627243644
863855673
594005060
375631075
434678962
251294156
949378156
667314353
498931342
767450662
397892308
36098582
172575632
701658330
846903621
377719559
761127722
785694425
329814811
796693853
402232000
903954638
824764300
73461019
927010223
395776274
584554691
847529574
230827994
363836505
824044619
733837217
57741983
674063898
217594725
800350272
811554426
50639706
382474610
244705763
504639276
797582814
579312909
973614995
489904352
461606023
862748390
480203207
586853360
341154455
517052198
62400057
96117558
336298627
39037832
723289005
39091372
520544041
448620850
38902688
666739464
101848582
436486358
135094837
943406042
664055090
978356598
498511732
484063604
46553348
566165132
710488015
403219814
85109048
292054576
604649185
324641728
851149304
583556666
465404199
533027882
104351483
260676213
889673538
846784305
761644561
637719658
721443354
635026066
494305719
761258900
291010384
602018854
343571922
577966297
402790694
361096456
444218072
30208952
825849261
483249424
364236657
996139602
540300012
774989322
806564182
659180241
11008510
44244051
434388646
398647276
187942067
936987374
983216650
505874804
562387981
841172367
546812819
288310530
181761480
26335431
256913243
863485665
989757883
285294447
275154747
108469160
59647892
507142749
889263880
243552728
880423655
820940351
757707404
982154774
168791225
108211879
720376200
114684215
40220122
102464320
626711147
677199303
200637420
95658443
573316833
354023009
618802203
837697117
15578315
561618326
814283636
155907541
848447470
799513829
226336180
500750991
6381719
255005564
499834574
698095021
599532349
503865760
154980169
190835917
518223620
367001714
179279970
1061875
337083579
454176102
120796166
432128603
248090408
79297160
399624282
579713939
662848245
894099439
711977613
921131737
489666956
221950773
491564434
327645554
429269091
724516113
972492879
958193573
755818593
668040232
101830160
465370635
614849640
342125099
502931969
122845387
522219133
9801502
577434822
206315118
174743038
617740327
500613537
561402212
440822159
382155033
907817132
769150310
399889547
646622240
837902744
112282278
543027950
578702835
208428065
377581575
12301325
827334614
761566824
793707505
394508833
221086396
245243280
669043345
352345941
655425530
817278962
905965307
576365190
276778894
57494806
653046742
316664617
505662494
746388698
871926627
721337235
930162220
886823393
47114058
816698980
203342569
558304025
109196353
830137487
989547880
922342684
36146804
133697034
125350393
110544062
694884517
248234676
783727315
811806283
953656641
372497046
831570191
209056270
785396628
564876069
1851825
192785120
123110653
589127434
184856002
795617659
37365456
832314136
336501437
656244339
82139104
940511220
714452766
977008523
191166264
662782369
136046927
838905857
362798060
733082844
781132157
772268272
451014796
166234832
362610287
404812065
532937301
693856209
792732055
499429580
889767042
721105950
101426764
482237987
814847155
10557449
435193372
520068918
645281484
193930221
884977228
203832666
797195596
469106053
28404958
754373295
533781909
806718790
620640019
290874271
236450119
992664332
846258209
52313783
783743911
229583551
741770322
956875820
226517146
780043935
262680358
343509245
39582080
837071855
766477295
361033153
839084455
232214779
162161368
180608814
227588997
615978007
193624372
168867838
848105615
577299491
975072675
981908742
137829874
608236991
871030155
726218509
73216190
501857783
262979461
897102708
874847739
49112981
698494075
585263604
268787125
478317551
293551772
865237548
931249861
541467982
164250586
960123740
702628756
667371804
915288839
301567130
644557422
440031204
63285274
620472110
799039960
677390370
204208166
206444419
254510874
759861579
819045946
618280154
909013779
536461848
270293055
537724295
574092393
869374585
486185412
789971474
533720702
576897762
911821688
749271445
322426235
328386823
237617976
306637633
413048905
14948935
279279985
470458069
692948151
569463024
81661086
633184984
438572509
642507350
98062748
197457368
844904813
492049655
330752730
508925545
659271604
675271616
956223768
394788013
271174927
626526289
386031346
833254169
181186391
125317364
767846426
67659659
528209515
314013827
298045874
470653137
439772394
897570532
793395513
239561938
480581593
348587876
925332002
339550754
454800761
637108069
99151786
931585042
771311837
288728043
945066660
41671046
246145032
402896142
89999841
647154617
372163053
842829962
35462706
786522614
628917588
446025815
289271677
567630786
801616596
14001426
104975468
124558681
344461475
627409610
757684973
947334280
698654140
91190791
28343952
310683727
749939613
616673013
939987250
634066856
527374502
454446303
61942332
892458346
180250703
726175380
821514626
125313373
224013986
650891256
98490083
596942430
862107825
6872898
610644349
34555778
59316199
357701215
537934157
440799335
532132601
974593103
587123566
143902227
531043069
997732378
343016905
154954241
374552190
779316113
897215003
755490039
902842711
401395849
259148111
174471284
384083482
396813330
387380083
75441216
192486799
979662094
900544694
693570218
528919526
160742542
85226454
691781242
480546441
993788172
251367527
392238397
78738856
499187914
101934255
552781398
867322735
918040104
361415277
182518323
383158474
666560385
750761182
444697872
753676252
343000043
694099718
460711976
747724786
436173064
650472294
662502868
970321131
462492940
248312535
552470505
74048409
893553347
614982699
370300526
912505924
651235662
674407798
380764016
527948585
504976605
676751183
403654796
299461594
706366712
307148548
466043377
35398052
204861760
692282740
525926413
228900912
455846822
939893965
185919483
466642822
624514476
944056455
44373376
343315878
588864658
421917265
616245914
250875379
549463748
478732988
973769386
303057404
991114749
270012397
731922811
992152585
369997165
916749285
248699646
666248858
290444922
161250382
41358073
129024516
184428917
627104815
765459371
770210199
722386120
323569592
618201586
953659381
429063216
903657702
287991448
707179206
630034422
37448137
939083925
83059339
60505269
152779417
749997844
227633724
333379160
162985972
44283301
934849361
960359927
533773827
858903745
539097535
691194318
519670624
176197900
463264093
902698381
915348858
158886961
961759841
656457893
846035714
528489257
225894155
860531400
20110005
873994187
87457047
982020948
24743605
362118162
332549027
977665358
165640307
605743589
137665505
411252537
813724347
795645355
21442944
582821514
830610008
809850270
188612293
464665846
79104050
262465063
909392591
727459802
824727353
804480823
714685563
878561175
977324082
426601445
214469553
624290158
524103688
367102322
313269155
288991784
956826253
952828411
935616321
171655665
526354717
561432175
525554011
913927033
38532394
52011556
88974033
119703503
137444016
378938327
825847883
36185443
339876964
761228308
781427349
757644940
964601595
359997243
157293595
220262781
647432598
453987851
341275
739038860
391274035
513375345
887148847
446622025
482376199
732451158
625995259
877781596
874233947
16956628
938311127
517671873
736911051
995465556
688927407
772715796
715506789
594982059
741117158
598385755
600753561
178284109
284413194
762875379
585674971
555624213
324390188
596829009
795534816
715353540
524223065
72366866
561090900
786515149
522652997
525157048
164862708
642352007
637327302
404992857
752943066
948066286
161951495
322920335
822917180
263755475
20733889
969136037
671069835
384577797
504755991
52450538
712870691
401955519
138285299
212989925
228962151
124273468
860947052
926751985
408060970
29166250
82246779
158880407
492733561
865944260
956580972
950395900
472812558
163770359
607853087
73154781
957654756
336124301
845442687
652687274
16332614
961492857
939958197
321919495
534890324
355254149
925759172
410957018
210597548
471772527
359496174
159135380
648229850
309663072
296194896
40589240
781404953
710575316
996931885
723776816
865819506
3071087
830186773
956972918
307174502
70337988
496323479
507299476
776724709
431601209
94795781
376746389
556512831
485598024
196657311
267469292
184315269
539027557
391861661
52806821
103407076
671289759
948282857
20961034
506448086
797445592
302166049
163149486
867575461
567263847
291749827
247079440
339192414
121665870
786867766
13261526
131306084
982985278
14744993
464552335
858930669
418459696
634232308
778996338
376976745
982749784
602622548
162631826
113005760
28725604
856273970
242377396
318713655
944125064
620369739
194529747
54788229
809225738
450524832
509728909
768171937
333173992
639724013
209460861
139851381
847716339
37553974
434846960
698730256
183395784
136163207
201329989
524282564
927309324
193876150
684947378
37057451
169286518
643984287
523698300
194823043
139534223
50143725
838849857
710989876
49372431
928365784
395067349
501296129
592338019
958473296
322080345
532460446
505016083
696380396
525756676
778735682
424771446
639144956
529260405
945195809
167775587
463901568
929609975
892562395
654943980
718094830
391404329
750248913
935422360
157472295
885501709
165241450
926826530
314905865
628637714
283030266
800874155
498470984
90478950
919350554
642486624
933550829
106392237
224922486
814082861
668869542
19266481
230928927
668119473
906211695
612286003
530141561
114723882
578502489
27047456
675632653
120533748
946287460
56045895
331277599
