499098588
312167547
226413643
54082586
291248460
326718579
808380960
916880984
339543473
753728016
993476002
218543627
135919286
485047461
761397498
437494562
64269045
70605123
265424217
210867416
820957225
557616781
453819036
26719842
845131210
560262236
718419354
199406950
768230367
857371092
136385240
331303783
224084727
902361307
39784345
543220849
67048908
321003175
252478324
841713510
864475541
801011361
88992388
6305407
480294675
292660517
875311639
126257475
868784553
519567202
935779034
510863361
847640941
871897153
573217274
941481806
858348509
199693800
208951375
730986222
608299223
608974010
148650616
482172380
617342775
662172219
994458898
233557977
445263115
218176648
370445653
743265869
818126798
423710706
346391874
19945864
468624393
447513628
546425166
552470692
684950595
592161879
330622395
248663165
921592056
625521878
483662841
352187573
329144032
98302537
684872339
867355106
112051800
521492100
233414286
255501530
652360744
606820006
388962630
818122454
298201618
641753662
680994358
650607905
149121549
192513165
692736561
423930234
525505278
553271410
472857413
410834880
653268633
656480682
46035626
16137344
278351615
899987450
560580322
991820895
178509378
642271325
904413943
346960577
533304308
503090545
631214068
296634697
190296420
90890343
367585118
861804385
58550998
728302710
254269074
43196933
911167519
680014488
99541615
729078891
932785315
59732606
826682293
775872621
625445123
274037458
214086473
455571117
475456474
217276941
977149914
752373293
46239684
397141734
639613076
655930291
737339717
334033780
117303597
646031002
561299095
396101864
233633814
434614935
185686292
611053026
352283882
924965922
402211608
2838693
104969824
598337125
800445835
831501430
59035579
118776772
815589031
128541322
721515453
259266849
289004072
175642951
821178222
973019477
113740427
615211824
815564700
661409262
88689633
598338781
305857215
577133739
562710891
453510612
167779795
536683451
826098790
392067357
590186328
14392097
921753574
289120550
53359508
472617781
112307117
378812788
951927456
214738252
338106154
520836304
840341259
608798395
612518326
858036746
357026930
385656143
574923641
260614335
320874507
570474467
795488324
690874619
836276288
803872825
696981476
527836084
35626234
346935223
663721634
522352127
292677980
423521673
538354992
707123356
337513274
999883521
122283442
348560441
860712360
734927638
663284366
600826447
323303107
567853328
757997521
697058819
964615411
704674144
96483681
782123650
961759808
565484454
71192849
19711861
218903771
230878955
452844260
249486682
775636303
584471032
343186554
604992233
551016617
815754026
228158323
416819585
70443402
905394969
520523471
357143407
263372700
226363200
399901974
585946868
907190100
194661877
367571511
268422960
45875304
999922656
563220671
330952088
250451541
881597982
560592318
727193525
352328823
518643131
488219585
106634318
547039260
872796759
572924136
276241328
391741083
58292132
49809830
507549080
339695004
341177935
626615416
59220442
184150672
739340272
518750949
735396607
165582480
485245980
112521760
24241894
863307443
184421299
203611377
775713645
21250360
12234466
354540692
669418633
255161708
500964797
64490762
551800270
417175384
413889153
810104146
390575940
653439062
123660645
194205785
848897967
144852046
860022429
928727955
704697367
373307239
504000229
146801416
511111267
362847032
825195709
561611044
867082842
406121371
463977691
243326874
362617960
669185381
797210489
254990967
379506617
703751438
380391196
252387372
838730205
276687173
74815146
642045056
770261518
929236125
128175009
81957545
41921834
291040194
263623791
879389846
3285014
255693343
498914009
402406406
517250130
865433048
843429423
306571600
429965997
939353751
197407918
145678899
953197692
170562278
447486185
721390558
856228571
868669677
814699167
145146529
764460849
607635056
89997750
428010194
298492092
861955171
376539896
581875140
234672023
743238164
519689210
576042648
142497579
584587843
240041860
106924617
170271372
394804083
737740836
514073567
860322013
73819595
822421373
899376452
79279255
929136246
688847363
599699239
481749940
406784450
225728972
173252156
476341026
118477262
114928997
395649956
165695593
70903814
103914313
655294957
488893151
261554282
71899577
686727832
419664541
621365269
3181319
368609849
930520417
340561567
551119185
461424488
130928840
300625600
284824514
690641253
785213681
190621296
348730939
369355845
173107808
776840656
100125200
827887571
517509191
346437054
99701621
24020317
469658845
844391902
941229023
99367557
290889770
82445879
25180415
598767731
1920017
135693541
479711910
457913984
925954927
320237513
669178820
141188372
855665263
764304482
42323315
175715425
833652746
424287742
610436273
975074295
722172874
734558466
482187148
712052494
161429082
244012004
169218640
73227487
521663647
979161000
898951002
86128514
399332543
451751628
170534718
48482960
275445184
686056782
688721235
649520140
710909384
890816953
443400917
852870293
107661835
958936826
972222307
753204708
304113738
923986195
190367570
45371103
233955629
966154727
377194681
556331302
600258730
313127919
437338648
757908012
966474899
406484423
936250336
946793925
421286510
583050306
741855828
403913635
593769764
993840353
900270239
147595964
735566505
960916131
264164910
831355920
291157549
629316853
604390658
202492254
271789696
416013931
769113748
597677451
788793430
853579899
852172884
433177815
74556946
614203415
448224229
962317264
248718133
930813222
683045240
304424961
954566616
496606990
431583783
524611528
217080998
568308671
159434943
310273383
23715955
42771605
309804596
273039496
701989816
545838760
265173752
970941875
708737260
234846393
486118315
550460967
637370674
338572885
158000495
567706610
730877420
308678013
329356689
979566348
545616123
937952974
898877830
804753282
277870891
959739948
876789303
794550558
197733070
79779129
985411255
703481023
256578988
458840365
573961496
746021824
543775302
579133387
731187997
528718184
349029662
477282353
253580003
13871739
444694906
132584272
667054286
615993730
338606494
863877172
793734106
908402983
238951982
179868593
764657258
85762979
143893774
505051313
995168604
742249867
669049456
470623193
773208805
628958130
249435137
782637291
293881979
178530308
764611388
411978669
23931307
151744033
577490015
800638503
630536686
68333770
684372970
885006090
360058375
145286619
292685661
260795572
455944063
333855897
286045022
77008272
464529041
76710394
694183106
488198516
602128050
38723989
583964781
988938128
859668726
878406467
704073547
624621872
764436601
662057614
838702291
488523977
851382341
926627824
839945864
641990073
330912968
438313477
549331906
696323487
401390007
258887682
144992937
849881985
449564205
408253884
14679130
439352908
342913108
172426865
318108249
217171585
484347201
276412871
809850617
985207316
567779250
588551885
940969776
752130217
364260222
59751098
120569489
698000759
306584326
804161683
409413229
529316238
493910031
644054948
746095302
26215563
527378487
997859617
86808509
343240368
893731051
734082795
539373923
451414841
863727337
264720638
281708764
592009735
343949364
621530706
4176775
574969470
116777206
854738547
74210822
742361082
497343700
797201687
332063264
341638909
138318193
446992176
543297658
645402521
998840654
485362890
945442876
698858159
426331561
291892685
689793096
486487582
189604362
466610249
91476265
833696453
49177961
489554934
888402878
99539583
778042333
528559752
354051395
685053618
799984907
834443758
412539032
639171482
569844125
3734220
528871862
730176798
665796352
745169599
204922175
446738874
190785136
893971400
452574186
378364446
319277761
582850604
165678174
52056679
931737608
517689191
385365107
650166955
763262282
240514367
693183120
7788765
908798808
232523681
563596574
609758439
92940781
858244039
845417613
164396895
72823858
306271393
129014033
422597341
763020821
959616297
820691229
444434762
261688073
644737389
642911316
155206560
36980747
510038431
780261821
195191729
362881578
301994716
753316009
282295715
449078650
762372075
875909199
329329757
310551098
521083097
821377988
433272671
181573024
595163734
353798092
332541096
48553787
288177290
305540588
13006367
453836570
743080831
289035856
972121309
696997961
940930344
388478881
118524892
597603049
537976560
970808017
398760376
452261858
368404845
246876861
790946064
104928030
563121897
715318244
310451782
430362193
799684274
112046242
241937724
138238308
387418557
262861737
666524338
290939297
310370220
106652772
748803455
204497843
767255453
741355157
619800745
12958860
781194698
585297752
508148304
373893193
757384307
731726707
772574537
550275079
422617612
981010812
813168177
348286873
562852027
227613066
485431888
572859045
995088804
582644173
654152294
631034589
47098131
833883001
309579403
678068606
721954542
827585593
287232829
431323787
222004561
194262532
685006403
627049686
627076114
777987204
323733330
977824144
207169939
936558588
672977884
67957567
339471704
691662644
715620695
406407744
449693558
318237464
728087269
82757153
621220882
175944410
209409038
184611280
87202863
988766155
965860727
947311696
275718348
830079697
651938649
929798712
444493877
341250749
328270518
228355080
296004408
186118491
721210757
784864821
903879734
507607743
365689105
58530216
909666287
586194726
291562884
355435485
118262305
903171658
228375047
403717078
99498324
204475676
810102904
46060150
984853492
500395123
539846822
638309958
812126475
376421633
702105795
377090241
284619938
743179171
623463689
998220953
363392126
487265614
110403335
263575067
597026705
943222446
178877417
113613138
810255304
150878822
274944991
501008136
697203270
610425241
829049390
372546689
601704649
248221571
830300387
240018201
531147844
282210367
243501586
795609284
646271667
82900799
972738344
527458100
805501947
988598863
773910276
166487116
962731035
293341930
992043358
630996689
792768322
964799979
806690371
156275876
25598258
696489765
235804845
833974670
