323195814
734024332
301198450
123164282
188723340
162761947
789344040
660655050
450268682
609341197
661788430
719031768
151410285
275944890
993644259
288785877
28481172
464388154
410771718
588694503
305641267
399760723
138479678
17157033
902867333
299071800
64677420
144159429
124187972
557243874
655266726
923184837
996521791
395211297
416196434
450175142
339960203
893070628
728784977
134109453
361594170
484694907
280020053
287988762
500516738
457101535
303333871
906259213
683313769
906155756
909341384
722537294
377122748
250659488
325711008
923435090
595544654
284041417
220296948
889651539
98084527
645184611
536467077
893024807
954074470
738603592
722509976
756198986
859748455
543469117
948825673
135410542
735603176
276662265
227100332
820946359
119740670
850490914
516640294
445765797
995737927
158418205
460845658
218032215
647902489
932729431
546062088
745862303
69500288
492761342
854630486
55918786
672773680
839133436
36024925
716409558
948227828
386995245
333914291
761913144
734591558
547134883
46510757
139844652
957330082
773930841
986934116
100460483
23559155
504764648
803694420
745053738
767401121
774531149
893913610
939666320
184338952
318434862
245122318
21345038
192541504
976647671
686698697
366987112
688838630
892906886
462636861
896469738
240637339
510690773
872718529
732745423
516576623
754727148
711174237
448603044
111907447
321001006
260702132
873971647
945795313
445601604
722303147
564735639
689066921
109576747
288517664
898242529
945219824
96358603
532070606
629792966
141872927
312569252
569371640
757943885
860436185
679523644
451006021
64423195
311293979
90464378
859823143
512868381
632046118
70948996
228477115
12673972
63356912
445310566
827758873
863337944
57732729
371150669
75549724
746939898
254344524
121963058
677920189
579261882
604389222
564394330
951249913
144278735
978620165
242925563
590872496
204007370
185355508
953230350
588166857
432383802
869994984
196278937
562677667
855330935
585778460
209434765
932689520
618117925
881099631
275843691
834885617
499909257
268599729
668732660
572060236
770722256
237019528
822431740
503599361
738473126
1603454
871744137
460033972
746899648
139214463
715544407
534248214
389120554
480076499
24469744
827318463
110126560
857143708
395375070
993342959
861453791
808473001
220218788
161161438
44909758
189273537
59802264
698162250
328545531
729508711
451340655
875679005
309887505
670865326
820150238
966987841
362923766
449630988
849693730
430780348
998250845
736244964
815778017
716116471
870234052
675186549
543568965
138041425
856629886
448525227
724759057
642765548
873224657
675389700
710606443
962249253
16800739
661270302
458689603
549199589
941801188
173581887
131488440
17390937
687873807
839865400
224360709
718255227
659926260
57481902
464394696
660495570
7449978
964594721
995092112
125208827
992694983
504102315
290927384
369723207
645704570
921760837
841532363
880020302
4749654
808575105
2454347
634497804
960258881
857900983
950187101
701653462
990941384
300494140
488979158
824668958
604756523
798387080
28242663
30368651
450825840
825313737
478115164
799147984
984130530
64263486
635315570
908629934
680297586
585397616
969554269
512698422
370342918
88966395
903495017
20040351
332049523
251468137
12641282
879298700
837411053
589862904
757996344
802025275
107294799
762741232
669554184
706955836
475615563
170423154
520452303
194307902
475859652
260558733
918897366
820390832
443645672
42384379
895889771
940486166
173259535
93824412
954200216
374861265
888346713
437488679
331310544
901974989
396999122
468938806
492619435
353288385
785745797
148943962
192957597
860962935
67317393
676089888
691853184
221389297
394709300
928359733
433014371
509874432
64945312
775246366
36838770
109784184
170069028
83104185
576394677
289665144
355578364
72155115
706039165
743586640
635662686
383135079
913678561
669806119
431430687
767579194
309956713
6676756
677803718
167163917
408562103
326915689
67601136
57934430
753073439
767555783
350531193
674500473
545776865
244899800
660810039
444325783
309915952
113100346
400649908
221526360
731905960
313894937
892544127
202954290
997710020
713590682
442904796
449370955
225300248
684182312
762411326
22047065
789958609
627130105
618403019
426337614
832070713
897781393
366684262
709923080
42183048
112134597
330030745
808838893
939133950
681077889
526378248
461139364
82776600
191336902
73219126
800578215
269156210
209904326
35673234
996061775
114132627
474849427
169453896
694971420
884010892
618230180
832634181
68891126
5144456
328484127
884541863
918646759
626496780
234472425
612255069
412134557
746416082
690726826
179343312
619771362
983864190
83705234
263820339
316632130
187212434
981765430
366594354
33963345
610963186
961833110
752890853
580054282
591456871
622341242
312204986
357221286
728327497
671712841
825912186
423952867
279500415
261139619
803694436
610649822
796536025
607731488
834642583
848304174
579081832
661084567
54162132
578429382
30561014
415901870
12197584
30427393
211029087
852821765
507758986
902245460
251635825
798670835
457927938
43311345
575593272
304487581
327189888
4155537
922267437
255033783
683807059
74703240
864814639
755390444
340270947
722724571
280010796
653170516
520096104
579480944
147122847
518290179
454881512
949878617
907670977
174461470
549493267
175555000
610143657
281777593
146192198
875505731
163953855
923666725
172317041
480829579
803211679
760383090
35056549
492048443
280541600
830487045
926036735
324048048
977277507
979458891
713614742
275170569
75630922
289473011
750416596
557858570
332725660
928278040
755122612
733345645
343789322
508049320
135640367
401131802
754994312
151634887
394011878
640489844
108841584
808301326
910749384
941147912
583073402
859441367
919512891
519627704
618113966
28047660
298939344
316635801
592253442
130833464
972601109
928212084
460846727
274322698
99924078
320670645
531360996
588333627
542780070
235675813
168544112
438971394
137040256
295162359
624742723
633924746
737054130
128906712
436475166
285546890
215206463
168976180
68709506
772466829
692097165
216189554
369960119
230788891
939744602
304678000
629338695
438486811
141092203
212955858
535448210
207428282
940285074
480671613
51710809
73341232
109128848
520507956
265521256
675073571
772603800
144102008
722401111
624350532
894884980
984189219
290993528
170032631
880160633
306706551
915626999
803624928
859502578
688379896
582225532
883734522
950710525
300572104
648589023
238102070
606337116
730057300
297879191
924084397
759714148
417314441
693639671
256382516
77195903
363133934
176418042
694698506
903454923
393635934
999863027
547995157
493788442
745609585
335903910
955555382
13684471
459306063
558326177
834385650
297328858
731823280
347925702
251905177
898446080
167976285
122630705
808556742
871918931
27419185
68736454
42546499
846222815
798316712
864636383
477570539
290549547
34611011
92836728
517026699
130288509
220928493
900170003
465866643
688516867
34230375
389946080
205100939
964668193
693033640
224417598
147031052
171731123
463493540
626755538
27890867
69388738
441734494
357936435
909219617
240503228
367861298
822779573
876035737
324899480
957316528
701772341
695471728
880973201
858333370
665005834
979073458
366469335
41299477
704097140
76400364
831653275
882059058
563388308
864215705
778030203
917529765
843888548
178885290
803001585
921705400
870815375
382729274
171561174
836745515
408181800
848815052
676674575
183617109
276523471
762427210
398148918
24134266
140967163
731200338
332458033
694474351
324127737
106334823
28027806
245344139
780561716
130431645
759396398
550355174
196237590
187329679
878346185
493720729
131189413
322973462
523972748
643894282
73034151
403194078
86501152
319043066
523910554
44227685
450151569
816190781
302398883
182852225
764776005
941669929
678251444
807519009
741091894
832187968
531757672
83555852
593402027
737553725
150857484
557657446
141143684
740383730
623332874
621205998
640507924
220852121
970468866
182953845
52427696
953550008
238454461
754254635
951100113
737773084
644699186
13414966
170563796
279900052
656183252
211837024
942945254
597709490
365655639
817726468
872103728
388718580
446237783
46158216
961963056
47633561
729571433
786419021
493036798
515376704
262050394
346117420
695710191
902704554
403719759
229299447
845721913
119445037
130424529
811225996
703215467
923996808
856418895
3318810
187488781
518342705
912992054
313501974
81370472
939020459
614712191
543434192
374728091
805606404
749102269
251789344
774614336
924310649
220990788
4794134
223978574
452035438
261217836
435723409
475722689
298581765
317704774
267859241
876180292
426883804
366115109
823500216
467284960
554429641
114511001
948106918
532299684
442918973
858669434
443620350
134641505
416069458
705048549
554016338
900664511
718616200
971389328
890103785
153602285
151930414
454685109
921411263
898454248
125630394
587247422
251180028
662778972
420695485
527596119
888907014
200637931
645132813
437321681
654486667
572905349
791211973
76149231
820298448
691095403
800995349
719489658
331695363
65641215
777370436
870152628
807909114
746986888
707201497
535058896
757106488
327192436
427600987
114256956
724249877
972198693
444703844
925045966
341654565
967182218
863330971
285327946
111604198
915322852
969762418
242982419
489508691
978747776
50561882
981110987
109452537
642466968
151090879
199008381
352606934
432440755
122989746
855770048
121083812
255477765
779338306
504193138
955577474
885636588
770489630
561714578
773036942
530875857
713071803
682287972
128201505
866166006
734494664
853116229
827764430
515667403
607885460
416372509
95878795
534388016
380643936
829161337
696425006
726090508
425606359
114639519
176101556
228592606
761650020
291809121
849208947
588933794
803962153
86176800
187843911
359137833
329750471
225967609
144833222
408047839
469945476
958632833
265675972
368273909
852909482
243286530
907972303
297974649
371243950
836939529
824555294
706617235
759891253
586695795
874833828
950176968
