339318378
752350439
920636750
919519405
69855163
887203635
349921630
913456479
387881749
236817854
358475126
582763766
734451170
656976410
787613153
348108255
894328305
83308292
852353277
509764439
759743410
257533925
828035053
376637106
870959321
962400598
834261430
868294483
354460807
908682250
400621423
531674930
15288270
950642878
193071579
685972603
524098345
977082753
957434170
182492271
585496683
19242900
768018240
577138303
790828075
779755986
883462114
138520610
751499030
427375571
717495120
559013538
922905162
187070112
342132454
81784452
924315385
543999644
48560084
107454563
52942204
481627145
558995672
479199497
836196430
826800194
567475495
783808291
463904831
101640549
824009908
917245550
125874121
669861005
924267755
740500510
489515684
250896749
585809030
91203334
78938484
695740819
116795453
927085235
191187130
841607884
608769766
828218157
608510424
111287126
761657217
980098700
928522669
849979606
129550067
103869537
460247227
288818742
740941872
964027879
212280491
99653823
674615778
649858480
603365661
800249568
433139416
253044157
262802355
601631942
592268767
673418635
958190612
957356748
28516079
357201384
364831691
631910435
288012367
994588545
218030427
739257337
175297866
352617704
339983331
843911207
988722880
275894514
540310938
820398217
280253283
200696941
509954875
621781149
878922842
979284659
21125040
466936972
323719574
390937560
408468467
355725609
565415801
6878481
519018358
88238581
21908087
971165919
821463526
772348681
739037844
828336790
806375
746353325
745997451
473023153
924355955
321998074
309875148
759454452
811526687
157244902
712733217
442404137
321378659
391571825
163463759
336409463
78433906
49231418
336076343
897894718
308190861
897074805
586120078
862304817
173841535
168419385
833599345
251744750
822003120
17556960
454430986
767962255
81360372
451916491
199890566
763601549
875783696
405899689
54928704
699126965
157061823
564265120
579410872
251223564
642992390
123011664
685499820
127446532
924774820
685498622
892732013
772232107
436272338
841143125
520145929
103731569
160233247
883692633
299181617
755936569
488398727
58130398
937451330
793969726
702813915
944770961
361043764
869462167
191681259
399862209
460625765
672534215
994302713
636949376
740832895
743925739
317663932
334896513
219312426
50829871
482919564
706152812
326969928
136504497
124824946
682198877
331689916
240217246
931770560
96158997
603368301
992091062
106718071
298992134
210728238
98931425
626813789
785441144
548409648
698221428
761967898
816037652
935765272
524912611
224872857
220197797
777929393
799322961
100310230
776220189
786067635
825336733
664380206
248351746
273017005
782245914
731160468
800946833
669144780
20615037
613081044
120826518
937691605
95522262
796493907
468534702
565816144
695310579
426221138
641901469
117111950
532222786
786486863
521090996
288861971
666881911
770387539
802057316
911631639
904627147
904269482
532366954
139907016
155550371
310091360
778031566
327710855
858366324
25975128
428482323
367770955
825866954
116296364
527794611
85140384
641141380
878346045
840243010
728418702
756338154
654381652
82618814
373101823
458408759
659108239
253844849
38849870
143289210
959489774
606135093
11858374
929103151
889315192
764517631
116345553
80714089
980919500
782141234
785430900
18462341
140823846
707449819
669335450
997738813
274130514
291244994
415926422
258692251
435950611
647720589
788535864
930144527
73638613
155293485
250245495
821650668
159265131
681498256
496442130
56246511
739181695
184421645
898876548
419840034
416623948
438667802
936551761
351778731
411449057
4426294
660221879
96204811
54812109
709956361
615514307
946931832
413283362
375363008
184278244
367863245
837918425
780157617
707338597
311769184
817599227
81713845
855464538
734021707
514272136
294694884
921448957
299421244
285699103
729184389
279280644
956402200
808573269
249495416
581114865
835462711
354693231
64147690
847243193
431524317
987498709
692331053
875332418
363682250
539779177
303313661
408367305
783902121
497220011
128578885
218328084
959024076
477083047
587107363
602240805
334910102
583203262
202530054
837506593
116754173
82977336
360800634
810505706
325627718
430675716
659112106
138358563
163787946
794248141
348815532
13170013
773770735
932914423
275814280
324270474
125268174
206381426
491782287
194242529
210958475
886327577
137546835
802201231
157120217
510856305
320256566
479319153
221465905
647254609
246204763
252259448
152163177
226641096
730489019
348546980
626698074
881825345
549704699
933006532
880667069
164955098
244579359
989653978
148404479
115408872
444557348
26109653
201268766
262836889
476972631
128528675
91420974
8287524
626548118
230426595
945430499
558599401
653385489
814771412
110419149
179792953
916892656
516533335
548043378
96556083
861006834
547129639
202425404
927267298
697572398
243442827
656676726
558775753
313575459
46003376
641748217
147892855
653796752
41711344
66298957
294146913
278050386
958629015
170281978
117676087
160838473
143875653
600092976
500062423
403116480
68098673
228439856
734933286
822587383
700874116
248062440
728046022
441610600
51848395
254402037
897427707
823684247
274001467
565264489
233529803
471851948
532645220
694712064
580544741
588678376
797537643
904802647
611674144
748472455
816272235
901742565
958263640
346251357
430367291
935717609
717131181
947036661
702362979
524150818
629473724
15002971
921743439
736188369
612701341
797940934
913702194
706282254
601948356
787309306
168871248
470462665
4048918
393364525
936752173
645824137
628193252
449163587
19548234
911384046
605578835
163296024
616765710
986460830
6315147
799131549
289798799
381794664
11243308
116130785
537270854
950391045
121321268
749850648
935790763
218526832
550108508
796456849
82010723
782603806
674976180
91255388
302854291
824364836
579601206
345809569
897693647
564899114
409499183
784543153
307524356
267967593
927488427
790978931
918571981
466177700
398237259
935282607
729873221
813569790
508142134
531907529
695038946
485817571
250038451
218480202
349141396
254198269
457573760
718225341
95715628
831736402
367152864
236944427
236407865
514323447
860441732
792400872
406859623
660505577
901437901
724899684
972295480
226700154
808606427
269303261
22902618
330342335
831278665
469613063
820289571
614825899
66583627
268440931
274461671
143068651
396216441
817036718
574326384
361121004
996668172
643495377
107325353
691273840
688827524
475787953
900814727
690543999
554571066
404248534
605735966
605836386
528422984
69367644
912131887
783242449
559612048
468338792
677211142
980735189
195577584
18799061
422919603
987960696
897935769
480889727
765152774
98711932
962482754
93339214
118107005
43405014
218074487
45738619
663837404
257942524
617574330
281021640
537872628
332818473
368488533
332358617
775771268
427030130
863877095
214453185
86402915
997215981
356309043
491219220
583456602
927877647
139825575
593591194
165543420
977869110
220575773
119364655
793338070
207937797
710635177
802102794
728061244
461231851
286141528
562330952
387761898
482684365
405530239
654189362
165668119
278590408
930466163
344392668
612246655
863218965
243027792
995889471
124083600
683482583
394486812
767936792
742402888
471263533
509882611
190229357
903579437
624483292
880195198
685968292
37366750
498209674
487683568
329934830
622183295
566385737
604297371
314539416
140888602
301546143
826691286
603718549
591685741
702119679
325551101
304866194
997411483
795432906
981344537
302324453
734841318
224686301
995281054
109855486
813450984
942698384
59699906
256797710
951349239
95912171
658751514
763278605
602489166
719561946
616822612
667458443
790906838
600531332
722209372
45860918
258921594
928488374
855000868
822537456
856791296
790768262
176251050
40283208
145712431
205016417
192817872
108146530
643138753
577870744
951126973
812680447
502928619
377828081
516483845
679484909
506685831
347499660
363190176
44976430
642794627
63412681
1229383
872123794
85297067
658092657
513959354
396880150
73223533
935483619
43402858
806352942
369685431
172743597
253064189
22682722
766447334
19416697
111085278
746332821
903094297
550604983
120139851
24618421
768434972
804142163
164529824
413078757
84047487
42724463
539175085
911421932
565298198
810024437
179742828
793378615
789538878
304127254
954986140
487619773
691057061
795937721
34922997
707655132
534467885
144774030
442995016
330185022
124763891
493801123
913037574
487269134
236414382
616857353
141882132
92189644
943272828
976610960
103688822
281154903
493562833
100880597
312832663
30499070
396308534
131980925
241054744
559660992
993000767
459685573
233143842
462320079
64430556
623465504
55275760
107156576
515681985
412484717
490150534
623660941
361147146
834344801
288314865
590246363
129686887
51905950
675007550
948440844
668142305
87553184
850105785
812927917
200438432
673831236
994056939
590176464
483105058
4423927
311346598
402486960
903719285
883334022
337184253
665078317
260657281
450717495
422838578
612948876
561581593
34725555
576507657
530788110
486460426
480027879
920007755
659218031
812565730
722586298
900812181
344402583
456973374
292613899
891518685
905447583
609579786
420215924
261881647
390599318
629408563
465099294
624051517
511258058
101138119
87663574
719941655
477813123
497160547
623236546
329589082
678969391
629067371
62058673
386859250
633416750
511045525
319317675
326467490
720410551
753823480
334838908
777610732
760518758
103611744
966944014
945513584
611105385
991815335
431736669
55498531
840441355
188835848
32239259
983540312
96482298
410674037
65249598
429649991
398796852
760086223
442194632
162057483
189329184
392997216
221842789
715335210
394914701
905754647
258101935
394402057
290262111
93748433
541471094
636775837
294569655
687488560
863532758
407646314
134194103
142149988
108836269
485997786
65423878
567738014
489147725
490133543
596828112
78518359
290376952
222742712
445795927
889667682
927670637
960324327
311628848
172781424
588281548
