177257429
391421052
988415237
607466776
612626533
862337694
625686974
373018151
522969415
437967031
305747669
62109804
713257988
973856470
56100731
731542112
654961672
401075502
61337455
179741087
634318404
573584507
865336148
497263175
336187272
616233946
908059118
209323381
773872067
705017056
999918990
770814321
782528353
275291006
773169355
555238908
579416381
77781789
129640047
413463485
948902673
369668446
61998181
431684001
186462993
928753173
129987802
818238002
250635831
211074386
929558989
615978354
647086109
405085164
404861984
603672920
526084902
491152062
271279503
996392585
954278575
416363592
599146083
817952357
438048040
534933347
279581450
437966981
200687115
500861822
152125730
577179882
271435454
647873968
230838412
264649958
511586326
433652146
310800182
407434097
486246143
89821116
958687549
562797680
775458066
383940635
123728211
377443188
870429021
169496434
29154005
88264319
806502284
133247460
459184908
532539081
770522362
244045823
993635960
651529644
649171723
692020820
617550886
749774008
58948656
352379106
344542899
999212139
174246752
140212025
92086594
92432755
180351880
863845405
510146442
864457459
457676042
36348402
42494290
54107404
411205135
902138260
567537958
31190681
471707816
63861411
770677596
138187994
188689059
698299330
494127595
267540503
440016185
659270536
758262373
794225322
472270228
208913541
503849024
423078960
39397736
124516071
203196436
730216995
77409839
936721248
907912438
942656878
623101017
594727448
74863038
734173959
201551532
939528556
240324509
747033461
124482861
586360205
278066191
995087244
581701509
206354905
810523079
475947420
646084429
824546090
652416569
521081343
105583031
715921118
392187231
248762500
532499376
619415329
14709667
286689063
698941824
837320962
953780840
534986567
155948971
828020716
515086975
593961610
623436291
759953634
65988970
500487628
418946027
11228912
669742461
885910021
930847349
508761779
841377449
833042830
313992991
727249015
84132566
252863748
284304679
386831095
837073847
907179898
202540217
826100537
201674582
582136202
924818888
953635444
48091637
287161898
632579364
743079622
839138272
753680791
691267928
216561469
852511127
886130794
758557119
151928940
102135315
94354119
46178657
506277208
317915150
23737597
778037878
181666836
972696071
971692807
753188395
700917092
250681888
769117875
990946868
607907076
391421392
797335753
558279051
483852767
575668739
465310581
963137273
382580563
253330657
187767726
669623506
87696657
141774901
97431522
874737886
198001770
494306627
132375738
284695779
742719727
861001241
696263008
508185386
177936985
804098322
743152051
980939371
76398828
533973501
931662270
492397734
70020396
762733922
83360852
825140075
55175373
327851742
274704352
576260200
636824733
131216844
663598092
252946550
130147424
354114089
690341220
39891934
875264549
96954921
555186625
206610464
118306149
484422096
248227140
746905834
695158382
289150367
380342066
679754443
832516686
484371208
886738445
848607060
321668385
695369990
599603109
324962734
58414049
272291445
819562512
870150026
219602274
556115537
647871045
611502882
197403148
443316457
378037961
823822894
113757101
703260116
105674822
979443906
978786874
725051805
374091584
585598299
514506781
336455016
129981692
766025005
947509675
594949908
743743512
152453524
244478398
814991030
931278164
434777432
754510979
365378486
981477884
602973103
277392407
685036597
987008189
562190611
836551050
636724257
549502686
251841925
911112404
556519170
565997341
129256569
378696386
907294537
869820185
596616578
321278405
14004810
810455951
721959031
142309752
53537507
922640350
624652365
812372023
495417520
367024483
382412116
512038292
943260528
69311915
748378614
721782231
502701718
702051499
293750277
738043615
811900972
749047248
877782523
786952329
878139766
854912600
390990505
28952566
614486943
773757137
337183859
945170844
334661585
113499027
740506168
554922533
259518852
460663350
223854899
762396246
362355823
749818587
341133529
269699773
167090569
739803631
967851875
487207255
817618726
407474337
875994666
205243038
576069907
858572962
509377432
264957561
932673427
935006701
264169985
198624906
531649844
595699798
197885080
721660382
29840623
437241270
177376707
829761500
328805745
193456081
462263378
42038367
478196599
531354030
375687791
62082385
407913718
608082750
619861759
138336134
887060723
903783249
211333839
207012605
897762469
131940821
369100937
476088621
604121593
475548607
622249105
324512150
196493365
25229993
230746401
766656023
551933507
619473146
239859149
729849298
562426924
138090374
158401509
624162645
945210957
833956299
727046438
44715877
482885170
447295047
857043841
324590676
315144941
125833850
311564181
627866594
384365959
990872473
823897911
897899801
68140333
701288084
225639907
853257136
571206974
137751228
845545000
452966606
300607628
609031766
510148877
788440571
368223601
890012459
575909209
748970349
745381739
587171192
261801646
63806169
404894381
324385060
993203450
156826546
618504765
297658428
9367208
70659514
713665810
602879805
382290064
561061032
795575233
341959346
661708965
861138838
912450466
305144372
52955670
807459729
988411298
274079832
744108247
873853402
937146169
68603270
956367074
425132481
549924640
562593831
882484854
797194765
729070826
760091742
493005420
743755271
708084633
68813360
234752370
273548546
128384019
774885485
739300794
697727822
226741702
949087843
992865336
26264254
228303494
714770369
836519882
440237367
534215522
454341916
75394870
130814548
580276812
119350047
219680376
549901495
341291352
584234726
520734873
151071979
720394950
585095297
831990205
35483491
848953925
917953692
153054205
843637106
70392001
779407122
679075710
213525812
534779037
46380424
647111700
988058324
75737932
930102819
196828986
835154270
726073948
442247486
262979243
274728910
684696871
362190871
163478459
588734585
849132982
684850874
932257192
544149292
254150612
588228815
977332870
641646404
117097638
957381844
177310328
310349800
561716163
992882775
369845365
754808398
775266205
861869056
596035510
533896387
472238346
231622050
474163562
411188532
387405739
685580602
424998029
278147463
322116053
557261294
350786618
486763053
754475233
564319619
994504122
385541125
847149929
134926417
959375199
946550220
69047552
5465295
870960686
118356086
752792490
886479185
273438106
733191172
72402120
508170843
499462704
822827814
766155359
629582071
116496238
617510931
210687311
521068660
156743552
568570009
163230785
699185407
319530350
559836342
606595226
690547274
555874566
997396543
998378651
984304238
907658468
640339787
902493855
649485289
464848834
466773051
360661363
355807476
658396040
500926553
412142495
691806856
205745342
813945209
57798590
527958803
720607693
124893161
447823380
376993190
174853814
326081268
978182863
390805190
783319435
369862144
685934944
311124344
511760859
62245216
330604619
276041562
734812519
88097881
600512373
859122916
920333958
116670070
164733237
649723186
256849568
854879834
862672618
655816998
156427513
471423927
493440064
505585139
502037751
78636423
969939579
430981404
549573163
621385460
809450424
581577200
662156922
511688664
866165853
94986689
780838105
49537018
844046615
596150824
170321933
136100933
956994336
117647461
213432836
198675673
607624843
603937623
960159923
798100192
120143622
319973978
463408649
322365864
234377676
311895507
876422078
180349804
809086591
433124436
92305635
899623213
726468397
113427058
278647455
18935173
196965993
408645293
250504216
69746547
868885079
207312550
10833219
266521794
485495065
20326580
514429590
375792603
292152303
303362078
471011578
366001956
470821479
751472969
501241838
489476446
118168550
339791057
277310987
554270345
218564609
600488301
240450425
410922179
503845188
270698719
409632534
843567277
839000005
194497662
1709679
198979550
353433407
890413376
929215111
912831070
309140759
196886854
836870798
214051096
797465915
500629475
888197499
505724513
962112856
726303678
428801734
974995427
612185218
789171007
900766621
857174935
131334305
696233869
851181936
268396778
966862123
599911038
762676605
214796346
610694044
670862312
536792596
97654640
301652398
272032027
12568549
580408102
822257856
588410766
180335686
921281695
502920257
63259891
756804429
717935133
712290800
734725910
448809321
777541508
841896983
434637106
231382058
49828997
293731040
144534743
67645244
657199537
39231440
660818333
945968945
709229719
434210248
622074452
603357050
126603602
963836877
790542859
204072114
690080829
713735129
848393631
152737570
23774452
608835321
979484924
354254677
68074414
939429438
133246803
556105976
232136213
151101717
985135096
372899361
176056938
439480254
486963599
803923598
157117655
204386783
355369011
541176662
161439523
642441820
471105966
487071447
880845803
459902839
630200826
754098254
921747940
530653795
758728491
63806379
993503351
281899535
207607606
440993675
314246114
790280064
999570829
717770097
905984635
104712356
713832732
558128001
449075150
249175091
427300112
687123347
476873277
986619259
46954459
485694045
358366118
307216969
991298045
381332631
137729354
492413477
473408872
608171573
309228611
379148547
634358035
701482416
392373225
921328716
379396008
894157401
231872647
45969924
489677484
366837589
204815952
637598912
635192025
56727166
928609086
912977963
37996296
631670712
32602727
943077478
277224976
935128680
483699336
273034445
705440260
686286382
290601488
826274974
303264320
821832635
316871191
391399255
408541485
526836088
470354320
12350316
165754776
527746433
869779082
533142709
455250699
430903353
496941774
680116868
280878092
720767204
672024943
934570879
452723543
224751389
454417181
841738159
575568846
366151132
101923570
699229353
217783079
119338780
215888456
693109625
603555912
405597672
742705602
667844847
49966398
813416696
229057427
108355936
586372845
916258769
747223187
510249862
761891629
499460017
487826778
846321622
438186905
803582466
992156351
984673054
14261439
