210868277
425519487
315439948
883113241
982361237
367061459
328485267
404603486
621871600
683346456
370616431
410272741
732966118
52570200
180233118
2245198
435220752
299953368
661809263
280867677
934355990
842304945
488772095
516061176
48161734
202911489
787931172
52070080
938382130
525999970
885794550
220479728
320679235
526407191
541348829
999806055
555619870
798606951
713731351
142962781
696398571
590102340
686026060
623945959
80190083
738783236
252301842
479974299
778568377
663707437
271354643
994310171
377270967
598922257
3952876
368563331
936747390
799378770
834951507
779449747
579130285
276415186
466221355
95871630
797551904
150136702
89593505
206558926
511221370
180427062
446625326
636613799
586222016
518846482
584469105
344253650
156278884
864826134
435871093
309378497
950609646
307956872
273501701
274674692
254645327
891484378
843208760
721756977
522454315
172785497
63058664
756241098
963655443
934281602
563832495
419983384
123880985
590154430
826394054
930053379
649189730
45742915
968752928
598141314
217082110
634740842
408088154
858424483
14453152
659699224
212284447
71921256
363507677
525573010
828840100
271173412
2913484
191546662
841226301
906067525
306927941
367836527
684104610
338435873
117368398
690384227
672958355
651940412
955013986
164485720
220372665
566124452
38432079
505817712
660188765
904866730
339203943
675360386
57592581
619904483
483396223
984784275
707303824
862755090
960501048
991137407
392733420
438082433
105441501
292659082
417069900
932334321
748928127
920326528
623125438
281353203
361638304
630317054
480772916
526697882
961782486
756147740
903410496
849967430
439326558
646159993
33489176
857689964
865384243
923973368
931969467
327553097
133954080
221321817
422671301
322143664
660532701
821349519
377934824
126230989
297650806
234875921
546498911
662354903
747415819
288038343
817196324
118105550
882692272
378835561
543228426
708886888
194587469
530894698
658121996
727248481
81373779
857336393
423428531
314341055
957648230
535043455
572698188
181468131
360689613
89516802
798380240
527606310
497655227
300981774
620820501
540288783
252382230
354541926
229047075
726906564
209648829
241055592
102551611
151288215
828963668
915383625
974997690
486548681
380744942
223082579
132965627
603059380
563199820
695422818
240769885
803196307
397920988
63593768
168582758
762607349
662177732
365030779
301665290
657899016
489658101
289590013
620450322
581710498
758015059
2939642
456504658
840045542
301847623
931215430
517599651
840318185
754784781
272140315
485377385
42264605
560045764
86149506
800723188
137607033
956551174
195320859
964406488
802232407
60211888
817624192
142367795
188788461
185959168
466439725
64728831
844618049
939390301
444652593
661630113
539373654
294933303
393287191
728533621
377805299
766577920
292920084
301211757
631984389
177823167
400451699
48411525
125780673
578216382
126318152
202561585
576028226
564307589
164058256
701347841
294337241
325183524
818217914
521498609
940390866
860571846
267716196
654086374
835407896
866486598
672981601
900927883
310132187
610510200
946003729
747331301
166758572
357615884
422917889
371029112
663631090
894109101
332422099
624409239
659760188
769212666
16587122
610572077
59641015
263878139
488700604
280310459
775332044
743304751
367292872
214190130
476715387
871788581
788142753
517233452
498861723
638833708
465803859
765497789
504841564
499523814
738279337
515270471
632212651
378986850
35803012
218412342
141389700
793029143
37716751
400228139
992761424
193808674
861738419
171178199
843984724
657144117
594445359
571529756
377785994
392671141
125595838
566827435
243217327
731813599
270615913
294969990
569473129
905684436
872167387
24797381
428305241
566924309
119567674
160236373
30933329
501316649
978359425
680654163
228075127
270288261
138920759
982302899
705587999
967064732
221428704
282906713
10050161
616964554
673248726
841717605
44388349
894274102
387711794
112170423
373927976
171451901
272053143
900399050
108370937
740833021
648939211
235705263
920861755
12919370
971922897
425837115
74240999
701502045
140244869
342668074
678784691
913791194
343454629
107497732
253750382
143292937
861239434
276152594
510384895
987709198
284919828
952508573
232435709
30449782
980409030
534031138
179212514
7397251
786308396
859481426
229263505
77960374
572283226
487242105
621349048
903215494
61441144
692668629
995141833
795591588
208665714
308548115
476719685
330580652
162932913
130597154
550819472
280214062
858420039
230635038
310212466
995900547
390014155
120661737
455913192
696430637
3269554
890411972
32510338
437891759
246624600
66843747
915193648
280763441
113404568
600824316
341507968
856212523
486148682
350534886
81851792
168570804
281010759
714793305
779043484
976371712
475788888
901855055
867516867
849811876
983211664
898998450
148977210
555673358
549268960
233362956
687946218
451621488
31328912
924918410
899945940
171029171
660158291
557250074
548966987
141821966
393354465
195956243
217176083
562108596
789089184
694606948
794065378
507885153
148783245
141641662
714889788
675220849
341618252
479541479
220641748
101414497
22895104
182698460
454680093
347626149
917866535
359520289
731494480
880041610
912878097
889886478
824883610
561230270
450588944
910822620
508412511
723760684
165826317
637221517
583017246
279832645
684678971
305408271
60722691
288604716
104933072
641092056
406890112
407627297
518473167
12725369
110003235
551787431
704276662
798531443
148134066
477459830
102569980
201340838
223955429
33834176
464461762
337134471
649230497
899202704
869723336
232835107
57296209
237960623
633229149
991129103
509394531
704396734
896524231
940809102
416735524
717486831
121975768
166075377
242693076
276774479
952630176
323867182
361568443
900152728
779883243
273096178
856953607
652057500
762688553
30952680
621190703
964485478
413266087
549183070
815370881
347544499
656177773
161519986
418881378
872097963
583795847
168929488
774398147
527344063
503330836
405606500
655263199
763467559
381795918
430647233
355484062
936494602
958647760
947180949
81203998
140594579
975566027
749077768
119319461
596627157
375881499
405238707
475272068
602276468
369938399
544909052
291130647
347341161
125438220
69191024
61309058
960455781
747193997
370595112
692978631
783700687
549469034
834224378
396821891
374276743
617832978
93486048
270261581
332041320
675468617
684696099
5837717
466085137
467979071
674776302
371978471
907100004
42200524
822254220
496216464
178557139
693657418
172121678
157405663
958421783
114475852
307922037
638029338
312604894
369338175
395028279
189300604
588052648
254202317
297503310
591125544
141341648
352255876
745042717
978794177
282395451
134977126
143230748
926807850
685242299
539071335
825045509
879362089
450661916
697212552
154209053
918255257
924939776
874378647
514421492
90043268
377347355
676818715
438400107
259800890
309910941
455456708
957656686
962703144
280440338
495395495
417785067
211882819
170475760
83650757
230636822
554844127
297157805
843460042
213821012
43580012
550426670
245313827
472163363
419350448
289430342
428559947
187367421
615392340
215129121
476773021
264360827
713674000
739780823
207460041
213778188
464522932
913855768
485241827
668883236
826938741
177320439
180527603
646367511
189846803
121286267
613162689
708886328
367011158
466575729
599364924
621097451
81479734
660557634
470841479
539616597
132033528
204655351
19049658
970370546
881350992
268089286
342264345
747574022
803667316
231034668
704111065
472101995
963015717
869872568
766113888
640988358
811915977
174576805
386882270
866259572
369899066
598946314
282316559
298064180
676267651
719673618
820356261
148816611
615764195
855675568
182881093
53116366
268939344
667843443
81744659
259867581
894806109
514871279
787532242
558849455
835056093
432953580
842700194
958812134
417175201
141060694
745870609
497138589
700461840
958376565
809181473
906902927
273675364
604581906
169717531
533087213
922338790
720985477
294102894
161677374
447733023
193447734
131809826
947991746
48153575
650994699
203162650
295172274
788127908
506246307
746182248
297044697
387044562
828032813
31203479
936945485
756246118
323504424
880888978
535206957
973803007
323217672
448354769
657387629
46494095
275978164
779441000
664357436
498125912
548657445
337528789
173820631
220768384
625854868
111116432
641608358
301143753
894708446
910658559
766180500
937898042
450698334
709010679
194215533
212194317
512136775
519858365
445642549
573378426
232772044
776841093
598834366
840096497
758895936
187874365
124515350
745092963
474422196
901497651
772175409
871553697
538805213
797046361
239470463
168717517
572361616
76276313
761189693
716916381
389595119
635801732
861537671
412845863
114708478
597308913
523104672
614206992
254139236
445193311
534357318
756119798
333798451
90979010
265353867
771816351
738694422
333724133
461872447
437980502
986601080
896515394
826721555
993210793
138483150
894626801
399092829
653651972
469540215
25498015
639832700
435860461
758668670
728726167
183783307
596970311
915303421
185988503
725388019
161587022
664769691
510308357
490953726
29228884
367140332
16055610
537755246
447826202
531692493
467654111
430023094
238637483
614403865
323209190
730315300
493079723
809080175
868326876
274362712
220081675
198216084
869452699
144666776
228641220
805360610
98496857
997451126
605072282
907195702
668383555
856512928
552705918
608336112
300285424
773210810
476292722
405561667
797492670
626070460
122427539
356871555
951266625
121959479
1886104
595474920
401195217
821456595
435459480
998410866
690703582
787890134
46976544
911625789
505306344
963370937
795316991
365641581
262312506
223868273
268643475
18604483
932682962
540630499
863308937
611141181
877317174
630301369
314118441
549998379
254022577
87518056
11587504
242256415
151935173
863210118
246949457
747493219
142780672
633166299
404165393
277040260
561991646
606661415
216492120
880493419
809536383
641080128
103029767
336914486
977893817
110651141
143249161
