181218160
731243096
518927418
760662234
11018688
544502165
247393406
555000448
42836229
67034449
360177247
670381978
321384080
250640164
853769823
916057683
926894408
431667429
15613835
824238102
773036867
155419537
448339900
557753124
593299775
811033148
24261432
99199733
717028291
694448932
669956456
888583147
475431900
912135412
227842903
30458200
667741404
59393277
437703087
393950441
32352703
97384464
714039316
329023400
847398608
280699991
941958931
244690394
987442794
210828976
984249072
962654842
676573324
276888083
357487361
25798622
282903196
961174292
167362459
199985538
520240733
148193673
837972156
348387296
397077992
471594098
194950077
409248666
22797261
823311623
248316278
867501130
993964341
621663393
791885399
675652402
441380220
119316499
710354514
312599784
869074215
779571036
111756937
506199314
710199859
707301613
212009823
198543817
554648051
202044280
747555003
706567110
892030816
237717548
873709706
884159029
259412307
365652020
931945407
375804510
85749913
532710265
221893133
164131170
962512696
116747941
968690499
54909930
485002682
681834957
584418401
163586696
250819778
854762674
330911322
740669695
36436735
331772841
638187436
689776377
259584275
996406258
854600613
820752979
75756620
541749166
975470312
756246793
747953685
907726368
416240094
75728199
187371091
334550004
226849870
336363950
557677903
947625766
543686617
593451917
738611112
157099892
713541133
872813093
617625878
583968306
455747332
37268142
906806224
133040010
847722294
927639465
727464583
242169029
116220234
89343653
678109651
401140152
88374549
420763529
141277627
212443706
306956243
577276312
265594862
508690201
976215604
916269773
627912804
994547371
182991791
88810967
788086222
44735518
951165263
102484382
282865125
981787519
203127101
491788312
86001834
938202170
849440567
614913675
60004074
488600628
348263615
945202060
218329769
137506217
658254298
156537751
859251216
122923087
452174289
526167406
850143648
136264820
607218230
108935676
607752701
539477558
409355337
912258852
950048217
758911326
139553242
682729064
291003764
13735852
806478527
696322130
198013050
596586235
334761694
203075456
363003138
692042567
517272238
776994233
160426585
31013543
697940003
490406586
336293073
26454040
229559750
665163135
592561228
424997857
252340733
146600304
374569289
94191424
884035610
546524275
528846833
937181713
664865456
301092746
349047386
665534549
654198296
204593917
331027688
961932166
958524699
262664980
788161391
249098833
163164268
158101080
618992581
830223996
948509090
576739158
841537553
918948749
575965779
923594177
529351576
474390106
90167836
866005905
761395117
659878223
321752841
103821626
712550624
788237418
674228621
425821423
27177111
216179491
427946846
494892034
376815245
493346086
159378898
374360905
67929339
966894768
877001742
343462395
261833589
94239652
527607721
544345291
145682333
307296452
704986721
609898083
361215933
741271277
771741169
874657279
575366713
788192389
443198798
671149464
640179325
854703073
550114355
999923972
574870210
737342843
130923969
402813090
402277149
453617055
199923912
348191466
759569850
201604873
855664838
562456806
597388362
746705439
604172316
667155465
132270501
777407548
958139291
405254171
83250696
64330538
64605489
285905832
444438320
553289566
919525320
588622855
50147287
488229432
734181579
213226265
416780413
877077768
768592183
524490744
963315681
124794631
142068142
692065277
107372539
356795254
850328231
159611060
885606438
209284362
277268916
828661272
184020073
776043332
538878962
862771775
896563780
144860183
916673276
510539672
672737353
845018135
958374768
848987582
534091734
611301056
298044178
271340417
467423293
642438572
145676393
720310593
978113254
79681571
703839782
7475870
635339405
266074014
297881631
726455441
214002305
904994428
400299393
235153958
276020649
90864047
404602782
274103954
949350469
871409803
316662483
271920230
960404491
258052511
851753390
118297546
166419861
293080559
157973543
496071482
58751075
578987813
692187766
243167865
63607969
556958322
850548016
104338501
72203549
531403091
227432369
630489765
846978550
190217834
296537366
767742923
444718742
723220810
572966932
443227686
206698274
23940224
321989947
596013488
325776089
873756162
759906100
720060743
227928180
585542236
841056007
342258846
108100471
801810148
667704365
635014490
212806662
157131527
171545988
719062326
240316029
300264280
201900404
417947377
643977433
686172716
424941678
770186656
961515144
84010466
673578802
443199050
720113625
714745855
289373208
34810851
256997865
96174277
917391775
189851805
797052220
130487273
876410320
486661312
690347083
885173521
522389294
45168402
522513468
661522874
554936261
287587214
551674821
853904605
202911657
906433992
822039818
904042569
952036054
639603371
448814483
989719442
758545597
143917713
911963432
397856957
622145219
393354614
512436939
632893514
378016624
116632385
239739751
981694181
922010104
109828755
423853959
715239090
727600293
758803910
163783422
379773276
247673188
299992269
529074203
385991588
891524227
866209019
511834198
382939215
212771031
352955295
144138222
277788403
741037321
807332776
371941675
732492606
574697879
292490125
263028302
129034679
532731461
889619952
283506249
438303876
47847462
569980638
931894500
93082901
482580033
106800727
176442276
193232143
475819948
69041206
742046254
458553327
614843508
525971844
506332728
755936199
881520415
129497724
420122482
25061329
972494162
961951347
240656860
114677327
737887079
691361351
140541211
435110167
495775608
34748743
847041814
358053235
16486019
90770327
338144125
321543589
934314518
418751296
900359180
105970304
176513019
950906077
801968453
671996114
65286522
913388346
117649097
48726034
786157395
507092101
247514262
403233737
469497469
258444920
465809713
85896114
329323778
817217173
355195821
791218680
966259514
741332107
697456534
441071205
221999391
383993019
442067308
524073181
187827719
184789139
821621680
462769118
229138542
314152178
848548308
21588084
159982893
568660745
49390804
824498732
573712253
91815176
648952771
988683505
787234479
443808077
888555764
758041098
624960613
252248010
992219809
117097345
63555475
109140499
139710788
435180911
253449543
360897248
449996722
681293502
471321038
593575915
860898314
601368256
685470420
784745142
174095194
155345291
409896610
444221628
925913220
760663032
767826368
530697087
217506427
874444338
92379336
708773027
653836724
778191313
495437253
684026208
899112567
935579707
192569328
704524335
399213643
119998042
174441389
413367397
768138540
799085643
118664022
368097300
353177693
980136337
230916861
47584515
303213085
2489336
269712882
733210472
348144487
180738984
326334788
231556777
349270975
532858386
891634071
265266449
342801574
544676514
707060522
671805407
185856248
787294828
694463347
925318605
408798927
980946084
385531499
54097151
980903901
996529211
676083087
126827577
641999009
399729067
177519393
237370089
643527476
44794821
405559941
651347388
508478430
762226780
335881721
718373582
609244919
961012550
355253359
866355255
228363970
909174939
70565822
223462025
92025121
446858613
182241052
565882864
285672989
305598254
638785586
322266999
616957835
215615731
752306570
351615275
504655896
199507211
589557767
949541906
355338992
654263982
621738971
298006753
139116573
55713134
163326977
423629467
451413107
976089763
316073686
447786376
625692724
519176243
825733180
71728961
925963388
452621061
34802455
195140396
217488015
611636528
951697098
337929222
406009233
83292941
34389552
292862699
9920210
984266444
213717686
409737707
371454783
405711451
511016262
574099986
287435967
772559068
84345452
36311986
283531636
758611584
114469757
309583225
989524566
190999210
696574274
97781592
389882550
680577608
425651885
52034834
164704755
394417370
732053891
743702463
702566883
283809749
891997519
55823631
21323582
870464276
413709257
467146661
762372077
906335978
76331593
219981273
8159981
251633193
784292993
153404320
368275609
998490468
911608758
458876430
497166771
642113872
348404654
215010022
386718666
936607958
902980147
329342600
558614559
161682851
245032951
977037411
673657559
767313798
871533101
3626217
880561547
28521821
14988404
413067358
344902327
647323094
547211147
83188588
114667617
476593001
89621611
138249356
896284613
272247564
683759224
166214286
482808611
273177461
246535692
60453011
935405094
676987496
669104963
84715622
967484128
84366656
908532100
600689225
661303026
99294180
546323712
240846182
380100090
780666776
272842771
339753787
983502063
498541400
113974103
849843675
94902724
265216065
100342404
910125664
846986347
764730791
433057985
286366994
477923625
78818664
494228800
400480098
520778105
811080090
68221121
203574051
359416857
930272781
445583229
260535670
738790993
946521921
421885560
15373436
930269287
848775428
758149264
115617837
999404792
344005436
182712222
984267209
159203357
396692015
965550285
670189029
576645091
758979297
237729274
202753336
651308669
622165105
122765599
582484361
605065379
145843614
720068075
569019999
712445654
69268720
980336929
53229282
52958171
853438431
111052682
148380802
843330503
84968968
979856376
998210918
6581526
317440148
286962201
133918188
896106441
509961589
241276740
124086089
845529804
398032091
626928958
600437558
692543507
242829892
609227000
116625887
823756321
839401198
410308055
784425673
128707352
189129265
403172182
930136071
363668506
129482940
931309038
305764925
285639333
817169482
826858524
491676123
779122919
239518354
196171810
333868521
335202904
988847409
686377919
95103790
904566872
595981985
723490193
314413562
442339761
379899370
360685773
810128278
244211430
994426793
324624480
3929305
674660911
195430703
869503565
817452259
914267964
356826129
770249681
766623501
578652550
935511813
838446754
28360322
571173566
135252834
821314638
453025152
46658081
275358479
781422982
834908910
153023278
315204265
879858799
532725366
465639071
88758620
487796310
983769134
