317293150
257000563
3298469
284930649
254141605
753517265
743390133
826956932
554376187
555476254
953643100
602189211
884203749
320928721
777372526
250506294
776060370
678151398
368581925
508346437
123986704
770254176
117102287
456556304
333246209
602178187
287118667
433045778
942512984
938492878
976165668
10344041
804923647
741762347
663600284
646515918
394952766
588152039
158880390
885704472
334338886
618422706
414225532
185482384
320730988
475458755
692840460
280259984
671787908
993341416
229644085
653390370
69892488
528017383
620604605
547038972
139898275
546742164
951684438
651963416
466398597
310344355
884443947
615883307
579310584
943299058
797265563
142441402
657328435
130856608
855553526
187908331
519271007
482877452
174007550
505563997
356028644
931619902
135825315
857787452
909337725
6858683
761257868
949171566
708848793
322775298
940451552
276906263
121157741
116561312
506617642
848210601
636467599
506916973
419305874
23994531
733978757
798342223
606171798
377431928
678193191
550399058
622931547
540931299
137787890
41735754
134119362
587015035
354009832
115040608
191010328
208278372
410916848
93896985
742625689
459539914
549086485
935272379
907034513
256535286
2847506
520359299
21283661
540767123
624238965
7342924
551440730
12354034
63571577
150013018
771585238
557686419
325448103
758393385
179594261
358938667
383927134
220326568
811383676
667113038
188655935
353436516
922896429
6117133
925550982
298339269
437293753
542570613
764291282
959765959
474908045
798706376
891307709
349636511
374584422
157833892
529115397
82164423
916692333
130444965
490295022
121765328
523443457
203996814
343455368
633323907
882830268
652523461
914302723
383687021
75612779
328759916
123888702
239921474
67879351
649410988
597462868
15166527
615216139
325899696
570049170
8870117
248062751
103805617
675104972
972878860
666378709
975811590
383808963
21760368
829823269
301762710
303634234
680938711
176818016
66890606
829993058
718899615
662661763
292227074
415509000
784770290
628267888
380604260
884153179
146148129
674817673
651386234
281757159
725173432
560371022
513948869
466948283
590792637
560395793
481424905
873702576
419637840
528891841
370576506
966945197
907018676
268714497
892542355
553863751
773850068
25125681
442949990
63103458
988745
819417929
878563251
352504762
322989065
910390695
785278878
380602227
867458489
219652436
528956842
298061186
14992474
694054430
658635530
461389344
315874399
834814426
712841596
120542917
695393110
193188029
410355218
190007774
292085257
325281875
508490322
516055793
735725532
826740507
110303111
121022447
231867683
588282776
280768414
905755502
681807770
161444106
143959218
680401940
775116914
100822677
6244086
199985403
999934997
72515319
951952723
212964245
610078966
431153010
237989351
939035640
312284084
322407072
367710347
807800714
409062710
688555477
60419505
997707188
401900372
269223085
644876694
40717981
109349324
407934395
66193503
426709697
413286016
752880027
779581573
154430292
690855208
32439655
345426002
594570432
186943942
210369815
190072776
219569937
373329151
295526077
905976825
304572522
588751156
171267470
808738362
909460609
220572429
472967698
496692791
993252291
101024601
146252029
278501568
505893828
455945981
965526103
90636078
592000601
6321816
525243025
799678228
857198938
651571435
83559058
248180432
279844428
976981068
773139913
620856772
198692895
498482701
840849567
624378036
106374294
363246258
340304172
451966824
938081853
599196032
156732892
206137268
940318316
256187235
786329281
53405691
544603179
753938085
839532173
138624451
221417837
119733736
598072173
213248120
848086124
495847847
48777887
653001085
505192097
923087037
528893933
932479539
447432514
852110925
297999895
494769590
260175033
521873991
172127273
142647569
115641809
513559279
152554224
992804568
849588923
319105757
859359911
601011702
865242153
30153367
703577251
525906341
137448895
634515462
399438934
78959159
900410526
627601446
776291910
610526445
314468371
687303085
946774725
14994816
70302098
224253351
758704752
88207390
958187339
291559690
793230657
22729187
581810812
696884603
22982641
707858556
967179511
605267603
363659196
528980367
636487935
447766184
787758931
475038730
219509785
2987591
795030644
812917051
452671990
219040735
594359062
632573585
745582080
561600826
828179197
428338722
566784553
137559407
922502469
625335571
560401004
771152520
642824362
573682462
236922709
680848064
944095528
440564291
611532820
691580376
111779647
295142923
263942250
247311543
974038509
866702185
899544153
471735994
795485029
67314507
429222706
945787699
635535398
739146603
697200626
160657071
277147106
20209985
868705404
594643918
141074003
829620103
682765132
738323623
968579361
865335414
804941820
214076468
238116021
538661720
58892061
354466352
201384231
761091613
107261088
299216139
368631335
498270536
587562316
961477010
528794567
95048558
342074376
855187962
196112865
614613304
135617121
903677757
876481835
76265637
403700957
923885543
571858885
16888902
550506373
282159542
612377789
525618625
278732180
108703094
61760364
685467685
233619972
256823309
8422445
74756353
744403468
874443784
631885514
397984487
792025735
778876569
432647667
907228392
65849350
46025444
487545726
827577169
542210758
353966057
729718292
901264062
337594631
161850383
134960763
135006517
782607466
184495328
210585240
825101544
686838348
843012708
219538355
478859221
899716645
843326881
861428584
85251067
846765516
121356511
870209835
261173336
271792243
478497348
284239901
624824387
491237875
664630492
951039551
504480928
794613815
784800618
983407865
924766122
378984801
160496301
347873053
71769589
121862546
873415926
292148886
559908139
663858544
806783969
711146137
949013025
559338213
953788444
7511746
222522468
184596858
402294659
980811651
420854247
483756221
468544955
629471819
859097282
877610481
510136374
643768640
117976973
233455776
706104310
30487729
902037729
859604842
294772232
99874420
739220344
495453827
789658995
963388519
973349588
829207623
310301695
597314791
465008273
767351209
335226875
65486173
537449429
657118745
728517083
319884069
392319156
803988966
562553618
441009900
910439845
531024481
488775769
194159106
611726170
229647286
174171912
326452362
957754232
776296239
809108407
89408183
264565981
853914024
268291401
727068639
394937861
438906138
7462062
591646622
173454525
871230163
164463546
91746073
542383606
444650201
106319210
460858226
504938692
386220241
638168572
98048762
297051223
853762330
189434573
208195862
6678057
595499889
351662349
743702302
655035711
983849332
639560558
688712032
958242801
245818691
800920191
683535404
388827344
1448443
924946206
953413016
796526903
970906994
267555374
39209682
366560935
397029696
651775499
167075969
123328075
713313684
821513669
571533991
138127667
711059644
792356958
410803649
664479450
60095539
720390582
799437971
87243789
263759759
936610910
189605192
231669605
475751512
133503270
296564914
643730009
422783805
72030882
503490249
461274033
684755554
301521858
326144228
586206955
150224891
841634925
609648359
943724388
184586380
620374227
941722025
162335663
68026566
550584364
247183156
453461732
390116541
19055953
328731804
281057859
125508234
866169227
532767144
34296084
77950182
807540075
890809421
263526426
355210584
523345959
700544268
641282802
318023419
110259957
453372112
409537785
466212730
824596693
514254559
218460612
110742222
855713582
902657408
643385530
994888884
27269529
163643038
925167147
886320112
843103181
253613467
403727852
743299076
222432389
335765798
818586326
768754713
291848143
508256773
342684814
950825502
346121933
588513803
661240419
919829958
300439223
844312242
957766608
97212252
837645370
987249000
565519847
504801393
110271192
170315636
269794651
963511818
889381612
39407198
50680652
643897037
965642273
377206312
512107402
269732491
296816415
897983724
95591030
774494157
634785785
640783071
174364586
316339920
171569744
267635109
764620288
267199778
241416988
723555571
694449661
182957286
205876428
827954895
48674742
855854180
688093619
898926458
633027884
52116753
65971147
855074507
879373099
252440945
457576120
698787776
985183228
968915620
76406401
391507928
623013542
402455497
748721212
183272450
462426466
196862298
812884413
249179927
333231649
842636081
405695347
2594873
722094829
165826041
344957536
867723365
438020608
137687378
328531569
656253221
581638870
397889956
264955839
43474276
708523010
779711276
761409970
921923640
858763798
472781966
282451880
795704667
190793376
849909058
100542029
291994163
434236073
22603978
365528429
851812443
42969766
438913692
565694809
790391801
646421404
63376273
132979677
713547058
907483407
589852754
260767167
847495850
640384050
420153179
809869056
225123585
137499658
705246935
474749439
682715188
435452326
890960772
390416127
860449681
560184201
609990679
811801495
872185769
65284011
52963372
433487292
415416630
772158947
476719125
613283454
142725178
832195146
474564036
397052871
645146736
646731599
47862912
14440232
268911044
212014798
434956028
155320616
770640196
40040002
875418442
154494505
728989136
547854538
682813239
416360116
152008993
48497565
705245126
230207600
36430725
251574777
260793906
648263046
854520034
156365462
845350536
75336902
163664925
806869723
667143878
392928438
662935620
308194063
829602701
35983588
387589413
876520539
121505082
648434882
125228173
454670062
41161299
832145767
189865568
898468866
704498154
867562090
89345707
60359008
461274461
94227613
126950019
244356436
360622145
393571959
385937692
399599864
159920196
112545582
366664261
359619126
991655690
963770471
372896123
482490004
491558883
420795073
718251835
646829650
28770702
275488453
926992481
56810243
104979427
581760661
210413478
428648137
458397478
956051167
451867306
977788444
985991193
103305916
345595262
572916264
265978418
418579184
947571916
436030742
650045895
987989548
716600342
8959500
281770621
765609045
463014371
77390826
