179990840
5557535
707113408
38768994
490578120
227937686
750441747
238441101
231854767
840547548
18175529
3372401
71108484
48532410
749652894
101314531
888308882
322859416
189579895
232326339
212592305
787937566
640481877
555148251
87653145
725186982
863666033
629354490
734348790
714365731
400846457
170171841
603424269
848779527
980596119
580922809
112836595
638273829
331364981
662231898
107295279
114673741
615790719
464109467
509124586
810555070
658053283
780792734
442415375
609086090
581585573
189510973
16393036
901133921
778300794
392053272
365075656
151965156
951115847
765391137
364271651
121087257
504092309
517489035
439701090
848003687
399948131
222328956
67936290
168730085
988477935
250035052
991494433
527347996
125031060
97918564
172146846
176372410
46023665
277098074
67133698
82873299
186939115
125262700
132780157
211335484
153778805
702290346
70478732
588542846
215847152
960871437
687157980
565973843
297960246
986208021
610581430
98301683
24408376
661120897
410606938
435724327
712856444
273685290
620608154
331550520
198016538
489045038
776102861
680382229
219906425
188703246
105941490
674017773
698257438
281398352
934148141
378829608
384708877
228365606
694224882
697657784
151850223
479393442
952882931
27606497
562877071
425520590
229387749
138823037
487337133
73845162
151964034
384902767
866491134
631409370
370016853
913253823
504654545
801229636
13318946
664733765
926187483
390096501
368636420
27143906
854929947
13140207
867716404
16561894
52059879
231751821
713592805
796042769
966896014
712949153
283874104
233463002
320802357
593001657
768673448
772495946
259657288
637279824
193045096
146061262
36739211
721038722
807526637
66848068
911381497
20894317
874175062
583479240
215046659
29491116
771470299
761753720
110757021
925739025
172676548
549736863
557804185
212825855
86763157
255585311
360252356
355921264
418006751
153541981
347535265
136553851
592451465
911652886
32556187
240822998
405076476
288907659
197051404
222575157
990404693
133891225
205613569
800868335
105180396
31165562
357576757
130113565
580996109
937404898
941478853
522120382
122705980
395063331
420325109
218936584
214691761
46831433
550516666
937459784
785808905
680817946
303031970
653984656
719312801
774827646
428442850
962522175
550923052
974223659
624414638
482562639
564702315
888181862
935334330
38785322
344123294
756935848
107645458
55597595
898008552
230138791
774925153
480601852
212063127
825414882
13847870
197388134
491327777
813619602
26131236
358245043
738390992
259591619
436766251
309586746
830859254
551628912
81555534
330352749
602722711
395054581
579190511
606772449
312990260
458916213
957418065
234524116
459728999
381539786
874813289
457755912
939185973
494919070
39451232
555670114
905892792
822430117
441921529
893897918
760979775
231054716
471194397
737303449
948092422
266169594
744171646
305110696
451415611
625747584
207926067
792494381
675380314
777292708
452874883
502953970
650948278
168152704
167611591
753146912
867996816
779323753
737659133
109787991
938806311
568375323
419059068
243471921
220140387
881096135
403693952
8429136
109707382
187657615
569372972
371667994
923860183
841887061
658680025
46820665
714744565
652307368
783108504
833981414
173613719
82318908
782375596
161893264
42044187
536497260
904721835
737740088
654818525
688774615
25901101
981656021
493395581
361406406
798497136
379717099
847110525
500699724
84970309
570319474
222053631
199496930
682786998
487722699
207919736
81206888
579093786
809061215
509472678
120790926
38402347
215689447
996215247
903677718
936174271
856487403
785999725
257165803
201427734
683643125
976374299
665953863
353610609
420932766
161756513
587716950
878272412
562453777
43389924
278962925
199710138
214044840
567337059
212789029
611927782
974116787
399531908
294652897
953973527
960837298
957403473
95660619
228267410
534027598
650372267
810211653
985440772
589717862
425232134
942009732
593717372
589944721
299271990
401327182
593945174
556099767
845886319
261854231
325966186
620202785
202934475
16640008
765671290
230509752
921080786
824357505
648352386
783426218
291749935
962057482
456955495
491346827
303192275
240590435
726239651
880713680
437686453
819583009
770560497
351544858
602276176
288554549
137221643
101380191
685245552
609765416
914772849
166009876
618843854
55828015
128230467
137677676
968686710
333770742
757902822
940763464
329989327
997757656
612946811
826014761
161859267
202014553
297967926
463174650
485054237
102370544
286752445
58681555
675087530
713231492
118413313
26303309
491293732
974421326
17926608
914379924
879418364
664291099
545264199
311315370
909584654
482342509
164582364
235921919
833827015
319277818
522660116
969421531
482687611
785476185
550724352
439928795
206636198
944545735
189685590
400261623
990586622
674046991
616325953
582875007
323012970
856091294
490922345
905612360
937414701
101927157
646383943
994265382
315844134
843522897
61345099
665698227
452493457
301631441
916430105
679516756
37432189
62046007
629347633
165776418
579710427
317330912
575993942
889611344
162507139
678484517
819667110
546747996
784735736
617664984
923793300
205371372
47965145
962389190
988302398
53493360
991420163
258970003
298507217
731899858
672893873
528394732
653577397
639164712
724131085
885026124
987435336
905004756
28115630
510168833
362829434
928540614
44699358
450549534
3164580
5682057
280097351
601310999
743105220
258930183
282260046
99635946
209529646
698179149
919729595
855973726
617733081
490104266
313329041
862936744
688096591
778462184
763538788
897447774
492882543
51315694
663753514
936829229
165480258
277481014
691049179
914662352
518632366
274566902
254835550
995252685
160672014
597415609
959224610
982620340
773396007
390109163
515864782
39577033
449639811
573257927
318865086
955398247
719435115
868157358
267293043
497331070
591675714
165178884
822072240
584367248
165001826
147251582
957666989
951848884
341928542
343268121
435830740
465624205
567881003
367597692
581003579
934962742
443343599
924476909
695301711
20317471
530879654
330708700
89540737
297987427
262597402
723961754
447807962
919624615
732450607
708355265
217394113
297322899
10187970
193718109
322986638
353453481
452494661
670468300
830250858
13420431
639748619
7375726
640691798
430127886
954278422
50240576
471696029
82042119
992254346
383902342
512054648
794958204
172855646
246975571
966451414
260967014
75638147
524084812
321769845
441040070
699443618
38042373
219398277
633573275
125874007
138507841
455436235
374162894
44611054
227550098
482468081
772875297
94226051
681881279
380568851
523503928
690016900
659412849
343709004
212356826
252265725
365765843
927370268
348548264
196300617
422435908
124467252
763212398
227266693
62019623
277815334
928409847
348698454
389210788
313976812
601706245
787977447
7118522
304253878
815770580
594804340
97533135
37431064
764704247
901434259
739179350
700732153
490974365
866406719
442947486
570950112
416225296
180375807
109413019
188774345
333677775
110672104
870850011
437272658
703438098
14040588
692223835
146896200
982591430
949734762
554058233
424176842
705015261
367904467
778862605
735526479
682898378
355158970
527938423
617552484
154732589
328334778
162666020
447114004
457121266
721703753
633492885
896805678
784319206
491069509
861590037
748034039
239285434
200436442
980299035
491034141
917127435
569845863
600815779
801729991
902580503
950636933
54839633
814969484
347376026
315002507
995716890
123069898
87544113
707421005
888051733
61066325
652437383
491860533
34041755
5342997
948006082
423736006
980151391
981734343
380547702
795418156
362576993
491521920
88144724
806024192
184891407
504578818
387605431
287828464
818399043
113052514
754343190
726208430
714971980
204095654
273495144
347696535
99737978
142118758
725986862
510422987
809261564
76898200
603017774
800523712
95596656
747424900
166394687
974956038
543028057
493391428
589694471
619081435
421182289
107162346
588059940
563317712
726824760
541351832
130111099
491138071
735464465
799715648
889021961
774999219
306723133
926228951
776888552
829946100
731847851
600309547
323998028
838032632
255747481
870124713
986156591
285678792
888504145
287621011
710427536
437466506
338184131
412649391
744800405
325007614
523358042
135261754
305026141
607809634
616035713
710177431
620871774
558386145
12007659
234848790
774958520
9545915
187876238
828018554
493800578
169367703
970536346
336448585
243108186
942718509
169393400
751661838
363333954
551057574
121005753
302381147
674813565
439203748
830924294
692644592
152953940
322815073
54915242
564014346
251641176
171461379
621202810
169078918
213910387
21670420
979437772
765611881
826024972
20898690
95166192
976610675
97802553
60485590
793820431
541059833
466930158
1735545
169541205
802081895
155614213
771696203
771927799
753968565
486803880
313654565
35363865
181668025
727461849
319363066
81894849
452143446
954630671
623861891
576377378
322339199
548164892
801457428
122538198
221437766
963280736
403781517
925636864
342435263
455891382
144395077
204578594
614327975
645383315
289864461
225714433
151218394
153273868
252833346
408400132
479944972
399533578
867234244
682275036
900255821
986306553
797769746
38150032
506661906
939003840
643022745
21980003
473940661
484108211
471481232
992894940
665472728
879197346
948103437
838801157
751832695
846059338
429492536
298077183
342408803
109075970
421035889
536284708
437597388
93648632
930676454
298869578
701797325
215461758
96432405
922805619
680930647
119182391
222282376
235131211
165510989
365631485
418974957
403431422
812868636
122415073
730637931
130219763
173902083
296969520
560241703
272021047
205170430
414032188
656567436
633885632
970041041
569157060
339866233
791179850
565270664
261485038
600552642
413013273
8327385
344153167
320182677
258478902
387675805
548675611
311964292
546290336
656914969
712972225
673290168
386201209
427084380
26061113
485208546
219993729
378438038
290816125
362382625
140627868
