522011836
622420186
873108032
194511880
699849279
806167857
346044061
703987670
738773822
267310236
283580790
104692292
957182055
698470080
973628669
199924338
813424234
173364171
711126672
469018258
85531595
163465605
95864220
421915756
733126607
405472200
141040832
258646190
531883007
249721584
234515058
174062615
629325206
102587473
469230594
398238505
237828203
622575575
895501582
702938860
700807463
841568442
170826990
255525997
966316313
358426555
921672620
155427870
666460723
993060189
416860672
261198668
958457244
12313946
947599776
358546230
526555966
451192275
461385272
294377079
665127024
87397871
172104663
489052238
32795178
109518175
475367084
854594581
229239486
575390163
962096134
190848659
277862587
8187811
768210793
243963152
992638614
840338221
455599441
374700051
483799579
985612961
592185465
538822816
832860910
973316389
215605370
617011260
154987696
110684363
871682538
786635926
161190302
601124503
37811835
613409592
669463778
681774750
222730819
856798138
883059469
67078038
926188383
91070559
30964055
226012013
983336079
950269432
244103151
703636624
365907615
686217744
995592832
86685220
810577498
679514062
495212405
633281845
656191327
59478788
893912804
858355823
699606885
118555122
703707624
175460207
29658356
676738083
970375975
154801201
574499372
310863863
617607401
598801302
491640581
416721540
59424578
501114905
507858761
606848896
989980308
265335936
372908109
451351071
744776747
185464794
791043093
74505082
790547003
358297772
118197187
36181933
25583423
163252031
962885333
24703646
367471152
807633260
387362933
855503846
196353657
306597995
979893456
89301949
129137251
55043751
68610342
396791530
595044638
393855958
620089484
994097498
125423083
49342430
69498478
628576867
485447714
248255813
373778374
518242830
384417112
955153272
886191078
612078202
36604014
538317438
285280439
454355370
635915968
466936934
49250388
251791316
113751971
652354913
410495239
683382312
285442479
283606159
322213819
689732995
116854451
394251563
479460443
396691045
738208287
124099687
910758849
976240992
93753552
334308465
539255931
119215338
433854886
869120102
471086734
241200384
420406915
367815253
52697935
590819812
769763310
614254970
760875560
128107703
344605569
368298167
880345527
473068168
638847190
386116164
343134387
201841554
926041993
684045377
401388378
990165548
475692828
489500033
873869914
912504325
627558588
309039446
360601817
301607502
927681002
930035049
817936428
244631868
181268179
169294855
262975396
917627225
230908223
731394006
919969683
502599480
633376001
351352739
52085475
369910119
243754159
437690680
337393801
707637387
991174077
337414376
193173344
749809507
467731723
480921184
765507554
930906881
493945338
140193608
963261223
460723864
253653153
459268058
200426700
414570519
550361737
635713658
291799988
469552335
123140767
425507161
970933330
194647987
764075693
898788897
356789546
124340088
437414557
503959794
668750166
189867907
971645644
652964429
310433424
590266626
736861704
68126921
776900143
700346993
403787299
332068514
423681886
90714614
768132781
459245819
248946327
174107943
150926039
637514955
819548381
608040499
145890691
867841464
584496619
565666915
366481045
998525355
985733813
568942825
124131638
641167465
493492324
989985543
471443441
773393315
489078218
600688723
148834634
610160073
677708813
482234816
858813514
591452994
65765035
791072252
1825274
880218715
426515204
304829873
649842570
182681603
973414048
799899600
684411412
60709666
43977215
103804179
68467809
744766507
223785580
738336348
82393106
207957317
576215355
762619833
838576189
433696342
619271171
994739464
970167599
648257603
25273309
540765965
959806140
337313564
749226984
554437696
802076429
793424366
563841640
486262328
572010151
680903939
919100254
941450033
667753415
693592722
305574131
410733775
729416099
385274039
532220913
404068125
386374492
939372464
399841710
650856196
15237638
303145201
952496061
568128931
260947543
431775738
334662273
1584967
157408294
432648083
840093459
347097847
311482681
489539518
301727749
275043441
180924867
737523251
166326196
401489165
288857062
634765321
94866417
144983467
128122211
208537396
265323364
584893560
116036689
621205182
154391472
20433676
937471853
98370787
539200058
498931227
840928303
995712708
225314785
140234412
346241666
917515287
784041738
235105332
853499262
958476282
99251094
239876581
83546290
257177471
223143258
648851240
773046267
998352543
361999133
380472315
208278783
807512594
440006720
52410147
166452373
749768712
885548276
536203110
278256610
819659782
409625993
213111893
950339458
802796520
434115137
185212158
512208466
26091784
55247499
371341774
850723581
859761084
291484203
169645928
109286302
25446783
501347270
858859216
398061924
505540231
247387407
939119308
736371652
158727742
290652444
33415708
555705988
172904638
973782037
596472953
31967010
247838627
956848720
33839479
548850288
886139199
289537121
280749768
823062333
37931099
136642774
746954483
943105043
990657358
529748732
348517698
516028390
270360791
943123843
141005590
248421442
26689060
138141185
772716378
572272374
470506684
476740239
791611716
512144075
400699428
629506169
339303828
52309745
458774545
339374764
602884953
902912362
257644724
620795638
223147101
735909660
220597501
35796882
360130824
368897457
500432923
996014263
745714293
628979008
942134745
517387316
285345196
229780793
832776447
348051511
5277949
109697441
184132342
461567103
78343604
409398959
497925404
768605691
422362905
408424929
797338944
694644738
484330498
651282594
926863777
445605334
258383666
649565152
719976742
405095929
27823940
990892176
778010360
403818920
71839451
474492419
731025945
162632707
570009329
883312110
344160972
109523035
219533297
110723034
334096814
493187512
718780020
796077619
542452034
813748140
237984255
451991808
613433976
951705893
571558511
805788184
511683765
94431699
702115229
496529411
259003650
635780043
509804049
427680518
320227570
14385771
331687080
780313420
389727651
603851183
678373013
335292697
198596362
539050793
64263957
687815909
475111440
373607463
317185779
433676265
726825312
462306045
107113117
906228600
167111673
575832131
377458200
826304465
832260408
266051266
962808652
636594246
460517476
73479918
624308460
708380928
599718984
791852777
790495463
319711042
161500431
938466599
406349967
938600849
135375127
902691557
253395445
74383182
887441936
883742600
330676743
138076301
777245918
268438964
769704097
796697603
528666925
603575448
260568844
744395437
636927570
505382614
948053010
123676385
641042530
41778766
874775219
125116444
914742331
355883027
88096925
683258662
583111999
997474736
272175834
788358711
55956077
168512266
770853472
264420114
322436685
303075017
938862527
948517806
935374522
824732351
859348326
192078512
303775819
827610855
179714003
996143535
531283932
46100025
682783471
656117815
990413587
282673582
297558319
93596360
27916337
128279001
159640849
531558909
795645675
647418080
554964300
779771180
996263128
981345385
740741525
360154659
832721974
996148729
421958752
333852552
566520086
999535202
188301861
816310178
182430439
682696707
821340623
87131475
176169024
91953389
151974729
537011974
314691265
616058018
797945122
773282493
870953945
677257112
236503776
194157683
143434167
407303617
152872131
287956442
269768050
79577146
195815383
322430433
86869330
819559342
163421560
535135202
624141272
348930918
89597728
990878384
94371721
481248140
911165920
345219629
306938377
72509373
355389885
703692285
495443350
17952326
465079915
380205109
183400262
967459030
489200712
155464861
759644952
227801068
190418384
159216469
846663071
900345418
546542127
102853293
486881323
498910190
262145
356609680
928531827
616839525
912870700
965760345
526460290
807066737
678910772
389705805
766091190
891284146
887219305
70924793
51913732
449179844
792513090
251815723
614497229
815610272
139030170
119410298
330358630
7956698
775490249
396340203
158512533
930381258
144215312
194026301
934706011
808312627
858338304
808028185
72247228
998780203
775160457
878603824
105081624
499319568
853744818
376333523
288548257
99494907
389373670
868360804
340581761
119493591
107302736
397483226
107832327
294726404
488356062
671271049
359880020
880851846
26251050
920575128
841349274
516530497
807247812
596079030
662851424
484884470
454999792
957778562
32945841
79191120
998677564
53133527
674019386
913909265
146734098
115177661
961865453
762696645
830862039
230863723
618583027
907129443
55758441
39018942
823078521
746732085
86193974
639979607
319956565
187067254
448148165
191395380
972529153
854585328
37254549
588551126
692071755
257665787
713482097
803663786
644495113
431595106
835414963
261390641
120816025
54169209
723463839
193923061
147992305
373178401
709405595
597183373
49989807
795387325
301992100
934219830
460772055
768228869
773000508
916119338
398690496
815020184
637821997
845878585
631042954
807282184
80604372
819434057
876654715
558182971
423105905
704199665
49214547
27198253
586368608
186987921
71714480
794367799
918202916
768909311
23268245
892270912
491987302
946778162
477661658
850964790
141405573
177141827
552593227
103034718
127779071
923842884
484665278
797362757
404973289
829474928
793773108
989536376
630347686
313533840
973564836
904029781
317268344
589809333
950072495
5205929
547968825
22791554
209018716
115004179
862505349
666404255
850025952
4091196
892851093
506419582
323032881
691043833
368216927
780078162
665876611
903462543
266840829
773619997
430403900
499263019
219534387
251851789
622224962
756893679
393214811
82178102
164020112
604669076
795344474
119238463
575002568
902177968
996705666
472455728
302995965
118614018
968123109
437589048
240529367
461374814
73816931
480574082
904511663
898553705
506442046
102729275
621319449
850269522
647657227
70102292
637188952
543648346
159405433
450809475
785671541
296117036
400566590
452125036
721789367
780327247
502384142
245356876
208746720
773612630
931417013
