501976612
804698742
602455875
186633088
102120454
43878557
281029494
221352021
158881745
268866746
251739736
72421641
100763847
571208686
719852683
9568512
408502323
732275200
695089968
718319882
451611655
904800704
690541152
785262892
842809862
263184218
350773202
31087965
93252561
189224424
691268293
726780904
719906239
803752504
279254180
634441652
745777524
468704254
170763801
351371574
175653734
938343632
760267661
72377339
373057213
611861612
766034720
773692289
975893805
480215635
210808197
524649767
972602045
768125935
637417461
597175907
114157590
817192981
343823225
838936235
693105353
249941529
128099460
969657320
577598451
524958831
352515401
297011342
291954505
85411030
263790986
939798068
561511398
343718393
542666148
513268021
144533042
618163813
412205679
230948249
497149496
577080912
55194159
613036924
978416226
166618525
754178857
951780302
166335042
682078272
520284062
928584542
124881028
331827564
658266220
925712204
810244172
790610340
494778887
848098380
259346211
469023378
481737784
890482774
216424649
271010128
963138367
628883651
225459787
124149440
452642864
495993775
404987302
112874976
341786739
116024441
194747370
515062534
991241092
410979926
770779972
400735097
130676299
609876231
565126967
335206443
814917040
229683834
685452172
616953943
703023847
353922701
123384925
564107297
971602037
28126117
95343127
164711383
396612275
707406098
203480156
125295205
726320515
42185602
229435408
24290286
523597239
12006051
990040824
542241779
730964833
295181638
799369246
83798960
77318408
858611112
338347079
871861551
325355807
881218204
456093087
733454533
943431478
608505843
421125592
98720163
372608850
840880004
141272938
313660622
20681313
30035987
118450258
283834994
207499769
645484767
674414581
88490697
380440823
540836680
811609203
802910988
239643008
143210392
885989108
407842208
554553453
39585965
486788889
112990924
689779036
223481575
839355574
515394070
251313011
470025621
181863726
117814672
621060008
130715245
651681435
682717234
870733111
676380201
521560466
700928846
176731379
515534252
876299189
431833639
184196531
249856382
491420727
784519125
69609001
653182097
493811525
800221086
722516734
13283383
544166708
333022884
354091115
28282014
623881584
797199736
190680411
603056187
32521983
737474147
463621040
556599909
467430687
249725578
889155244
128891968
932177876
563262805
621649924
185060261
231110829
39019201
163286774
54955249
928794392
439922654
732060846
54836448
445785069
598130912
976214095
381642639
395297936
607776625
586548535
318658550
328626119
842451097
52498617
724360728
510248435
573675191
483012268
138825042
968212598
627596621
782425694
241695149
895363880
940717031
721004220
930548718
178571161
537456473
782172553
505147507
169736110
299135865
99487620
183958930
65138890
135843962
157271118
434391069
761260050
81978401
161301972
859654061
663177041
570496693
800265848
89726778
510764188
897289195
674811824
657435637
556006931
24461731
86742649
301197771
657496959
490365696
159472567
505068036
877126691
45665377
203071478
857841462
825604070
81401028
148922440
29490253
742963476
868539685
659221838
374404472
416404072
48621198
377564990
886234197
466294648
922771632
578518107
324867186
140451183
631277441
419784529
281281965
862644647
124736916
949140574
145274378
212393216
798289848
526461970
574773192
976371394
652203080
557264377
715594673
878906921
303460508
34049990
581776012
421574253
770775594
346763300
642224501
238067356
300407352
241031564
507385733
646896740
200508451
834903121
734725325
911847588
834605379
364616852
245849249
625880846
921789512
995196814
700867154
132260453
3648061
817097036
944673627
342077715
84448645
398033077
764200991
491356820
661970316
7327275
162834140
888721642
996742093
903292931
369675587
284514140
777560026
43214608
562237295
883705351
441754841
498377637
11884764
963386726
791736643
662925602
141766014
287586227
311415127
89713826
957117408
308263692
333182834
449515559
417926192
953678557
402089672
300146786
153618710
902374274
476830572
16028913
984926422
193181176
672068981
846003682
915105494
931312447
994941264
961335108
848320819
878574903
432959519
817161802
690505611
505270422
805212271
981286900
550341071
421523041
256267062
476614763
179941692
572256489
50209865
854570446
555538807
547226533
485366739
415997029
882424466
477413240
889595896
659863019
406874778
425725927
513451213
818703587
291317744
945732959
747820107
210453566
292644962
350080018
241393006
78542505
875304172
516021030
759009947
912655768
148466286
420802771
749805714
732095668
646107211
215808
836087219
412669933
142971310
817498533
290464875
367878960
445945708
578944235
78910641
370907579
988979006
773096498
410287023
264779683
991819207
986508682
689969155
604608110
673702932
45813496
183969800
829861672
330863483
971667359
979266273
39517777
788216585
572710969
267530742
461621694
727607525
157500228
13755808
406658970
589638706
100781280
675732276
473819210
655268084
379941147
764507856
713700726
271169377
870485425
89563498
102207673
105734006
494230263
920836559
161957602
730833615
145197603
58392735
600293714
816246007
6225547
81806450
171303950
838232259
250947098
579662373
873234738
311413492
617288945
643300053
831478777
759340690
3628053
675140975
891037927
310776405
216149944
949340025
293761785
281305638
470269073
558692295
460378056
882103860
877058599
933783769
293986322
651874408
105573140
730788078
582409921
99107493
413462092
590412961
583413159
18974829
504428326
635586950
404320986
800278773
891273117
402287233
653880430
227185372
258084719
342866982
102105953
819089286
29798632
851181195
514683671
195857576
764630948
318988075
345976933
447533251
621428393
289200088
961173658
317163328
285676051
221360329
205840351
886500866
60890131
732371284
345878597
413215090
91727815
872063098
806348078
580562993
545019039
493483011
390032520
67981839
904811863
233192683
624019141
534191616
831677815
474897034
622075776
254391943
216104407
386552344
334476543
94474017
244436028
135879908
397546435
215228237
674413290
87157658
514602721
669912787
196446881
767379563
166295241
525713433
996988384
688890861
727361471
157735532
44833117
934120676
650838536
271147937
928955554
277995094
542721386
388235709
665180946
426982041
485485511
810779016
599284552
951448406
670396458
674337785
397894741
251404580
168779062
955847906
474516663
591119840
906149702
457861380
978880288
720119731
871534956
137432299
66897442
98305707
537203231
142786954
747535562
464340243
209558826
281983729
735713807
63328606
165518461
966440933
593158520
9310725
550047290
247431248
601672146
703823704
70628235
244998474
96983104
491957454
127818692
745583804
520111798
771513563
683218868
453713275
27970974
192977155
292267647
208835822
406460136
405289087
321338267
566875238
889778809
342698556
63243453
134944308
741889580
388412729
938623977
334566135
85886118
202338128
362689385
465205938
41072550
658718453
856189233
275056583
649491496
626536482
40449194
574939987
970487014
791619426
622675154
976021997
781121374
755845550
254012755
542736651
771060957
956682637
559980796
187869433
687972456
983172050
357652438
258973589
640580251
935683925
503108892
708570374
553333475
793252556
659697685
317773670
408824178
218012929
412640724
369252519
336787921
17211064
559344325
779923652
364839892
746398279
596388223
98159382
720023401
87221455
353822933
986044028
134399973
395887326
563505177
129203479
642357330
174819951
777233480
57900499
301066014
597215644
634476331
713807570
123427589
331878818
21606511
177234458
131921740
304901483
567197819
563108444
343204825
884760234
205948729
753849892
397338312
780057143
823029540
941574176
386783827
259493055
538950187
553358795
581860991
517064863
574170401
157446148
229747379
530494206
675416339
234004226
440779448
354740225
68186505
739572275
382734731
845536754
656496062
32961073
724791767
419153765
966237641
415121917
520023634
790714487
642839202
249639738
189938596
809655283
731865166
862300186
351790410
835659302
671116670
41572959
58265456
81117535
131946578
606362725
757708416
864160362
947487078
601427532
629485143
333193593
122328996
988464599
816573729
466376452
371115161
551801557
123561080
790068466
216782409
967630061
293255412
123828269
33335160
791146503
874225659
324530662
967507550
420092094
798629039
813116151
882213814
605120144
683623553
26613546
681306819
301617195
713590175
50133337
275252655
860631403
471666685
364810108
785636772
186830041
668385490
654374602
433066007
723562142
438540121
180063608
738739106
561721943
618876893
703486608
748317545
934437185
47782374
340800074
732137065
433177754
896652810
527394983
802798492
816368990
450979777
517208851
304841045
789960183
785069632
69497965
838211380
73427742
514815810
356151004
495963375
928445302
338191496
846505118
122761012
219851056
891464653
243945408
981551972
618565430
74377045
320491871
986243250
980136944
278295999
746869632
253834820
372790101
317996270
842074900
963978592
944271701
562011615
969267781
735850263
151176639
349533556
643105823
938492509
369042156
341852227
665311363
46906133
262725888
207523233
819872241
596245689
201277255
218039061
512286008
541713099
652707402
545843010
184233062
741991945
130487906
530965599
324704100
511664183
38200000
815663144
465421279
755431470
672740908
392172410
551691672
366433687
368923713
110654854
971584371
870317499
248358830
305452897
612509816
276713203
409065680
273585738
723517361
772613711
458423757
150623942
52557564
154751039
805710261
300361801
311271190
398428691
377778552
227275836
605362357
620211038
24829456
131441640
900292508
553379011
876430946
909879891
374165223
870553476
655831559
453438553
227321976
90622401
246454689
641968508
293354268
347254504
933333192
907519858
332926264
856902167
807448237
552090387
53240426
887576057
763105579
310670240
949721208
372379106
80901220
153262980
988655134
141647877
505292496
351373332
845488042
116917190
405160388
