33669974
663103235
683084752
420707828
733200629
764262645
108570233
322977326
44164295
646168338
158848225
342236038
81130404
631942638
259522467
38562298
509962791
411223702
602700134
80622982
140303196
243223597
313646542
707555080
621749459
877156783
588030803
131231187
298720067
113859882
842411902
145644846
520684003
200518069
816184897
23281279
897148624
318744456
205273585
541032905
592849095
86874254
309377162
470893915
498285555
441600402
264381217
632510067
878671043
256726935
244955614
560124555
511642684
604681527
665216479
790446375
349456692
975529670
798958367
856043845
176231842
977339045
24257258
930304412
803756435
13203378
821552034
880612333
815757740
236241188
141413672
191218335
205950116
61667229
487773886
53428941
933846434
842752625
209269524
180149057
612775565
955520734
252560143
41993131
868904266
282287346
634002160
916002475
535301589
25738521
673824585
921618952
519786087
349229739
364801063
615510048
62616995
379072749
667137479
485082177
620048367
383768882
816752325
642429854
115313263
53737279
354174439
449975455
116907640
611787537
856599940
506704066
766260146
618809310
243268279
220711106
724778901
982264126
61400145
521469088
379201216
905549557
345310744
790019219
562416602
219794718
671432246
856720376
696866164
872263836
990811945
554773684
175615145
724187346
560100688
229006682
138768408
610130287
926679867
815166987
928112906
184026705
799094834
923514050
169138580
167120518
155358806
900976776
105961459
144089956
890731146
80352868
317672604
145668390
105880960
714498808
38458138
26733106
80013252
895518543
382305031
497454061
753109290
244643803
620975591
301826255
331088920
42072799
58708621
14261596
81942697
114648614
55584258
246233156
593356181
195174511
106454723
421796693
620880639
395296084
64435912
770455469
750758916
552776207
981532689
910459076
237101080
29946755
618306385
845601879
190548544
112035302
530117035
31161324
432861955
430658844
430917413
554451031
302538459
867312323
836031596
113286006
842268154
91699862
62147258
776082531
24768610
71439447
552312208
910706447
608044085
616661443
405852466
684717167
831082630
611849561
746695144
200333082
263111112
710516513
64725174
301142165
423766413
213106741
823713051
969907394
584531578
24422933
813371200
162697337
764257097
552003691
119258234
753568315
559264486
951149904
928187313
659059053
490628949
205450157
885690466
165661633
477634546
707599937
237557793
573887099
706182835
845399866
200078692
821012393
683963699
230584331
291339918
592021944
802587148
534889430
689519592
629161412
267986810
92239863
191550953
345676
258068246
389614871
146449350
56040394
497403209
652284150
125452680
879932725
683662246
87636090
709704132
57660954
824826045
899063540
823507618
716166474
975548946
249825951
263724559
739131710
824344240
992358806
478733636
533672766
260663772
527236288
950981165
24375055
261630311
299025900
391072243
398389085
13899204
885344790
907593386
88019675
561150587
181517399
76483889
53898685
719947185
320145966
137350146
596327609
520880197
233678964
767195898
903523606
711381811
973353117
653612465
18160859
828515302
452419241
176001435
265709439
910881233
612776583
795376620
970166920
701302983
101077625
618302413
384636345
696563846
311315046
43761749
939481253
991470153
735487943
155015887
794031546
173342061
209825874
19184524
504198273
855008659
882406026
12792568
26984808
760040389
47457559
312993243
288277193
645413434
372911384
569873782
561479962
709343355
641883947
177138440
948374003
386140777
106316968
352595700
618869560
701843551
752713800
899763762
209565151
189917214
827714643
912053452
975893866
818337230
859580917
844818796
618689428
433234716
671803160
410700778
28475206
599984015
768391812
210126530
653845424
788084381
330025219
739222909
323652461
741441263
482281786
230137897
349586206
558349502
206641883
407890768
67025092
857230172
400314963
802354720
102294859
982642263
803227415
837067592
932325744
135404105
337099375
469939962
785832516
528092586
951184352
128245245
37540195
231183168
148663233
348389988
617748964
896190437
698750275
830785178
371818332
13490890
576111300
468123886
707635426
597576745
562467246
417544363
611695347
451690148
777793703
761459255
32919753
869448438
308405919
45832942
796756598
931324219
277800784
518441318
450985005
860085255
953390392
795559874
790256910
354036541
192597702
118403037
409686269
858251893
790141803
170834654
158479897
569529784
430536388
88803969
406530963
335103528
129432165
334748999
572936858
919555010
858244614
334142368
750298881
189725097
95325491
168091756
922777248
102830291
551633388
686424743
618389652
180308956
379800172
511733075
60100496
780551424
677866975
353598885
404979042
444064208
7858094
753443452
661548343
606959048
602979357
463389968
438912049
219601950
639301977
461653069
801892053
943051784
945504459
531429994
1840641
619248024
45260992
600531812
258711050
24505946
195625788
306855977
306618504
103717059
552445001
978170939
189729611
918803312
28703472
625979537
657236551
775833278
929769955
128872650
911696915
104801162
672594023
143339833
586745738
631935521
729179705
703175298
463528312
89980319
884532689
675337866
234804496
848370177
509892434
440852471
735290432
77335162
94887835
380473096
248438419
701002116
446824947
557831283
54514047
624808417
273660356
520108736
190898477
13322439
804416516
26058774
13281828
816631808
619733077
897039477
946653999
901921158
13786074
626775527
295326239
492450489
843327663
216638185
219184369
877107133
743366443
341359433
408910878
587851000
890689104
579901389
680945443
549296858
880434230
210694799
657976214
114762739
88825785
961937319
358275164
209070969
512276820
450205872
285563802
858473914
662056038
418172687
228637100
612852955
494198470
833369273
63549088
468112306
85146856
755987928
857674452
230186761
338646914
177406912
881441973
932300922
111197858
603047476
122633334
224515127
345113330
463984968
936197577
409038277
239063263
831891260
813095372
51848753
268500362
86255270
980173668
393121790
931074382
360710454
215051095
325193756
112722333
796057921
93652529
57319831
516352300
212833136
464150001
124446302
353020346
427789452
776115824
911418872
80495346
425974241
97873111
909229343
327572538
61048674
513360583
198071069
481975109
819598821
373789692
662307209
20273901
11700334
199611944
998891585
775814259
464552661
299112378
977936458
962355816
556248217
819578588
315139935
509394946
65313503
708162825
132280193
999834965
811751274
56017931
811273809
55775435
901676498
971353406
842526120
988382158
70944325
65549252
870025707
847349869
16980025
843218646
293123510
422268229
431345319
37045930
504651966
13221192
465258415
348632042
888467683
128677074
798179364
949063055
524247128
606395651
782733175
399834396
262259034
352885848
381080390
198236102
670223833
763580890
562515881
606531773
118597401
40346927
357085822
10509427
704869933
399003409
429086670
130586589
945375790
713029570
526455077
892871704
78049627
28267573
203510859
119059001
534576550
463119232
167550246
682596735
257596069
952613442
447106277
236130469
205648983
671109927
803290216
517139859
466269479
818743922
172994812
529542619
859752347
824813544
918448527
464305038
656135369
454748988
643762107
489464274
699590403
667592775
3687264
811217557
79940573
889861469
321784769
233991461
149374988
262021389
663659551
207104600
596030644
879919145
348935704
165983957
593240649
120955353
804860442
33760006
595713192
911946809
664317108
126631868
540034757
996912457
33119357
253236082
109819044
739205819
462923630
79827561
819357124
678085970
983006331
590003293
948926177
635888718
156189896
315787512
349325158
569298755
367764870
204248090
155084371
965890211
933511974
979833200
475877840
752464570
871064388
535180016
649888544
610002100
893751081
787643592
3275666
877055395
271182800
83028114
856742112
68548686
124172416
410169168
799097757
583831989
387747474
917944672
896912813
758932409
217057778
957351929
964765455
489072930
684434847
26414437
544181939
460069018
971547495
574144544
63400483
53286155
777358240
357354473
868141429
927743613
429939016
209355024
784334888
195362738
586727626
71870781
364705918
73161781
459045399
280776471
445126338
957595701
405150331
571252380
578142736
15567301
82920387
716945429
535406791
913712458
570414559
160815614
925567252
867336643
243461652
543206647
905507898
697038254
19627631
803455957
291190444
766817941
542027737
871354142
153892972
178392450
133609783
701550074
172204783
145186996
592646011
891603674
30027531
403658375
581288097
586586237
54918686
400295115
996001806
47833181
970365766
60412811
821947681
954428970
357329054
269123402
283787770
916998243
951901084
43520979
166362882
667667662
53534149
655589440
989586025
678308395
415567964
533796188
417359407
399750286
881957516
381370312
544740645
390219794
321066446
678810883
130788083
521908877
286048546
656875414
488287960
505212783
701036446
971794449
833090189
230777633
944870259
587598765
514025088
884769569
894604679
216611538
749648988
128683804
978824113
924978347
838069525
374438089
414072348
902979700
171018273
521122497
982935706
596251520
165875663
588995454
515672164
431727886
633362523
678518170
138335319
761878892
630949697
295025669
555233017
661150097
966631214
81739699
822499250
758808392
733438135
827969197
19771100
532589837
505145605
665345978
631721322
416056841
411395679
396088097
840741357
756349992
107836528
383068844
485857141
967165461
522277075
104784925
805918785
244094735
715105467
513142372
954236240
835506916
746434250
132725786
585661840
454623318
573450785
317674016
958347132
756329825
551938838
655263954
169541565
343049074
501351397
450345869
91105915
500529684
957274130
99615323
20332207
237274425
837776811
381985325
654042363
247880853
809168526
588067555
138873021
861846288
275820912
578404514
43702925
220295762
873732956
184264182
786155585
372419819
79684137
177098003
842606054
93721663
