83984416
153439331
12664247
931636482
181971047
293113012
147329326
565569807
290629837
688147401
216639127
332297999
825617286
992809565
444229526
920958569
499694581
954352058
26525428
125733775
638677330
295835100
477156727
58244420
123290761
572358862
2018452
377046724
254562425
601430968
567074239
865872514
346758065
149050312
946643481
429679019
317841304
466383142
540767969
14650681
774642716
438924992
787052351
492686306
544201557
202169382
174354213
374864454
635433525
99985035
462036568
841913525
433847854
219101987
300548485
788149315
676282602
954419826
808345721
609612184
291094560
770282600
311007382
689198868
121073161
350766612
985539933
676566973
46166083
14550507
603117265
33311438
413584088
11874746
351091057
199752338
508782747
984470419
514042861
921121377
398004648
627153996
741613198
154577390
139394399
725160713
432024660
127656077
848501826
158494166
753396415
363421476
658037420
931155784
723556120
4360115
127917609
97853483
371613144
193434945
216629448
497787239
328698370
620883017
496867768
428725130
428329436
421973107
868010928
100796146
279366567
691812181
440376965
887224342
211607535
663940562
28669402
156429992
549804468
395912447
918741950
857883855
828065145
887671916
261154091
239695788
375274017
482428303
288318625
346730942
71834729
410929264
612857275
320607915
704491929
900217408
298455625
120730180
657709620
710669268
296831276
10051553
259645148
747705679
879127597
61584233
923044510
770813077
719548249
59615558
975690712
971487616
548049013
975700696
274692993
358745592
669722092
441026453
359728926
257171979
53451112
945901132
133654482
521279986
28961417
868437301
78954906
119769049
182732412
311390125
365484936
907939221
498720370
839135199
99081170
908690397
598238707
80359465
8544318
199569858
316651277
604460938
762880052
228703066
371040229
100347111
862880250
637156577
45914921
345746336
230495316
857429170
761001252
400537640
657218155
350930142
876397070
738365160
718744262
10690296
982629325
803275461
588080664
408158123
694130620
67751490
472767245
708913812
876619525
366002595
760506884
589362626
432482135
160159068
940520701
448990172
183021079
904951414
150239757
928614304
5557051
441798327
73854127
836986075
80894809
508055764
146937968
98182730
181917043
748151026
32293327
859873545
361615202
997854021
216940531
513375814
16380274
354721929
534572445
303288738
627579865
153966437
760537051
679912325
585239451
641132688
424947035
600842184
460016937
208227982
167909063
971445654
588125402
790129956
5133244
540830997
729421333
751094588
327263314
186074855
920813521
374584514
526996769
128468498
333709267
900633337
227747423
434628112
943218536
427144887
432609898
828299149
370378969
846951018
301034439
851590612
681261275
393941800
251746623
439762119
83108729
546095783
638165791
973689060
580241963
60847672
271748143
571485245
992720776
676109532
783954479
265285685
27458614
348497589
382475215
252995350
626969667
632068552
346203057
684606113
413385264
990318921
657623646
32872050
775618083
339609912
601066684
741174383
489095517
153542630
859569721
335479533
499347964
887501194
102966126
374717737
736418722
553307708
548226534
272861595
628885194
656262177
441907335
267109003
643190406
167324212
800840534
21881380
464475802
48039088
224620945
49192723
47738742
567140509
26376854
92789806
888472135
605293741
198070976
240632050
459780986
530573758
82389728
839178145
816539810
448474946
765937720
139957419
245531462
7757477
516576627
73661959
83842017
73341462
55720918
757123086
548411586
390514643
389681643
608293870
538769377
579185304
276698580
441056428
928921684
810376998
287740790
932207453
861124339
10176320
486245601
131124981
355236731
307594484
813080608
98311435
573872449
602729188
450569192
194715459
401386491
660883115
776349916
456718324
531462460
150958986
965350704
974397279
511419590
269253767
544378218
497957492
215612097
589777105
701862672
880595680
253875178
641333298
910256460
6162811
160734156
833730265
278833079
235355142
521511875
385451646
718425226
776247532
260260852
957409482
183250636
945682397
939945449
194966183
206907378
877886260
802835387
819980254
909593967
777962697
845026292
313343509
420787863
591870572
465798100
988288107
915512882
765459625
605731810
932484927
844436255
932539150
692472726
444406380
33981303
567656225
382050036
540994773
935206448
146010813
432533758
189103172
714136426
554010107
86003130
598695820
558012041
20645914
382869726
823976410
77760292
433894923
731739329
132293763
161136518
847390646
412942401
686962505
769557041
533223767
469938763
952965600
170515722
327775924
112973226
250711485
253209670
495539068
160984880
639251152
495836224
261840614
884773805
763583154
345428939
655923120
599207081
866777754
505867441
867102278
430276065
894866967
382589898
781755399
854724634
410541332
200799820
560178963
283269862
186590656
154713823
695087529
771437730
401982681
676072049
479568156
18587450
386360502
441036880
835291644
345486150
62472972
859661033
743618573
328140185
815919677
549121116
968156174
786864822
505213397
248183564
546164645
181095064
902454762
102947701
575071794
570375702
388760322
473051289
702431893
49911665
693030705
212269206
974394223
484537328
800748694
490402882
482791124
87511104
865860781
637335670
212846579
425740874
670575796
521616127
367803092
35205934
638971324
453615213
38804957
861420214
232643644
773314139
778056463
938407090
608549176
513992464
868982967
299034979
101000254
909192453
629827126
913309211
738604986
785379978
652455443
850203765
885266809
259081244
527391490
325516794
66329992
880645070
921004040
867877725
35336985
120423771
510519267
380838634
735144607
539865860
931404376
935145107
434246332
841011677
817268019
919716564
434212742
35987132
875988150
286756229
621419914
183756144
986510848
956668327
7508543
299537366
687135886
885195816
869160683
517599326
149939123
379890079
926223721
713288161
795090221
351998573
852310098
910178736
903070105
488125405
3473197
488144333
563890371
561134393
977788076
694682017
479062879
897593308
968111958
732738877
415991022
849279676
383093093
240635261
704096879
882573847
894134220
964335712
860369182
735799617
433287884
625323449
511677949
217545280
389926736
551514296
8921386
720958169
45921455
465269446
67406466
524034004
132917026
387862745
283283031
133275580
619865771
425376455
978880249
312826524
820474485
789542577
917083857
136421805
101608303
300659446
996796985
685588460
9191282
912516373
457864351
887974385
49809554
167270487
54837520
378149746
976466382
346345091
171207656
426273779
685760631
758104709
851671852
502842512
665332411
891957017
716362650
995230346
957352228
570821298
262708076
468757765
985455461
547542658
915325130
643745306
708239591
375256144
115936976
89267290
554717309
323332925
711766887
133405081
7405094
179432079
474224450
965646537
333025224
905133284
156809197
273520680
254168798
552606470
627065891
62369776
937870723
414241344
471089393
209651285
584296795
1566638
728236230
438369982
649808297
989106585
902518923
502266894
251945355
411092213
669910153
601210238
230408114
81940366
871556468
362427705
46337821
718266771
495437417
485900331
417732567
750716111
662205122
52218944
414012100
989187394
214588967
432848991
920476765
852955353
705874581
293998246
904166750
906285690
504970493
553150671
595096693
273396904
483596783
18298508
276913155
971957554
713701182
921933010
235223130
555598958
43112566
172228431
681050000
264638186
16031955
219603952
918803926
985189060
791918716
833580683
339361515
676017286
24357881
660620901
774517617
469669932
581790128
398990000
705217631
375911907
697043486
324122422
576969871
318405797
767331010
772940915
234669987
477138909
208987176
445775011
37014929
740272110
816995813
858413141
946074828
42360536
751798989
655838579
836923398
486270629
375194319
918977688
114366973
671389809
213789155
919079406
249039023
822975880
243780889
807243221
390167426
314711181
216715379
859311222
858555470
718990142
595258558
362644202
497307174
243091038
984933963
441665016
776201883
346143705
796565753
599089403
859021472
165944739
714546071
732157081
717870941
925951548
562066601
218947002
717587
778065796
209755448
905580061
104616641
848251603
523901892
411694105
233358020
401743953
55607585
722303746
523556731
957684589
999857669
227084685
447101976
389154786
158531404
593832359
501336664
933529302
142775805
768223267
874824055
614699750
60057934
83094283
108429809
511623806
89372280
464215876
752644578
997768375
858593634
80489673
509234693
689678496
258027560
649055570
719189145
573239857
208306996
374457929
290536119
74262007
75532671
901336881
166087068
487461385
285055104
328716154
767420143
968234240
717610336
67188283
635289991
441532180
30756006
489916890
788193668
440807609
303264296
721734212
312371673
591391707
969659166
525788354
99090955
919367996
717849991
757423479
131127226
509475832
874643213
928096806
725222306
768317875
477687148
800562047
539167078
158721052
917007213
620968422
226568702
760656124
696795731
784410337
280158039
791405350
445199681
67702513
658922490
768110669
860861900
278381536
269975560
486572782
62086256
699144410
104602839
549744316
802245926
246719071
769611393
527631623
197588928
257944310
93591026
789513529
341965976
866972115
963845031
230193957
950749810
629472616
523800394
682295873
495165509
551715547
894595975
185248829
245630315
307685603
474168314
650147478
98500989
363016555
648613931
596261677
658121245
238649523
706231618
778542736
695959208
989422761
356475124
670288141
851357027
698937077
563067196
438851420
690819310
490644509
449439374
578227564
103857480
428728533
817360858
231389284
754581140
587679685
991407271
510370707
804548434
919354008
304114000
494560322
772550756
119463915
429130634
834572372
609330378
497329348
131392283
103316452
160740496
185302294
534234747
961327047
272997491
853512252
830938845
796228431
988648349
455744554
494429517
754985805
858246227
