105645205
908207078
354992220
870090485
400870323
506317512
343138095
450069400
549440498
889256505
366917069
300885990
661329064
121837829
418917832
376946654
849836402
809943918
28120285
967119914
531918280
219830036
747983695
54485162
445607103
923023
976921543
365225707
922780698
582576403
169281568
913618169
192047039
212742663
106440738
637684953
328765237
274436041
469541449
596528688
617037449
650986139
776256144
64365853
799907711
663499149
516483134
129701424
748494735
297164447
864701081
344639573
580552007
594141313
913089987
885815167
160223382
300507058
424483381
399947300
529395968
977912387
527288701
966864094
719974937
453298899
108838950
448586401
15397091
781232878
48181416
575400360
340402468
431591596
350082465
880932140
443573891
683617842
254577449
782107953
484439888
847220119
616730970
625616251
717875321
824641994
333066162
597905725
299652674
220625569
477461570
28258179
849952658
69594149
67132719
639125060
123697438
809392049
344390915
346608811
554660198
67896733
114304332
967261856
248983031
289300720
4237104
148960410
244058847
32157847
442241275
476605539
45929608
642375427
915507411
682175848
361181416
901672448
248988773
895332942
120232737
510933224
148933726
794771520
303771308
19923237
725447700
270808319
364458876
710957403
757234701
634181841
339226926
907968637
227447754
416543155
732915786
649469113
376633220
428574600
820404890
184105751
353846878
267494826
778384293
856030
982328569
207577230
154086737
384956870
277943644
222024988
560403275
449057971
226376074
43726974
918963005
319532811
663490547
229059793
563853018
733428783
784501532
533101442
274923144
808059432
137378612
137960970
414927673
498964255
949260061
711712302
525039228
820414171
74928052
936126985
157086346
881438898
16387226
302915278
37594666
517870470
116721582
979502005
433013759
535209713
73778565
890168954
681592562
183720779
497580148
413382974
985978564
147573426
864721580
86976106
399604217
820745434
992571681
970324859
863477416
844367598
792649555
655122480
435696808
566231340
696985758
739989103
374129919
290249088
886640627
37524106
303145584
360575269
191465127
45982548
616707201
804999526
100087682
739713430
734280866
247209657
456368406
231206894
1384106
535877086
725733737
377465802
955692589
987951944
536522767
336340910
888867216
46062366
439437860
193227067
725220913
461599100
543805197
866782418
838223954
333789461
516039034
391343474
297080151
460056042
110237390
625403294
956108298
818739032
470268903
594604690
720657751
252858251
236043993
616267758
387999191
561442661
653738373
899819720
840497601
319519955
784296512
386177973
753726319
550299716
148656888
257083218
921137407
998238059
320761634
155108101
261194329
233305263
901489474
400491405
731170622
65024932
934126742
541328063
425639696
100330443
421357503
136953557
517683041
941918075
615683157
636008965
810018371
823170101
805227874
163778251
807860726
643985475
26284816
518703998
549492947
129861060
637617153
746780433
311399153
853154170
704265885
957870237
497977398
315160802
333410361
487352488
351368775
835552587
885097135
322974259
627315918
112410310
474180024
740167158
898162451
647342955
868494931
811808243
934616558
512647922
447064845
97967306
193010184
156983382
347247374
617208853
207020446
382785476
850998456
601309561
427407777
187346308
229928909
572485524
396064556
463487264
638976158
202522239
608507713
128330668
284640190
974465783
938072964
482253615
536462331
695450415
169805450
286117656
620541545
902149991
261366128
825808909
812163874
798751230
406089325
606298579
764860053
340994015
967913427
716201507
280332042
968583297
984554130
283787574
895566480
439969609
882481399
901694499
344102602
434675187
8366797
665972692
203300529
806285889
228007732
472599060
159894340
710756568
620521050
651796957
447403402
920902788
762243929
948848463
339943432
601598867
375182433
431177678
166396199
789765976
698627210
297982143
234608810
892306205
847998625
316056891
989911652
654285390
586687133
96492722
812969015
268110949
942015053
185866358
893783194
595393435
622508379
5877984
570743498
933490263
446404238
54103484
720472964
316116470
268798104
359429252
206339368
35705666
943844140
293967613
64787175
451303721
735298300
554336624
736047975
710384653
431363881
310994323
958287262
911950840
482687407
505608948
124069435
524028327
838827940
179292452
978887733
576377571
55065269
744549995
979090486
369304449
860434179
232905934
343361737
644523725
577509178
918492339
623508100
488569373
109717523
954205986
710441249
292719520
31705546
361665294
532812648
387678428
449818381
183398541
164029554
311514056
47590720
658792656
450802855
940795288
930034047
196444636
477288528
89505651
380541517
629961795
980640396
199294144
314877125
695482725
590869540
502392365
210974886
91524249
132875475
512871540
687486221
469717889
802233316
528481420
795167698
831349914
492322781
477162646
646479803
591209305
126559189
871666726
580520441
667576430
321713728
201641522
782103078
402566448
714489677
381064541
441203810
534002448
108027855
479755726
973565588
511147104
977842393
336222819
770795752
30420283
176703541
358294131
50523066
651158012
624027833
577872830
856559338
922321434
145627590
98684133
704121853
125882
443025847
789332211
503402606
108973669
618773702
647300694
373768997
389228018
720289286
808408437
377034571
751810932
71667729
153483773
361690034
322477590
554915830
284020593
853507520
156099962
706366892
616059519
414505763
768265056
821143660
929362427
43548596
743840897
345082182
859781642
256938857
615805543
676942687
441077928
90976600
318695642
976353119
864591918
892373401
330541698
962453820
381567733
310130995
368295103
981259559
298712133
579490282
470544060
216182795
534081748
367405603
861606996
245176612
548021890
293758988
826966326
374826448
735137548
287830008
689411273
603752098
629928099
44145836
860507642
551469580
761229027
74868244
630589800
62507172
42994391
346124470
690323910
391647190
522965821
193646140
324799159
305928523
46210660
787005496
522431526
349872145
573004534
527658101
811000432
492376038
395331859
370628931
128920796
147318940
264010273
943869193
241215570
576761910
202962128
726789598
332525721
337421897
449623352
816825521
220030532
223843888
948900481
408036888
173188404
187957277
677081692
469959805
722210789
354375750
968959827
521037802
328615788
948132051
765398480
339539128
30747564
102269998
233145402
368131604
156137720
390600095
945947446
483270859
798496897
99125197
104908900
113562000
188685062
796176221
861120418
987377261
856305170
229385137
566974964
298587638
400971662
164967645
354469697
623043154
815294345
925372052
648418140
774545045
178359111
742972469
615253405
293083517
811363428
863422999
696042034
230255722
104276494
81491747
660687801
829430435
277896440
465629622
609539989
74063206
83048377
563519691
281274743
926034566
493255330
981582565
664732630
99230650
381157087
466810842
938567464
865779918
747800299
610102246
552837257
230765666
742181954
171402401
304911747
55524428
483871790
811825381
302198570
325262062
100134187
630864695
883100766
774813422
568697335
737544527
20691197
935342039
555427654
280406490
539994777
251774653
644097309
722383572
281289715
196776545
78239838
516022754
911926429
344552586
924855533
830262115
482455421
494174246
528654488
429922134
87248481
106494039
160717874
554015561
590191415
271222994
261321121
956012680
825900379
862390633
98481798
889919206
530533314
643612558
446119644
3225425
310352263
467393809
70107469
301062604
586668356
19798381
890112685
108135202
977284588
967849035
899898951
957645982
400406527
269872071
148409273
388926519
246158934
138775200
650296046
914197156
774624165
1412092
690215074
268771782
990453531
688084627
896483192
418899080
98294746
188320630
985489439
268313870
898432940
921630108
519909851
15061612
424066777
227591884
843253776
67450100
216381353
52582671
576730971
622342378
371324042
303675137
555606153
556028308
713981359
709555278
643760272
391758113
993316511
531922487
228601259
308940171
777178734
801335685
310609071
898583727
123315188
471213604
9840456
788963958
982359595
631585080
59213042
478776418
749962218
133347661
964859741
18567049
295521423
582845946
697815802
722041493
424681119
67872695
897447738
686778394
132478474
340454883
704917719
388739466
544560356
593731325
274997358
366510453
693028849
210969680
237882876
622731090
916982811
944670048
944134911
745167748
42742214
787767012
639982782
739738960
244462095
76829734
806066088
580633698
744695535
625193223
96236690
410470564
834106683
506559764
884259050
709306039
903887946
623830676
766105253
782860303
766295883
621100988
244403601
388628269
356587722
692702587
785747568
538992538
895464783
342128650
101584236
350851374
638711034
952648053
679299279
636914106
427889911
157708777
442316299
55648739
534388793
124284021
644043929
919367132
497494635
864526792
532403769
186469084
326710629
528576836
718843143
293152135
178564794
161274607
978871863
421641224
543363411
251354513
383151238
551759506
291082165
267073550
685168913
402566885
523608986
745385315
771759529
881458628
827260484
247344944
281416128
746179168
181514377
710456513
248471509
642011862
977057057
325036468
891133632
492060928
160298818
599278483
212281909
366887947
623285506
808432100
172286579
477436426
973776189
257658054
93550695
176535397
774557538
890556791
764566573
267315243
439115107
241477044
395758145
752109319
92767263
650945139
359208599
79365685
247160707
972663974
111637757
468108280
912803097
336860000
444584165
218326942
360220879
891090309
391460687
691803681
54791641
318280965
779281378
715176885
573098736
294323102
907682437
569602429
153794248
104880730
971621628
290957584
945889939
981156265
202896755
735580013
929278321
139024313
399293664
509353677
240069883
132916224
119727239
650621530
696794342
704178297
564633328
636916188
813073887
875223751
816314517
883467228
499096104
72762892
212523601
120834141
462195665
