317834727
145144858
415414811
758126389
631031146
346028283
518557918
351385733
9817939
574081250
491050870
817909331
67660691
976646023
687564516
383447221
656031988
873881135
12466079
106454404
930557550
349283444
927056840
912374636
400198480
878931370
166803636
70586307
750498691
376500948
146035682
899597117
334297068
762303086
1761124
195604469
958196369
949488687
498015672
562055968
969732338
892179680
199487710
185268577
708645025
747577476
450920936
806468145
208302826
53456246
874709976
480482861
23923092
906037823
435750
968551281
218088016
503040174
357927908
752099775
179224646
447971610
600887041
633316990
428045567
591453752
483612262
305357604
974884899
491960046
425250851
706543299
375865462
450410110
136722064
38377870
149795734
741788263
203729611
652621002
428010433
360335490
862283480
697042445
501790970
665552820
875674025
428259243
761867335
33209841
977516452
455156195
591560778
745915896
382831321
521760727
291292638
566170718
757223009
117191272
263965213
145563331
831583244
716342778
628205394
168166676
104617399
573512980
769315759
962057879
818755547
476299752
299310562
705306904
324089341
818889154
585688128
903844594
131526019
762492746
715779726
55353019
543490268
941675058
514443592
970094655
114982521
629949565
67578788
614961335
747085230
583625015
984565252
86538338
388655789
282447101
528752245
145940701
68837051
333624294
560935421
302161044
658943483
799809454
214454293
501216699
155845632
886253872
421826554
563942166
936072598
387448042
434644698
994730262
401411545
208612194
602073062
889908184
201899186
658110737
53184154
474667832
505934192
154354423
214972649
235130532
491734498
212772224
316651115
41642239
290136908
439747426
835007543
797901724
201557325
413618682
396409535
743680812
727220765
13226893
814249022
228728648
208123010
503636621
678888736
359637187
148980316
989834989
685126792
180043595
680374038
638844059
944041514
410726312
280440139
86267588
796226850
504589059
584836805
979323760
9482200
943073406
569602756
380184314
273805257
496325171
552440498
636742973
793172936
987792862
812202658
858392248
162687419
188672292
843861714
824455505
266544822
2297571
475465686
855335460
86150215
501899508
527645431
136607520
361268200
651292848
495705911
424281231
517461585
115289736
617391830
891820474
158844007
747897004
3744692
871175615
659125890
827938694
229831363
182563565
807196688
512237341
196662052
697333929
367840936
821981789
476156640
755369221
566864597
455984632
819722764
793929279
29123373
729501343
893173544
507582691
415427975
432995236
18916114
622512408
619260
128159266
119281388
677883199
370401031
920382182
699548240
414790414
184927600
972686097
165329615
438606126
772466206
292902121
48138772
573912873
305237455
830311500
768766582
539286410
175136207
740336688
857416633
61476952
295566971
823462550
862697101
429342662
854723459
496161999
455747639
226130653
809022579
607318954
181944304
679037421
392955953
518778851
326932897
447458752
122433548
61366226
570441621
594178498
290655017
381116637
21463072
736221251
681362571
319260671
202345236
585116473
664228652
479629703
447376200
260282570
270742632
57804435
382316228
546938480
57685081
270205578
560066953
688765599
516938458
939198960
629583546
165147251
110957816
369101349
180956919
786458602
503378603
321307830
416852861
113769981
169895066
263238134
770821934
914450332
801999477
126475850
747980089
535462788
293816763
870631164
561901999
329392876
159942753
921661733
408294788
335151517
136462623
779994416
389773671
852227969
501299271
881676021
77240040
351456055
751533090
856315820
625263434
312261222
138303751
415886633
81737870
342920822
62776841
333606219
90387504
7504498
286982500
467865895
744939002
931209230
522225487
24604165
394948836
646307292
377296961
300190669
5204497
189296082
960806559
845805400
649995979
723384186
931534158
564624891
612470708
288219044
185998094
419365878
162917241
945683656
501212414
435718867
397159036
877930128
788893294
218981177
266616034
826336533
831274229
400790290
48169016
668596726
35055413
458564440
330002481
476695105
486727184
430932746
974159093
451342420
851111322
435967352
351454661
292498349
765890653
358353683
411386663
498151948
721135510
802168458
821506402
867616620
304948653
799255345
429996816
86506619
627445128
517018706
857413996
158315783
33574635
178867963
358021851
560016269
797636384
981399251
688328772
472969718
234622409
135775602
801491858
755065347
445206784
711574819
94572334
65245061
84264206
104660686
112039475
430539611
807594513
768464084
105201023
29105770
579283887
180552394
363648073
235800067
28567623
243495862
849249976
969708477
573518748
815843309
417767785
672243358
77945501
791438391
494861964
784491401
670024909
938416944
263529538
585359907
676599
66441055
422409835
593373832
704683011
364751755
2242413
522784441
404979230
426874385
350721269
265110549
73666940
328916081
980732380
617083989
617751177
452528704
444402094
991126546
286525625
831783380
181546598
629363474
293807034
422328974
987299559
292825813
609798721
327548073
760514700
869177567
504934545
519841114
28429171
512842831
758142557
770274240
531117055
663815867
241253448
326465534
564729246
146644363
465122039
152657236
598576418
749029418
810706009
877777974
166740223
217496205
494014850
272402991
298834281
168893217
884894455
793046360
299566798
282354036
377452194
709416598
912985718
77431157
666359683
481543700
760176002
553825824
300486909
467889548
858941430
847476936
921411647
780586225
749873097
960060089
267054133
34902235
164241434
141149797
823752555
238270140
482119803
732020746
160807849
543018495
375162717
232531554
221006832
859535952
627948375
965096196
470707441
248763019
286363672
531836849
413479815
487298089
480284678
983578337
392481232
44750593
448542509
342816460
18836543
319263286
296084556
713428623
522529892
338774191
901839083
849992220
628804925
158417000
458601480
139182054
227296795
180964972
916623306
123341187
106380983
527644448
332818991
440950955
839941172
893845232
376769494
672648628
494222552
218036248
546580274
779756042
554617555
180663096
748668564
779001961
789727629
139303342
713184202
841544562
246933939
661734093
710001660
882232640
957696868
777956153
336291271
312290441
790161537
147181617
304540053
232514842
570674782
356943490
877197354
864836783
711931600
7591553
502875286
124991310
942493790
623435926
219206070
304493644
792193915
122083040
295374664
448141829
409748435
679599518
349454424
87993453
467780768
75078743
876407247
444646889
817642786
450586349
483254086
61985019
557553961
64479052
882487090
347040934
913496193
314065432
209081260
197674065
303465740
883831779
67070360
782136076
636428054
588192892
899050770
623498012
442528022
405508016
90038725
835613827
482581489
888149440
902542005
110562019
797727192
216546600
764734073
495596038
480536242
432550465
47193997
261345250
524337465
440890267
567437347
878014737
740948834
872165135
390997450
478128483
913001779
97700599
144676088
525916654
612529157
567318346
451565397
879587875
176027972
252909234
2118866
412134770
360547624
647640258
579403528
669404519
161937046
771925070
549313740
696949592
549331357
713485220
717137821
870915274
836637782
805725108
257798610
195537786
20755544
21036033
882549176
570362886
14510565
611910241
922612046
384880890
743473352
376625350
498032861
230408845
764981201
885146196
319568066
227627008
430431598
635059225
900797625
876697205
861486738
898032826
716077691
969023763
322851394
694047856
928797124
199516558
380562776
273760813
689278871
806804047
309519736
256027610
858832330
154991939
370360057
431755979
397624204
748637382
725028210
194522638
925931166
785311695
273892209
318904895
931968389
664185159
393917154
489510813
440483675
201578556
904927482
381101403
334051047
122722716
304958341
913525412
247511491
320462708
683113115
723095488
4318113
469712538
687346478
691228812
920889108
508953591
26313866
164576127
857266949
998675617
237435020
152160243
151668995
666964099
972101658
930765994
695131553
3946498
762079465
264611964
805599402
891051962
833277137
487700314
901876564
928418331
921976562
736109613
850033597
456834643
184244487
77161495
65524266
1932722
190204524
456218628
97965217
582663396
398015785
423014798
637871293
229341027
632243862
441808056
964143535
752767238
229432408
667086946
150621056
374192345
218393858
243564993
558383242
418501151
917496084
113266150
636435400
199646163
789352247
992470775
586977027
290204251
314542529
400432306
814431129
160273524
86635977
149736272
476759575
515883030
832800777
112468157
605930712
339064666
626740669
576258375
258808099
391469080
523556778
149109325
698985923
254889615
585488556
475841251
238440784
940679493
518778252
647023113
84436636
76938373
819783227
898319052
793311147
405545009
836037769
347667041
914798497
231811556
627376925
803870010
666131261
79696136
190327371
634738025
541391566
105925701
637634279
219318576
791760480
341237709
854458050
244966320
676089384
640242922
293484852
332087412
704715694
838701276
161991521
873751635
641495271
439612862
65299635
399821202
696099802
934481724
319157008
200385703
503026895
279073628
661459876
26996543
764092153
719686767
482978062
619289787
64562243
950750530
934449684
132515083
303045213
299459676
855262632
743198926
222480322
574816906
222229668
153068225
112060156
503950357
642951346
76097221
69820035
753625289
162374738
226518398
14396500
790506168
938638221
606909841
786768691
437248576
716291679
512686852
679777832
827461507
480874165
956402616
157264859
674195064
267525168
753965163
904251590
29476437
570706421
342035594
584350229
322100708
177340879
121282895
712252055
166088783
88325546
999076537
636122281
585362654
957176506
10466863
557312028
256459664
604893286
274056074
12112308
327539842
345746390
865796636
583167995
342575779
63421093
395018813
93942741
265827051
995803364
437865091
236425188
888986181
171845629
40343597
182918868
820339143
