802478401
789758588
836292125
518316882
808240887
911837346
497819429
927565947
698867459
574701491
79595108
313559579
537126376
91507409
908137881
520807383
103248270
932875649
450122600
877903789
632149472
808224292
825149590
645320340
914179029
611629715
402384789
295545846
662630430
899539267
511718871
197301625
910112703
54371803
215859828
452028943
791316467
412997598
750427356
623933107
928858926
921642276
719583027
331647414
600404972
202109552
656242182
789430449
833274307
952470583
940950015
407119989
680272908
379345584
585765765
994254107
964608997
190971785
604137851
196611171
509452556
202273582
264935516
799328191
62982620
882293482
403446874
482754572
875647579
456108937
729490914
690250671
182448292
826189491
949044861
710507195
88641264
493502176
44915367
712069477
955387532
612954339
462271538
710159846
958589251
104598881
517028715
530767118
468606036
221605719
487419945
600344682
808859745
553816185
114480550
726585344
656706760
920254834
268664793
718111488
798662676
173487610
913782868
377165369
222979668
250699343
224671697
854083416
430300722
875258569
905612843
471106820
146056417
892068373
241223638
896498215
740002043
554775668
840738939
958383738
365264767
872679755
14148535
654041859
968688991
129146232
881390925
628632106
711708941
222459517
53800434
168386428
224837382
326803878
913406799
781899922
699171469
85106168
487180178
707889907
879927183
662945298
100466396
593347466
315992875
16313124
454288264
916791370
312592546
217982333
986583299
101931091
79515895
310281054
352846720
925982919
159339074
259741009
408476377
93833435
369308416
596039590
142374474
207841204
821458134
737226414
246269438
819252538
978661573
459323715
197326746
654895874
67595490
132849031
78456554
702319468
772213359
420801068
338048983
952375866
674857967
964599554
316039559
493726607
235876217
951869342
88870533
914556326
973957156
987423878
622560847
439430460
676629790
393346742
338581490
283887592
520570823
892625190
771889330
578766460
770043684
635035724
938129795
853268829
20655587
331687424
34335600
946666863
231824499
650527251
153769560
738538004
921692024
456100509
418975467
404708861
280000030
648647866
971964986
869588791
648355880
331713111
845295381
991237693
836762866
757896285
978266083
674248747
794267539
794568961
181748645
879588167
648911737
759282521
182332182
39822242
26469758
462770729
473071019
904188791
917533741
142203668
682731826
323429904
833654318
884022841
517738434
220529281
974371273
933872627
3887561
871922955
920660203
902300538
930410578
438330573
789740342
946892100
16505962
262759301
353421340
360086852
152399323
437255537
468778606
274181391
89626267
162409502
273768327
379153225
378239102
817229300
175576847
67776194
952055048
506152211
648981284
521865476
157583375
952740024
240157850
757736801
699877472
860394910
790681399
309825688
958927962
746611198
828871942
744001607
250081898
79577656
446264766
210311717
550767451
557446889
989804344
245476289
854651297
559472926
794396573
355328931
946760953
595218048
555633525
186658259
696346107
852884009
950245488
424258366
789349288
267874866
789308724
63765937
22601450
595684537
660209379
292004411
646574136
158952917
315253428
343015068
333537559
529766718
129071326
298661446
370964534
965265128
517008742
394608159
516347866
403504994
667214178
598110448
158343450
884828918
810975847
104659423
304761385
604023140
613479579
106043953
796365708
404613575
954652318
982207031
290268930
382498828
187710266
955082912
897237509
697799933
598902151
695698380
244219498
451381504
21791371
416994235
466146721
256972079
815693724
731080978
335875267
555637329
907910499
385844293
600660686
191198276
905422485
137772531
784708689
555549955
987243024
42550996
545473336
209209474
546649359
928923983
575114398
146864294
8392515
988465704
777554861
561925828
497370649
818547931
804602842
971515797
353890950
706961944
863037547
393981612
638512700
47789306
788329414
882398600
770168684
240728379
496703074
568808025
381546344
99070654
477076342
49937735
170374222
341687553
710556907
556351155
150225043
35010023
904732144
92867386
841879835
319282427
248579563
827228019
953526115
773949437
58266679
89362567
581241449
629144888
837307324
198460541
274734983
390727077
917037253
939453717
254221580
663074734
439040788
305920979
432220909
6306373
765317949
909321859
511389362
727617126
391551605
155683095
107991024
248251687
821290753
318880927
802229799
770170160
552101775
319230273
799209741
961101394
928872484
996219246
182461699
407340506
987566574
752401454
261763329
278615800
775202751
779647144
424650298
771103188
302129574
487150307
595969233
598811164
660646476
835573462
553964477
339257703
315838656
225908989
382397832
902583582
981371542
332989762
807854134
518426397
396230740
504564821
838625301
597806980
140243975
293120185
734202249
442821541
123459279
24880402
18739797
12916494
647558530
232773561
952414373
611904460
731032796
336887834
946122111
334140445
722911692
203418634
109523683
716528311
765265795
459952038
645262737
702963494
613821413
279878116
425968963
654576811
944547318
743336930
882385059
270637929
941021842
826843317
630859213
9009389
752948057
153147692
475351884
635766074
816833665
541047982
691699172
83065095
273494615
770493371
171550786
644483707
386867650
473713689
795514704
192812106
395041138
122096989
832541183
680291936
647857446
31238754
829000126
843581162
598911437
364162985
68369174
904221598
350388501
681776443
670882616
904189477
706028620
937112722
581192386
569764000
728066749
473757607
899694645
224217812
768252865
562197642
429468879
843328041
108327329
781485254
267709161
470833629
947822225
689572953
875596790
818924852
994302133
950567275
361151941
721709302
324147564
631770720
36854636
452670680
472678807
787477572
732676593
591718170
99610754
267361307
938455086
449754926
892521301
225750704
464745355
921283530
222402343
608323370
912039069
85659803
601769874
985672083
735253833
817426182
96453823
597535544
956399372
660815546
806179652
851957763
909887343
755461343
575960780
859483083
245616435
96296028
436902970
447023965
751539004
980775292
829521048
837750708
743717287
840966020
843030166
817954233
578312327
722071521
224827597
954313259
596522509
385978762
38528205
275492138
119939428
338475480
896516886
219428453
356216856
875143262
831078198
71861046
785538516
247652990
357473963
182993743
873794144
33038218
980134267
368449327
484380559
775378377
856784365
931263776
256138754
764019164
241954795
894287811
974396014
278499588
19223216
234327851
435987949
851866392
255435253
523908581
716933137
300468642
739543654
907140954
199779140
217474517
90807108
876395740
149697094
757660002
52212191
496064297
483492057
660036423
944160087
545274109
741937252
856378268
469932699
821144131
529194395
107264428
19353383
355920262
96520684
2229074
245032437
77717267
855920045
596750346
635873095
933672123
992217735
833565380
466060604
573325502
293494562
72993313
168670187
266906041
684571268
980388624
781566682
498478751
711806973
745890497
410795754
314359590
334339499
473949106
492390598
579609680
381933692
434291121
994714184
609668709
281115258
383623391
810620270
197550065
972442078
13089840
20475694
552946746
121786906
118540066
503846561
649926675
193975819
370834585
251779546
668943938
687708081
203026657
136572862
548805770
325697745
520874631
644113288
350630185
591433319
930672846
743377767
381970939
104359748
56263415
551738430
557926613
838851195
856391893
292210243
909871169
262373042
971120120
294463962
671481427
959912929
228619935
376691845
593266906
242043936
760869077
120383771
963504913
222169559
823446658
891901597
178907034
297718259
445908413
283970964
760240626
739510102
459990084
606116744
41769232
269712072
638504754
448586998
65523490
566801634
945919946
811075479
337583924
78624342
341908376
406570896
716587959
908562694
465091433
588892840
97077809
144182786
50846381
108586249
830564241
810289075
779872852
159801379
280913088
164361816
372831396
260208354
392942781
572420929
531969615
170361067
802382956
365003375
252694730
401769355
321408174
780032936
311168354
26465272
296123988
949793597
782799845
884880571
880261182
416875761
175313637
270344339
832626824
857015572
186893155
616057840
688663720
351403834
775552502
231480155
489839218
478703375
167673909
901161672
193970238
685711592
418132697
765162994
546654725
171547308
604187938
351584584
655867963
63322078
267484666
317044871
833014430
24381109
812462260
880770643
27489230
894992280
279540195
864037326
989048177
102487056
427581528
535927207
385527774
915911774
481697345
450979122
589450872
21214574
911930135
842704797
612359027
410006680
832495032
610412394
531660899
17636850
338225845
708713874
812687821
823729052
614476374
769304746
589530906
869848282
783043408
664282611
538941573
894781858
203990925
594846937
199163180
303636582
912113494
91483182
258130064
882205489
379635220
630742949
689849961
153208816
762133711
634653389
151391941
424779867
704685843
423007750
191886076
202049865
349109744
9852379
556766434
570826320
51349504
165319125
488010680
658276781
946396300
515679490
132868366
817414733
912037548
694669013
817223647
317083198
643541617
308722444
497893185
741011850
352282330
649455409
638001628
707482895
18863912
659479004
61595341
979822984
617912804
164751038
165162438
360035657
472396535
336891707
545672114
194138546
38080502
628336859
252287078
746794369
603472500
599853282
935809187
863955729
497874583
872435227
241171267
67464698
817429740
834308742
781238249
395963398
925114564
450874224
849767534
699654333
371850749
849283538
551962407
391870498
103723783
508187694
40363976
781645261
350517051
772832707
345018198
575145840
148996898
623085101
279002696
15204758
56435366
751098814
137539349
752429047
713646220
774045898
209608312
146428684
418307737
994130642
162393244
783604060
383512788
769199038
434921092
21522310
487124172
846017779
822287795
188796962
76374451
860416578
643070585
