597564993
867927602
571700979
425785958
531034141
150280187
322452317
709603530
116697319
843200278
103298128
963290388
808987966
698151064
215302954
653492661
532266234
705122251
22344985
638644716
784403685
152636656
354826309
544598334
592851773
912496246
158949606
878639009
453824871
639916190
151628498
501705891
234829868
248396559
473778793
318518912
207542815
688322713
142145832
200131347
347623006
682051970
996202573
399305402
833795886
735770794
559608320
465128148
646566009
563441669
145260402
799499957
650052839
986037043
346766497
444928336
513101293
27102644
832934183
618537893
991330579
443813306
255778658
476781128
691571779
601592236
728460520
560591407
224372270
896784041
445949846
843943519
562976418
822213637
291021710
102351715
156434082
955520905
710802446
857080978
352887926
693821457
232073000
890383201
494655787
352128539
851653050
248792823
901630060
28850457
805417617
180440170
855388529
523607937
208800766
903809698
426273311
519421445
707733622
232203650
7310273
999016912
240755877
749781966
117491822
301316881
236523539
827839201
695015333
244414782
288494253
557580386
316300196
975853204
265649967
297509121
211740306
365395456
982125339
339443239
749939185
479667697
658961346
195521813
91366423
265509676
988554989
39368480
613412870
387212010
676078403
637012635
247787283
478598796
849770704
353871013
453065580
482291032
772891378
193338905
115605000
23813849
553777488
657215278
740356202
247837231
864139972
879535323
257957970
911291644
692069392
60877854
537296104
368290383
482264463
527642575
340055566
45234064
658415543
851982145
312761891
197155058
214426331
307803323
568336377
651481616
309793102
837701399
126082499
911778952
844443540
729449272
592504077
788786433
223838238
726125335
925890207
1746067
455165609
843529191
401369702
109019665
781410509
702121224
695142617
615200549
99716531
879496899
996334331
322128129
13815447
407831516
823875488
920909231
880577013
918449941
809387517
245974165
88878900
88874585
938044127
26438573
753452824
346179016
66848104
962620118
468373776
748509670
144452144
756139127
601752366
338309498
590068453
814886350
450612443
203742226
415744547
512305105
612660705
953135827
551765085
430296202
841367066
803954368
897963505
436612023
905573782
671594844
908209419
305388295
916737817
679916042
912867166
366291023
905485062
374931128
355566839
435231492
635273120
732522497
146826772
351206859
735044754
240195204
720375761
675505947
817763061
8989138
470296788
676834787
502705393
297082411
633313459
135743072
537109499
507747925
185071505
949498454
448215509
630236079
57046335
796778930
840300249
839063847
839401308
921836323
425442331
223777430
909401286
75681314
848175385
980513054
877031983
880138206
806309054
200558225
695251446
601171862
83578607
222457557
618848960
896584644
201298055
231374631
802682901
619655405
46602583
777124093
829181523
397737137
189859623
406068384
987015981
5037040
675476161
350047841
510906608
895980905
400793894
798539437
250063616
593985631
99587850
394615474
828659401
522192338
420050427
753175251
329434016
336551273
812496477
583899642
865919847
225757952
11387118
160461689
595480875
608925617
36380946
219745902
875233739
648318236
394595905
511664149
885821689
442107000
993497071
871994942
204662044
456261213
689651616
799270540
200377967
285039168
972393940
24863329
796996794
806682580
402715229
280490563
199604978
293427331
447690077
492630250
585240659
605959980
540148535
761258029
993649921
515014472
754566964
901980990
859599959
181047992
923305697
601745379
199389726
587923700
508793783
386552400
528695265
548055483
548513206
873172801
646899656
13225937
383521674
580880679
253364011
986523788
363464894
788798294
206210388
755890382
20140924
581806408
200628158
901965653
926423488
279861709
901958463
232239042
878345020
689647571
701694247
787670624
939670579
19329975
361733469
370648560
825473601
209073094
297888796
16162828
751795296
651549494
744914123
574517274
845730593
572014722
222438305
959267855
507894018
7126132
151549578
965768669
695770601
103709576
160907068
341499288
401117220
297424071
661500210
228932074
484593935
296456223
669710461
858865633
171478554
859229030
73555356
364191699
219147209
882715449
161050186
154391799
490909497
190047559
4095085
368591428
836892283
626110883
56235060
354408766
57423403
942690607
724345022
871218887
538097993
735925577
91900023
835961003
858422906
20234181
969531339
528049530
547572883
68956722
531568892
455339073
981839031
886048489
403038720
986501562
498459365
858246605
740120646
625178568
846075945
997157777
474859172
505723042
99614490
792315638
504607004
775006335
241189010
307091444
171508670
541903327
572111199
798491573
320767639
435552975
767329006
237594351
505768791
198913028
913184108
633000654
606818915
421952774
658478666
548756011
386752395
950843793
223072163
69733497
855949399
199176796
202569960
99166454
25142942
540940215
261066404
586176979
736346512
66107267
515627175
194525003
286860519
240481438
897448050
989665563
883227873
183347458
565280849
967485743
219172555
260865013
352477813
541207617
711994458
213075290
390338862
52906397
847244375
550858478
405563242
553763210
551934172
171455513
451142043
972331873
339333366
472944744
773348630
779827423
174486570
181152027
501247838
439661524
683285851
718659104
346140134
366337476
524504723
668813102
665528137
203404936
385562944
255586418
850560940
595084385
846698981
661362342
387171995
812067650
150601352
208160007
738932603
185488034
660544023
961863964
642590830
115405006
789339394
925116176
650332196
410283128
409998826
785453424
792999172
38020527
759617174
912816288
857921765
993335352
866935154
24001385
528401673
178431273
885330339
202158306
168200265
296347753
320894571
856057656
125632891
677971023
85772749
961280979
629226070
966326562
442219423
315759803
779117499
721421885
76068274
230735128
576998081
599388545
18480905
255245008
793406108
600109518
462587245
812540412
835467210
933882692
803440575
393836641
945132494
126599967
679758333
560501329
300157693
458385717
793663698
346243076
794510433
933281736
799483285
972361171
324510379
448717846
156227353
826672609
595801103
443857370
133698788
136499879
917267078
636200026
447003303
929013126
159950367
630085331
408752196
568090746
833760507
508354157
20590446
191750198
874530446
691936106
16148485
502626103
286568228
881718092
15602110
320731782
927758186
729825197
436224694
643716343
799905259
46119733
930734628
344688262
443882165
635914634
216739309
391609839
800183903
666940696
476569562
308932468
679596663
750745206
400550962
670072361
49633521
225572952
512482567
286156275
912691289
607733087
97830724
632574271
432569361
653601248
540104380
714083009
428255260
812967004
208741692
187441880
199975332
803286958
129107867
113830634
699350701
64063933
124208581
197845873
291614848
628980606
391566293
207589750
215366544
707216016
823029439
535823021
481167130
345529747
271098261
702185233
217342629
150068418
731025053
192172171
948289007
298160357
912118900
790280915
95810253
502656298
963354578
987216898
458199004
289127681
108957135
876309703
621637338
286720327
970721659
985569586
101364371
314636694
994541426
283710683
216166794
890240973
417207726
725353343
830571808
4281359
232915879
82725512
541868743
506556457
970099249
49906913
72261905
936935694
165541625
401190343
151945032
333927664
102035619
788958549
665626027
404349393
749390744
926238861
598258880
946719734
914185681
194446802
374808087
285528674
600820862
902705934
155526991
447314370
976005376
58048033
880952630
186765556
959709105
91528893
269740418
880629065
445348154
951642545
319028430
59050222
804047798
684701643
121178701
569531315
833624554
767436705
212601074
205582877
618084654
811817399
140850229
490968863
127094463
883852072
90095677
38469077
707917423
256340069
905735594
67393314
894379921
624947534
960930316
107493592
520237712
965179474
374218557
10506725
519218130
784996960
959001237
797748197
607210430
539208657
142671936
229484037
73268100
805276771
451904118
833384155
690104860
949944113
829229714
164187977
917197803
389983766
59671092
75857033
1433216
231271341
172711642
189008085
45906951
251635115
164670300
179100264
723771325
13685109
49293603
868445078
393218147
202094348
686364745
833087693
852816160
343102030
883758431
587885805
741180135
860611638
965200975
902640651
804435949
72351438
377288453
944435806
795717818
796742339
190295787
130253945
905508381
298361524
9073509
287946788
612285317
769993152
751841246
355575314
374538357
963571671
505712710
59582991
755983167
583459038
440166007
488010511
263579367
996142019
311371816
574095773
506225333
471785286
334676896
140821576
266070365
270070989
384572135
973555512
874346661
220234492
383382444
927028985
823389320
919039656
962936696
94856623
193020839
398417957
220802375
82823008
591260783
528183116
213347447
777608463
354898927
905617984
146657483
220976910
632185429
889277940
680856439
799575797
485370523
616200013
624028611
433723095
963684626
868251931
21876423
342214328
385421016
778285733
481228652
154303865
580189226
578683724
236193669
836943510
620522341
345309384
294989672
865161409
775339644
228548807
982834989
978042215
258437839
557068431
785922648
360452379
123413506
163595225
341370082
985068719
539378051
583806645
441658462
207189306
295011045
529213600
131171995
324768906
376541534
878588046
697401990
812975049
46954464
59043582
197419236
776215202
669424315
309713972
600454567
286876045
594288267
815695029
24236153
256821715
633365023
645986394
175285255
406616194
82329282
661424042
218800821
221825791
436915650
496159931
614925812
996382580
137025261
29004362
541932465
91308740
214137388
970220765
488619874
896751597
531146816
169859940
931087751
199394257
359649195
9707446
691028063
813699533
563140656
54494037
390780451
723683021
559570492
184836747
573824282
649024650
353928345
724555799
242439623
715117490
659787224
475576199
376059398
550794531
