744717177
69935900
934714289
58380387
766395248
977845146
184193535
384597922
807161117
15860537
295072719
36890113
948893746
194258844
631857759
864194239
308677742
988477619
708675819
648886800
398152060
590033367
910141458
44392026
764267111
808000727
963128865
574617928
539654109
312198925
942003620
20064803
830843533
533351837
534668787
138928271
372428543
69419455
908049262
811780996
901344069
457345279
263865073
350257865
284221445
847981474
229504570
657730839
480844556
312420180
576274680
142013650
286179739
170952726
912843392
154683809
159794440
890322263
294113274
958394520
14716281
609575605
844943812
494962191
73856915
275007916
206046578
415541908
659590056
492929488
491765695
239258286
80428356
896894821
747542729
940806779
326168294
559883592
760170579
916285636
578496156
305398025
93773372
227233928
735924243
799989969
733885062
659890806
620508444
379984978
979133829
482106278
775306179
949654740
797064715
291768464
612401466
768902880
276400950
9213528
641934895
813962660
998140782
987915067
820654484
337016393
61585294
389284916
423409995
972036611
828515513
599910847
130151683
377827637
379898364
709318254
515802233
617709884
759037946
273866945
541122852
546155770
795033463
279605077
513795657
9659416
463952106
130773615
99830106
455774265
328405313
557265413
283482642
750957051
274350740
764533494
307257242
105858304
406579443
398907850
738404675
344600146
236480811
648471831
551469464
379222982
351954594
397478541
569756376
87746460
775966229
994691580
9864933
2534004
468090675
95779124
18929196
718535704
474119410
810995067
873064285
930811678
289454809
967635729
643631297
271250099
316428204
379194631
103476896
615364868
402061011
409943929
211130441
360130096
535462268
196522706
309674959
146561631
728135612
134572674
657704820
66473565
561017237
12083646
679808034
333713732
547400480
280948637
282866376
178571616
745604297
588721537
631738892
595584374
525843564
807592996
55145336
268845080
4840534
280219364
62794778
972759962
294001644
954391506
685685447
366022300
783561139
649734836
467071735
271567968
786104163
872367564
990400090
339546735
153290247
806590720
369794440
277371163
287827694
309917565
723849618
35479566
96328255
924905279
869760570
813339473
778205035
615546065
834286530
727869271
141377369
40829879
141721097
447916248
71777895
684944857
772471919
606625730
326398197
313785733
550152591
897665643
813876901
11298407
392467451
873236732
598321446
292192157
442294126
719252842
437798556
777774172
981017385
694922968
556369744
27315211
876431707
369096364
84630936
872345973
587817264
168015073
815448304
739202462
130190599
745274284
730646466
542483841
267768839
468345389
34118801
763168708
950972964
974041959
759764973
826183974
221602663
85029847
532437828
996523836
215018026
486012878
173251939
115033688
290070715
363603195
59812493
446798127
891546502
44462684
808513148
403375555
521994793
454052223
725968468
382137517
82217338
74674439
881107806
647193166
142590265
55837604
24423317
973948736
685134041
674629846
826801206
6975425
935157994
730185769
805712547
791401859
836658535
88107098
657327946
101804386
994763133
700414615
449131747
766587402
685461791
283848339
650937338
223306155
659832239
630743245
241173914
496920740
248073491
377627455
743966635
146928224
203922040
885244661
853933570
159180422
461589560
199303202
429899646
615440867
536801987
52837067
511640132
161360733
238750135
17111289
566717019
433887695
796724276
624164082
387374382
381802722
625542690
114520403
961731373
858741925
404900265
801117160
314116496
54390795
433455931
329880466
758901933
557530538
986219133
658784322
587479819
951413873
234173526
498147524
640214824
795459931
270514969
833690878
229785414
632624723
772208205
489576604
984556018
642720950
64026226
807286218
700196463
623909407
990253072
362163913
521385532
89401636
923513286
995191644
754280155
660472398
885186704
375508850
181984936
206921521
293935133
954109593
175141598
579965812
429631469
615303144
199714168
298576752
983949256
591914450
111287752
791851811
884734988
329106650
86533720
915323659
816561141
671395545
990364568
626169711
629684001
134992525
567277465
624055219
137398789
498078183
27900586
238981881
743867367
979742424
910273225
895006118
651705941
22863892
338689590
818098611
314435005
404590206
213089481
448723080
607572050
401619711
639960150
398338621
250876160
729533720
204666647
594406636
908657924
838956494
843911256
213791159
385144280
555815224
577237519
158942608
386832128
551086377
442567022
931553285
587402558
960732285
554709383
4206831
681641223
216281633
140145869
861871095
990417058
268435107
600888653
411970934
458306063
541641488
18597661
228064289
495032374
168938843
373179059
407865067
293411535
433493949
330323956
904910871
135831168
696482065
509861837
95890717
445626372
179746982
431266483
763348626
962023182
281536195
861320521
646839763
846910327
635753318
716697396
34594527
589387851
342795550
603989576
640222816
238067841
431940322
755485095
843502791
537217563
349173229
663910233
217893284
177907318
34701955
638141749
153908608
630408329
649798510
868375662
985159157
706419794
44255151
416244723
810670076
837168623
837540025
449947750
176769868
680320966
371757896
381153961
859279054
452241445
338584531
818477215
950615984
829504372
690101138
666843030
703890845
940996969
666359045
558673153
96453142
515836748
213373198
585441308
927321227
643394445
707411912
16431434
197111816
767377655
731538238
328174731
545132699
926550826
793319498
803054191
400527814
981992570
578715226
163181824
165459666
968019267
804631177
765651837
839322785
216224738
687525763
324404234
940307189
982955479
164484816
44162187
40060748
485581997
319791580
294833328
623795425
252098717
522626522
533375422
972909052
355326462
184042144
91901398
720703206
10409799
273344515
24065157
36184874
887046946
266315216
721898274
362281742
503177220
393213486
128433873
711205569
447721359
746118521
711096488
955868680
383007677
76124243
214156336
602892838
687376050
288113983
59550702
606759245
498486169
179258766
148429096
459366047
45339804
190272771
810133203
783977122
712729779
44948631
828912985
942880222
663460605
288219360
53260243
716640262
442586541
681880443
536883527
92368510
191357707
583627758
176074065
505980195
811530032
577506740
589901374
279202218
969885807
489008559
33327155
722295815
213793813
417305911
537698703
707788179
117886119
262532226
316941938
312904449
583080282
344456750
998475789
402772727
917205534
768216265
292408074
94788317
22863999
497516073
160306296
5495606
751230455
967182190
415401538
914858409
3184700
642448900
647836014
467833062
600371396
530930984
814091314
223721220
11621476
106617170
729086408
246154694
750520655
345472062
598754142
180054315
364938505
223979078
509288227
846900955
585151968
773301336
588774659
43313766
285098666
495113056
256338219
472369734
328702262
27831548
971065359
246611622
1904372
622840293
704603478
475437218
614696210
849108874
712533051
52149297
530365435
774754568
391151251
810588364
39129857
46253379
344267661
677391936
898761929
980251979
640557100
527251376
457893962
568500581
329706440
229883362
53674240
604522248
182734396
105258339
274592765
341721579
895018956
983789927
135551809
482474785
244250322
127680362
640868582
123316924
565358104
515829630
511446025
457138930
316535520
810397398
382150085
778186294
4183908
238845286
150845395
578946281
573607803
348450281
387274447
443813982
788717659
433403789
293133852
474720115
421762977
10173961
666374477
607274712
777556531
188643855
879735611
407361322
675036554
556655070
802003056
216587298
36523353
775445005
414893875
124727469
15805351
755032
251965061
519309041
847733275
275487944
600338339
943889109
954412942
695646482
768113774
546568675
596515480
691737826
693757125
810846531
834546508
166148466
701553945
555184142
849455151
904171312
679582398
127891665
930661786
974788762
103149740
447528837
436842228
934258095
542422928
798162797
933556404
262546977
428008631
787962627
181438728
773824810
626986839
146275033
409835621
722485367
652861768
81910048
420530079
333166936
810845841
983298727
862897943
991156524
382040789
870374885
73891060
859709732
275272317
111634038
321172633
124073395
588647253
872944512
172338204
152809502
507046880
20154846
153223554
969950976
613012269
333968502
263729194
905794497
629407802
60721698
539161626
555278911
145348520
126969784
251309543
597672349
707361584
597494850
163942920
119851012
584630892
445685703
552217306
672048042
724271737
73846672
987274659
316374592
466789994
57365332
185177556
754042325
973936827
257026119
215438486
632706921
928686493
450579102
720154665
476877338
719569532
957103445
361748721
321319090
331213258
518612147
714361211
148302532
860324493
723500282
416711810
991152402
709001592
52487192
568178608
61361177
467937539
481175510
245679239
539165596
346693842
947354601
439004503
572042470
875544141
785119300
581342083
888322400
911531297
618602621
668985854
256782482
877340183
687065580
400281478
627527446
83936981
230898216
340834783
205659589
359485460
838972126
456050098
743289710
640653521
194025152
45040732
921449635
688847510
154077308
164769382
447510982
204899863
180989069
130183496
772214930
518098941
789706250
445774947
546093956
937270063
826038809
236771234
241721872
54514427
159929328
113812219
21936011
652205712
940651160
977424195
237039322
140340727
40019649
179680136
507721714
491304503
695714791
931388947
681518989
740078568
659892446
199474890
757453988
453833238
221474872
51882619
696351113
556882084
628066547
109428504
294230729
785123267
794740825
268389525
533446649
602200891
214328225
688775282
480724193
80212932
23104720
269243923
748196348
176653112
927730058
307170255
164880213
1308932
622461780
280910427
822384148
858317302
764255957
806015387
277377616
626563919
479317245
787888633
833039554
108046709
417461104
465053926
24139164
831222655
683193465
451916054
345599900
