88809023
999504523
538638747
307069705
997317901
779372353
993294130
414511632
57119403
155356482
251026949
420778143
364484100
63922110
613600870
581425525
537459891
376060431
71093485
834508362
684577568
35645441
43571397
683781910
621239443
84560965
420727236
379269730
852571907
771140222
59844121
109561934
441546991
101678257
612764599
131095909
986828118
590222306
746672167
317518903
552410675
532869593
2562414
810334148
300796957
318264587
84860225
597701152
466477011
800360103
25521094
721093159
393816193
888118371
825370492
53163581
955933125
854856836
685830261
912756936
358645116
614024400
561939723
285979180
95512360
141465015
979231151
262805842
451157510
482504960
594597406
947237584
629388263
753574580
282097687
151707975
33083026
233237247
382984952
302974856
999700738
823026083
912792718
52211804
745619128
338750961
715745739
553428618
276307763
559601017
175162783
131971281
904392044
833915229
958873785
938386274
970929868
716583233
714821788
159331942
339033434
822054381
146543641
983972049
205762696
78283509
91704895
640241611
606020684
673662517
20080555
722695877
471871883
382855404
913056196
535619031
701231681
509727919
540360051
756761398
425719274
425802532
986498077
891556491
307342177
462626124
42845540
795473032
794700793
343711412
180778105
316499791
518415458
223653009
963941420
177646357
676482441
928820667
846449107
667335618
247046065
75504127
947407933
602645245
539520461
452466904
660099397
521536639
920859032
423254754
237154592
461201949
176223182
958060388
733612667
913230901
835556303
254987149
676629872
743136570
35437969
296231861
845540816
262309271
492884412
703580762
204280419
248218873
418913983
735409839
859136588
772411013
663278810
873024431
509715333
350215146
478394597
383852832
352036029
854875272
802526726
521308900
874613998
371446039
106556819
719576155
140276609
560355069
490040341
50710518
342090052
421495292
252190795
103312537
631897649
950814202
229963309
685098662
109760832
835939697
248186485
411880524
102622655
185449193
564118164
464743578
797923137
303198749
448345055
383397520
434836304
451703470
902951118
821754599
940609842
514129067
421617862
474094777
155752452
773308255
563304152
643925348
758178530
368203464
393319786
437641296
520220217
559966273
241126781
558901129
120251836
793295934
274091999
516096330
606688786
390646202
418686244
689164805
807327874
641813240
921653016
837077859
112010014
106642820
615874213
890386581
518544173
430436195
162702693
117768581
529196340
755868531
529346210
336452576
272635544
604261135
653701992
734419189
792129406
126476867
944523359
237956863
62071967
889443924
263145684
641540368
177611470
386854787
215065812
549963640
95442823
732453055
666766901
513939210
851655237
726226292
531915334
651535709
752329249
502933203
919097122
89784022
397263580
123358199
29704789
364383303
263949724
937639422
243460785
2427651
736944208
684267053
897035398
680851006
697289879
683696153
775005891
222566089
843497135
974333844
712775110
131689385
215370382
612739051
22325758
796743283
89101630
15406999
484797337
546409251
72345800
2166282
982089939
289196202
207379744
854739336
840693281
938713767
859739134
898762379
377590644
239972046
143394001
212638160
813019430
411175769
835417656
985915894
816649330
167959084
951220400
309349245
808038573
777995404
790158092
787407736
874413638
784524528
101032441
232961505
275281673
248542724
452842085
697051533
930081849
734777926
702177113
607839195
473471261
842550541
843002870
836292123
362826953
944734755
596743199
472803063
988295382
2732222
799719619
611149988
961325625
103185735
198757667
316838252
595188850
762996553
194127708
204094534
499038109
419972006
980325696
56168753
837681325
626777629
623480705
129047919
787129960
446342467
282556309
78241504
708998654
227578461
512444632
974098787
324956213
114928276
946522291
863303816
181252205
317355028
799112353
871681416
984804907
489882452
271635878
172095938
49785057
136003832
101862683
167085295
540650218
498082579
108801086
53499254
862224843
786834116
998610796
736049322
321254049
467695280
685673102
541952915
720175911
721478115
902151332
733747164
590741101
224658879
991882038
480260573
816474261
330823890
22842328
181683081
620859652
108644280
71363844
347798873
355141751
451384767
79262862
651126127
344479783
115471013
537591284
210916075
118777374
458945377
111873943
538122095
116317478
210472968
542049767
713556923
631681924
257159437
151505504
263326792
587731118
537888712
581354835
825126176
144121793
621602108
350611033
209826328
475240250
927118004
432639600
753580563
715470271
650811923
380907571
869869281
388432417
34546974
197473131
604704897
183886830
691235257
614969790
131795724
112784935
453759942
363943094
606001293
788774122
309285403
550001155
363700215
957138774
808037051
760067754
817253037
870029930
254136684
507004334
722877673
764859979
327764956
735675823
191659369
26305776
358293379
822651823
465505554
829565395
672180484
325124506
597134950
59686305
546800605
79439961
896495860
922918921
449559111
712341241
690361850
257659014
744609738
421052205
165954846
377116848
68939385
796441787
907433219
890744168
563654532
999839350
134295733
527542639
474595457
839844917
856121873
955559432
423310420
105489947
754491555
631108118
898437539
776435896
116593637
984160896
952866204
304013910
410338169
728597089
863571892
894334115
420470819
541795442
816642483
465218659
20250240
906712750
569720977
814542519
957366390
561851591
915218602
574761385
265910862
672341133
190828773
69592311
585090847
706955687
223318087
940936426
499608500
344069163
957849685
59253731
359221474
968173840
304458567
181793948
424250643
764925474
386103618
178836129
27172275
669320416
579368530
592500289
710900154
9376797
819594676
949409121
385838454
608767900
148123556
192639964
715889514
323676153
510525034
444252502
793332123
883273893
718923061
703382480
505279001
922635465
394725614
76401655
583945756
757388751
105997185
52076398
602254182
387927029
390291875
192440915
175747972
736382473
547589109
596590445
92972602
598328482
358692155
575714050
887361009
273908965
555097971
890840599
195945606
765209720
343364216
35545320
457648806
860206063
388461823
540976749
46002412
682721136
673557126
104536808
274594801
502966875
8554533
953511402
903379610
767518277
347154938
997911424
218476024
955682639
16891991
979507040
776087042
913934587
351279900
195003641
524581738
143209011
816021470
231370036
367537493
503885014
880456047
818736034
414024535
70451865
594427590
742048117
999465204
849315124
146438503
493026835
62825346
443052300
321995644
590005726
589773949
405180751
672334438
119842731
926754025
557186545
672364574
240262966
748317729
363857175
259458276
543714218
508926163
193458182
16395011
902793399
866699664
442187089
736999314
770709785
622510826
189818497
539486867
832927745
173090686
605106820
998446219
369160899
809244136
523865154
916681693
333034741
591938943
761274172
605229690
119400986
470874572
696178738
304616010
810350946
831520439
640193081
70418304
50167360
810993588
50713372
233121954
806007021
832920112
243645102
626327169
620638256
706052985
551285857
967494898
399955451
865693883
839406691
946752043
321647205
558740325
303203675
431018828
224452575
447175480
926423533
951775274
747651989
588228490
896994024
431918827
170520926
137571079
926648366
939189345
982317744
119400192
489319506
21934157
122377314
371984865
192439197
536240785
565599034
897537983
296043437
626981755
40653085
793779273
205274239
253707101
631467879
749426693
982968804
251610621
528316763
209174253
845965728
602991878
884570053
98938097
485469963
217778530
935926087
811726273
455806243
483067176
779404617
612096510
985177153
280555258
376374376
817472534
824374729
949662338
366301127
766962888
865419792
326914590
151132043
299441777
911122188
953872715
382954251
643286922
800450947
421094231
154602273
675037745
410872581
773143490
273434463
886327627
137364102
23439217
886514901
974660666
600314697
753872760
441731740
812976259
847577136
428556573
808602119
924718979
877332724
813995343
925051963
33306465
885309492
761353874
343754459
519051138
451859835
585128275
187815907
531597247
834824278
292639164
11275326
34712011
328464903
104366872
201223929
212033662
7120795
490046748
680108432
800935511
63147437
391640460
166648191
111547032
885182848
338155783
451864640
482565614
145270595
458235271
765954197
986455602
496042267
121295807
789728251
649518706
429389030
754383323
434467791
552235825
835623308
354917653
139836388
307675532
742597433
407019728
484511356
743210264
227332644
596568456
917598183
387285975
133886911
124116451
970159027
493669032
594705682
232207427
633868288
113704052
133263635
705250292
386326651
376589006
526684966
24819722
538669743
207169095
314638619
551705221
782644630
252737470
55578956
127872606
965312202
708229782
251804072
858972657
368949597
478163120
853644425
708654375
255232970
548702137
540637086
378668221
852568691
371925815
151136779
296059219
54813023
197181603
120515034
320763739
418972190
130373016
968591000
763247380
780990565
717777710
868349983
277342260
428571644
675627421
813923825
664860712
331707018
6014304
158804248
261929245
241864960
735733024
863257829
155705168
260059625
424609259
450017322
837624513
835951918
148016744
172251030
166743928
56032316
18579400
496892198
585463027
132222435
734815216
708900415
834939186
739638780
488556690
77982091
651171885
609813135
576302165
280082730
579605547
734778311
875776372
46961203
846554386
213121567
889207533
54194259
319079998
333923773
964809865
60704114
994362930
680355693
130966487
927295460
632973821
545526680
701606055
221309944
409992244
178735223
228460798
532638277
596891801
297113888
323865060
522290463
753308268
657750932
212085943
545892032
683757458
144526528
870411773
102846201
960175544
101055541
325696643
953622359
166824782
964385139
177812199
251539253
167412569
674111101
714537484
154583492
608672293
561261228
445008269
