487629846
442921120
390436032
490712583
409544667
284275705
616677877
439240948
984764700
613007437
124341708
129286883
630698955
901302829
973085089
591300998
795015270
264439939
211619811
914463470
611884005
752174685
774363877
520151455
298788174
326202879
649951567
118530692
340028041
307519573
738252260
642487707
118601087
770093036
563473229
246367518
769323805
934746907
461207926
791323470
500328102
520477253
480476851
796213119
594925454
258428389
493853649
256122569
891432047
260317058
59971636
110703382
990473477
611604848
772725109
735455159
668557241
870284575
191924408
83341787
634324137
498147184
99212907
677245126
874755175
481854000
10685795
860605917
337829599
726717570
821977191
860268361
803232011
420296340
414135367
91406752
271697834
978150756
925226000
40359785
832349228
393828998
227098644
79710983
247547937
627548878
652014228
506996238
997367926
828018068
577810275
899039228
742822498
377866138
156999333
2180918
421264345
803231723
921457943
113071454
247742593
633247730
918292968
164714476
438339865
199703273
307471370
570177137
197469480
681318356
463757325
690406483
945058574
151564623
250992558
240495139
271048540
19501924
429697189
247206297
829839770
503689556
863237990
509811530
148907295
922937961
117445863
425365872
263297007
411954449
670142405
468466109
56692813
812154545
792617190
199101497
475536028
62384167
641371116
47844664
320077508
81837091
309526758
316049570
364260743
887403790
953980653
591257875
126873580
916504193
731132377
401762421
373534534
674251645
283231682
744053036
770009739
408481438
15807181
515401903
82257410
882105496
306880129
785515029
11175951
995291214
633713669
132904028
358947431
51891061
764959109
208664372
378130806
381852525
927128788
748002679
194162797
547188420
145550786
261503503
968957307
526187987
298492292
346792813
680822070
268379983
94931575
382441167
528922863
48564154
429091756
67054590
46576985
125969212
965587253
437972010
774956960
524011727
304873618
368969528
253690121
821076624
232310443
74982518
151545083
522468004
23631615
991682008
747122855
535229002
549890238
222821319
262930651
754303677
546444594
556069421
583613204
960087315
104692959
742795967
900359638
251272502
603981164
310383277
622799303
697904519
162087387
252161593
416265270
489156778
973045717
670151068
242314801
776581257
7813382
147880683
293877544
223509773
195247729
158354066
244748368
103249566
635318310
993693860
498673914
206270436
804123937
292273307
579524617
409517831
854358804
814869644
419318768
562077650
468609888
2417618
217095459
921927164
452183213
453640563
360380617
771470020
575416737
257966077
562183283
879739169
980506517
486349393
746490294
398563910
262191877
360103430
764839585
946338891
498047598
797110072
615954190
610287303
811709362
416528867
893780581
869814078
672636975
6747439
634797972
158176073
250832300
680237149
307971368
5395763
930785222
371950378
771326558
741607165
797973447
473278347
527832827
377352232
431510576
618934744
225763918
317774543
545783011
180960706
147325953
494255373
50030058
472979875
64030051
671499814
386463427
606808155
110217801
35654346
559859980
490566537
98833044
568669297
623168104
404007210
628906868
300269367
178378024
741094531
467778687
890241497
588776871
23232420
148365443
24769251
269277245
238601957
178776726
192774618
190764949
576006037
324031066
491676269
859421484
140542598
108146015
777852424
616207098
636471553
618932335
323977067
261732577
735672212
181747184
307406910
374445302
959163528
754184127
27503365
990027874
925494549
139396518
804688479
713182018
257084455
905478501
26797637
324614431
39260799
402222569
147861469
428031428
917443182
844889396
983853942
166535470
607156774
709247812
482625506
295861195
851054443
684062268
541906470
122162195
143801619
628508920
853104657
841485234
840958532
650323948
310113715
484417829
151273361
202746742
265270398
436609519
519342586
778494250
602337029
235064095
81348377
453237992
576946298
234248984
471070865
895945637
344289393
890782814
197893241
140871439
767288527
249915716
271558621
731642169
138973431
241432281
597490046
682526283
569380398
628575533
52373843
185312401
483655898
388936850
92108854
663443639
276758067
714696439
579618998
547244422
647192883
828662523
106910782
247561410
214512818
397816451
107115969
307657486
651091328
247855980
284219526
962321842
643591993
700087092
883035419
60197998
212859208
419631191
63773311
23838116
839119471
836816301
209113851
973761494
182690251
896035974
969582093
188009447
142140129
807627225
619187570
629592953
311163816
650648817
493678555
938626003
143004933
23997210
517129350
741156979
134316311
289832560
31434955
321524417
344356007
90052000
541720407
783568804
505901430
31910855
450584430
857126874
650923127
555780881
708124950
810376581
619548671
133149287
64871158
318476843
428234356
919106521
165517356
843464102
628668408
654626572
651158025
992943175
206408536
944409415
917193063
188861997
902501839
322616331
889521804
549286911
805381346
887589432
629405487
92638251
354315567
186013288
682108015
110229274
357042794
762060694
978669824
755382934
942523866
683301973
319077331
9855646
959126051
198652507
312922622
215209788
124315203
187970851
692856007
689729434
438893974
548777231
577160267
561492014
114717790
261722433
954625034
328306796
666259076
158838038
4995235
731959237
503743798
972232906
964161274
242221067
236998505
55288081
486421307
866607713
675956746
895775089
50419308
523106562
625332083
907337417
229735944
703849332
9693709
674312015
424971707
617410494
194733424
939676052
653744275
805538334
608853019
120616001
995511483
95320361
807435659
650363028
89123858
783685827
678306738
587118093
506111846
986893144
234491231
70701554
978211282
69027121
701549543
826248293
13772687
543118884
498357922
54053705
936159930
207380371
31986488
250775702
318613087
991947059
733866329
387584740
537225812
564067745
318488630
158622939
633368047
116382504
59776597
391100946
59172053
25593718
806651230
266733480
844799823
38213990
401225570
242842799
469358100
938992153
696100731
355944586
915860949
368485130
925903364
110625391
307180412
554799314
184456070
788131111
63333872
556659957
331749941
97176797
49819497
290721997
49892280
942044100
668404514
75868291
437333506
861828777
9250523
310448597
767076240
988178967
736467652
231624442
209253880
897945940
806154800
789143688
781417600
379620932
295846327
377921743
471723789
168740682
638164379
207863238
851442526
78568732
931926432
271645485
327767073
502512094
693843776
709474433
216913982
554077825
988321708
459181468
574438284
393489808
501658647
834271952
346694062
605412352
601408888
937724396
374157738
75555969
345545434
286510129
981976309
274190182
775242355
952129007
801330468
671897753
818998207
881151596
303879721
460541275
224425764
358764773
929902343
737605037
982681522
264564145
294335191
26993218
14710460
655176053
909624230
346973331
214705404
387927792
877962283
461574373
31227681
866311436
567331792
700439982
833705498
775886556
733023297
645416303
289669174
53576891
727269738
741714767
908143963
545016227
735079617
107170112
155301747
113897008
169064044
142893873
904369608
609089023
622730828
336844743
643389204
347164519
60845509
690369379
376885898
635002977
59484778
387314563
74166723
339756094
640670071
952686769
313819803
603439738
626835775
448539206
625741475
284486040
447935863
929104631
537294406
552620422
118849254
469694231
920096435
802454117
191671584
100808395
218863747
735068410
557204764
422138656
243580608
230487049
57050777
486540978
715041047
42653917
268530405
654666195
994092111
339955174
667548043
568387868
904346154
782392846
793350307
551862008
487061232
720524836
517152396
619883567
161153160
693626196
799550335
90768781
228315265
591151277
770272942
574431779
443331393
958676381
168450815
339098312
782551328
218531415
709106161
83332753
546388960
140294796
733498158
583087558
15955634
793269666
935012518
197339231
885072377
550461384
565348075
137703589
9103809
639809575
613747162
498338910
217916013
937321196
260985496
549954410
430936713
966281994
258225713
123889769
272380973
694098624
211334802
35415729
171504359
328449731
785836539
685814739
73286684
710017554
5473047
346766435
987026677
934064837
603927932
367883492
758613676
602211103
205696402
677853880
25803201
632569353
565327969
803521816
344929219
670111904
121182299
845230131
957545917
159151750
652396039
580106964
882069082
609608388
310706584
321857008
581934863
899596788
25834872
556622646
764624843
879533334
64416904
299086254
634336528
266980727
511312231
283851174
333393263
893102002
791340732
828725609
760585591
580371831
98086568
639811619
128770655
407812984
690486509
501392453
207267431
940606406
728268820
914134932
57621514
425366081
464697351
377418288
623358253
282070923
785948628
859016887
576376230
649073755
913229035
146269866
568152449
266241714
169185288
77948492
158799672
837331123
511836867
64443915
367811017
823670429
819521372
301697250
511521820
670894963
193086353
174121878
209110278
524442418
349355215
824018436
151264513
150281970
241464740
208970446
802283374
133893942
660492920
51322339
107153374
932323844
252349378
111511836
667142795
951816700
71659170
862528939
238627696
612538017
342592780
369936307
428769538
663824905
546323915
233951084
605844708
163000101
865896467
952463288
88984570
611826749
649906608
51933812
299718540
89210599
995005351
417870478
24776974
960214841
275665117
24905730
176838202
460514528
957290540
435487171
571321050
708009535
634554454
559705118
599235793
330557412
935494181
596572260
181849637
979418906
395248897
487439607
603958054
7513655
603125737
639283273
267997474
708029630
962337768
495326623
282417236
200415565
811793295
577932195
956811348
653788690
837751965
278412854
336872899
317687050
193098104
968255009
706534363
110836744
662630032
897835171
528445645
306191348
353227495
758427156
676332566
53334347
870084173
320299632
693961701
