889029764
934094724
403891335
667272941
439814194
697589822
161889297
471573678
3458196
209317205
991315709
936692883
124450854
832446921
947168070
586871042
675379004
662644231
658538609
518706631
75162382
72203855
645289620
201852874
711593099
900590599
919933559
333469374
28729837
563391470
929791273
776437618
538929040
777853851
474673898
144567027
171195957
93629327
32854767
383835686
762934429
794716558
245886564
753116542
565227447
837882385
637405576
563193511
944976487
722235336
377766388
467568482
118361235
485652063
983709768
816825909
288805104
202038460
955679840
539223593
777656261
828419921
442843841
440066724
279525931
214878090
397763842
346597002
357773023
802601043
415675084
581749676
629789464
274702923
755772200
280445822
826317290
892173076
636625426
873710713
263185023
356740047
388492886
306494500
185625082
462222791
658076383
53276977
794144081
657847988
855761922
969157495
137949485
493631172
606179423
934514506
351872717
805819838
473590611
350349357
440118542
290808574
205420488
142375444
306560251
796016710
837779017
843658310
729879861
703263946
990508617
396632026
565413033
81969127
276038570
420916213
439927035
136349341
254441641
817303139
556801705
344486865
552452919
699925034
946839119
446517587
443800191
136158291
668523498
821257693
928573104
20497451
418582465
286276068
433592171
972376447
151319559
246117441
999934248
389608371
624443772
814418071
323397115
90880135
667339369
459129896
403744462
55980358
217592602
185263210
494587471
215523376
551378197
656287470
793547650
95631677
738355654
505495452
195536323
860042662
352216519
701620725
175134812
908622167
774690841
970011166
978049559
279136964
648376954
303662122
269596653
193809593
136415092
864833269
192859366
742383632
21089749
461572783
32585665
487709223
42773125
387819832
918565688
483260288
326670221
713049728
469119253
762294993
492728417
337960493
234020793
645824105
50581118
139891585
37391852
922823046
639283259
414774947
316189293
697328202
481080335
124607498
407603402
913930478
915666555
300777877
79108283
686544926
463428104
51164017
74541927
276782870
472909787
707827099
817269537
964396685
783055035
691874523
581951945
61641113
500891912
215754565
786408545
310416461
69641328
623772547
143228475
996523505
827441417
270036319
103100373
606314801
145383490
335257462
6628887
918165625
980216428
4635209
567593731
25892343
633941444
782574325
298866889
441564399
263418565
957237921
172914317
342754017
322622047
72995165
139768010
947408735
832823000
254548179
196436289
265325770
338198951
97186941
844289150
291894008
157549402
82584777
859103508
193391785
948063643
468227124
131399379
137652325
701198211
899103910
984180256
778419826
124280791
556059601
427699668
718317586
916887675
344844145
46997895
112403406
450858229
800474456
673901457
754446251
130268308
155691637
773491799
890835309
138821172
741303116
579966674
883029486
160346058
275699723
868342940
551356666
923470815
105475103
493500755
795191439
825838541
35261991
641555805
423518136
88814908
361348183
823127943
276763399
826848510
478118701
348438093
993354804
50189046
731885743
841035777
357074945
408683318
104657256
63123476
792372006
694735324
240564069
998831151
959895093
319137235
101150769
618073767
848581067
687716660
876343000
794846769
811412571
851343389
251806454
286564863
415596237
158918651
250383321
665631343
768920124
332563692
496728400
63986799
660702470
392865022
586611869
832840440
428460313
434663944
511267995
142673348
818813558
42351627
701128748
100456115
585274472
36430838
681660710
104380900
987664137
743274414
974546875
589046738
950505509
683271930
537025521
142011415
798382590
445320880
425439540
198156293
158299996
439025912
294203351
459808313
198006923
176577269
338128681
567030070
732525365
268310327
189613453
413917122
176448664
733669651
976033210
769060944
150214640
151350338
701290390
379165398
477257939
146002420
677967204
25645710
358016816
907681661
113481288
977430538
855839500
444600454
34457850
983139432
9224404
313111701
984373350
379787646
748148275
241320435
902449191
408697202
698302156
114630639
371855534
719353810
553660960
560629752
412598073
216835857
707238719
767964575
991796773
647032251
744030489
46274141
720898353
12297576
761058706
268557641
101791497
290325261
63095981
360698141
711190569
287924910
233852477
206474020
404692718
863336962
749296300
596245563
20912669
908894204
248901146
292593187
680863241
362627300
774146884
958613393
471984748
797387062
495083587
896645429
270191819
87874924
452803679
387425597
239108943
962950262
592213347
972075774
618728939
479590634
139528938
612123929
345601221
337604014
403440069
83930624
485501333
347186940
155937034
549261109
467539556
110993155
747051906
82902569
398131104
451437301
365410899
358271052
238150690
802445312
796572891
304404433
795241672
166450550
90506322
623315644
835121230
846426878
967365076
441742454
271123615
777220524
977516623
541322034
769365266
636777216
946991965
343259226
959187230
690216260
473112059
124797808
641450028
945822477
429105873
159198663
340823016
369901109
989294491
787671640
597539363
233942294
733925083
816283626
683017741
835124503
816882255
179150671
247097691
780124423
248809392
639074453
379821862
714194578
278137494
690319030
133476531
205729872
313537302
761353887
504445335
22151672
399083821
547934428
329333252
671775083
662954404
849419194
737344675
931307658
282492627
465220120
857132385
179693435
844203090
37181321
43295441
161232997
858304291
934240761
819894959
767841293
96161534
179062806
441406867
834037605
744975944
927255448
667684983
738786841
25722132
135093144
56363807
227940603
283226305
575387690
834858471
185990654
486950373
11242658
172170098
967463060
441805994
315790032
497631795
783589271
781942066
200128427
869991486
240956173
647023589
972243532
347425580
379296540
941458927
736604040
925990136
220021015
106527561
495295645
926799137
735698955
181734211
998557832
905585525
147399483
408856313
629191781
896467129
268815399
202322848
857304785
674282622
847061633
762070662
852431897
326035299
780371501
681431009
657817595
52095538
544847517
57263961
426728809
91763252
53478599
787667562
677067265
286481675
546622263
649397553
614837456
79463093
991654727
84443519
436471142
785728849
443248160
410204506
350232312
374732957
152750284
303661296
601176086
38633324
789718803
297960909
500363946
617225876
89027029
410568740
145618635
538590004
448709964
443200107
381951620
678434993
755005400
906794580
852106926
359731919
731789046
342710106
349844866
619417845
587485391
777841691
682627894
762618113
325599520
66703048
882787138
370166994
331198697
283084637
899345252
241186221
456087873
388095485
302044448
755517688
287303616
59841389
197454645
136053522
503778918
76247451
630753127
548454619
702491898
758036147
30723449
536453578
558097578
990500391
642943910
810040177
953816429
981758240
451147932
11877111
615333014
737745831
291626355
22323981
527781601
775451639
207391307
165625327
543854853
140765399
222347120
366909914
604750132
96589238
72428303
671947656
145255460
213791343
115638927
511237940
147088564
134173274
60126214
567563371
35979598
346333559
812069415
340698304
640140725
89305075
287369790
474329631
936947551
290167337
140184673
549557783
768215032
175130663
608271919
728327278
868856142
465127799
4599765
561726499
535689027
663813533
931703445
461508340
918072088
970996252
664784716
740025085
866119313
939909991
864788545
481159739
677619617
724062983
986344382
181448042
963382223
866693001
525484600
454549778
853395607
748017487
429962361
314582795
956404563
522870518
903732622
970124795
605519422
387311647
642381796
681960763
129573509
498399714
31874343
372166064
414630112
350561074
422626215
669144472
424520357
547344704
608210317
997037559
425378790
659024933
871938165
44152049
188786280
426823877
764945054
2163141
939643198
550049986
708330891
787671539
233851171
617120650
505103775
395201569
67263629
694659919
134505662
478807665
297528195
182827782
351586230
179219902
692188639
614178317
766817928
612821148
444066785
856340127
30029420
306050903
139807169
432924801
889204003
297379629
650932351
859580573
781338515
178695545
622366592
640218655
742317564
579523521
790068822
244202803
138314892
797509461
845457297
27424646
601880842
729860437
412839041
129402651
699509364
242551008
307438703
692718262
351963408
574607961
660005948
152123905
558096354
83303070
520020565
402279988
647864369
800926369
727916645
207724145
744269216
207683055
913321403
955810116
856441071
657309538
440510216
772062707
389151079
447985836
475863424
969308465
767363849
416642139
254459285
300168982
893211860
10404517
733415435
646652995
989940925
958214087
507617165
206730553
518689596
470242687
82122301
659014493
59502955
387788833
596338432
337388522
69592816
637733151
283155428
394197787
816539032
457028924
272961579
42199825
802040790
535375994
303567183
903977571
98744537
690697481
384760055
141454214
828843784
219851583
509068126
637459851
67510933
81263649
217783219
786055128
700065889
706590849
437120519
386198384
575187237
781495722
712559751
1362245
851647403
138474902
899715649
129630697
133486711
860261496
483629948
436182935
737442937
691215609
844612204
454564931
654646904
603639593
107986016
827992113
85482632
940668086
830170708
839651371
878720705
958878579
269877589
988329165
419949932
497100298
694131897
109948182
19908404
886763193
467012587
20545068
822816241
302204937
52330167
960269634
790981831
255129357
7967502
968582286
736221633
72885191
900016913
376295322
236651444
763218286
131408223
96426295
598604833
609128405
300715752
634519150
951325012
872908378
122641539
892768822
868597311
911386482
709680764
636386411
166129599
373681765
416274530
850679743
224203022
824067136
631748689
352441967
551309425
147716381
37010282
830353274
932700583
861588420
103429738
805835514
58861666
893582265
751677721
656731645
365692075
597705601
511343348
410779998
