211950516
12514084
223049051
984959481
581033449
879561495
979878686
304710259
844617185
260451251
176661041
113136469
573543077
378044157
334571549
462187102
296103659
48837178
368501740
980515264
578741253
598864248
644548998
390461749
675223891
84182666
594407678
297229111
348224599
592625001
602090455
851198236
25167608
790069099
87377613
123438946
968441060
977083547
290780672
601160048
658920738
427156657
402776830
467600050
55060242
407925234
269343415
638235276
353738462
203123310
346082291
507446293
586794952
938432641
540053432
613086267
367965084
832587300
309735589
496850782
285153817
682649575
956485658
251992183
658360795
325462803
87968860
783473977
290666544
211132602
493746041
319020110
758056504
767341690
321594526
151584595
196087417
176948948
335401506
267298656
814839250
956172400
943490647
145101289
246542709
94644161
264403284
86734966
250015667
474291344
755473861
135853759
667347957
793929888
316006231
976271161
470670997
150784647
809239253
729597438
319956373
485869436
347568732
142605860
709377267
27062180
749389788
819453260
616838114
388468836
416998849
191016135
497185793
42436933
682011531
328981415
739158927
811384369
5449473
563716634
61059518
1233894
533458310
816375198
455658739
357892281
651672152
964126614
451335459
345323364
680913596
45302770
367709694
605804067
947342282
328969813
608603668
800884786
435724020
219480528
345254372
444950022
469896850
861546829
57292494
564457725
638667964
624911024
111918357
987024814
237112233
659286627
145335173
245522619
668537919
318722479
952411125
531193533
686947119
351484986
375390027
785263172
368117801
271514750
707555239
371696079
823306440
891381725
95094650
353041717
720377746
938274139
375660349
785968944
218462262
616109495
531337042
671911480
759082703
891201012
719224316
26761128
852208257
464310643
108211130
21626969
899967596
122187075
937266146
628619802
376558687
77410134
113937666
84239033
844090500
559991198
76832220
198382099
153991590
685596414
741151284
747286237
529816374
758876639
266647068
298838092
283626277
359366228
27060356
52428424
787385435
280499645
772110828
795746106
632260669
348628899
933054914
903807157
163303620
685928269
471728482
701119365
954115578
466474846
976483029
642967611
824336473
291421315
941878442
658471062
539277274
332954943
517919889
73486288
150049728
971938077
496944752
93331618
197663575
809373036
738000690
540601368
95126718
884837721
841234366
96059041
305299305
318191559
451978363
495461601
626936283
173025062
35078478
468063319
213867932
40031919
793170658
63341528
782393608
623679455
474501618
992204961
417487784
368589293
513151149
454430491
762579754
698624539
645696377
660322590
851684145
839723296
706143581
353930583
947927578
931127112
605992647
69277856
625240478
880423987
337668306
506144914
839442950
446416841
31534778
366252211
297876464
49856570
859618355
110017809
178767418
433603224
310938008
573984118
334871418
745795728
123113583
726537423
371686572
386803874
333479286
606674764
672495180
791655771
643777454
787212986
466881479
681147894
520135740
282740818
434039271
723892801
438101048
901969620
286011149
968356703
152762010
971070941
337054514
146898937
156554027
712723183
839006183
535678568
481555171
418080921
528785287
132159463
19059164
202131850
808013529
879455222
697591283
238436604
546944700
730993541
833649732
47787178
802639386
244321791
899370730
616728568
529720829
576877536
675978536
454874616
995502175
408968386
287972969
366514713
593033717
152042640
389482909
224787634
230249847
620756101
767668580
136816611
310100599
225696533
258427698
334722016
662088730
318003889
474727288
554584047
26301517
199664444
355024919
555017606
134706970
104974831
168431555
92732723
247528205
539825457
183002354
262128646
859700031
26680555
422578744
119816900
844186492
652544450
609098131
655970888
489972313
472803649
8186757
926188598
963324959
696833121
737686577
576942852
985894091
564648714
954639837
211716939
102150248
121394488
428573098
795837731
53943467
732955361
231807743
488058885
983611083
296750185
977259427
690424388
437753746
505539933
277116579
283420044
803117787
138610798
490535523
9544279
708905757
818756399
64611734
553497866
191477686
428836320
591692646
437873848
367288253
591488701
106838630
682879490
585185619
971285413
159978398
738305542
598107455
626741012
65873433
111231130
420736707
121039245
672359803
193222127
495544221
317762367
488434851
457785025
419716541
454266533
773825064
847283293
74113190
945095557
502811181
283393848
56782754
875075230
604360044
625107145
141262715
793933893
120770632
392122382
189911554
294379936
105238769
466468332
345561535
538811036
685312587
176376774
72737364
379304392
588807571
587866511
146396595
871389606
57953645
873715318
940401467
133907620
18157306
913021718
817663636
259555336
608766300
640090060
468474232
876584548
681522788
723032224
22380968
440766286
969968413
626802812
268612
280237421
3310572
201164285
212523598
21966519
112223490
880905504
768953945
597448289
774545928
694808796
356287985
914944668
136997252
185393146
817121585
730644724
684705677
7355095
775776587
207748913
574458744
930356217
685613635
465148707
997994098
468976985
857288246
962280362
153995806
631971077
409335978
962004758
587597898
866159173
868079034
856789359
661191719
918434948
21684130
137251800
144067773
220215347
485009407
913957502
283802074
553529563
739587296
496129641
905910637
291736242
756060608
962613318
851026224
792519698
705778675
72954354
515550648
747374889
23972420
643246503
23617257
806673581
443452483
142574850
285472818
394283226
327346769
270838077
317314111
960332225
69453005
766270727
985670964
638524786
63681139
354243397
445346809
771656131
181346632
444464534
729389688
361158605
56369724
862259562
875910468
446722658
110978533
795078198
160380497
795124679
341238710
913816828
894462528
378437625
113634542
337394190
776762862
342434557
628484684
889518847
226182794
468749219
178815530
945578411
222283237
989789879
976942353
212501438
728838559
351535278
627607544
743894516
566028257
579507884
913856814
662458651
750303857
581192919
266664380
838750158
283304692
532268569
110457579
522189430
619093514
155636175
871808197
607233338
524890243
726286947
577480533
102912251
143171447
291827784
218281740
260640468
182343075
110791312
639976325
886120587
469780304
898477094
66239639
808845218
167517135
597344192
347788571
314954644
464580810
451175890
587090332
195569943
75770176
789734524
606214154
693914223
358291639
656626098
326484896
66647062
117981682
369709015
687611193
2551611
774054743
524695292
600723069
274200472
361226143
653216345
480115575
639512545
941216593
380543792
368969854
384827596
466028929
301612359
354672294
21749321
807847602
556853553
142652527
73714352
139196615
381910590
27142075
353436921
685613629
524367516
902348828
525716975
784306414
573329263
768138905
100071289
210865900
63688028
34790475
642821842
996621122
73588099
953728499
811364464
971060313
947577786
254353348
695226383
420764669
221386557
227885293
56679279
301953803
304735575
258799458
561128127
227056487
613896841
863354995
392144152
497553216
247286147
588586842
836858626
750867516
954398598
855206130
367887330
612404885
268898565
173961696
402340901
266821884
711850451
25128198
734259503
603125052
331288061
102654037
191618827
127557242
331915691
932672251
464227071
296482222
845669548
223763172
479570838
314529804
207010778
873014800
596969058
200333031
642646321
145268625
749334975
485001255
116869873
60496948
16661714
92371656
886466016
82821497
151866103
47424861
825544390
789857394
590103351
279607376
524539953
958003073
895768424
511242803
671736167
264586910
165637525
314613894
124359771
540376404
905197967
730635426
375635291
53357525
405394107
395883764
576992636
202007870
624175561
566581825
275793222
249258247
486255179
270791113
85992323
99247171
241091224
249094194
780806147
416802209
470937830
55812153
633659820
199963461
789989850
249007703
977246374
85726255
528596862
378059411
979631098
434721080
360641484
576493468
155298979
286026287
716736364
833108491
677427388
755982338
470432223
623536520
165681832
23521525
3814154
275281706
471747894
624977311
425250480
572488996
23495686
916543330
533807746
707557560
69438573
849385813
96975606
175671829
263367674
156386404
418637389
491266381
673411006
246116150
586950726
841072140
888616761
909761710
115492133
799966034
382510805
407982731
571666804
24823809
946369984
847401308
890130319
610138294
196149307
514708143
777259807
352269063
660475773
956107865
354563724
63087768
900913333
653083923
507054894
305913165
189050680
541064534
569740816
521040983
337344949
979165841
950125513
919565681
436570798
162742013
386664943
561986183
509485177
625284444
189978191
615512953
344876525
508983937
761187574
222037263
959255493
486837310
979522521
748659529
379126596
66368326
830790606
717303140
891552424
523862957
940158806
235532838
402706815
809578967
610915354
841446269
838241914
50625821
687478858
967204142
897275794
970564637
173567496
33407294
128043200
215273624
842783884
35191329
766129673
739050770
718211241
391929395
891896347
285017631
346657670
702213369
561542012
821081285
141914387
270976623
148375234
232822373
28013256
912707839
222583205
151132105
159279368
699906208
14369090
348531920
777271037
294250704
821505077
793983431
324761468
988690854
313269813
946115226
620616329
163852971
223584440
795599277
951173465
152501653
805651715
548229410
343636489
117689183
462921296
908701983
279904256
17160628
908711432
416502235
818828907
664453420
942551380
260859656
810824087
976911093
55994255
142877675
20822239
417597753
961779731
423960536
570424317
97912915
960256162
357966814
388943555
615426784
200464956
978061414
47392182
352775956
281648907
875511602
107056124
674353793
807495614
41590184
236984911
105667105
68627663
760110409
385539271
405002842
975154522
660308046
46139474
52410157
135291139
643705234
107858715
