298946925
568489573
652125195
472120268
454601586
570901175
692221366
951084937
164305183
75848222
384078807
352946069
462922591
228027623
344314429
391535426
273215084
376100540
680010843
810333095
865233661
751828077
942497919
922976965
71329902
818247909
379344423
973723928
273697660
125441759
605327490
840343253
79958838
149552368
367754086
981072212
223594440
764678557
790652592
654383618
472986651
936014185
317235033
483020970
592784010
705207249
14477167
110839746
920013250
17376620
865645494
529602542
493249601
624841933
198615386
547118846
625991653
729148228
400790366
636353676
191556752
718497436
677387277
38863424
470520730
543735553
272987231
313370222
860273536
363242215
167940986
508536525
585447946
25627225
337346444
929219474
434593044
459476948
330192955
366122651
803770741
268504676
53710678
256321039
259796263
75724948
347093651
455116904
950936980
820635238
355080559
494446210
363888191
154298916
462826865
754489213
258626907
278371608
12500239
49048457
432220018
701106943
250566209
556771034
849435633
357108968
944154594
467622376
287495488
269395910
112525802
166514704
398955273
34667714
832582933
923052075
664786758
421066237
779067159
394795782
196641901
817870326
362433241
39638298
8161656
673494774
144648334
431149030
562800358
582857229
670592566
156221435
446976709
281144497
933902632
102663798
17938467
496939643
406885405
902687294
131570353
879471274
167621415
681541069
708109435
188565854
95490936
329220476
321715981
539774789
89702455
837560669
499304447
617704456
852406554
614349690
338673701
210927910
548609377
175940858
212460634
513005564
904822017
704638257
598803343
956304365
719537993
117810775
100765081
729919134
905113608
167847114
14180832
876379864
263225429
317170625
650248910
680892170
331528861
819595800
578003838
815427856
109433048
23025568
493154774
833031896
656916986
829272252
428737941
319552941
763990095
807010555
948330264
230944547
690226660
618564787
974649256
462983156
82737726
751805068
469027859
977680159
228455395
591796846
634661180
921855339
823379837
622924582
354479027
535235929
964100778
657781529
879399047
729013576
597937018
397032776
403572515
881796448
211483483
765771445
299387378
890265740
689072833
781212138
965929037
98103052
219516849
783236283
186153204
644660640
342521368
187265754
598154444
579723791
350567940
600323677
586972460
517636201
388364387
571299433
9652059
33992404
474793224
893502011
355452161
106208566
927611506
219316687
633007527
293193883
214992272
92852808
251499673
316966279
452417690
578762117
288607326
447243256
625867807
536558128
702338489
40143553
436771378
709818386
192714560
776835024
59627084
299675255
378445635
997613340
810060314
885936313
493432061
640184049
756119386
265394974
415472516
795570820
425759976
859720471
170491544
200162
150228755
892959319
429668368
249668560
935766079
281188165
127306101
771805821
311716351
139729204
891768392
851806257
868960942
969508504
597221024
764974837
700787451
578617135
46581481
627936251
840871051
635394186
483133567
329055957
599420745
611315623
560846891
187022715
163289601
493036505
21483279
766147334
366066583
702138327
889914797
543812058
280150018
943045999
841068943
778438918
172369154
606639812
685896989
670331110
994167920
641625802
771223105
786610880
668173949
650497677
94783368
847142840
813138990
542555292
159329109
514834567
409825751
100612410
650247813
324450456
720341272
940283385
608516220
818679844
118245925
125621057
485739674
166822614
79593707
53408966
484824819
757741450
737548190
268142561
455567097
234231239
949497196
812802456
334888036
957794941
840092516
774236010
518848764
512791923
398253136
174340438
953008342
823511290
542809217
375080229
133986306
179537607
292798185
516618487
58097645
232085767
998123591
867217143
552085185
868546862
155886128
604400490
707017172
614764982
165672857
337041917
109594649
544996428
86988195
925097869
565337369
597023294
765724373
692452870
484357939
946105261
421434620
95724296
420426707
943905486
172612714
662228382
624013396
704513477
919422659
305287212
464943265
220929703
210044916
223481329
236107646
82280053
260717271
466341173
801908813
235692025
67218837
904083780
347119065
61211219
64745788
408011914
736523095
617711347
809742858
536963010
413813232
600345313
32260547
111992383
810651145
902399294
446790435
608179697
695934148
493657744
980387093
2503695
695342322
860385644
872098650
888664945
334951512
863506864
688990222
483057316
336306023
299383200
890544056
248665913
878886423
517350838
748605229
359215488
879159697
764600799
925705286
6302048
894770617
382459648
891473978
864597950
188669155
98052532
412830182
333708351
635489616
652537572
770407023
308251068
255304931
64715142
208741458
486733420
189112567
176080842
73060401
873016229
928721123
326685542
200656987
114430032
709801256
783594633
233105958
293300307
153794064
87574947
729019999
931333348
567952457
974085044
107733076
312882674
968911664
7500700
699995789
236898979
450676682
355281871
847567698
683768449
528976175
582292987
993360980
814171281
308609380
261871809
170102920
703078855
691540397
52689057
77580924
568085075
181802660
777043946
154796694
405074521
864946573
119529875
179914286
547914669
923517572
839073674
740298610
281219885
956982064
895858782
517821754
181611867
476085052
836161420
422339547
573439251
479117842
516888536
585453855
127508268
790233651
418934676
984690925
891922254
917472025
25941143
239792950
515263399
896504119
539648000
131080014
191867717
852704004
294921268
371952405
331146806
175367584
299653029
760250876
689902499
841994375
712141094
857189215
412750597
744050053
988491052
226993803
855378976
630349509
504141671
88967233
664914122
191590091
27288425
614840868
446011896
134838948
287992031
630442643
897576428
599280724
225035210
384715765
417334064
764778768
325954037
328907861
181163784
464209014
91192740
398071666
179464812
756637658
895551354
285513891
78092556
561745459
571940328
147872200
928980972
798947339
384413972
884913889
392362448
450680766
466165890
277626
825415579
680080398
925940508
196307857
887375552
669210385
862674447
90621775
616959164
327425329
439855151
647971828
418096016
659583190
45830019
391169962
539156768
106070004
909502419
908276462
296038735
741774533
536748311
884266435
562898619
140119831
701461670
98629089
214866751
340121320
992353315
966653296
298612878
325676410
503492281
501083384
538268504
894884881
510696113
510254426
893963210
804929579
668554725
750667226
121890308
923968499
729776183
269397781
753117320
993244009
345757121
286292443
541178346
557889426
704238890
83641046
143332086
41674072
633409237
747255721
967748714
764045358
875755022
276837844
335072012
473201854
349358950
92419606
156090909
544746633
852901456
644271886
595373890
399247993
14313252
491109155
73219807
786081084
762376127
638930119
410343646
432063888
345511767
221622741
994364198
706060872
425474949
740723450
621437518
419851235
357751297
496594432
261475644
763440391
542505711
129917852
929174555
391716880
415595213
648688452
574609548
637356577
113306872
208370686
140342553
701485233
690918552
141930353
543576174
213129734
10421238
357251001
279297944
994479116
336912074
535684825
418533590
654132281
282473645
629011139
47726904
608635498
470982086
736239672
186995336
356307024
382796241
831933497
856742280
884395398
561934598
681502925
370485871
113687674
64320570
772987068
318757016
137141081
81280188
292878964
15142320
283544596
197147276
408307784
409429996
500296
217296487
266996526
426528317
6820885
711384261
275042273
109243235
786584072
600961548
965974049
166374490
377067198
21375350
784035527
318688992
858985053
285188071
659180774
651195135
328918312
986765128
165610270
930158545
563925004
216927809
281392508
572852093
989594680
613868819
764182306
411488221
62674302
326809676
186495039
139010536
115799714
405405180
849921394
173011137
286892324
572259689
583901797
512726125
98346520
606612577
941689816
115765731
297244659
974189971
156157265
998356523
537966501
757112647
80511684
13735166
51686217
336837980
862603311
789893075
429991752
702190179
119648554
172715253
836779240
554485827
103700188
50257522
834880309
645024990
202889277
453579873
435266676
486169636
364302810
756658621
402863331
652884143
831812025
957312426
275237992
165626777
275607433
15404709
457711553
765825782
873521719
305561653
246297992
172759873
87324319
778961733
542801867
60028319
743019384
584702144
452611135
411186544
675946883
543860691
502912388
891432293
280885421
652219667
771300693
702577390
563089847
51796864
392809837
323853061
610871833
398802072
505025953
905290884
514655083
264364974
426582745
104243845
715003698
70953458
680964107
798138534
803959529
662120435
557700671
423927542
910778004
375238356
743150251
779600664
304047486
991676786
976937259
287951334
454400037
383805697
884741355
623387765
244104014
755134162
202735934
821724855
912751814
922444929
561888038
688522245
273935779
637510982
545373235
478654409
158119399
348367290
696182844
604993424
862896583
704773853
87472764
618764984
94518996
347373150
791799385
187851490
308646611
613209172
19805575
619195046
421864812
217074619
450890847
130849385
379623617
803194979
860139829
959869535
868217523
859239250
885386719
881514598
100232396
869178424
149991763
273267022
829865120
264495841
621481265
955680194
295493942
371943834
425054750
749626183
296332933
265976371
528868769
896730863
963334775
14884443
513078243
299542642
902639354
942692991
266657433
56861160
186620135
414523849
99030792
354924418
488227459
736313307
736775900
3657332
819387132
205958164
518532587
225340570
197381387
518532362
357986368
44150770
991727905
64125379
323701104
49920977
792019868
701264663
834516451
113647246
274326210
963408965
996534758
853333079
346161007
585844077
978875243
157539404
602520990
93130602
86646886
415341271
165465049
266556846
467452734
559180633
635167932
421397418
930239049
90374768
747443782
303528198
