445100402
130927354
232336618
871507924
241218191
835692053
22993676
451013528
384213821
702086467
219870085
996557576
96673069
172370957
70941229
460106760
355763299
501951494
270813446
533345738
849323441
352006797
618918221
634862714
411527481
201485472
189292441
583023548
4947077
378228302
116694784
198327375
35449786
195568907
46000289
967642404
632850003
134225218
764338612
409704987
279493894
304641531
669656796
528183054
896804643
935551190
962178968
465269452
5124141
218326905
852341769
586289016
73723631
57204840
467430493
93093605
512009132
597473903
459980442
39732718
646399611
439970126
446066451
5985518
585391683
21542710
961107790
901104160
126370668
103298824
827256755
221538080
737612881
861108458
253851844
544681910
682349999
90735167
738058069
475976290
239306502
724022988
577899407
786620170
525886532
530405766
124603743
978244944
728138413
952906683
455633271
35376099
674244775
724605893
763305374
839523766
858575078
663671278
942791370
875261933
974443398
61074808
338898783
901825315
391070148
630803689
848676133
212615172
803352995
922748582
410743604
421273965
859415833
984004151
800426214
922376621
862070718
659446280
480098985
54985916
896938965
982862845
172965746
173463984
647665551
791880656
547293304
13006988
97803083
414328076
686106830
18678721
147943796
862796134
501532891
178231694
385124204
676074090
395550022
895082842
681729632
911988569
174891949
805389829
542163078
34359306
175960265
690240623
924179677
840928751
977453047
199128798
183572292
887805453
978322966
991580551
888109060
165434799
254159763
599189490
83510384
835669145
114812089
389024918
236641751
392064883
273330169
996619697
482471259
622194520
537252417
185996627
263896257
585016142
373256283
984950394
807970896
367575915
631300904
613306245
615920391
857052679
88827310
256874331
436875028
486978031
835106428
260138341
884473166
509952338
290122632
219689405
421914326
796360530
811572457
846060485
797176480
785867029
568748078
150098195
761029136
179340566
207769363
301985156
303676334
791456419
935232540
598556148
514549170
993372571
183609655
520533145
534133893
640853517
983269098
226457704
746841835
857937756
952149889
749663719
556958453
13191828
112146530
972518920
332071888
317563011
764082300
467535725
773443684
527195796
187773913
22103867
798827836
481202709
852277108
436579825
649283316
786842152
953197995
645418607
551745490
236550279
745589169
891100594
326342682
769589486
685555510
781060808
813091431
585114753
99218650
939238722
833717138
819084357
593139740
747837308
67194035
235250441
969913267
986113321
27374119
467696814
825112462
987353373
805598657
161505788
721705307
52931183
788576408
546689273
577174387
959999681
904739760
306731281
197918228
320408174
267602657
221045934
646176238
562482401
632007499
983021490
654444292
188328931
427977146
248535190
188386727
979743477
888062968
104439799
369385789
414032874
816928884
967084672
618044488
84048676
411437815
758235795
85501937
164836894
47884178
632624326
992484399
266402158
7940365
139218967
34498962
526985857
621166129
272731566
480234650
846148099
589074202
407430865
354105822
44352627
813252520
636783531
559376226
557063467
973119060
741961828
164868214
684136608
177303483
163141512
143070797
937655086
688686792
113869551
908970357
509366861
135543997
481339344
514598222
999383171
990537090
388042134
180388565
288758179
214036227
661400868
358577348
615331402
624205147
523237688
824958670
409498018
612978850
573691860
270796154
774654283
198859568
528438469
191717832
305922349
467756112
308347790
89098675
844798852
996148168
96843874
838299063
507296577
363761207
970867787
710604102
107734858
892832641
354722649
53815536
425210386
456394965
270618047
343027239
311718191
383384480
549536811
59931460
654065793
338182840
733572777
324676235
114994931
843073396
134316074
310507293
607105526
289621511
208675873
531627059
682189300
298943458
335589712
292610009
117192352
823101803
851280769
251570194
653337359
812633585
717223812
516665375
258256201
519876324
845585766
318259317
928241519
185411230
879999639
922537867
918219299
248416329
435032880
506616011
262575391
772167637
723304132
664223180
229445133
660360494
103498575
818113346
684156768
823095588
371626234
126266927
120805253
978008037
225834886
488616387
532103710
297966617
406594100
841432207
620959027
216907401
66420034
595118606
997487628
816056755
382265773
421694296
409621870
286138004
613407758
433772970
863910577
828973699
30034617
345024713
99797671
187057589
22125060
992976863
709135009
899110465
832508606
435160611
148250089
719318838
197454063
950233480
959576342
391383252
390434157
620252682
841822227
593600671
885656983
45667990
705747603
128185525
666735550
413388376
278094720
681804278
408491475
398018764
209687829
937853263
262356349
291831552
947973420
880810172
388818715
345046120
275841556
413617235
132297198
721848561
384398794
631259421
446868517
278168789
618602692
432032292
462117953
18238617
895703845
993155074
591950741
270309906
943316715
984366626
639277109
971612145
520322037
608736682
714882142
27330731
490618989
434489842
225472782
210396825
456962489
905622509
2260060
78766169
2564537
45388036
344411126
428204992
461303473
163808422
661269195
74488182
681317007
388566760
794785683
846062427
219686324
390252858
502314917
216532754
345902521
992046441
348514836
963606792
241533063
417206569
824724082
667104872
698735091
104966466
231229571
949908950
405786639
236471691
821206299
712980181
429772231
383351783
15674080
850315808
648743948
163745749
809006432
779508293
323097431
564788927
290295137
131755276
813950998
868819714
807644405
100366131
932174923
8940028
864494302
464916046
557107673
38653266
837233105
585357966
220663953
677306253
729469899
356337006
932578849
711360243
668701541
444845315
567360460
81805502
416290195
836334540
374578777
651999107
567788805
182156771
183040009
569006541
640509361
676744135
126911431
692968805
853153873
829915376
297322059
130863440
17734026
396846611
371977388
356290252
155872507
391118965
546118676
430316112
629651855
971437693
434275849
452669425
846929443
611737187
896087384
845449821
564394815
732145496
452529518
971309864
725787352
280175816
441151221
682337530
281876037
988101131
398143903
160488970
458446535
527695147
824152378
899554521
59014946
801715409
693626216
271854930
72867927
211070208
925932993
25171230
290215863
944262664
22347252
596351110
747880921
730370583
722077097
28772174
780656749
281461608
128573989
121008376
377385858
326012193
405076086
737558209
955695388
689639856
74414215
167771375
992975061
385629706
971869575
101956708
147285315
534721327
393654478
45214033
918110969
624232453
772581894
353324607
806212502
427358288
681094001
781524686
257828563
844800110
934456608
551505453
266024033
369371729
379832219
176984926
399121157
703144001
522168662
733002751
396639322
956068005
316159541
383228069
136655993
758161617
32196167
904586155
972393087
920390543
449065794
213159594
336716104
676863063
110661203
156424296
508879713
775249381
314795873
950027569
644918191
623551399
479729646
110895277
755183246
522908760
901747340
623603331
5797486
794884649
702835550
444141312
12552664
660651726
648574710
962042963
308072912
389353824
216668614
48050884
395162120
776507844
809131597
337438019
395734315
721297014
214789349
589160969
258710525
223407923
668105212
623871774
388348127
572141091
88084560
773087922
476338359
205264263
628044822
613747231
856414275
408592834
898788669
177508438
217554992
4924482
200606929
676064376
28288353
148618238
848351382
119525888
558580767
266744989
554865449
868410345
814419800
142291626
715160960
33886231
308119411
312586371
364892806
782389562
126779436
78963775
55793184
440411571
572567165
875486786
485704604
102808649
761309001
602921381
191636607
986569284
877719174
631623158
119883026
390809833
520690085
538724971
560872615
110092286
375056540
548579323
65291007
121603138
17275642
219674213
958668121
334046732
490103302
594158590
305627819
543827904
43700028
116399106
50729001
138591217
949131297
760195356
103497210
152801566
662913633
745542733
358216886
955659384
75108381
568296163
990691170
182796641
22408599
324351127
513196145
769394439
751713755
254800519
407333021
578200112
13672768
934190044
423135929
352892952
916818664
151657871
612705345
167150410
297293562
647808702
942869255
761320067
580894156
981291808
441678534
760494727
435227760
408071049
447178652
629513806
190362436
109631621
46494757
448979477
228983042
775871479
311638133
165752175
80962444
536233378
792114147
788899508
709066084
472528888
124918448
14941252
337059427
750604257
235982900
511255762
132837387
191066475
658365822
427299677
625426907
229371102
601902483
41116789
882672591
752701417
334166679
343642705
807621866
777819214
387837676
904041146
887695287
974156450
123909909
140947184
840019736
446953170
86187966
761060182
855694553
153969747
52253983
108365268
856373359
426737282
423435299
684623501
172088148
935922889
496676419
999295959
451265797
619195078
823552569
999611939
173968995
270521343
283079583
328261026
202066699
448471442
981277641
931246868
84691212
220877301
127245964
362902976
626694347
95035715
671236024
685884215
104878509
897305638
571605122
471457159
177117118
493537214
184743428
455935308
329266118
649543176
171554557
871698976
281142795
388541715
452775348
268500208
150603881
124297969
966978188
569498393
163873587
757926939
558993483
407223111
172692105
121007113
23674056
635496058
299491317
60532323
57929153
77052432
264686864
810792202
894417449
553960157
47589955
352095409
822494820
680431780
85777914
827144273
998994906
552523521
276916884
109578665
650104073
696149495
768101951
858745754
212299095
502396378
128057526
101737630
522010627
346951569
338312155
164382011
298765054
56110005
469863157
549247369
156443991
268733795
591614022
94502124
607012111
470350591
494124264
898815189
220910252
798508470
301803148
286546408
483720478
