355865486
947044815
54433091
374549442
34293436
273777662
256800433
643171768
133167101
83355469
291020399
730572011
445361158
297245240
207531677
737489441
471154726
52852618
633813463
539340433
349973833
770965957
573885740
985507653
683231600
730420831
438689767
770696296
44554496
403998820
262744374
488861140
421298959
119100607
562236178
664634839
31735519
568863949
16727069
127519891
286205236
801042754
703579246
11679331
25677377
764187852
635361888
237727726
510670808
642920893
299259235
453067970
588460898
560858869
207203782
584899528
373159074
68925436
691317840
303872604
835087894
486104136
598617271
729168280
820611093
802159258
309273052
326260550
735009060
542896837
705753921
902290775
36125549
506293571
253135196
548931077
67386711
562206409
959830276
919043746
95058943
200962040
260025488
401633602
104739584
809676402
900400240
860440089
911896823
977336649
291475764
962810081
877546108
712854464
292431996
800101099
202425483
974410965
191068236
223518117
454914800
309101337
502718664
967773970
937166970
396968458
416942421
82167326
307723672
658272703
517512816
810952664
109095159
772274092
208813660
634125853
226078647
196983669
624428695
10934690
901759016
448832961
414363725
757672409
251421072
742943838
24744667
323271083
213861574
453034096
346505594
92975745
371138172
736312158
464128946
785957605
698243375
292251517
464466630
707771125
392733981
818232913
552716416
253624120
459823833
480523098
853714922
105272015
504040803
658306141
574022452
5441813
349982269
180133545
321759099
6081838
894737610
745046254
716352897
194223131
372223791
93671337
868305751
854689575
311767109
424537071
439814491
372782999
308145146
422856054
935882477
933827129
732517037
916657568
618200708
83526102
896116544
160739605
297848576
770897972
889228915
919472651
819230279
555555431
879011643
341063780
742993474
191004627
414553058
458047107
891219993
953197119
575898619
270243498
335547334
299062643
949927161
698026840
941857010
35286761
40708607
480931922
797126867
81184748
722423663
640195321
272924775
433324699
561932835
238232997
109965293
733998004
447197677
945454923
304994215
452751138
274441057
312750319
975677931
970703327
681543595
248809864
958229940
850098038
531636059
982685356
357928510
462273538
581110234
319138065
133598939
198089703
218882594
262561814
730189365
408296992
122345783
738045530
833131767
238816321
68139005
309668774
629071790
176320061
348081813
157221988
505999441
630443694
965249282
882796194
24621586
637176842
722348908
971153682
353743165
791898742
522701981
947028828
549548688
739738305
282266811
810651235
852214464
242794770
104634057
911875589
515115410
184635863
215265557
896697221
330405355
536395525
479618550
736861609
902564321
371874821
619738072
781909878
502016224
374414071
476685914
727484814
497024255
698314039
294516478
496422096
475740793
247728911
908818648
938290622
885595010
175316953
188496842
93393461
956549508
257487769
457454309
386277019
71686004
436206223
642106577
321363578
415178136
68552060
552390838
488226059
157558291
985487297
68589360
981868342
172160669
740792101
445012604
175134616
263052390
554781996
313626979
153900425
948278290
608211959
436134795
267386498
275817213
276974934
11102211
155088402
347898683
386225089
780312100
645076551
914420511
233461052
710223874
65810000
732307492
155322336
312306677
428472195
145923200
806290418
338863804
490253495
179139550
926950304
766129952
144802909
730304347
13362225
830341069
401767512
943860788
303553883
437998728
463474043
71428
374720078
45546365
138203201
57449849
397302436
140327376
771333201
205175197
423512808
67447831
938699615
30568226
379202604
442827122
107730054
242475318
885154783
7977224
141987872
269348155
945881299
88246948
348866907
510844981
866299300
424784053
334536457
555884018
378544588
701215761
610866627
795462323
246749831
65738572
357587414
109775970
174103476
371022345
748620763
665963042
567530602
285078298
755626741
859502472
827430335
114234682
351101743
570535101
722611015
159292193
58706005
295576658
296010855
194125888
54190128
286473130
696679456
627358219
191150547
972518382
805790917
215449183
826630607
722297045
456581203
143237291
783818394
313464031
85239708
997954083
68371842
514132437
259356460
476024829
701817551
660803001
332620205
489364433
683414644
752064618
73682309
764001355
833273001
219252394
642509756
315289968
499451467
52623942
11548444
71114283
413096512
546745255
179871798
776102379
860172123
352081419
458447689
33329695
402921269
684193044
330416287
37637711
485295392
724656931
90920350
544573566
36220198
819986025
492308335
393387126
953852924
207315022
943943573
439085928
898836072
41789562
382176180
607378212
79787288
141291235
643785822
731194451
301915587
14125425
584857570
521626585
334260639
483254079
615852704
349736132
202355311
299290509
86443164
999221599
421648331
36044597
278705962
108616070
128332043
97936190
279069770
679465441
560315606
618161317
117261358
205781489
602801681
740785869
877266306
818382561
969905238
851069475
953542406
261630034
40407221
599221834
735722123
471169967
139799361
569293764
210312926
552966117
204133321
142572203
191031814
654562414
120871858
944721972
17437596
862791474
763083599
273560109
479046168
981851097
862221463
964320380
170878845
683754269
896864065
379076080
918824903
593474769
605987772
797470142
379830893
351285835
345748102
824813128
958814378
822426495
300322473
807535993
968816708
559038278
887623263
726103652
475332119
417743403
427129502
462698943
84909631
658079707
723348272
14474831
55298962
696345128
372023306
971691308
399408569
76086839
428342989
51967853
574305900
760723279
650468859
616838156
946978343
406663178
762741308
839745978
308814311
296058728
985907593
195011100
562469001
955547604
304743399
920007889
94227834
136117811
488988260
753135440
256624766
434165122
294166448
260745196
870126495
591512940
742171180
683485763
979262527
374056793
425404559
882727538
394083506
248354619
233230093
208093428
908569418
270785106
779125307
68668941
655002093
587383523
153884631
788850901
672172112
528337172
452005828
99751356
391601728
452015416
877463473
263290758
587098577
675207547
795343085
140140777
466556831
389723663
746711659
355465402
664491997
79255545
860483449
934757517
870654168
103180054
800927592
314114381
722317510
96649970
11438470
823442726
356992502
420319319
98133347
669241242
280280491
505315546
588573082
341789323
139507112
642419823
291884034
527247111
496593318
162113800
295628961
718875957
453011533
93089315
741536596
518845755
524073445
423659905
404176943
575746548
726900072
219127113
918196732
568992057
727409578
137891447
377433845
294951758
440576945
54020747
906298255
166779258
577074200
126101843
859860285
961241283
801150579
404922336
215958290
22072174
787371509
333236338
438164198
708540367
807551092
82051635
861102847
629228195
355113372
492592714
299369280
933332596
16142376
522386797
942341169
61153377
587118812
19581025
614379743
1615664
264985977
996932275
86670165
442572571
255815544
128849702
141801757
326909689
233229028
780295311
717695175
119151109
207701614
382104769
788375038
393663733
780962913
209656364
761440963
645357943
276788598
748205648
939838384
947984230
754651465
972965657
150636881
54687402
183760672
798706907
374122470
781569553
790542591
214342625
757086195
790439232
246566173
995591626
452724823
678701390
940249876
534193157
395999166
574818059
774897538
180218171
725630981
634037606
734011758
548677435
280190463
377462448
258140060
969021799
724827065
516780328
57093891
138685934
687921104
282849885
978212819
87114355
143149017
434522120
406172841
936125620
328608516
993358987
625018573
997935804
147097560
785371286
756931539
82739573
705108065
742595439
352206482
365020324
173086692
574433294
247334675
516599274
320675642
635083235
518516444
996660021
523429492
821520791
489515559
240305866
733345341
107880239
307670522
169874937
700488569
853135521
391044140
961477045
168645218
838771916
851609653
732271993
9019033
736075953
401579875
494819175
620530908
175400487
263913733
982231625
164573845
692073566
965599241
113487809
35515210
461613544
766438711
508065780
916005674
409512819
412696128
507087724
503843428
384712706
264590462
39217320
477700764
587056602
382251003
851972543
351551298
390729435
196375105
334314774
722823639
515062681
507580241
584599688
233503360
23697269
376129112
348029005
557607057
507283932
75732021
41271775
142280997
194182712
134359727
238875024
86696809
882978359
45471371
759132398
426075788
344521929
228428564
624306325
471485490
362362555
17118411
33474306
793149483
411941189
630680326
773844408
495698460
631284466
390664168
520452527
954033302
181839023
274562420
892308405
33383706
64667122
949480665
996559495
308980685
223318687
896936322
283518051
452696874
143375978
765275734
468572938
345258064
437242705
908238985
378301710
286634117
883273914
113114198
871140804
6578857
342654806
554879520
145665868
876603605
301887611
545573313
510996529
803518543
613907199
284841721
904857784
608415939
153162965
725748692
361408665
395041263
231869068
315325640
248166802
465426231
733600359
580777430
649773504
646665453
162107387
428586344
58455754
723045480
12362458
233818410
70759387
68724825
403421615
885729547
690728898
509787601
803814796
119955889
7093073
677745372
385939792
479999506
838789674
858534256
860417949
860156998
192095099
711494011
546830319
983260445
54765048
567948274
864947394
405714572
272978497
761877375
905106015
499000414
714496217
873301266
487117558
787951048
791156085
380088788
214082334
836132959
204994324
267433416
35019794
851621063
591226465
111913178
308232567
570421429
79486438
253600852
741987755
791239247
786247503
301950388
236491244
346961742
176215161
29102011
179053361
502811112
203777430
997707041
612751050
928851522
604681585
304814382
405459671
133791806
190627813
597988743
688843420
458700885
644451922
24284990
655162674
924661682
