907730771
679902122
902026267
488143911
97577509
572436501
590376624
376602068
832893639
969419355
350726823
803629756
915549966
793721423
116637585
219516979
265138761
319968542
401098042
106080651
886020607
906243857
235688994
877001150
950375421
16625779
551552531
89107144
296512506
843693
660709075
889524505
992584924
758730753
665460079
292932031
885221221
582640320
810027399
839339208
251297439
665550476
414953126
70981812
493642992
707788538
71561490
564991330
244234570
167239555
308623710
303147174
806198712
383332398
698640986
1486913
444213127
25025116
537768488
80951730
20883969
501269480
80089562
832049945
308710280
461202316
811044831
156819212
128261343
823705552
334295756
682498440
509941141
561758833
854783210
220470131
491290730
164707182
383358158
242586883
945064288
986561200
844872572
129272951
692219982
357561901
83325793
609252526
60089766
663973165
848718903
860196105
44871831
729075669
818455238
750027957
585460913
582903179
762271531
32440675
896743705
914742276
436729986
420529017
832943797
626125268
793206031
244439878
528549186
478170855
510196182
279505945
641666957
295181605
135887440
34322768
656396907
950816609
139829963
951148378
377876523
201792304
96729445
464288176
974986648
474099650
637626609
780865471
743303594
104755253
635009216
908387549
402435649
350917482
345843176
30322012
549831213
424343555
296329152
66094713
564355868
838885914
80703340
581918910
153776983
569212957
218529147
749690224
593188228
784132469
93631050
634644303
443073216
811123152
654564151
694951401
818012830
972441809
445542368
358844146
988498658
12340560
501136283
423793932
843161638
601808631
877070294
290749474
949338428
105565428
484491553
232053352
654487457
73735249
386792510
538990608
121088964
514810534
310511193
405773690
255570502
887936383
187677242
959171123
11124203
364913
465314333
591312496
696353329
650891773
212309180
577389403
978801185
937485004
77596054
552015307
337749630
656909406
738757270
551968351
692142661
927779672
800351794
487622800
299640916
861577696
980156844
369337966
424330642
115573543
573862436
303202296
661930616
39768677
103273644
100562274
824663316
541965158
412669729
842796725
136494298
285757798
594396143
298446654
893256247
907102149
253252165
717002451
996139194
834777201
201240977
464179556
776053262
758542840
713631027
327790829
87584589
700054441
659530207
149546505
20208067
95976366
166981854
580779786
77029337
909106882
915458786
939032508
834211360
977033778
727351989
795784471
244239677
895960544
415474052
406384863
333383528
501905140
594366551
392538765
608325530
263154393
373198771
589553439
914332565
109682880
527149032
903387774
326137648
775482813
12977685
124608875
882434950
263123223
822588657
40517932
118775943
13616357
221417317
984149363
991643362
314219656
882791089
19105415
107425211
405456505
219939879
880092716
343068788
307246164
994407300
585679447
105687890
266991441
541220973
757053672
722777593
577428413
666447220
967346455
381957849
12071012
612894859
58728547
964056093
602743114
913349519
981116453
73371886
374956120
287608919
319767170
280487822
610217186
400895402
294105874
380363302
354093356
482128227
508876060
889743000
647056315
560318986
18891484
781075512
427298236
18920985
615443509
721902248
65534985
317740337
541347528
347169136
254070860
602191514
979572350
701324796
824062542
55049320
504682096
492106984
238823424
806720830
968112666
19637244
674640129
305191625
495470702
866096037
247115099
376690370
368684237
95300185
157571159
77603455
734901533
451752024
594003374
277653034
536757857
583822129
297906010
259214204
7836901
57215782
746261389
972598033
26416962
8025672
421323051
592781076
556300759
299044035
977446130
16769075
650919575
840335484
592206318
999254239
106435382
122106611
523450281
749347470
474787148
688844613
949056099
446047343
189597976
176467405
867289979
527820325
107321421
546409508
518291462
920859965
194200974
979609219
798883928
910896883
273375853
702042094
278774663
487445029
444772986
654334021
820389610
69640201
117854054
140802083
426683879
894566048
859545705
594749134
171217651
414651246
60371847
548558538
784427054
318992286
108159682
300214046
783000056
849949555
140735692
893502725
485459655
9891250
780752572
56586164
822568100
671310355
41451555
681309433
725878385
404393286
843331947
36005252
304574483
820453126
868455002
879415898
328193288
48795892
749783524
972723930
668274618
512572285
375191856
103640216
860488118
645642434
195182164
479891641
802737201
973161805
919042037
428825106
346709337
551270260
168874366
810498359
288887628
61267890
318233982
755373523
853114492
178236271
868870747
766824363
571319298
24366595
243984055
963973927
450537283
228743783
972020757
734204163
100166031
168011761
225228106
972887368
634699392
677112355
196098045
176925666
476128190
561559912
878572231
752716579
485351248
414506840
689295913
753304222
651578759
57956642
590528269
266925398
730561909
994410000
119609437
490038347
643701537
608367492
532320917
836121522
401658379
231208235
29354358
573993418
1141048
184837873
328659075
178697576
326042153
195986997
175798966
611775271
865169843
141308316
279245332
291554579
299664039
116154168
281473115
156812457
335070681
490679831
312395168
392580640
638215512
705095358
3642254
105756029
48402323
735189758
329185831
26331900
144791438
359976521
775267285
244919954
532205554
304578812
751575531
300513374
85847765
510598337
427262068
455591762
882157674
978752997
401755553
589253592
715164668
828054856
190374307
527547368
326894376
375508460
501050841
910978546
918813066
636773717
935777905
296045688
181195618
222903045
130295252
590852394
866801165
149467066
466983832
505193321
366041029
34325377
759349024
995085225
364578635
980959739
70964691
824472342
63417762
856803405
510422964
659462513
303339804
414388660
390591360
220347466
544815450
801638461
699437522
769282977
858925679
864288738
326106887
895431836
368800906
455529843
119317755
862944718
380303085
836409673
588790596
732690608
511769165
896562231
223212563
680839290
68705832
195289080
162968733
345934636
304543768
676578497
847560784
62009661
126350752
276315391
992705882
766806957
832311684
909947785
46036943
65162703
450029542
697700854
646267640
501752290
708218489
863917187
626284319
909048791
861641983
208019971
444169257
227008087
268012808
777732354
147693348
406777572
191176097
709752069
151641634
349526369
638669727
353502886
464739209
182347182
16727953
264097225
769081083
92485514
462823959
352510797
30633034
470355299
790372729
523627892
282661066
814068309
250294590
721460271
972620799
204788643
569004760
253919940
484292651
96523796
232409240
620552696
793996851
348618397
128622043
585928309
575630860
122559614
758306150
696510573
426492974
96526655
232961644
463920458
485024336
444121264
94836104
533798805
446224831
509131185
177386937
973813957
436635357
744384915
495071288
333625037
156482982
469715824
737131269
946852989
780521608
384749787
869210233
368215412
949937940
396175256
470100373
420462685
963863470
876895648
776879936
908073418
712049147
93862156
97134917
186134410
581106665
786374130
236435934
528499535
109952539
35205955
807695108
975161464
919136858
258595281
183917339
49611935
853547107
794997004
429445327
105915035
385428344
811453160
915988963
41743187
227316420
864746231
513982516
88849080
974020889
674373417
569935334
569329181
732251248
269313517
261764810
342773200
647249998
308936877
752518371
370108851
233279889
208631734
836900449
745315653
577054678
894048768
449078553
691342659
212257916
420488437
566915576
168866465
447450321
670964900
522645074
900595985
177873192
55391729
958817988
716360433
272391613
147586854
554478644
435579121
465270620
238365926
242910216
649823341
996830470
841144138
402361936
544610229
42478633
59336476
872635144
176796610
974552709
170673310
464688508
333267651
415667678
822639856
876591162
553532452
107457840
401068868
121878860
61286347
746668442
361168823
164900008
591858268
350118888
36157938
97717237
85693035
654153089
401321328
280045033
338688751
651138551
799255210
694512188
371113777
18126500
22305347
126387831
388113844
798329755
345848463
926043275
7199882
590703220
625550336
300692755
449751755
270995690
946191
328121281
64201751
116487065
181623869
903154897
635661646
676244129
810503667
194491341
6320695
961619237
786942109
522643520
573231381
890628275
125999756
682129099
616412466
128127668
505477384
535405951
85152493
274681037
733765014
262956591
400819978
435125547
157700125
1155048
724568550
735465182
647965480
814697344
653206897
73200047
215843282
222201686
469514682
896100311
58850541
694869646
207622832
827814004
120067136
426494606
11387646
823204942
352811894
116571605
464703463
943421236
684280288
321624087
765518304
465540238
242968787
789520713
382722050
918667276
502334919
200536099
518544004
809348619
469922790
270855512
313653757
972244763
869436621
500031333
674784993
903798069
212614416
720312153
69277127
810607736
327783119
257338487
154613900
307270408
251568944
577615034
82313653
41128520
536451583
781147312
51184894
326341393
49179039
187666658
830231258
426322567
839479635
550847404
393765392
858314440
176325642
398274212
357891214
849211622
112840848
39142881
953768319
852780559
441786610
560905393
730806820
963968133
252346960
954910566
137757119
985630298
634906812
75451641
667098331
924719883
118222446
477415483
272897035
688775476
219670618
987312362
923065723
681769962
669800073
248462425
64318434
661767010
326546760
210962685
634282094
929508905
899447272
305402276
194429559
212426063
623846714
229533092
599341909
975546189
50340492
87216759
73994433
94268472
49909539
844600958
791415754
764027993
883749071
469045507
740091994
698910158
125377176
669115737
629541004
125528484
116077156
271998356
182980485
193324184
496586959
69039809
637421373
41384274
320628472
208248212
86183026
329504535
881022081
454672268
300873169
888689353
