312896184
76517772
352705847
667910130
481846177
445558761
587689827
141559340
418157628
581919229
831125053
998232110
267827240
793214070
58636277
257088126
985360484
410506097
981280376
498491359
388337706
565386653
884500035
480817168
519908955
295650923
814649146
829021958
677216573
354523110
736904853
501707487
37742020
366915071
501780021
825300414
839826224
52165935
69726884
937810714
62836281
381773812
434332062
138421246
114788996
105235091
217502273
780389437
244897484
205448199
630119696
562654085
586515355
439086734
337077062
747509529
192017736
871888678
148001175
186195254
630909614
758667868
464342766
63634517
845014375
329417566
960490089
900912167
291434048
233335862
417261901
933194549
340779213
43469662
435655077
6563893
131054591
746078788
366028172
414673864
78148649
34259708
584124473
471768373
724403413
174250768
915192130
598655284
29838008
754270490
633282677
967937545
904164758
883531628
306901099
304168412
917431045
370697544
293406870
785371429
144745000
316590105
488955388
11561622
788186297
696925146
221874872
543045693
3431656
330513169
616454938
445938946
505860505
733327310
108046605
596649906
174543395
992574391
339231103
670763606
414225434
361834804
871074159
537163557
600053183
449324355
29029790
457247583
736568561
131486665
89132846
760357045
452671917
580656741
269928863
761558543
545304318
572562851
683582075
27478267
952375895
372146437
595223628
699324837
137815551
187343730
462077039
170837448
775485022
710251192
129625017
924856652
31466441
622643262
371145995
782910194
445515944
951791830
411508437
338861942
667895355
764627287
806477130
871944990
241380323
856097891
993267028
925203762
463398446
346488061
51345588
601980542
308992316
311752835
718387710
42078996
766611175
171749321
399348005
412709452
987247314
858192340
681762559
26317368
1861648
164276192
728890603
830028654
209510746
487018667
316042598
593512486
161054413
344720132
359582910
187748607
565669305
723278636
457944514
281717658
194076701
536873275
707439001
428996961
658905604
527644473
615864336
719713605
904255551
329066998
16299019
273766623
552443824
998798984
351614626
809703014
82864728
780159762
870083342
77104131
127207287
163238373
715693016
976379777
30445463
457833100
440926129
964272182
952169923
530639102
476409689
43332539
713804805
117630347
218632750
450374039
150753339
252765598
367411763
474217173
548411855
9176998
925773101
880443747
470719648
42275974
41068662
162255427
993105505
549879895
104883879
785509542
853195293
380840383
154510370
30838327
821180258
731059222
398551497
201072504
86718343
651592152
767543680
373616448
852657307
972966479
559961816
434813477
780166233
901240586
658949675
830099129
412747998
395866168
528692275
118030289
237465271
835249268
505660128
988169487
416764437
278670701
971166676
402290028
425755223
690900146
190137244
332964422
963119975
187794422
629193779
419694115
854214099
166339259
387498830
896819701
241633317
552156653
27786439
497753168
482314156
606255184
382089192
91864919
890930219
274784749
372761543
457329124
852148107
36480081
793373055
985930989
225399093
410382008
784308065
808047640
680425474
365253651
947861223
161757161
782829234
226997394
471693501
592371811
272046806
239255559
975885028
246408739
8367338
631872572
876396970
685308616
807462828
7906960
505855331
810509252
896581508
879301757
511359808
150970474
318138602
732808118
480816314
926639893
394421365
643262789
194295022
443832090
382031192
579451188
216394226
876379665
604295428
866029276
714923933
255316762
134561682
789717380
819818111
651674659
298899719
126352803
448961786
220275535
160083110
108064439
178468160
217492133
904526676
973798811
911466131
801123716
853893841
796890749
843618558
50021115
746181079
545053606
197950445
628784016
44960537
532052938
864377546
428916148
415478345
17304
81013188
941433551
292983026
250538569
675947569
106864127
59483645
859685148
852070753
191785798
283846332
260540779
766556783
286356926
464794628
976802887
539305412
408232380
667985056
415270508
22485823
807404677
22410718
664902817
509135681
589508075
591766934
191034095
606714122
766846779
261975256
20045638
804797188
160065805
27051250
237034608
924509106
653988107
297851241
804602003
741640071
994208692
944819994
651832759
766174782
485640300
778496822
911593517
163989387
68157648
992747524
456145165
760931091
207836
977531480
273608509
919022832
628080207
741402886
86439494
515097191
868449549
252971025
85223974
929810541
263800694
455743589
606490977
259305675
227760020
52293781
885317304
110381138
863383051
673630436
28277130
862584682
370577957
898728033
23495381
811011252
680173416
27044707
538556473
774099254
805830089
259114545
804589352
182534324
753442740
318011774
296428898
912585219
211411747
289504811
873190521
741237666
859596020
722022217
502374088
29896710
172005844
652287841
936229366
15863867
107430220
345764026
897548038
326577398
949254349
411023826
548444875
729352172
717907504
275428241
834923774
841404841
714414551
311124719
123980451
4686148
651154235
423956653
505862934
909748244
755864881
972732083
898969390
573878239
800439914
287039462
2988661
648555739
396353945
993598669
639005407
27885574
90815339
522692606
666669034
460066063
361566505
478011953
233279973
342418914
769566898
567076725
194677715
935983504
454581036
31785679
26823115
548471301
598041766
497687940
378742474
748049190
146424907
26481122
259998984
134698135
446794634
323669799
526137483
662214886
408035164
899889134
332998227
724308834
636422833
807038200
750589502
191721944
644455684
663914387
643119641
173142281
190676679
163444019
140181346
188788156
778054368
962985885
119297203
768654234
260216347
454517359
50513973
898666004
614856195
890956216
881460665
64334217
262693622
531970898
13271428
37896706
951874469
571065085
934383748
869677762
234078497
470368880
299560671
647542835
281196176
835101169
904015616
934127377
854568297
205600192
557372510
982980886
886299774
71210827
356643765
483808748
204372596
757483247
401998539
953517804
849375161
434332221
109452638
745466616
925577533
686255284
929028321
112484785
650642959
605222935
221267811
619611593
229060269
270503582
954709657
307685488
663425213
471754366
487458058
425115177
550501741
116386594
44097706
409256002
333583705
898479777
178034441
191482795
175327133
529462678
833524108
194391221
169066546
980865943
20302601
799746274
360916241
554094054
721965300
594940890
906072846
791530831
283484418
249345362
984332380
937760916
753920617
615796192
116501168
48958276
820383533
732618228
270025189
976883360
403016062
732988566
390234515
700196635
411882910
27097755
508220843
737545526
937157650
121180280
771698825
26876589
450545046
248194325
250200981
154963382
946769246
109331159
749789064
892517166
519042330
758970909
832902174
794752343
424923621
395822787
144559160
562238248
74981627
126368856
709079143
100905880
924366031
192183184
577849880
287314033
409511759
660719605
142211143
694867545
86720047
168527320
854373179
162304138
477646535
957455790
487215869
505726291
365595210
961537784
102189029
711052374
982829162
377508021
457841030
644045152
900086390
595482170
275273013
16060122
882538593
945982594
662563899
810788794
412101135
670792945
102510557
258361861
670344443
962886947
745451622
286049641
967120014
54921519
805797119
350515009
904597728
670598036
317105808
467467829
908606917
638832867
196643037
113443841
24179826
998026768
118076716
546858009
734342153
933804727
387227641
814029587
385446591
126151021
812328950
140737452
505963420
43584384
750203001
806853589
854945233
228854007
835381847
402708262
216086162
816139387
743932358
927907643
571710901
107326020
739447422
229488354
278376362
807805182
107453204
243705726
749339556
549120057
786608967
414074366
552716228
555652546
524019707
736539714
575659305
931422033
900603048
840968993
242592567
665059666
844551588
861013344
920395034
510252217
612522595
679752909
803451018
793934774
897357678
208040438
254094409
190169072
975147107
627016132
194357305
157739287
535653225
577641407
18697816
568623224
391397895
956843361
256975416
336128634
254137360
299292686
704834299
98842133
827048955
284664127
915536337
902963364
685315075
906651233
262774431
878434077
309093318
768124143
195282587
427700294
440254706
955404781
651762378
578568529
159979957
362547156
580505438
897003574
542182409
417920017
395768807
322961640
822271177
673969342
273661771
887708225
604037927
584266399
256114857
313229909
974918608
704608885
966885817
612693550
292504099
351131043
504853995
68495873
364241700
315923226
848645967
767529080
382358820
590997520
128368518
435993112
305080983
678406886
176148677
891590202
718787246
807830723
556659722
409128938
888895318
592574697
80692187
11345732
632989462
375066204
274396149
724826918
512009286
882052676
452781684
735645819
988518963
39068827
286064429
808848912
857693159
512009565
532761873
226259182
569274048
628239726
940602819
231273656
545600824
837668657
582627242
925631040
408117722
364524653
594442661
167087884
147949162
557756879
723798230
699929401
270438856
493508262
435506410
989175495
41527077
123819049
255519794
500306142
138215836
392722697
447474148
266012156
392342456
367299763
33897042
206777681
275068850
330400540
839854888
260655592
651971876
849418530
465744907
795320803
792438961
348765108
316709195
147484632
287610014
285693799
587696656
430762083
315270595
586135027
538410056
364184897
76503155
543586377
184732105
445454999
372719931
440296676
93057819
152878126
390194508
316615085
533288583
40817959
330627611
387664980
892019033
817548621
717901989
463142638
47957524
421020325
27763355
640185605
196736533
692761967
807109853
108035162
212696127
852522036
805026039
16712064
950741559
806207428
828889705
669712144
130274525
731482472
145668434
394399889
887935659
211675200
756360710
312866781
405126294
475823875
815476524
275891236
816857019
899945032
393674765
770148034
712860093
852127956
538177502
