514168109
856495496
584598240
245943670
357779713
660505336
90619347
27798088
973178015
824333093
48057381
52746784
331641611
674830413
641442174
473862478
292858733
155262729
617029972
483462797
674610837
497481941
360511188
5092083
266645904
409574343
407961077
614819673
812854222
254681118
4849753
845502751
550986375
427350634
339341363
686536580
26468868
277715625
659412897
84712261
917999831
12435356
453074938
598698518
567429220
283510563
955121163
73595128
629286684
431221179
79894419
607630725
195635287
686010258
797106246
16686168
495984308
579506156
979297764
948205369
252544259
475799672
214943865
718496897
819483339
202554629
501760408
904290975
335489050
954905592
447393609
15143108
495849830
532317710
565462964
662175480
44407003
761812668
437662862
983135339
454453178
334365948
985532988
381633043
174786698
397219027
649867463
864976115
630244386
322655194
190552272
446962710
298417859
711207527
832168001
442200159
797491490
734578039
779215178
364874590
781750154
50830187
738106077
674381090
983827568
64751310
111780894
663317576
120547294
134930766
972279164
734171639
141843294
996162423
493752190
918178309
490266682
833310821
543710198
422264312
552687164
636784291
274046589
12833855
764353320
430899
716725247
784642302
700149707
123262804
864683988
309828962
982597489
72788271
201385185
403622991
596259870
311151898
397805473
110035388
285438132
986549886
744428821
495313620
350376029
456380631
305119416
302255434
217455337
913989691
951933475
964180668
190867840
356950865
812187425
144965863
776783596
725272222
910027768
983396669
348026061
327138590
963167867
997284488
270246776
662450201
751574148
69055022
794777238
90129198
321918438
179114784
435505347
433674810
136826179
566137276
892355468
778732968
662457825
307972688
695311481
414469813
567186965
786160015
171329328
900503319
118961121
625646623
260600844
56419321
626839393
870987647
401124128
414408803
762009325
958299540
23382019
747144331
225066844
687925826
704806482
236064393
507478194
127326138
592071252
772818691
528675320
757193028
220124685
246050149
252610394
998050627
62814396
602055080
288085187
933556247
759951624
177007852
825955160
369743455
543489080
125927525
808454176
738357917
463289803
450930790
777990655
21096544
671665484
178526637
542755257
145211136
553666123
974531997
603166205
459247087
906991617
439860826
194088762
398510636
371827998
361768091
405521938
14550695
803808926
628788765
808173250
799069047
126323615
828453077
198347916
846374165
921189170
855323387
144436746
578878957
427610215
769120276
664036334
141140461
994828035
507578776
85527544
41598047
703294891
107399257
444384503
88282397
998888873
828838098
26564630
320090798
982919088
427444524
997915455
181720988
720405585
793903481
934548990
834501037
642757539
978921607
894772927
843212406
980178720
696381090
224021965
698342735
830095251
24287248
31636871
137871340
775824491
52948300
403682600
864249221
276240547
363923890
311255802
696409668
184404261
719890852
800180172
297485515
801888446
878257117
863455075
493744645
857407931
962715757
858473370
633706733
834571285
829535295
498382921
15906427
612805847
242315137
61419325
6913801
883377290
746041767
258187145
974601625
797201226
888693288
544266305
929970788
23761924
133666234
905480440
356481694
482647679
238139321
650096776
922866685
178741434
597287411
41323959
101921603
832926013
730277318
840934802
867379493
165813877
397930137
303300054
946289194
554565378
387776172
251443373
33925409
302504564
304342001
813032377
438362492
461703707
825578545
500284287
913195157
333990811
933484286
469982721
723741697
57235316
501991675
151059054
596431963
179438519
575516234
837164992
15518435
200991178
959497721
173987786
153099972
905106964
390807650
808787748
399271089
585393233
597977109
375405410
635985751
882222859
871555030
53977129
178305677
425106943
211734283
461162978
353162888
97003124
128128800
767930790
899441726
260294596
117193105
810144176
663822200
246871083
706868089
766850675
979049142
550611179
235924938
832934230
343006842
130354214
659932404
533255527
70896056
16790797
101013198
327801923
736013700
558078876
833996969
841518837
185680284
448014545
972753375
171325020
967704235
114353256
484002103
918515310
72862377
191566930
274546059
892805374
787913858
580663473
144965547
152400005
878525143
831126433
396356266
85374572
646297921
38620800
710970286
47951462
765174537
678478755
390266922
336372090
995989924
800326876
31917090
341362849
426297626
275674267
624463891
215807655
274117706
535543069
799146438
864695886
66609075
317409626
760071852
151439912
855808154
767127029
745341667
490232582
871825248
948613191
449276779
904887265
161722609
748622397
195220915
147059484
737044258
924801913
406150481
289225479
724086333
147630012
922525384
272535499
159649840
933183209
466507747
512239590
956199580
929157891
878282298
342982073
31979994
531660379
18765497
328888294
278548946
559530374
192143307
998047506
933137086
900034338
464546840
47376733
351050096
127029823
179640239
677675228
80453351
477404407
478763396
349315792
129392587
509920959
140609553
918979061
394884240
487536352
991790070
922624944
300619282
233102077
534033001
942667356
70330893
106294705
872907271
630062229
729856900
866332620
868510536
177513883
732658605
408102974
356088392
824051993
683083171
875148651
921485402
32620017
753542969
788832517
431786239
478795172
450394495
528966505
213589486
522059034
391050826
99786434
934004052
791012593
567740302
269518362
697428224
700035009
366001337
521879483
977045839
244755390
254122550
549578009
947818327
214120730
608893870
301249512
616657185
721289612
153832566
316557558
235895890
519735587
566050949
959170053
169081975
511786763
801315836
55237828
492272861
541364386
892705218
350848236
239011402
630070465
932328566
77497943
609773580
463140243
710674748
656053382
458050655
161203687
898102811
676730011
778497465
203964959
841014189
217665509
869901301
149144982
912309318
492299872
368226468
74493267
863890543
414268465
224961643
608570248
100436387
185641461
898719171
310763509
29606621
435681452
352050171
903274313
310566607
317747862
281792162
531395926
691475931
153516942
10614864
497779182
858506901
74692202
621632775
889320937
180672587
965117014
670772573
583650327
185336525
343127878
629055066
400405346
982621767
164518134
766179920
518060101
852536298
1203331
362703856
525033286
757334210
147287146
131597066
462421358
324679840
875223150
893398351
523266326
935873345
338505375
457669050
758792376
481685008
870447284
215986365
789198341
792635688
335640705
427897660
135319371
514868887
315068844
125426983
686478742
806626385
951644823
920652545
146048472
551567940
763732060
678859626
690272599
790813085
485581576
740444971
711219755
943095134
159211416
564641097
305449435
71718663
147506246
647776981
846831149
885458827
870262689
918720336
112174482
948531768
976981578
725424411
516895593
573305669
227384485
10164399
442265365
21860162
445118323
655794972
373035015
954570604
747349878
971698385
172141285
659645747
767396450
967979290
996103431
130002312
504766609
846103205
633424271
770999606
122448224
63600707
367362641
667291862
278595833
801019914
936363694
32924487
808478063
197516703
574586361
38307648
161964033
116966929
563428600
475417176
298179605
689359592
497976811
503416442
191606081
350878830
324368784
175807860
475635695
187185402
118062376
902283398
922616904
982172168
443765158
130878372
92000139
745895986
450857444
163783777
642801757
774973502
743264328
644098408
719431276
340110528
146092541
549833174
397112023
133833636
497681713
650429520
404550689
520686255
831822705
815407015
348126393
130007828
579393524
771569393
739231921
191554780
191656166
91410431
682957537
34080296
110307582
826305893
753751543
443707988
946307507
416068046
666109483
399644822
832615417
523206101
946095263
853878402
783985164
851495552
204786288
774535608
778695835
341802059
689503687
467632855
497732708
401930649
150349462
628358142
782751978
961992309
166502461
679288050
424551855
451246976
583317336
651853897
961140870
685350980
229802945
319786647
796081630
953404034
187526127
81613667
984320035
4905867
688070836
308616604
869311751
494247989
346022662
727897971
566783104
964696312
412858944
849854105
401906742
215324681
536347586
708376932
675956430
125393401
660956008
984315196
249565584
986821432
975092966
381368441
939888764
294241365
892737531
98634184
621692606
884999640
978453976
825291799
154275931
607890019
483312818
492826840
713859811
841732857
759046389
288503988
615969646
438604489
112504945
459855541
38388031
733463230
249947154
745816188
149003393
521426012
643830215
670688229
292448025
203210929
832048081
997498602
29812900
306702394
368727838
575070385
601510457
247388478
106205364
681783462
986242334
587567143
695578173
794016721
732011861
43520746
994517119
834223571
366347010
372452020
368345550
810961094
874316486
515237424
342980409
206425533
44294211
146921343
949630789
100266593
241169425
307765747
532843774
951065001
775841936
485814215
463013939
407157417
473005018
183976003
686993530
368581168
332399125
430721481
473613206
450820887
37885056
455930432
13804326
105482647
526908892
809606642
304341218
919996004
834865378
21086987
123182115
514575475
963721984
162302304
530776174
454589114
297757688
5938770
440614037
678476586
54723369
744513171
18174784
246197645
580506805
587359701
361218552
182371007
685458489
999764380
478561969
443595005
41624217
892159521
168540477
588363777
133117016
844148141
573357700
431562781
3424529
612847769
116199622
754754949
362632100
948438463
443435431
310702713
653199827
232404415
70823479
326460354
990107442
795136618
396097517
293371883
437755647
767606679
524975841
939549189
448388090
121970210
234537514
835100996
542525016
679587108
472951257
71562463
993761826
942412395
321472097
453609545
432581069
9051256
675052057
441875599
628313549
263419833
883565544
632068341
143924270
50515838
