168704185
909728784
777692773
828746922
683887276
134310531
731101190
323818295
219730745
107772848
164050674
6218921
318973584
401845115
826877713
510208289
500980828
982967538
854534321
511480572
842530972
98012538
294451698
270272298
974928695
905545102
873845136
702245181
703618530
812872990
297368752
388896073
879354102
425430843
59784607
510829746
821590673
43711121
212276267
46508405
883886180
641721514
473215851
351685256
109286473
422098378
60907101
614850293
639722723
512809034
630977637
309557312
610258593
867704883
36234408
70691646
615277086
507420475
853818226
778342173
260465394
28856009
620199763
406857754
810404095
775154599
126864818
893542740
342060507
316047966
688617614
457269706
770691271
808025916
627594391
200809458
624796685
942766440
160985825
552830316
844638000
258994842
62522457
190809496
181895352
987811438
778637479
11649219
389196434
989092959
895552659
314170198
189892894
433934092
786043010
855030171
21521751
66358097
541281159
334131872
295233560
167364360
272789786
323674756
824191418
173707930
538866040
802232676
240110491
835424949
445894960
672510644
346434650
300987909
933704171
1470551
966333550
429390266
224962401
822592656
996517119
115215599
504346305
352967546
420495306
374447416
267376812
336757178
21982905
772564219
179287706
558438588
401485281
826853951
257596755
677273640
986205055
738847700
366618077
8187422
448945398
976404801
771538726
553771484
543197999
223042015
967735547
888904983
500229919
784572458
888696619
592131483
841395694
718688502
337614751
180017961
663018054
919822239
903179449
449744002
906331117
202108861
780249770
467546271
656137242
887456370
271025362
519580697
43391154
256430531
15265495
227485849
62772189
216774979
373647257
20112317
343676871
950574819
809769545
197453291
406711868
378471827
836527257
237410446
883867598
587156222
717042892
682796778
489239200
77578794
14255585
66382816
835668250
916874073
101856303
246836537
196155031
303992455
897634240
655741628
952016652
448154849
845513829
243799388
769306962
661210769
529359293
624620715
345041244
317502433
836341089
712443233
110052694
705726157
43032133
527859290
365581602
542839323
583678671
68981020
170413477
588228582
30341496
965812358
242174946
948882678
391817598
145898114
114918676
126810720
823957285
39684416
52940579
154027916
245436637
958557017
532957996
592727869
468103482
222656828
57796928
92422177
337755534
171736767
241237704
301812351
956330120
129942092
873841939
573997012
881254933
653315706
720313782
828653220
485328150
363788069
417813353
879701469
1624442
820424283
269393171
383461179
509702039
218230524
493545146
796656672
659502654
956024776
460289519
84475115
994901292
772853732
74735841
361021843
11184091
77991300
250473048
858604728
724574654
940362594
992552556
261875505
272056173
540921663
245555785
170641578
319370632
224287357
668699765
881648567
540743664
653256526
591103427
647679198
953263656
674335748
582720137
119525009
678191619
444581030
642309695
305344
669652571
789366824
579095718
108401201
578579865
359291939
817469128
407336850
113315021
559208623
155126814
61261847
827871725
7517665
111405005
968780375
972674738
322903568
477286040
435215296
287325010
578640951
543731449
341644766
181750304
427056642
407758185
336848342
495271161
130948038
180413108
279993624
298052898
992247211
592222933
482689348
961825943
137154583
592061712
960078692
406818227
261362914
768333546
981535039
498129711
529841580
819807471
945745990
562930743
613939761
146850270
355288051
967294989
207094398
712980332
91011620
245635374
237450952
926650895
151523223
951533752
480620786
912065687
982366981
378795515
875133188
763208947
835624513
415294731
628715655
6954431
835520154
730841855
517207346
28397069
25962096
810307404
562196409
843515053
651908723
607249169
462012194
773917597
881331399
984097767
825125056
312698634
90958499
279266878
501211313
237053973
724374990
210503687
440538488
8544940
926197439
349297226
785966564
602739524
622996521
766632631
984182957
530451259
934215086
606985329
311330115
624446195
450087642
178697329
687018236
280704215
683438964
393935898
274742171
544274052
489521558
706703187
30734288
998269213
553670457
562434554
672250447
556357634
914083417
391661682
282579439
625016467
290303366
508662406
102199628
676664868
24340840
959456883
220518531
885276091
623066211
931560934
839702510
274346069
672767651
200678861
862610991
912261169
592248641
220507098
553615007
330439092
935761514
896264434
519023380
219494251
318562938
787697349
49069066
60561967
94382183
427825322
616367841
542553404
324405890
686313646
334142828
941425234
76497700
10353367
256363374
723982080
173417366
389466079
921207840
557960623
867000676
756388217
325501561
352991596
699823562
759989277
964108992
693576318
838046673
952140345
689254952
394038930
989639024
882705375
358101930
236643489
910387816
159956564
790893907
195240889
315193092
297149106
949940178
986454003
866536031
921185755
835763468
581895273
964143722
829632926
157021726
546295434
975056593
961062756
352493574
562174719
462195788
696077469
360738404
334392905
463716329
922791521
704506729
372265543
997058693
940103896
951786209
193792324
652251436
19719885
813594263
13460802
598572170
725966950
242767530
569851570
806448037
339047556
486455564
778637806
924225808
382213718
729432595
8413747
795118619
142959517
418982336
28576267
530211801
795927209
774447700
214310346
799218158
456501002
731524558
392401570
592642375
577674634
989395309
926432133
969399544
641971144
929643836
944423836
16038663
143560924
947723262
249089642
718295226
782642002
755726681
123148231
209621905
582100597
410167095
81502610
193358925
696092981
577146923
854099175
521121560
923209941
663580522
856324225
245272184
599283916
214242642
142071168
994442391
850365959
977209193
228773402
349652246
560023429
809238260
282254664
452569881
785008757
992375083
651557695
195236254
169892693
310281040
747569797
40200528
651299468
4688441
217117561
46333906
650021948
199042644
896549392
527711
135296133
405310572
46189603
978390620
73319611
699151652
416754746
929318280
805652094
254647250
867929266
805432808
526953278
773495984
649598474
772862336
127912431
628932727
408350167
703717897
925589227
658862921
351228867
612928901
916010723
816123696
593972715
594595474
997125080
95737261
344420442
651323314
80659800
228245691
214356113
154712856
763048656
303864042
379250270
85857105
575620337
722239413
389584159
915245441
442351773
942136988
513247249
877803483
355089966
444255224
918421473
21089220
790692476
192831495
74938483
476433210
54081705
433260701
62379897
257195913
105178936
822159270
932193199
709914832
910226806
216605951
724773007
298707587
559139871
494885618
9813679
824048388
249682457
322493061
128097560
203349813
269278762
435983424
170577127
973873733
302876447
716169231
239505508
552869856
177315786
323331221
860630837
887828304
153307207
737922901
100631151
329787955
241484144
122054357
980678168
753461065
790046213
679669325
5018634
225745821
217363980
214539662
318663611
860204346
434441544
94373085
771406762
468199414
64733934
871588669
207154448
618098279
262683573
88506162
954319465
389009704
582653762
379323343
532599045
586895585
355975112
836944702
145400379
821216968
394254466
680025722
582564244
127628100
341814892
374636494
413303598
589609435
430964790
944831305
756509753
88336784
397505619
379301160
118428311
82942701
551924457
392431422
823094369
281718537
530768452
482532870
67104381
152977981
167734890
591668463
170807302
410722870
147070280
418123048
869770708
380419277
69139283
497446641
465949880
754415820
511808839
643778662
126384522
690097439
458285070
617545012
187133489
317852267
331996408
865982680
991504084
203352602
260895031
449656343
34971127
963543688
13850332
863681840
290448515
911721595
612921340
429586262
959893208
750146427
203829191
2580727
442539155
12841741
75060597
376090475
19197501
900058976
913351279
364012489
571133861
908145794
266046900
132996930
823433465
913223439
295399381
749252113
820981572
301752209
600164378
967454699
149827838
697413935
383151921
906227018
366568945
205457441
206998126
554228284
141494479
82222577
683885453
376238093
486268247
455704342
175005856
174291747
242791670
955905932
846785178
91445107
290001321
896882541
878522481
126825332
697496788
880853400
40248374
377225075
616322213
863669226
608604688
658140999
149982049
236374490
852752888
745125218
629689819
168833577
9521529
813740059
693060850
359122995
222518009
488911283
224260340
889808805
646728681
367729123
738217582
121107633
506460443
865075638
454967029
508719270
677453377
252945296
818891452
256326589
208730229
485715544
165209066
829773049
937906069
277825252
473617887
25744453
226256044
249893756
602951453
429880636
544601927
73958092
946384402
33045119
398384256
930878325
674364531
389611198
902564990
807687982
234124718
672519250
639007491
495214580
357208783
743529048
203173970
641262778
558921111
599807591
926233765
373363230
960103347
523805984
648530992
863287799
421216924
944692756
15293395
198515886
663552760
396834925
764777668
308336946
576505704
432502351
918691235
421921909
110335013
746575051
578580763
429280254
353761597
401042246
251590825
492689814
190765558
442691488
920616468
730088837
822570482
584993265
690972644
3143861
503646870
171238697
113854743
422578418
384514125
535096456
509661400
729671774
374317802
704049103
144135221
837289792
907741581
330670545
918708875
924706431
824837812
781252059
530927764
812346059
21226828
496953510
19601632
559061101
272215158
155841178
672522240
978525435
24076287
285204556
375945403
78559495
705862280
761633806
804690074
405267006
318647607
496112816
37407783
575238556
236913650
848908987
54962451
649712493
256907024
414301031
584948232
860095012
523982612
995910036
905251024
41318423
54065500
878626583
981917032
6693359
151637065
554793641
150363259
228672947
862574214
531135964
705595487
89113246
