251271497
942046012
260900259
906590217
613317555
695563023
299252315
624885951
992486434
891688537
482448262
390325701
471561252
483306118
685348008
885197420
450223220
843948414
628186227
314906807
399064538
628396453
877949450
542497242
922354289
487773513
227466625
660948116
280334570
475729609
140619284
704851358
315457391
73302277
543196026
645005651
738554789
887486834
598301468
411910565
575476322
859773
506004702
181155364
1757508
127301967
223919456
492702358
291047827
240385535
227229502
611080360
177174844
247284819
471922581
622875043
64096561
718403016
984235926
125544041
468096397
638304197
344551380
516756825
751069252
777596903
74868309
398258975
940110090
40342356
146642630
562736385
245646946
216275661
739430483
398204765
122391750
696794085
540739733
795052322
263854056
734764266
369900289
39949035
248500106
529538923
527676514
68172572
601379695
920320982
580909090
20151772
903250906
472757426
943814167
937172124
656308391
989247876
430086110
224160603
52433657
825660480
552592266
250705470
93742904
664493116
365433413
960899181
507854334
73717816
500483292
367302474
177663282
189183603
861689983
733332129
268403908
304602345
268256718
221530329
249920389
6695737
796879279
19789108
459433265
126490857
659485477
772889519
272461492
802258358
741896372
133143873
266707974
316579130
742618665
438193575
182171999
119194818
946206129
584006989
164105509
566777331
560318236
527661878
419837689
213606615
842488489
714067302
611067441
210482037
668768215
351706046
720991157
208555781
974240213
45737920
28781201
532803158
791272203
967252045
5007638
592543893
688437688
705595975
331821442
367339419
100594500
861084151
446564937
423496408
551160130
149209089
358396214
684249728
57424820
683143057
446377499
269217400
599951417
245826650
284002367
945418173
161822077
61979454
133490142
390190325
412152714
58152193
342338916
696880744
409412373
649368839
327922613
978954082
578999350
571561614
878339641
854722260
195840435
52498270
113012115
981404337
267502365
187571032
659321906
519559125
993309830
36741429
151130960
291097156
599360420
759563800
932851740
545445553
683249678
59589463
430721815
626458233
572105832
941631115
955186703
42442306
518745234
749684191
14084035
901791289
821286475
379442130
105250377
485863204
804803414
591655237
73376964
547453147
132814534
302598028
677915808
974251043
402657547
613931016
396880494
375411285
907021231
51241760
97520324
649848572
716517097
782477058
295704404
519409887
140839798
251881407
282616427
254209318
97311565
70569809
462659102
517818172
173486997
757530615
698272649
613867699
931491051
665267754
486293740
7705182
686186836
385398593
412631018
380651649
381673653
456470770
223800686
958174815
544750621
579775418
135421073
467503474
652163867
364235461
185274192
38809416
83737726
585840488
345023406
552922006
309038809
819167644
450141581
62244725
839938925
160097636
800764046
645126930
915658365
783012793
443920233
241753477
564948018
89815142
963661734
331118504
369846040
915052753
137736233
684369026
28080721
324441611
709458696
517536146
935148734
995155626
865654304
809251534
572256423
659463232
530129973
345650562
320244348
933371733
698666371
867019190
935257011
350386292
540712723
221576017
655706723
578673754
42516449
761737827
135855185
893667595
902555455
562348724
400573726
854155686
668963375
168684972
448104255
660654378
524841285
984597197
109708948
932605434
127095990
844783297
294443331
991512510
72870506
256195132
252882820
98269670
921509127
631576283
391148770
96642543
395861492
19459747
374340029
916160215
28662302
449406965
281925162
947720868
381680961
41481139
92600171
303305579
408677808
718100735
990499856
361445000
897546305
659589969
408530448
714069173
757310242
2651576
223290302
695929425
927132684
664194212
505803248
786321315
508855006
37585514
972158467
270979171
171199954
303931182
458294194
649503627
794344941
531944039
631992075
75434319
702672035
161988078
550924473
85614851
752183125
991137750
582834701
354769769
265695275
891437818
200723363
261919157
223045835
677079595
339332300
393209915
796169443
678410603
989027529
364468089
943603716
495603845
438865861
344095446
69322670
821620998
132105625
104746626
259806541
340996228
567100058
365602266
27597894
333096128
11397138
595322163
451727102
137675451
943746298
935994932
81359510
151033478
520626040
617417187
836862149
710239309
47933335
494120357
964598881
65084279
853334183
115934338
542916509
267523985
131830602
207068189
723122216
206829026
16292180
930562125
859032125
478088075
94963228
924699045
324337760
835121096
234321263
889949705
665682457
744010135
941482811
658493992
734664303
53032596
283108578
792570238
974977804
821448673
507233295
359083359
773687663
637985266
140147744
194722262
487662044
451165719
822685756
760073907
201265526
804328947
872199946
244898076
121383271
13184172
76962807
603271434
56070249
595926994
293079426
1741053
475918046
157983628
828437899
220588745
123601466
194840191
381270033
489883912
984415405
339260363
232090384
901673542
699595729
657208819
156874462
221046859
337940330
900240964
437037000
873172040
12435340
474247354
688684179
861353508
871810188
696584735
537110720
721480131
976069788
679837143
736499988
379050810
528369246
505492242
883165311
615704034
809547366
919558997
71120796
292821853
69895686
332801843
775658500
862005162
572238563
970526402
545302345
464174450
856309708
855915946
265331104
155829284
158889993
419907385
989305711
1670692
469299448
967084389
348778556
427016729
657729469
659789901
513814123
304578262
602760374
853039572
373304296
194103487
774043506
541170427
411499492
418381331
829120168
144215147
803276354
679633495
698588852
826679016
289114944
901283784
151282390
72936270
865170421
120153841
414506038
580670703
220160816
108461861
516186529
881494619
146404585
842462975
570780440
644104065
635092382
410105783
818987719
471080238
259244787
719198989
597222106
351198857
690130943
315139280
444416454
846949771
326709114
14674846
616631030
309672216
303081839
642620430
677969444
447494771
275734339
584793199
794619478
393660281
890072222
22089670
632878756
264842434
677916956
892548886
394765842
569036515
847600889
185016102
509122763
393170570
860645774
227508614
567434228
569915954
304061678
800083531
382805326
550031140
675737385
567556266
253961589
205485970
491830830
206514313
578412780
503784153
164493530
123285669
368369726
50299183
615486303
425327438
581008014
237155117
86320233
332379671
673281900
797582055
920373437
875379938
999348880
141693011
505552081
223460459
449026440
75573224
75186202
108053490
143433092
475650806
201987872
244588338
717922894
322515956
768128080
427392785
773011603
471402642
314136105
890981687
404542984
724315220
816646375
458823579
777684265
435318336
646500598
330279111
483595720
971682005
126801630
585223269
629657701
800357446
568207384
112268577
699933888
268370370
757487872
502839555
428597951
56440040
979852576
892718918
848311310
370897965
707404542
258492058
469027036
658927446
559368067
201879258
483445950
29391750
470836953
275033660
325046635
46728502
445776193
13708103
429072625
744907090
624457768
171751085
348849175
616764602
614930635
917565447
754308570
655859503
727458896
504641233
713914769
811296549
462383735
348102944
744462642
923927456
610512268
406786299
727913793
388008540
861252074
824668272
412313938
924922371
101777319
600265951
329520493
293173724
787221941
653205386
822594175
743779768
73766929
683690860
431982270
808101490
543869742
231546707
755967329
789839094
504183486
813167532
931468549
54726833
487964487
672149399
567008013
122734009
530571016
401119177
436216232
38989894
285794309
41064084
883655014
799789494
759437145
423926803
514987283
14664684
588044954
461134846
868637560
74253510
682047056
970135000
737529619
778692874
916120672
936361151
380057713
378965560
650818969
938074698
883825053
48084542
893199722
357587104
436957883
429627918
33257937
206786483
762602706
386102763
216989153
783604281
457985458
32702845
800035844
632192774
48664344
119942939
716559423
741302644
201794139
43048639
944529970
857215038
372679776
517829486
934619778
788315138
206613335
594209864
21061464
57250671
388170923
347719610
157239030
835570472
906589771
401850040
986968918
85359364
981406746
381258470
698532139
482534797
857264356
898442774
512149541
704826774
978657028
283927897
887696806
260114773
662406135
909516323
736280558
840776413
103554570
35984684
984907327
919128396
495008139
244942797
173148
168392842
365041298
159738481
395433357
110265848
875463814
964465370
725603002
646814303
132974020
631200059
759895897
820535668
344516499
461995172
999950681
474237001
5679945
229793004
809658109
922685436
706513057
760946690
394844535
478654599
611439051
316462615
732015901
870605086
416942712
67840522
590351224
736463949
381085322
530139296
117493499
697525874
503009416
401883693
829362958
14191657
558324894
240882503
127140752
31206076
149620425
915744888
496259913
641559397
36034001
510670326
913448450
265215134
435284686
77487710
461879783
604094607
764893945
916778757
498826795
559001199
232449469
854997914
229871590
65133498
40848835
23431948
439450346
814377201
344501673
302424806
971227583
603796251
400430044
795466451
364360542
465630553
633805937
363638458
329034173
695694161
820202700
90456504
834571084
906272384
154392070
325136089
301179262
303597611
68259512
513398890
932631928
586230658
903056896
270361759
781742187
703326978
11010912
62007254
990357240
126188477
476294541
681882711
297057723
733609194
539442741
309652199
864785088
639818234
713127166
996249229
970288669
401255486
587744583
803132633
738798497
141992964
20426829
323599205
910741426
715712744
722252685
135852734
746117688
831102781
369792877
384996925
700739353
130068285
13724263
661033563
454619641
571798682
373281217
202845696
219399619
138319989
793398779
100961890
366829643
844739870
460350999
661361026
590470444
72010282
