45407310
133582569
25198670
225082430
891525731
738541830
382596137
132257932
415941808
689904271
800490576
141546030
883311314
99217357
599542483
43598333
81898784
135859591
612418902
827412471
123525965
723800699
61893464
375765817
978728024
549726920
279216641
10280276
889417935
210068317
670748874
759070308
121236560
579390860
358363147
290126425
917645372
181430919
744383644
832973075
556105352
985579364
146587286
3054949
718756497
367836719
471026244
91020031
347832465
331487611
936049547
444882241
10569356
261452896
14505080
321606610
71689105
649432851
246354405
341798811
459325189
372315860
242839995
205873490
19155397
41420267
20309470
303920454
740854209
309416058
125952959
900467863
391475946
779445826
271307119
137946600
577213412
58838514
657009319
610891305
78700675
188196609
662447809
557930323
274018769
225866632
748500952
859783662
564885779
36756536
218437319
268212521
935076513
402584832
373647885
183789492
742739368
940713795
983899551
677336229
347527249
167105790
350165821
38416407
205534651
35581683
53406295
231123529
990145776
876558479
744393196
12850590
992423530
635463099
263098135
271128579
709868049
684909670
931854719
793288763
292919314
160525806
739034674
704097672
90978739
857740437
965391349
988891112
405797940
87517627
395207230
636499616
74938962
979673088
263364055
911594884
838030787
624031402
352395672
238437085
172460337
517377423
869637885
688327299
292363339
205586728
275788989
299613414
139486696
102519305
473921441
57829698
8859075
190610787
384416915
187001442
428071114
646068147
947437666
347794213
70190333
64515181
825325587
902628149
481351248
107893580
937911627
12750441
372099043
351503250
433097791
85836647
332513998
693417633
620828426
775541889
290887920
50707375
411734333
885392009
581951447
665777935
849404415
303278634
613596184
337377532
627640540
884328173
595256173
76362613
483523769
191962639
676593734
4601459
168246752
107945155
692051834
967009734
206976050
184469759
267675099
263038548
927514370
787983445
669421513
388084794
725315698
315441440
569782360
608875024
896113521
377363739
234333814
62045657
765842764
404412396
215110765
522046953
289031965
143973715
480253038
53583454
417494267
295736430
867979479
241135152
409242911
327912539
525170881
512883271
83490055
323878184
843731323
227264573
617716909
318912899
738263564
61420970
633857120
225511390
612061833
312199100
314545813
986381148
180249090
106160029
957628823
614548077
238758693
763834354
892834389
170004881
677977769
63002334
704216720
214091645
845544280
631777939
920003964
428286360
978841882
397403158
790270558
56899088
525384968
572235337
533632415
7069241
444328746
446929864
666148831
153689795
888189831
63520574
531911881
168053937
739037639
431113117
115487339
761819450
283506328
794694832
89153845
761336525
620048881
913485173
645900414
780728989
523047852
403625264
473368618
106485624
141417004
205570759
246669507
214658674
521928541
257646724
460996179
608013752
572527613
950559582
170219331
791828828
97685522
739144594
281815048
614457194
531090451
536162782
475054004
414431162
516290600
158184514
144780032
184147050
308249313
28934032
436850206
611899794
926334921
752903424
484021387
40703481
973561244
559663207
12272790
682619072
816851065
317253207
646125395
481390915
970116937
507473586
189291836
332946745
624475500
297325016
663651003
880904286
631670124
31443219
249638537
986885069
928571259
58937456
590195023
983232489
60790726
62522457
906409359
492994508
820796516
849096383
681678829
819624187
466538194
129515850
818267582
538022314
726871803
599195975
797606127
213837243
890037385
993663087
444314224
8817013
968892676
811833286
559671548
10924296
365283028
555945919
980229669
894891702
503264886
497136317
112132221
914623788
969468183
29040300
621828345
754328608
410843846
153130886
660594397
121020553
825794756
369667647
866408549
494959649
479057432
125628688
154032482
32474149
233837090
35801293
96847684
934908170
614623231
581378009
14339812
248957439
502850907
895485063
127711480
264850597
868866713
786787126
316359300
969401875
17383628
903643793
568554130
697831503
977367629
43277519
802993396
736906498
333068690
323293671
183022255
599225029
945424735
64711898
531866863
239654339
401913436
947755520
661054611
467463593
400288633
177224050
300000557
388090173
14700487
372870906
251477700
515358782
25419406
395743800
252153838
39007630
53308346
897006672
477576020
575413637
557074557
456200978
55106518
190559571
232807896
359941184
601839480
291329559
398355753
415114782
303532702
438139008
363618199
888057140
862937159
921111192
125732514
848895706
569113242
840159577
603643236
180463956
683131015
604496723
791799817
287634613
711487092
937324888
71139832
144014625
545916682
48418063
587135877
956453225
682579780
945712457
892649001
470495039
234655696
40347448
575384569
8670997
989734418
599585704
69338203
813338691
151740583
137362264
532806640
331042644
913275114
204412639
327893430
637416442
971770399
376610601
773069961
450609794
398759753
945173281
648454091
664514590
220189726
254341128
869198099
255114639
851003130
407164973
205477360
917224701
28462191
655237474
614240009
528765794
264775008
594972239
190729536
83545311
535158519
978461124
135894030
574124827
404518248
740097187
230739510
341504043
720524631
949719434
984682824
305969179
172642495
442039206
71735286
289482414
391893355
910869977
788481269
735393290
730387603
814223563
962335559
744575608
931884903
615581938
302580453
258037640
590172628
799127635
372641433
376798160
185881064
689524650
915451274
420298627
809279250
74329263
259996342
480092538
23601617
527694055
534590006
901283695
422482148
899508179
744582205
586422983
583502187
324757595
136872438
353905030
806490968
455336245
353157706
720934954
16125564
391318421
642239923
788936309
437516733
972701869
751331414
921396995
577078000
607884664
120088115
483117843
526587931
651436658
480203162
317564091
650873635
308388730
711791672
202693547
279633557
61051864
322093460
32376723
870999731
716157469
674535451
265415032
662255196
18736402
570307190
730544817
336366944
194516319
404173062
417960829
432089339
471060032
42575805
50899747
776362640
613193009
324205694
814597482
779420064
261464361
59835051
932065528
844554432
819308345
703031394
498102238
743544571
150464158
441301396
955073699
69224960
609863199
917936576
721359262
298166417
485916381
259141798
558341597
37577474
389543296
146750899
332071611
247263595
62242332
885474751
179813602
265812925
660891925
426330906
666440547
736846169
507495976
252956658
609535369
656322417
742469922
420860598
842946850
315705007
72204952
987000245
185902785
753214921
449099362
348735869
822226139
553123454
321216541
752733328
290446258
354051210
765864095
777020008
389876767
114713462
727763438
684801932
782312100
933833593
523217791
232289312
82652646
724133251
774860848
218227530
561728982
356906540
308401206
65036844
555696494
65055783
416194947
242636590
965372520
402543050
960848112
578856689
798164232
713506462
63248611
626690147
944596382
908158596
135884647
312389337
970982072
730475966
863079889
494821907
928558978
57667989
638548497
909113256
792487215
839915638
904347599
461769533
978354072
230871831
787006885
465319598
244722247
256179696
197036833
225390475
937856262
523227505
811647486
987333716
153865348
148906749
886637698
68805638
870584981
896527643
287692928
174494048
588248604
462471510
247245456
831253014
493826650
813579298
136477865
498028504
426507285
507081689
450149373
125456882
498195450
499078578
600502615
567292400
926499575
597929012
381967899
688416686
711121762
910494170
374533074
447754566
918828478
875746172
340956558
779652228
171030289
569742859
38528275
895959570
552222709
729853550
873520928
515882561
983626373
955753869
971492947
431142948
119701831
699008328
798883189
430774572
73078131
686190604
489138265
654786768
548404133
319345298
142306061
272655968
514559744
599276241
463372285
677754432
87938436
799490889
912424535
618080476
472622740
356825636
326998214
856764425
468553413
554189801
573234172
768341899
625557649
84620053
583666025
970745705
626436064
950824949
568714854
12113434
111610981
943758500
374676435
232637874
386607906
686169788
231248095
851684990
427436797
765872306
381399826
952946466
266481264
195766495
427944124
184135484
43329334
353412470
958520207
762876194
372010113
942118763
962221157
518888328
112956432
720796365
29229119
463784079
735679271
171560354
646219902
563734793
30561387
451258851
566143451
144179935
424814454
679786660
231472570
786452950
125577540
475313223
429327627
702681106
172789974
620287704
501860635
429791153
656675927
399530540
927416371
273023594
992304741
805838659
640103320
169492216
981537342
855788105
119681442
665811540
656940668
767464015
116005719
255876442
119652403
817665032
922385079
815222411
629623043
283764189
759321029
363542672
121939899
172067256
637298653
896696888
512791136
259540051
346098353
492668726
218935730
599437964
807108150
336148730
244143982
373196308
571430050
224722726
811155530
396651234
162642592
569026347
560105217
565661029
129512282
358113524
359307503
173451184
583028703
355124941
697902624
686638222
800168109
372911738
640209510
563873698
151083694
820237485
168540006
743406430
656701079
721997290
509689751
627012715
446875809
57502704
960355863
779856988
11732459
746456094
246234982
697662353
4066881
232971808
121121597
190294681
803437454
556278869
42554974
279185129
537389385
339339951
676511346
990973411
794766100
532297507
799269854
434196412
695939219
680270283
222112613
751192563
56182719
67749099
739950154
440645300
59336596
933092501
118785219
72009577
397757659
579450514
161718724
836572607
108889959
240271
682571340
567196300
251790140
449914828
760436242
594804824
777682511
889354876
206017045
317361128
45485943
518716338
832246613
914578301
258232848
526159451
83917769
331462175
524343480
495042417
641479633
936317780
493021653
