539670636
636912580
178895365
222099317
29753977
877478229
676198730
873649161
309503272
661122528
357483255
386296082
682556330
171198067
514045620
431246904
84138791
809773051
903698091
425299510
275314984
794373915
365283726
398427055
725984405
278831259
373306902
636103965
915401661
534494920
611273090
589585522
799102937
286933607
794115481
397713204
392688601
202692267
744762233
930168152
933810667
154668290
272068029
263734579
639892992
220693618
947267846
244938076
590565091
425202301
192939291
489462521
511707998
383808091
866516170
745296720
271628854
780468308
496114911
750922717
504171326
40094765
958247499
775008351
49849438
767897731
587193143
395622722
377082585
116332415
38558303
881446522
65010818
973529937
491488842
120646694
522305885
101549146
758534062
505290786
331563411
128368826
45538873
490199360
341555629
121810568
77877524
415294846
420417436
48818760
126084350
612220292
706577355
993839514
425996825
893715902
196420790
497059677
213885141
871995260
633500474
551645124
867855490
474232675
386643998
311492768
424451702
538178059
892319248
745869475
222990834
170079707
21934245
990824123
419359305
375802500
994555890
468048138
433452721
928038868
690020206
171898296
975205284
328263824
990248064
426338010
174869166
71171302
547533111
597772938
924225903
25246208
887664004
886538801
871790310
779918286
260513334
571306197
103555362
30062860
697358865
539699463
522975596
674547959
825827925
956004641
590286046
715753230
574480209
50194324
899160010
728372650
63606955
285846271
181975053
461602177
576439838
539591666
483984609
960305986
136623601
353280399
990644947
294546309
821643571
197744625
282415702
135395442
119033812
639441018
115289166
423249692
364492776
403389861
230680003
150320743
648922699
300657325
502435897
34243422
836051962
459115934
496691092
497338786
698612927
195853252
961639251
601817732
704563748
410188133
203478448
720921666
87321587
143249374
893439257
344078465
549054515
228429287
852904386
628083300
673588939
454890603
596719417
935039190
934905157
475910317
363879873
660217093
55166268
31654309
812679477
275782512
37155769
449741187
124254024
677507666
856589306
493306160
595933381
625790319
236105372
680597968
430831693
708845678
435962569
394367498
335928105
221243402
509950602
886601536
601266227
420493412
447752937
874352595
360654481
381161359
862396515
561651901
562433628
222702609
831973378
301422158
546651463
672909439
597508654
927695934
683765897
637580399
18995350
215931591
487489158
55748355
632495904
227114067
391977927
992990969
24058910
887873738
499076620
540537658
139982212
142636471
150266491
168564731
430388081
392186065
828029574
162803172
89086705
743092663
815111149
294937404
930872530
373230772
793816939
934683212
133946505
757922253
111337024
508266634
710601599
698347704
202248052
294019010
399112378
545517872
787997506
220638869
482374667
367663511
357102449
974522776
62575281
21895969
82720396
689336906
151155667
378086732
242521358
205322589
99666360
520962725
548493694
275902685
400820441
192551753
124875823
259265132
433297126
457294713
859044464
266136655
776536713
990809985
829936057
441634507
940388418
856247480
769452352
884870207
604188557
607390704
680428503
721423192
385990214
840588371
232362123
908976560
290510375
104480033
783527545
755859771
515400895
906014434
408600273
189638874
149854010
926345365
893198567
206560624
420642048
528732374
787341741
25079953
508619046
90965793
197986062
71765294
191959910
641085888
748948487
294908186
608634379
357651149
601134030
492275654
840534220
827070500
889912470
560232069
960189629
215899261
968754755
328817093
673767167
103184692
750735759
870522278
582209711
640297182
291780496
14043052
963048911
562891727
464228159
75456183
820048961
655348549
212804146
295024420
642602308
160596828
717016649
649424486
355531544
488619359
147225392
157749745
304880403
916324618
349104653
322783509
36432895
332966497
246370993
204742787
559977618
458524648
351312785
405434353
340230032
327463783
489555582
551662726
349305391
734905434
331859273
45742651
893422989
525677846
672226691
185185670
614266353
594888049
917629760
799592800
498882610
319330268
973285547
185147807
955959299
592986013
565641875
665885092
291192529
968996986
977610156
630082413
316520734
259485371
515478564
361524313
304035764
807369792
954794387
315138525
671041245
165353923
300119094
620626108
156760085
101482741
264326755
779202555
244097926
163918982
708517154
441544844
415336736
446778192
705860175
240647349
485239099
166164977
449475053
747244017
761821907
823670488
260470197
380308403
757295277
701776858
729221916
633937617
10199282
310702378
881149905
806896559
640093661
602491235
128551554
333528687
19211173
352659439
28387722
854476558
328659258
786439318
421787165
127273546
260479831
536065311
214745676
869742540
553625194
274831214
876285213
137870786
357894738
207550369
553316617
847370755
904883724
919810689
863330830
454983225
372260823
630389137
769003273
933395547
282769075
901620593
801451182
812845500
318226637
372331488
221436175
132579660
137777255
594998494
418584759
975382587
401883322
133196650
119828571
221229966
487031182
859479374
80312422
735368067
434417164
743279119
449001820
432543291
49174617
281180797
428644961
99400483
489328607
573404495
482215734
698270119
17436045
488391617
844504470
358859237
734614127
401900175
551515903
181293706
53395039
743705552
93530
762896243
788965608
577934028
445487432
771687074
799982117
642100864
967952042
512781447
550076714
33635206
498978383
539489955
452618772
368907891
763670882
37045839
943686525
122035692
643251051
564372759
112782759
720314638
957946542
913491704
288692179
760969333
486615837
85131006
307963471
899018714
681973027
690711610
743185589
686105576
643577681
471240588
835693364
656957886
299418364
847227742
605452451
969434285
148193404
983800838
989413233
305014514
906240463
365706235
638229291
514470063
237607180
931359345
100454500
435720769
650113483
68650970
619987484
531995727
482994894
39012784
155485026
882821036
204817976
651057999
351662177
808266771
796304365
766513195
725330208
292430294
201352474
286728638
822617327
796023308
958920306
143348473
572121233
974145703
924078470
983677663
854728869
120909601
446901714
793493407
661411534
750613680
590257109
307464819
35992092
574926711
851253103
303697636
173962992
260405579
691742715
722631414
764616309
497135404
632138660
181146461
508710148
139727267
640376025
345798997
313117588
950878540
108742018
304431191
476800461
506765010
496529735
645841780
607917256
499317229
184283913
34575424
435919321
411324567
989646464
601048495
218009661
488839545
730521102
150403497
441177190
897654836
112765646
562211747
104280592
236288892
378732163
74985829
342007042
742932008
474967515
715001601
480533574
101102716
480375818
710532992
641871662
285825918
830664356
529227081
78396975
205411322
695780379
674645761
76121666
657167291
286712092
353291741
507488939
31090165
963136799
19870602
409206164
489972528
904621806
415462750
838112894
546530270
200150599
240511569
128032846
421543906
303834737
864985247
24349714
469282310
554041848
334816605
930948748
279113471
959176832
932183742
658175188
201294020
72006521
235765867
201874457
438119884
486090081
447113299
949576798
25440421
567496888
310916877
779795208
455096912
305795437
990561045
196480909
64913067
872420096
95341391
85675319
590152786
401194235
656853068
901576584
830795131
650296046
606839354
103125442
951895486
422342992
228375467
71913331
30953056
361695412
207912143
417966006
668855939
213588293
399993010
60440189
753037298
290934769
102592424
854047016
992917858
85190039
569252800
163486873
563480802
138335695
866035680
406693374
863835440
846508423
68022401
800099784
415153451
334189282
371079325
787823836
879250725
343987857
997681311
603097428
339121420
239003546
748842151
93401499
97883293
572595039
527624969
851324773
472427086
34901202
332638019
299218016
298601810
802806051
908658724
745605092
81043245
443352481
539644639
813559790
556307310
821682092
208077889
184444632
293673010
407812358
2812554
334666657
842508966
612169172
181189462
409049440
293253457
499494995
514925596
753914312
336347886
475851300
65603579
990885761
610710725
14710906
934266286
828934238
513870403
768804383
501497974
612347399
425530556
625474232
706780591
435898243
804343216
184121520
46790117
517439326
30925657
564397519
799728488
690070934
569782484
192958312
8815807
860257913
853711738
923588578
5964559
799106814
287880454
154744411
409257205
605191943
377748902
548758876
202849064
541596404
887415805
379143649
670574227
524868625
906314382
390465153
909136099
217034734
905388580
745291218
604706223
109131936
452704877
997486268
722988655
771950366
676122811
375532643
421103277
417752413
5895099
74008373
975222498
590281824
762839824
702391159
324466944
270786145
216217026
101588647
58149341
255584339
981272454
505193712
630023520
651782006
893823290
274859862
783756550
179317330
283822211
791781072
954869332
108420520
318882354
896832621
346401936
290394185
431755755
637306837
929069131
2216258
127655599
785096650
535701305
813407432
403921150
80292403
762028800
203923223
65998208
638349954
817707
803799932
687141876
349121883
127859481
947511163
367462747
71206649
878127075
401262949
591776091
241785946
133930202
214114026
119139039
866801978
271399469
866007201
355989222
34072759
839030388
578910187
172519515
55933082
127928740
196175804
969492406
816616087
247860855
813530886
512831060
579833327
113319122
645472256
790963364
151069399
421278642
969760470
768973140
398890771
922931437
360549106
759179761
527806181
410440165
885869651
651166448
321587279
694268392
537119171
808892933
896021597
847933999
31925449
799319564
421907518
631280417
631208793
221193142
931683675
978018756
550846659
823345792
64596188
888431887
11942764
128466824
488457944
423150660
968069639
445523335
301638997
97034061
957098450
111141320
478481282
819730425
