787894292
842206254
747633082
156924256
462667792
438746038
665337537
325800461
309120886
944883739
51349127
589387979
560253558
342380259
874794338
135048068
609964016
368680055
14449919
550793043
93713886
915966281
551758573
693140708
991862224
183865670
27670676
680478603
357184635
203391355
943389445
329476648
80523029
961835911
330628290
708805093
145401516
555317318
515143689
637674840
992826277
105384400
352635112
190902366
182009665
856780107
346517862
265639331
54505221
578248377
296332961
891259240
483573322
397563638
393325747
871928009
290447681
54492373
165062031
278802122
411075361
984858932
968615825
105729530
1494294
721872477
508864949
598417646
11751969
165989245
989646550
54646698
853536364
376775077
557966764
988329485
563331169
360856206
511131043
135082116
837347806
762031344
625973381
778936257
907058393
52130204
845903324
682959389
568510163
458700279
418357412
90909142
390255287
236341567
226599478
7967344
136768573
246905581
189408072
460137186
347915157
748100215
253887362
888515974
588601825
241686262
37722875
106798245
839596872
404996260
308596840
929591473
543361329
29979914
441454314
649044016
358885551
189679568
198671136
949364088
875969152
825905558
29907482
553051688
747631832
898737407
664391409
617194797
150175599
549999419
851560912
316425587
171448134
50993857
787166957
89247591
508143982
737457405
190334431
665372130
14407328
739105079
843362516
163513902
150103439
488765937
547547812
360275373
794887251
577555461
649081792
947089004
48234444
240043982
584168032
522009598
718192732
700835672
140884142
689864416
577294852
420528077
956622644
289597452
553435347
992171251
758143339
492367471
242812955
352206722
140900034
621428144
999345135
533299005
934956760
136864073
982543041
866393578
402948248
258865895
351189594
304116036
822307544
572620137
900917625
904471906
268191143
931404150
466825823
265157359
371054858
807308308
596573263
500470014
88077277
593879250
782482433
553765063
610078554
157932186
730622597
55180340
117462417
442680529
436655426
27653648
947743868
514935437
305087221
447303959
539466555
851799152
297887423
882018246
338674821
273178815
598220531
384002507
388679825
648963440
723980108
826739187
25541648
977655595
981151863
333591725
24854880
498875121
445221727
341077509
354381638
428777978
256315024
245016062
528243296
296009254
186653619
379627015
135964710
873263977
956728036
753255704
626316929
19521863
725690802
519255704
509420884
714555016
161795192
814898461
995658717
398479926
165085237
961115112
433952077
903883408
29638692
139806821
461528664
103063701
2798767
448868747
69713709
964009710
92922321
110688577
595484128
52871361
353774949
42665567
86525196
218593515
248037796
515415847
692235402
970724402
200422257
6019784
251964792
461896158
824170839
310299863
337079929
630323265
345418790
955901711
263692740
295199910
811063983
624359887
266370561
46846797
918098350
32901009
870465209
507859289
683541994
662307218
926599541
615002224
923771575
456549522
360780067
119129624
728373264
777065202
150442129
649669388
268879710
463227673
703461151
23618908
887842027
999632504
278892861
692498903
111788818
439390443
618590919
137020609
846995836
300284217
241807377
729415061
776295005
39678398
300495164
215136787
644950636
184376112
287182408
538115038
79420242
636962566
538124582
367621316
949519795
217950304
901950000
568353587
805459581
614023350
26320199
347836309
920898735
242751653
159004768
918465844
754008146
177966306
396070471
244151551
43716298
789578931
768006387
623487357
214742145
631365005
342834618
688694865
476570037
935305340
4718752
84503598
176045265
165346112
944198664
250879461
461507921
911271543
742979107
893838512
537440441
50237332
331561026
232972485
273964017
893971066
808516324
533543352
880673629
382029319
461128639
466984330
788305639
43030856
494398739
289841309
868956177
914637224
152879171
318154790
875115685
213255134
91783550
870154240
609304598
941816600
171791044
755552622
298552987
908125306
456957922
842736602
434987198
502231958
706711108
993478964
458017905
535033902
349523339
320771077
822848679
809291265
808021235
94540717
474176700
537734420
296197957
133014408
670947372
654357355
381923282
546870696
758392371
424824316
18722827
324185306
958453781
461406785
623667885
332147416
722180022
52963702
234990364
972548321
925071395
618392035
31997132
286073681
336319746
500919773
831823403
333922275
565113885
832108092
495306110
65824420
405233898
997242831
395977539
71570177
645618643
38776635
84605249
644195631
526202024
910087225
84344231
10162881
483509130
382525801
35025183
996611119
911366015
17375923
598591054
769884976
574300900
835472912
169469321
855784663
505737288
10124275
796694661
170027598
822533951
48001006
981756809
926284278
929518205
952898406
918951407
961210949
65429246
552097707
686528771
683403386
968358451
590794732
446346297
14984170
534047804
21834250
802564550
953793943
465894590
835212282
422556258
547737962
233517037
725421133
491523518
569760984
827773510
540192874
565832888
635494368
242081973
914577650
821661679
478201017
928330414
158059951
80644675
530610723
463574393
73814233
931181873
359268307
330847150
915187667
801526523
983506166
389126614
154485150
321736858
483903038
207559724
842900716
704133006
987321667
625444746
434018847
692767240
204097072
461374887
349190422
133437439
525236370
986264818
51034403
441321412
53780801
769133052
968145279
86653754
375987853
941189574
271953827
490219550
392080357
904030408
63287951
216890811
318329369
923894608
508017351
180634369
673288359
218456015
81929850
427934644
399181256
210444643
834340010
852756269
494311567
465292710
876547601
69235835
114383970
940376792
405945502
373003488
279812747
473866254
747745722
214373114
420981334
67831396
945749004
542713462
935605896
352681165
312052649
83291258
562156795
217128035
374437871
280202462
953357535
168556052
460149078
306780355
904334967
623099757
42140156
843336156
934793040
115389009
592342185
910695142
64641972
202717991
375835579
451703563
498084906
690284461
937078062
844463113
176148886
293644236
759653034
605456963
272707009
539216386
492328746
46500090
898391993
751048752
290599474
277183531
90854838
596345138
115878299
945827917
480227714
99165147
468668519
656712988
431726098
904409565
279580072
305592325
475489209
35053862
478071489
732887904
976845585
860349085
585206351
871872333
280049972
529974757
104053575
659713298
408903017
854692114
34073345
365118581
130771011
995640064
944944161
183744288
824789534
315158654
819840303
468296833
86839692
430007661
971475847
398919759
221615941
280365073
412737014
271739320
14064163
454060708
129967754
237653146
61144897
759440841
69654504
38042907
165842400
418727139
997133558
560880080
492291562
456164999
536924899
625535598
65091801
103549938
525941977
436086032
959465402
95835784
480802790
160330554
215213558
9774656
646048212
546837923
888873236
186286592
650256391
999684898
117237742
832314254
645649134
954842307
724724360
796420197
303973683
371330168
925985560
906901254
17901887
406062394
318025095
258960223
976005269
630674691
893082760
345940249
333827957
118066003
754423094
976650981
312273917
918228378
973257917
969637198
22439588
51370240
113392628
522816579
149169669
979555807
768470746
997448658
443642337
659977307
810515863
582082591
900811237
268671602
799576253
154611809
510100470
52564147
77933896
74740395
842305458
956253333
33769386
15373521
653755162
542932987
852458633
532190388
245261803
140586759
520040336
727420755
981584388
755087161
773980609
252603443
257937540
403168981
757731584
38346079
637591646
320576435
815317885
316027961
820158826
311000169
445129011
65156355
318489748
599811285
466550511
259709769
840294481
898517522
127331739
66186254
17600854
98019107
869061416
606236681
127097173
236280358
752186855
303055577
139936970
83095108
600498201
145724076
494690992
546972810
896674267
106931489
294832562
39587817
437148747
521729023
140935448
717741423
195214693
342754992
97803976
787302278
213700640
645450517
674036247
260330566
887126272
83066866
627755421
707794354
235002588
159918432
534107563
151494902
911248904
401311288
568389578
512262307
176090990
737063718
710501967
299404934
570465362
771516936
703137016
359619021
964877206
800706664
461368774
605602715
925250804
299859429
902804413
526306424
508432705
339794894
22579717
106736338
629019328
879606402
195968835
517431335
517968653
786896636
311970221
736755835
572823924
143337659
128338912
35837459
953339443
628673140
541650433
458150974
632253024
798399040
216836915
442183702
942313499
314417226
295453359
86419608
621698090
22152706
782543548
935143158
257114018
7801139
643062196
571454009
378731570
461653240
883242977
296484586
541094883
193070631
781436279
783568725
459546715
966381180
786795096
821539546
672367751
425531315
652263270
296577664
758208995
444653439
894053398
710033663
122957979
580396014
164422837
314602102
584153043
109549226
895733243
495815947
4353087
376827062
479641817
565022784
500275461
556884902
657105887
491686202
745430161
245165846
917056090
439182392
16962760
433268189
982636986
975932318
527622129
473913811
414051855
196166775
369889434
485965884
176934162
812460578
113747740
933028532
448496029
798335555
297230403
568640874
712331542
431545656
297337387
285620332
779215637
82719652
486739362
221772311
321264085
115482849
768425426
160577068
551147502
513043148
527597347
454871006
693070903
689689788
597759027
188490517
786979972
110239231
695497369
699566468
125926513
518387202
199892899
667181238
451275044
567246928
108388872
858770331
194455799
176789287
532834303
485510433
141845005
731342427
654052551
899917333
489192955
305849817
152649726
298569006
427741347
209312366
934818380
663891013
284863230
658876733
239957629
758806240
200576527
108739885
781660900
602092310
736048285
597770917
159693818
260828435
882826752
819558123
770497265
754017155
7093977
909655093
966121267
