212844410
955219377
315653900
746547684
302661103
166485561
50072633
325388360
305912966
409510049
840196665
905489171
703816257
575120734
548195572
452178735
792412764
517538936
989768910
932370092
4506614
320429628
805604410
407219108
532940569
339153245
425991570
546386605
478570253
488221978
219704024
989986829
610425372
786242718
191274929
104772890
649367406
633852896
138873933
523511140
196636599
819735288
292963044
805279290
11125295
634948873
390628589
284079831
392646244
115261021
862875700
982710433
62602975
850736993
315592042
892414781
149614966
908434791
213607115
963507857
740493989
503686026
846818105
817690987
189806025
850209835
295063799
917573538
383845804
443422682
802811327
158559868
378665002
466257769
735733492
184771324
27466583
325120
396093812
897991694
948524655
141911738
153740360
363309232
625346276
236993590
927383854
759688378
470650675
298860147
955157923
740932614
420245781
175366075
783017149
692950571
972917181
475272055
615473264
160915459
339885074
473055049
900234025
949223561
312449693
704315832
604045430
596345204
115003501
130820718
864948197
149289845
512340978
315615419
14983201
598582250
349945666
483508873
192344710
952812434
922825980
535375419
446922862
84985657
488264758
61878712
738314085
203298927
683240619
42782920
211854142
552194527
384851854
235178353
558106620
475469605
241677712
204516797
50859539
921030442
632948158
331038649
644684877
339829957
433911949
805868077
228591636
104630362
160382874
184434899
343004905
489408308
282927345
662660829
238089477
804509653
26132187
815248368
460958803
250570980
966001746
400746503
913104584
72220580
918966575
312753670
764437990
277162625
757508798
539513594
356904538
145428868
432649333
271314266
319864275
591787330
890690541
107092904
651073707
682396680
833287075
633683723
42916052
498805720
699778013
722445832
269267181
722191023
997088874
753596965
449337417
426429342
743557993
800288558
955028695
232201655
417934064
572464296
420863381
121158278
41430086
951429009
347121562
620869278
827530359
197576036
56758975
11613078
342796554
646302146
913819111
919039282
164174660
778562122
417283903
332318023
357830450
414298864
372442565
196520742
43486488
42246966
280073750
3911833
90176176
930475194
401870874
632360774
316285570
87662619
173853266
318226244
686229521
529915428
640966593
881858064
286562160
422046773
671275359
502201977
665686857
257654103
379394469
350786728
839777852
530298134
262254681
964995870
383004654
622710671
874371204
3635199
200021731
224342638
77671790
999183119
671355259
343209729
530693101
897055163
795705161
424398199
695327506
255133935
472448879
595592866
232809760
634259231
137595528
535425837
45755863
935783675
743023503
870240587
530833884
785832384
662852496
929287021
164133979
559878041
668220513
436875003
249356120
693574898
213291413
170218067
118204513
461886882
452243637
641783473
210502805
943352430
891353670
774220195
706496815
241288657
562326595
124260534
878337847
244184986
297488373
627995449
827400341
847578815
576954808
938587527
260611695
329781142
693508753
291839405
336330622
742068237
179075749
970815059
228834650
358830157
175042079
1752607
41842521
302230811
477388353
770922877
182015593
495812054
324923032
102403432
44430005
968803307
163743771
289545227
223505788
538591962
50949173
919948992
262389667
40225063
609474660
401777303
116620090
274703885
909606371
788423369
768378128
160404232
305452850
468434566
764276680
920538609
545385544
347666657
66246578
560573987
82418012
576107036
766796631
526565495
445979855
331588287
522655782
474551376
894157522
291808386
166037370
403963526
68333616
797738659
691119064
259126756
708425392
188609586
749355496
773264774
885132516
767138634
392624439
688964982
2544749
21611360
190359203
856488465
338126750
123891394
423417762
816077113
223298648
662931799
456173949
474842136
153152360
735824171
594245207
277886373
879121519
642068713
380546361
617797984
622385998
364414602
92070615
507714190
777315500
505149923
212113217
356775958
598311159
292981802
675441470
315279376
183482596
77831649
524020746
424368494
141229083
666167316
136424625
770266127
868390623
349960256
180664877
405401816
341564709
216276928
105974396
972601219
594364378
471469123
894143254
243063803
386592272
774826454
66578983
638130145
929540744
682645012
79172964
832976826
911778175
66641804
217765953
930316844
987490328
140894572
291359539
75320711
211803425
169876712
136657290
212954203
505644087
610280233
749407360
272425742
183749725
686668798
166149480
561038572
399175527
239511997
762411579
126842036
398838547
432377666
928687103
408656140
11252665
885890599
494827749
458584069
586994351
303447797
858487951
801748818
132194302
250348031
417911486
200670136
924917387
30653684
760797794
424487666
334811833
681189050
737419714
776312038
25419094
794153240
454380420
242871945
516495532
518134391
433801299
672266178
304230224
90923916
531478297
555112661
212207468
882703398
64068045
325912825
675048961
678073219
625959850
202196290
751792280
947658540
140231440
933401692
268757311
965479342
636121183
368521842
478714202
337923913
792030202
717649495
694957950
152375064
383237046
217099424
431510178
251955804
942088536
68859960
869646497
186221772
497518594
41270385
718869733
862798823
988462667
42213989
966585637
434884968
749438703
656738612
55229200
535223424
24519757
77760552
653921799
520978727
974114633
551016188
882013207
65279456
193551976
966306310
298893713
813828800
860154710
59832404
499466351
846968620
894402645
423093157
735984682
557099889
332549791
565570508
450139946
98961054
214531959
405958486
977016674
593907193
401936203
43829233
588485208
135291590
662420294
159734526
127855306
305476493
563177623
910531450
277841170
391072348
186846752
804367040
992669795
531212283
742376671
905040931
2644113
928630263
542747636
119617017
540482322
326345546
920753929
498129310
202673633
458949248
627620605
554960745
306446767
568156146
573999513
288106013
663343252
149722742
377821101
163602122
151408505
700420184
931977096
193989857
283790997
983871194
145251986
344912334
370253137
528182749
572900711
918927661
356584382
309491026
403314372
48386411
51159557
282319186
503346909
262139662
214537660
164290984
957060892
668906056
677855887
8216878
604084682
709685022
817072833
898740737
141023788
842947052
153391181
578774548
753632426
302223928
996653165
348757778
835826019
556611127
181093559
575841595
127876172
674490882
886048535
708692942
198376362
996955740
164841773
525613101
236946456
381024066
646375831
115681439
949064461
987117520
743359291
263071040
516133969
275574118
379786511
435566963
527839499
471512398
387158961
729953657
765536479
777809833
555858599
101090444
51733245
702401777
446493165
946735781
81046102
638696063
36414811
282570009
782857520
969162943
809840514
607128941
544843248
291459732
661794281
759999721
196571221
37709742
629710085
766514905
558864636
733582125
832623808
560251900
176824616
745526595
48002095
656363772
287331920
156094877
943156462
420566528
441097141
63751329
473879856
534544677
934530899
699640049
34635337
310368398
950702708
460789281
480213518
546971024
465733602
772657568
890723713
236379767
809718116
627159238
533382436
727826737
148099747
789343692
542225806
318151118
869777968
886241264
769911165
335519506
590693968
380051038
995238088
626762642
26006481
389273986
166031800
481091919
817579874
127249604
825468821
496931170
3074405
319341687
815812196
98075355
253368606
285652783
94518297
404167046
854802880
811622327
846645655
660172680
622712439
215329724
272466780
651753447
521525521
155728737
664766707
48289635
929728882
699115829
719674429
570651670
465551192
853450875
520964543
76459616
606625768
409631794
418799891
682468511
801690416
36451266
724752332
828758059
973531495
444150451
64782512
584125185
791722966
365744118
480716624
779071639
533405381
335065407
4050202
810676755
116807206
514278352
959566396
661851136
462482895
777179185
567202286
303958574
599667257
245160525
632524162
399917729
764688239
18058681
797541277
445171085
392822435
164177143
858482263
586261173
490577391
443708719
678221950
77375070
90946224
80641522
256566667
563984763
218399204
940602788
37246288
130485785
849400673
710287786
959652409
92347415
450065397
756948754
219985615
24511231
469248978
420793757
229090802
728370969
811626288
664864782
819436944
773664285
568202840
35545539
386249203
369228237
476583142
417789027
320099364
673098485
836056401
882191325
570904911
381841373
520612518
3217522
85559369
659064467
207914237
502038377
550517054
54400453
58406271
705193861
995105687
635873680
944191527
833971031
117012195
69783634
214617917
949850979
265748781
426081441
261204576
482902381
995781922
182853665
554353585
668018050
653902641
431611646
390188421
286553924
256291013
567874070
186043842
838144241
503898712
466031455
335234387
570026333
520456732
309587911
114347727
765036491
715258014
863008977
40439850
750375521
425036709
642612110
300776831
250315730
458480567
886205420
616442544
144823470
120636796
37710136
7435599
902705703
104710882
539896186
848135734
118905408
664212030
771852345
448902848
427231616
449829837
106047285
330072319
650980739
734549245
644591583
429394247
956160869
311733714
496168084
767644366
132772945
142413814
803978062
242981340
11290531
130834814
139872691
828073355
370085592
951431525
41220372
717507444
466188575
458595855
432528683
465315451
980560545
461452175
995442317
100824460
943405667
414106128
613208233
300545683
318989423
312539790
649796091
515766483
813888983
456811173
660281673
833089754
624468710
270065768
874662653
760291888
300732819
296914845
836845203
988070593
524339338
943778988
78817256
475800089
408609465
388539839
863883743
192384883
302020562
179276131
448833700
494708694
316291395
395343623
824238698
718666815
529205580
503432378
923991915
698750740
481038722
624106206
14184372
913274418
291149852
208130616
93038733
196122807
583933201
