906832984
484858282
74828205
780272067
484873935
808487578
914835562
707638067
872533711
955030634
597298681
934228937
186112384
995923035
292570850
580587351
401962003
372392951
590910403
252912125
836268135
772923246
208430440
599400540
683508231
797323050
205676805
695182483
859948009
315213313
35332801
872776900
719678598
69181070
367933750
973255583
559958199
708643226
175080069
906228948
994484203
1843559
367078412
585376018
144029107
327192764
883674205
582898358
675560522
735086443
81382823
9269731
471981544
247678952
309396535
133909738
276427842
475427664
96763835
687550884
602810773
219653079
847690057
557320397
919697832
724521780
214550339
116931314
627989284
319315266
20629152
693318776
197312881
684681453
258427921
834424576
405844833
623054420
455371433
356315466
913648844
622778446
19621961
124861565
233830490
26063070
400795355
471999645
759784533
234024012
696827740
84530535
611879390
487529184
303418175
774831124
154153501
809758013
665678185
419507325
112642425
766742891
954909073
356245256
714457291
388064046
811956848
787300089
989251030
474971958
728064903
653373420
20056230
740448367
773902039
980032326
200031117
722828491
323489907
893634762
323726424
742550692
357146779
393965272
622487524
936098616
81439385
709783696
381263278
483596795
680271075
596086819
957376234
35864107
243673041
146905952
667869371
663376703
410404272
845766442
214106221
613495264
482748614
284812575
505959107
43454320
64474304
871431021
713627144
323385848
574800006
431325008
486268105
772043421
95780901
370091731
409596111
560943801
733757731
778358674
306624660
102173152
406036811
505654234
794700881
131978083
695997184
984192122
496775326
626996086
312162954
536654412
312424219
477723464
679528541
710231158
259802077
72334203
888006163
579033203
871624311
210008362
996156550
57877429
908796787
248946066
109818714
185332812
940083205
873581309
737309840
106925570
929618971
632045596
539141782
111933068
207458453
977094379
490111692
373981023
347457134
80282180
374655695
86631058
11222894
38145593
118900789
8544641
92514880
385549741
110289653
337261908
672937636
154724527
906734361
96616297
106016600
348159381
596857445
545754815
22159369
510664371
44108917
623194015
889686244
205237383
607035440
680378621
938581680
567595472
502772705
282707697
582222510
514025139
231576068
791342131
835352665
909525492
46654535
870651193
130045277
101274073
92817931
554533464
763291655
400047932
433987932
774894444
725311234
442525484
5916468
859299070
380236933
944356876
351821654
836792761
36173263
751461679
196944812
805985509
431110152
438522167
69962959
524919407
882777034
827581955
755039396
158912497
923148457
115392230
261263631
196491106
301504846
726206251
415709537
920885294
417846440
489575452
859902359
489638312
771249449
832140994
955067385
496056196
561679003
643473634
902470763
637865632
162203484
394783305
755168868
83890986
712580680
240669024
439541041
691523109
31311114
567898523
671756428
935709699
645008534
275075435
851745985
609919003
181261853
809425360
557794223
654030681
528647338
430936359
418946321
546597809
891559319
707306498
34736060
598969156
483454780
573906761
963240402
239303399
925111190
117173763
996709011
528365152
360223361
177372644
483910425
60835821
286665209
724186427
889574180
849947915
817819022
924192658
844629777
496174013
980395008
345148382
314794343
752253642
85679410
248440082
109218294
731267124
975836982
208571058
192331666
5274182
205932963
840571883
208068328
457404351
604658119
432453029
10598508
527834770
278366422
323380833
249695642
3889208
325514935
496958401
367365471
804460910
541362177
568998404
728778786
967366659
862676719
538562045
618574147
138306398
259112418
210986760
153623988
676671108
7955469
265441887
552528168
151652302
985040977
478636243
854902856
446093325
516118098
432169828
245289796
385365993
913594149
316795007
217807591
657014174
95452739
310905134
426738707
588721008
881074609
304757383
189904946
406838577
479792271
224965005
142597461
667370917
221997735
69761930
198291933
393671359
278829040
333927398
519879300
12924535
770852664
98043340
18848230
846878691
642055543
921272144
288342811
109192348
323708608
343412792
53772509
545881712
320754454
961559971
42853658
948207282
784248052
564902979
795596498
703198085
75536940
145689590
671860030
760075971
336038781
187531939
224095590
446356168
233877895
851618436
106536953
579666751
796915705
204883056
886161509
997409398
292056904
579860014
946665463
959802464
16414571
80712597
83129969
136379478
171192496
596715747
346616463
260437762
26908271
250084649
609423305
713926059
538330899
816681214
937387593
625163073
426183309
258772258
510839909
454523604
697176554
841986642
875314452
472090171
236875839
474105757
748966006
115871398
75398461
45444259
656150378
204388037
618237515
835794033
686783514
994824341
62559620
535480551
588883474
739323032
840915475
963657826
419447896
983793245
242195130
392610892
41335851
980234490
267495461
260998436
571226088
33284645
69020105
492141859
262625909
174427928
205398144
611039796
899503638
697086738
847749740
230745064
185039300
981464010
593934269
405035268
95688544
702536865
129897700
942563250
562603452
890702757
669888782
771516875
613608127
733518726
422538745
891521205
229895041
844264945
432769906
768731514
848375935
814400024
474218169
622865733
135367931
126095655
573168123
512355585
789426197
451519822
635976911
891796735
891573290
610170410
778618525
437983885
389858976
837159860
296922347
338798984
850336790
324932209
698394982
680523330
363395861
297503228
878533730
529107182
751889181
313876937
381144755
55238692
264316832
79018225
382369128
370639275
507245840
971068534
269667337
969592887
129368742
617542113
153137053
111083629
254725845
778092046
879943584
3437716
954900199
984554859
501662229
392735179
547342598
93970921
918394723
523443725
116005042
793694837
259469871
837864702
247561924
44060941
760466402
475549259
70375067
580738219
627479903
812555064
227801282
407979250
930738043
418790440
567492523
327329458
209430242
232794676
171795156
587311352
425797485
585303814
417559643
875096013
574206981
767334321
812214707
988409575
507896093
170345910
160623500
858925401
254634232
713551001
711598663
431802633
722030963
85307801
857075709
677587792
40708562
673987625
150612142
67388519
775636433
546920949
53816815
82871789
825242655
220013139
884540677
685600047
351648568
528693689
367897352
674166056
420305058
372465909
469853959
993132080
663334550
81965491
72842125
457133992
651931563
368875879
153345018
217187041
707191776
135689889
605298494
124122441
375718966
494207362
546602789
751809859
434691671
350171124
99459580
27286031
713517505
729342918
163166919
287882954
285805231
475023452
507276832
725940542
345653649
37432606
11497575
349565054
615453840
863943628
14253241
958743070
601145499
693478148
415456954
406760554
393575931
836629773
375680011
689552765
614714644
760418236
309881080
857441205
982090898
616087492
239474384
70133934
273006329
442567927
279614574
933991631
918798570
784959170
171328761
176908111
861599045
427404474
871533391
669759169
124192314
255733439
508668599
511775337
479954120
587859717
150664359
741213521
934714169
692699025
633710099
876887731
353662906
473614152
673168309
525386993
165142372
649835626
743849642
729566156
797958220
941363640
76558725
172885913
584329053
80261609
39944500
816186327
522149387
238548843
545161507
966171455
965096380
705920841
565360451
358981204
251749637
798105742
377487084
394231180
465423132
498260862
135419764
580307303
808857827
402726841
580328724
445184417
111790861
645941766
11765738
211763419
683554831
141967235
871800947
182828673
179174714
335782686
927446282
399692511
547915217
334478030
219064133
696165326
147537517
667538642
911791350
647742063
908253699
314187104
273637356
367036628
272348542
349618461
264143023
299697358
805943876
496251421
364028085
181602211
499932883
594760081
704395466
876207620
226783104
333398088
282616624
823129144
834119893
382531778
179806490
915966950
870659458
977794571
846315962
130945101
279196728
439254436
432769785
141319184
490935490
932586660
536930716
797603755
372304409
644729109
939414875
333936369
877824211
572103589
376884795
682923291
971754599
745844071
899759626
953155135
630082563
342856511
469382222
814139428
384922018
88662205
813622169
525721921
134380614
357670405
496377169
294553969
503302498
133197921
20500629
366689439
63481635
222708901
690666719
567346222
57829364
906791709
503903211
582053993
393983211
948680254
945304932
262016304
5646982
496883197
944212349
124815387
78034944
893160826
500862537
936340216
969872213
618630355
756397164
402273285
118964490
11208795
663223141
14634004
148351939
644860905
830633869
744626289
551602959
10195356
619441656
749045698
55177351
332413404
895325770
723290852
838953299
887328227
420156216
436241763
143357271
551605865
520074938
637497415
413458054
371561782
216519025
610141671
632335383
84160412
396817224
444851279
466311735
288393434
448381731
46620569
243568568
489269206
433702054
749122304
118046384
200678643
710413343
995451624
877441540
195166651
69638035
745621539
997835054
777571684
97386916
82543986
198474138
320155401
258916014
567358623
491133855
25725725
601175948
776790156
428341880
220492198
112290906
467442546
613378131
174590377
282733962
766783915
884031671
848705201
479722283
349684092
453626172
671033911
318195379
942678626
841192520
524623312
760055874
218291403
301923746
470897484
612306615
854763697
986773495
314273237
246377140
146156334
29477420
881023107
555486712
217842842
888093257
656911896
320780424
897554184
88387737
242970797
382073493
702851163
912432687
302854118
861589866
149129853
297849400
747702823
628917812
527440226
1960021
316237386
726166102
966510542
265669850
382884545
474866409
957444394
608185581
257527207
480669050
299104893
928213235
136577628
737306495
3008564
293218489
261879441
461590834
796714275
