928117081
227452865
54275182
813838572
148354405
30841615
173786336
508387024
32216009
704580151
366842555
708731432
755178530
444821986
312879966
373444545
101683518
110988727
956158731
780667514
769401544
104748394
589109577
123983543
46764404
340929839
866245803
153272761
457833600
997503982
397931734
90330151
618795707
359896405
529814199
630583752
473270757
937313611
852109840
255673438
852607100
250938025
584574653
561348966
234092605
985416065
965723812
395491169
952464991
186331511
652579160
535142185
38133714
972092973
201763979
823368687
638343286
930291638
767074168
807424565
164595811
20513575
50553423
34712025
306648416
276512404
89935725
395282125
915007785
682296213
900173787
164369905
258878885
700485293
928060412
518463519
520173739
27760611
889890937
61348337
375206025
470754634
200807768
271502089
344924821
862789548
52196436
646702733
158132426
706445511
992240464
542979118
170239442
44685274
91077626
832093525
200384601
549862627
254700549
957580199
895480340
570441687
480483382
270168778
286157723
488209255
276263300
337648419
44032561
683300458
303194947
610582674
40400701
705725831
432218540
693841176
819705805
779051333
689787203
443858867
224315967
443232990
237149698
208562274
690055747
357194669
994130461
214193610
609407666
95966887
318078918
970311111
773060060
932310736
165867996
804764336
990271251
930638989
985344364
856715565
586526247
714548016
602670172
474831966
403250563
381657789
502578417
464513610
612466733
397236449
12387719
421333266
860075423
810841681
733264232
452247349
333291988
271921107
580113029
928963053
494078792
62069689
728240752
948065672
365221540
332883835
837522613
108089963
539857834
627454203
703569924
889066815
793706968
833071637
857332618
509767950
840562817
762317731
805311710
308397957
854616251
529616851
601726876
212171217
83579167
896745650
110235688
962218378
199046503
713620645
471472347
718350143
350525959
56381311
362636772
524456558
986307262
654604498
109610426
70366727
544135175
394488453
924655775
985012528
693666524
123320903
627626297
27003785
953509061
223496282
611684531
570974256
466609395
271715071
74346801
964461940
460342811
516069534
864486505
468475888
222648147
875304233
909043459
826237188
155981855
985219779
538540855
737325656
470434864
332876060
523460686
185958318
652707304
734944982
764262781
460127798
604961075
616714346
518504691
960258263
269119352
83231902
8709317
975550220
101936113
900498090
251740747
78810887
982034509
398174831
64113746
470237727
790117992
641134536
847718579
668830940
485444992
98418586
829030673
708446743
584780046
890300640
556568919
620633000
700035594
425726212
918266951
731664411
507452289
614219002
359500865
843628463
997564841
904228240
199356535
139416244
866594916
933493237
724301074
255483764
733479031
459729967
755291146
72260033
268762313
53222958
395840325
11572767
887226402
95431840
974682804
506542488
787683672
810057946
375478217
378818711
526662981
388076315
275514625
676209900
982231138
520076335
571358597
367815506
38673966
220485282
472672885
885889750
441778001
708302334
802236023
551951754
374117511
573546909
974967711
125050078
135009494
484308886
351870687
646812636
29885887
906694183
844438008
412020448
639536197
852958376
55944791
187506894
528750023
820537823
612753261
478518600
657978612
48091174
273252624
213402696
888371369
387475639
33586067
48277031
580550072
509950574
569794765
178924068
293195816
422731050
132424976
214136762
835090234
250428138
243809217
42354095
36205628
628701987
646324013
75536954
675638326
159338149
728279308
185715589
164540490
285165990
357139726
621240176
95549072
323717423
893973140
326026337
300294284
761565015
236678708
747533853
450722819
303593655
66262564
519935311
336899418
665513939
118824631
216805147
720533399
841808027
352416659
278321884
576728605
570399166
442312971
29276624
401767160
197715670
537764369
729033220
659196330
847870477
883736540
295384082
152810847
948554587
83374995
969478392
528757908
806398638
913842477
73525219
13749430
496275363
591631274
732611972
562439423
126388701
738637535
10124386
40513517
511474160
465182188
322732461
932749329
78817842
44511571
525149904
881404450
864696515
924259176
102578614
223800646
507645487
88337522
602852341
419857114
770878480
367124464
388344829
582138944
149346238
688047237
914134760
927965549
278891440
264572454
80453242
978767890
709700998
466837200
275378458
459078133
527639982
688519702
147722170
382688288
561004078
362634751
73993005
904043016
558225089
88073941
664061391
882139460
811263863
849724572
506103942
407937840
988778932
312754858
791560941
759264235
350292705
427985441
891167277
823426921
551047427
394766911
653857889
814245386
964058327
546382012
171703452
397859315
648880717
643500479
696160662
819125783
940615351
220164053
858853035
408243729
293131459
484301812
23913854
61272296
23985845
31995299
116701686
429166867
758468511
672515400
989988957
396946139
675276257
516114222
108785428
99654541
797352423
324295247
831640860
166237166
708776861
259747617
939984688
11843076
916370488
266202076
233258743
167763383
153563910
686978158
467322488
768614879
453901821
383317212
466132776
865990892
404071586
829894981
799441075
519052127
278065225
224691022
55776875
291542926
556393054
774757311
722583057
132766494
534715051
596506120
21773359
616320104
388523191
692615868
699466866
33383841
544317123
12070777
144901807
757783768
798736555
948938301
275602957
71490352
205192912
221374078
943044316
291959044
49981446
242794534
695582953
967457441
524854170
312588732
888171940
484085839
203970742
648441761
455450021
141613176
543619017
100492248
633048331
557057788
665204798
851002383
380091687
761285952
683850345
432748934
321673769
392000809
684993174
41657307
720315571
329126922
949088063
984286521
86350014
335018976
831712993
430624013
82785048
291920516
900923165
54315916
91465933
75934459
804443927
215381027
829413098
895875360
556620754
3288630
214164751
698244307
315889970
718545167
406285553
354190527
841282389
181758364
608108698
617232510
921120764
303582144
282464267
483196863
592273160
559045017
534997774
219684219
562091746
120431045
309900181
112995004
17707199
341127814
656134622
610888882
759536449
304157228
956842023
468469318
603335835
425798407
835380053
681704543
827492555
22071263
13236952
230542896
578000968
732159485
493736585
649954629
822515314
465552536
370799751
597341021
771851648
608269069
483661297
245398910
680383251
609728878
333783613
436189709
693388448
101169746
680537107
974762155
62410545
795396669
594654076
537125161
224916339
139639379
13896675
495322356
468202089
600759723
655704307
570201896
545808065
304454877
641683250
829932260
626694458
659945551
290479689
552154662
970328061
58793601
839037233
151267380
820495929
711443113
788086065
993606955
92014793
399190343
988316093
726322808
341534155
38474795
168132351
782604297
137505408
956611423
425038289
682875934
451655860
875477394
129138931
171091924
952564761
913459400
699590843
375928373
968045627
503851352
809495250
33442896
810690055
128382445
4434094
3616943
956359435
443386696
716629231
513473225
351553313
20289719
403307562
69011745
612443628
929381497
228667741
507333270
136322526
859078951
692426851
670083033
234907261
607603754
100498801
94850667
929654668
667945308
198702617
907036527
11852269
412157691
25561328
588163440
589695091
954873197
915632752
213151709
34040701
164515407
826244860
694118711
239982191
911565063
331322620
431366141
472169831
60127185
558648295
23183264
684791658
192257573
239605847
108966675
811424499
139412216
798535633
203086301
27883643
909583426
73962274
288414127
244684078
809592702
501620955
939395620
994728389
815144121
479316652
657570430
13748744
15516031
473292568
971807117
32834090
998308139
430100842
323342197
276281133
669132658
622680835
869527482
109297012
175519353
222244869
819594695
172551844
916594651
776738939
450282875
156337563
712546451
185268066
124457274
90553133
537830733
449434632
430389488
409944108
391926999
436637751
657025708
580810531
901077864
9434519
669275627
718965003
267798729
76132584
813116359
709311373
475193436
926805166
358750983
286902590
204434790
179117114
69164724
587347833
682026258
766843776
78133737
38405182
29033777
501232866
301202292
830247964
348835294
881253984
495003356
548873506
999711352
913398087
884354133
232494907
965655125
288716951
208219147
166084834
552969241
100629691
904753114
840462067
963622578
740971500
681144125
785741283
826517081
837554682
886118341
358713618
380269907
843041654
727917848
625083222
358504013
618620526
551776753
399844997
708232225
839027661
370129708
386544743
581129227
264242852
709600019
561795347
42451033
126256076
321247464
915717838
970897966
903079889
34378591
581396567
862090661
237671669
74782602
288062276
820088740
515461008
3730882
511280611
995135641
136289737
168603598
156669698
185480239
259270910
873990893
347034599
736940196
808374149
457852607
713941578
730499981
518208370
259332839
699379725
31371480
119348778
743290250
700261005
516307217
970400502
387815651
477190016
808663062
146521281
762992559
120832343
543837923
263714477
579756256
192771217
835296778
858849096
391409101
444839489
95639253
552930321
376315108
783180121
252265181
974212863
178777641
162523816
445227281
320437012
850896584
343882290
978338828
375402875
256690795
700739961
772170756
303469876
994973393
24735139
748474084
691413581
348006635
38958957
496278349
753158549
803196674
473225718
228617892
265081390
878644798
871650884
126799269
814493348
603740472
478441158
743033669
960110127
447995823
542094352
791622860
225291835
31962735
488226049
295624695
419110269
142493514
168435048
7023682
879016293
420600459
531826902
863875702
366673962
696365404
404225671
204923685
337356150
286901771
499106631
171016189
705551922
933905922
180145891
441792213
979245699
217083021
163845479
771662402
778249635
957706291
812060628
855474052
452879040
