70411786
516376869
165814256
957495906
10424902
529525102
255378871
310907493
118906950
991272134
604767048
627135270
799429124
722403269
277785262
20540974
770191234
368409502
164848521
892644173
939268234
588912170
940818255
615967917
989167844
583312872
234199898
705202684
387058903
150608537
832607206
982401547
259694902
555714073
283443408
909689714
818765184
155769518
933276134
489017283
340785682
377952637
859378940
671160493
296708384
349702212
104758914
432092631
196328427
147491367
613761632
110323733
713232863
108884455
477766352
481499615
575558612
549846337
968328060
427112029
295325204
550176185
923848589
968298412
158664927
622365499
367440368
243715050
438959860
368095547
201775789
614421716
435133367
675831237
551858491
561315596
729533229
269657762
319259533
639465632
478553957
802107265
508874257
239567535
536846903
722283473
269168684
150810446
77947721
801943792
334131101
268918846
187441456
506164104
193692078
790609496
454104047
891080526
512495565
674342883
982261843
861043862
993132769
828232878
945715577
999339915
675190364
37401625
557025962
916450754
751966385
305900850
230586804
328862428
948558070
493217937
41301927
684281054
431451509
436381453
353196814
216629921
165767329
637016067
33964446
932856941
426980260
928969261
482139158
761248994
107211549
838452701
757162196
644916648
657203787
617510094
808974495
680641377
293851956
537506987
47093108
231767058
593784483
161496965
49977406
28230251
38332041
858579027
557606033
700474139
749307568
769822992
459629017
76114112
321146068
765631922
695276533
356116701
794268432
12858636
572359655
746221101
555262466
795776967
809239205
913513682
548738653
585670155
671658639
331047975
684243441
360660549
390429097
893944521
389288344
121429756
622845437
4270363
587038661
5734194
894524899
568401232
371363227
781665017
11941425
337388555
378823684
681048084
323770579
891571864
922233560
452857793
886372943
280993320
965147330
300872005
676504591
798007514
352257759
136463723
479491597
452661885
186920387
226558057
16230698
388647018
379393894
565684494
686825766
199716312
142786485
691006169
769078039
788534237
118333735
3958423
374857873
773597447
783835541
471850649
534689998
867690567
261899576
780086774
408814414
231385648
474287604
109435777
928797189
88416338
444925163
824837921
652012603
450574937
526242596
441863014
381480844
144805170
765434319
623294406
957994659
813139188
994222316
124054266
748785379
231227390
683779752
97838706
162659584
961188907
926014130
902907143
14171973
880407108
601773723
611801028
190762308
406833611
817743642
784845049
914359413
269958117
636887304
598409427
754791148
317948562
38993566
318503101
262291640
676470719
622477577
230052703
8163127
160541135
513855988
721550808
873468250
137845309
31301395
177587024
547605894
376448898
946776191
967608280
162402206
542018019
810665947
771605494
848801213
914441567
251100705
974647232
327061526
980589269
708934992
688036542
176251884
395812889
369263117
430836816
192233824
365276651
835547064
486188864
338711330
695961427
894744015
853630837
366551119
880222913
738332777
52916998
375532216
640156617
237239154
537910514
323181925
669279022
436007220
212773128
507282613
267388071
469701887
347850072
425370014
647830343
902991176
27573856
451606142
825819445
545298924
477655360
768582191
600464577
985353199
182329242
540901832
460587327
628896950
466440778
647274002
957035109
405054374
968578298
176108790
198183706
599115015
686904907
743350114
171024477
364854616
506972861
959805667
156489988
923554201
924845751
895574762
487696991
60818850
690880985
792970249
867170158
402024694
540731672
334923989
260677416
284334806
775067638
654803417
54909911
997008680
862594597
40382071
969566440
565499125
550247503
862333695
501123587
171741282
227186307
48715328
216086268
284223741
280581664
460964829
38326063
517849691
612092202
676910374
60507447
286754479
53204840
399768477
938015963
673470527
780103842
555010414
864322700
633654309
915431372
913848899
824047376
32101490
688440202
174015795
502260017
466590789
990239226
590990862
373306698
62512055
394451175
315955709
833632541
642165657
576883981
582946417
121443030
79766843
296597926
742827723
672242602
98157263
594295970
768155431
943803839
462826120
102366106
296095912
785395281
995237087
998010994
867469277
256309909
313337406
224667950
183984778
595783537
106565868
958704810
571735272
527610464
21101340
303603676
997995390
892303302
737249130
566135934
295850306
96586546
197157425
433567384
784555857
337056382
172603648
241606296
725890113
437805518
920284769
230211954
39433897
364224682
694143313
805595580
378069610
64501060
526981896
59645800
520295134
417497706
392899203
987162879
14877161
121062031
724862652
215217259
651141262
794553585
596300578
875852128
206554709
896690185
806515799
199509366
588237856
561669702
213455137
530412894
83706260
71731110
498777836
746179258
675498766
876353912
919270913
207510590
833467150
215505759
925534065
933494329
365321406
677603330
45840799
878352599
703687341
209994545
418690223
663493825
612193729
957386388
590465032
931336526
841504938
44432641
23657245
142743711
557708881
494633947
217357723
816399906
851045922
996569000
975939538
448564024
918719868
646719943
311664112
138523247
201791117
517352062
381750108
435635503
869019519
662806247
510530721
528951378
850849385
928163199
495822023
378243311
142979479
549961310
918219164
126319871
481266076
567441309
904674318
631066124
852696667
776527201
649801707
338833202
998148034
109134158
82448407
368752404
701663790
597276773
959632729
56967398
898330431
280166975
461702707
94841667
575636280
154829529
62317006
178698690
533901919
494705866
291894324
629545681
998811922
839114411
673420426
301084611
78349836
849619667
967297946
351278559
742045624
680597987
285826579
425263914
867550353
42916905
437487468
759885360
580357840
141778316
827287586
253572611
968530468
438854625
479912878
862812503
88258603
823377497
550683589
326436547
505124302
725975627
97164205
357990801
484632877
20256025
340021278
159033622
435713731
781363795
290402568
852044121
629978826
608354170
314921772
217732444
994340395
36438792
227291312
532719375
717342059
302431645
598340849
392123602
667418278
38321712
661015212
559957297
359201533
810607922
212826007
254972338
298936077
640861398
846154255
16069996
583433781
927835776
940631036
847294327
702895625
278453845
324171629
798994044
851375747
975243464
623593784
360176298
123932852
262180434
868472106
51819811
596086184
17964214
609094487
202692657
127634778
705040601
690572521
446311164
359240812
780063980
799832088
625105808
568537787
35430230
553108044
989117426
762199914
298851776
634298661
66504618
95807754
379996984
829823749
438888213
978260015
799346804
540747854
692174813
414727926
300838914
436024445
97021098
942135814
161006196
658886152
280971863
31766911
643461597
888435217
878393179
237263255
494319871
488053515
922831643
478621756
699065819
230456257
815945516
422135419
634476356
597976382
825081075
627881772
801967488
956012055
216089200
188140464
170206273
224432641
328287972
164292747
998397707
31583237
58401898
344039534
702810989
682969992
407531590
376544076
272136180
957350515
118738316
410416557
755905481
829241362
601487882
891943467
906992104
960266456
279194195
568890547
724802337
270039393
780251569
702862530
610943369
469139325
140168326
204994140
442796952
92831398
861560637
419028956
560147244
714100432
238865546
462736633
429651616
578792108
775810765
16095827
822924665
439401439
149999238
677125840
479238066
414664517
871976289
972726124
354524173
324145731
281148359
209939815
945238445
759397424
439490408
728358313
251331667
355539367
733096164
233671664
542801666
202537449
933747122
179304782
95789878
699709359
850269312
41805048
590375815
138751248
462291850
328199995
184455690
263098367
745965880
285400897
120040154
103125728
223624463
196278851
597163034
167442200
850469966
118651221
811683038
651620821
473790509
800749818
274610023
510507231
211404966
74112249
845695943
542139101
473294160
620387215
505654315
970694455
581335962
779528706
564395204
830171240
382350309
215772924
861853879
952948362
25484125
682140077
13431544
154089511
608318159
148205939
131914903
536817312
636508628
375359465
352067482
815095901
367621742
444169055
225918849
49519493
767195024
79868583
927346281
388179601
482504051
642316588
789804206
125578664
779746580
149345697
521789765
444095756
631883646
766991792
785091890
634697041
256797341
858734675
626136696
791650431
787318274
120520512
902189071
63199026
942197344
308878630
905630472
97934694
268319733
690558413
603072713
137166906
553609857
514875711
62976216
302481725
288426642
473674277
470444311
383167535
892335869
887852878
374342929
458972461
626416172
687819146
904933665
869516834
590267574
717370439
558298560
508887066
818032358
434268417
262201217
646674512
177679511
864147254
445982255
173625421
736686115
691869512
857258930
89188167
546272983
384622858
890485898
117007935
704015576
482610165
346270398
783123062
388290364
242969160
899314560
899465394
746177581
443216609
436782852
254378198
403944963
36113637
507667119
550949292
132259852
94185647
319134546
119341439
252674493
416301702
124802213
424279387
27692022
296818889
646481419
200466357
30593948
285154761
912699477
241793314
797333247
787925730
165501258
107657408
371100040
775175497
120596702
575063198
534953855
362735822
900496929
734462901
427364401
191604057
769680456
700572477
184202392
306309637
956928314
452087336
65488311
771144458
864333441
287713873
357807951
921991010
755431039
91471474
596487739
698848202
868871446
461022820
530517131
194989538
457044949
616019232
870612378
400009710
179849251
357084354
973588943
744071347
584387583
889938670
515804771
390339311
996914985
836087963
527138432
945908940
16263964
724284309
328226446
460612140
176305002
26188789
923592288
877787383
749849455
449109029
19744457
29125228
978575457
836105651
493864374
