805633022
202386193
318868729
940545814
27630370
253754283
101657445
673092397
868464118
644189753
991375147
255203925
442660806
339033859
690037924
710854744
327156098
445491880
924188955
137780175
349473334
355150710
263149444
134201039
815575568
109151240
908220215
899170481
428831814
495756865
984330204
894734218
133619697
294151054
933911328
855649259
258714611
376418992
588531867
384995168
792232791
214544455
213754583
76170664
161237934
72656635
399834124
456318277
470839122
139143022
940223803
837958791
909112275
647929990
719613720
450482312
939236747
184667689
124970246
918479129
345534066
202486962
244260583
372707253
659859547
96640929
121584228
148509752
405122529
834388664
452140133
950737105
856960012
539193787
345547383
134928878
141396127
186978780
972963103
742918932
709317114
451901938
428331358
289688791
555533060
146371413
985621942
485689706
574537332
483429015
916412510
74046921
251448746
670052737
39461101
589745828
970283870
841047328
416311115
64597004
951072406
251324372
51195747
636450457
687002888
989486697
980998778
369918487
302382607
584684841
309086184
752257967
211704584
382051312
209162014
893632127
774155603
954571790
817174191
513488134
111018986
635894520
573972418
921693513
917976152
378093211
699288358
186907275
499732685
755801553
164645006
300348797
770667663
908366098
791846525
457992742
400706190
791880899
602685902
566046361
165372634
615703454
183307099
989852490
174342831
164154542
862342335
869397433
460890722
145828973
815590223
15712080
23873137
902822980
953578017
315177885
677351952
129502233
718474304
308909676
290198338
794091503
870185801
546581052
420039834
8737387
981590303
303338484
590204785
751169270
492925937
982274702
351885888
251127829
348115499
495315531
452587421
584119927
747350682
753821609
515750874
829890924
726016551
353903712
940211329
148932926
276475660
867844681
954788080
476668639
780640788
271203956
73406594
293776225
275848022
371281130
745517652
636726045
569812655
165605443
182564238
559003851
279192647
709721450
652903035
833315520
663826191
772745306
554707480
458262486
862590462
93232025
382151550
964652694
793158800
460307413
68074951
516282089
606369722
271106908
732261725
113745621
348550403
113536145
970528481
221721980
908868107
58109662
975279805
976834368
749797877
815861375
14307271
581745238
571257370
956747022
550698276
16295100
701000675
106895809
485106733
503730352
313137200
496525593
614078175
687408763
889052405
108753899
500617423
815540608
303206178
229235562
30356323
298705747
433343717
68818616
210453447
165656501
739192968
431181055
924447411
605716528
797465499
577873110
708464607
46729087
78924753
800406311
393395324
836411776
909609136
51779851
815281412
499473913
786000173
228531373
800608419
852024808
499457969
283119717
332669573
800114208
557492237
159739197
673628190
520562315
785505051
715601523
148401521
502438754
746293575
385041774
277102130
269819620
182448396
879390203
706264851
735264089
788060985
567349088
608484009
88646094
715358574
664205645
905931470
251426326
413954149
530882409
512705572
204812344
268210195
358428638
666198531
456073251
98511481
124333202
48224291
637726302
904244919
187902292
261224035
363323229
652004790
890956568
90118201
524567362
774677719
545461792
317025516
906609968
522266520
65344330
63963823
932108879
674635706
244023479
84755634
893286590
253807726
422201863
106608165
254622642
202895950
943589176
234228558
387864936
718843241
821028878
171308138
58115194
831165912
68538549
831019168
600158692
306125053
245160780
436641303
824402004
574087443
381364108
476748606
868492356
213856892
606095602
682545822
202865864
294464814
734089650
781437543
854488001
39577567
154937699
383918576
482043055
81294126
6601392
160427278
708415613
656728010
702253263
805724119
953648840
374153653
258910321
75444056
453727971
234325161
463805129
625983826
429474925
807382175
260353629
319199146
872443616
945453256
238115808
40765750
596800347
261043353
31362693
93400122
984753590
39591334
316820136
18537627
676228213
684619972
348976113
518864565
299523660
84733502
728225688
167673993
871834178
575639987
523099765
494338702
954946569
530651546
228817851
968540702
830659683
108105823
351962617
47105825
779223936
835738551
511474958
536589798
843178316
965835641
563626930
447372259
625365317
608853141
820970528
914057505
57333516
240372694
399215841
769107997
885349046
944940563
326460166
344741423
79156486
92679636
447364967
296803628
422353490
743777105
85819179
66148800
32225501
62821989
262740437
876647766
687628715
269714310
239313689
840489660
173145013
812386313
675686247
333688018
521106571
280853429
542308674
262981037
754669458
609042259
437005185
714573874
131435704
459709852
83191655
885719119
781645656
7221194
967949338
686544300
388373584
214671329
114236307
99401211
880016461
497478130
415146758
562543328
346112704
944322761
226428789
787619205
1059005
558726180
595962984
72962732
269254315
992772146
823634851
798303056
550370960
184383930
542134169
813311230
306771919
371245303
934713094
572515648
979630332
377021316
95002109
680407521
301764970
552769388
452116076
958473683
698150006
576285035
453671556
23628441
865706670
979765345
916868331
810346696
382613469
649385979
713514869
572709523
863746867
10228923
616464804
788873509
183586342
169646282
136173339
203989654
672537159
300925075
792629291
508771157
562765034
842631109
582912994
969091386
849320651
546021267
485854234
448289616
106610103
637489299
374812725
692969278
539100590
800006410
932596384
570605613
267515597
731787471
430697761
657385938
657730433
362003570
708768779
969401409
760556511
306128599
496821179
132118688
416596048
248126422
285936524
397224931
783655743
944900397
460863405
23075561
396852351
947776943
961026044
836592201
163531745
265225252
466099420
226257567
635416196
923495524
249772918
383579931
237049896
565567724
936474055
940749686
870227313
135243352
851040722
200761463
133862329
613511584
208534875
543192051
49200087
353735545
31693567
858483680
351552775
977587792
909313533
594200191
339143004
909520823
173753262
319738653
770761426
594105558
493854193
392505180
895904149
482511211
333985212
837060986
56355680
113241248
895068790
851028323
311652365
345186836
526997617
648412391
93859674
260101941
889213230
783340765
739242068
417833992
787392113
809796198
233531685
607615739
874704790
657828402
14181990
655572726
44436926
327529071
391814461
616735402
169988260
276121754
641389157
458535542
304857313
651351116
279526371
371473888
486836371
935958838
458666754
180665243
546831314
6365939
450590175
260901142
500340516
79041062
20307593
390412496
580496584
352927434
806713443
684057994
158973495
288288410
607806420
676156808
822878995
400782953
68804321
567539719
459213861
694916962
175198576
250875862
7023233
635324131
955244627
237862113
503814393
367768179
930997619
851433274
351129444
52866442
60784425
868338851
207238227
753280846
155232209
965395862
307221478
1401965
36238817
817060824
469408309
957331162
299562046
16568903
43544696
603369562
548594891
86053417
867154516
891127034
721451380
851914350
831167362
199714313
253877909
865016384
123796434
782445478
886598101
212728404
421929813
955280168
332928550
106107053
227503985
739467567
468918581
69598148
245550744
103408458
260318240
457811895
658678144
358137750
781467551
49692070
335762085
938675723
194317417
900444830
819173287
844944202
984278756
460002409
331415060
208870073
37171489
7523913
499402937
290215824
841599428
524775998
114803863
823510412
395131010
514128140
624402612
193454993
789064917
304077127
134450980
478996743
840502671
763746058
630808793
263639484
193236205
473029611
418246760
204185839
529254298
185120709
588128061
986153269
393555116
576985610
971001410
872926140
774691992
18633911
702296078
461394667
570195209
955334919
261809029
735542241
343008032
835167731
963006738
267339411
425289456
142307091
149610806
890240288
765993850
340176543
4441530
220532697
829193614
67775575
15633868
564141876
589277152
295217098
760961524
656478718
936647935
128650592
429955296
818145399
543126728
751476470
418763000
770431005
601781048
673056311
908801532
885167751
501937029
895266550
920631451
358068473
510022871
150907348
778896381
386947206
35509902
697887772
220159419
53378572
572544079
750468712
43732525
706916416
3000043
138154202
872117514
274978111
194373395
605330309
798894304
214357440
405212434
144861339
724212681
673812985
723544090
379179799
288459240
92937538
431375010
119273777
718595667
933927063
147144123
657565393
54119005
438369803
516320716
374014317
620968815
238760163
908491172
376576724
245601319
792658014
707743945
711846582
767430962
463626845
800938796
633823420
690794356
896606719
96372245
706274010
952856037
365161531
426694665
105083396
663403115
656330102
409428532
127221880
622003560
453270301
31873045
109805460
559772293
345434648
84035196
433747710
758657394
820359076
984361492
560134141
305866266
28635710
899260018
931554666
966069038
11697507
611748836
824832393
291998741
797551588
428479420
821988947
837554817
440870111
704709354
688957472
11675138
411237320
710611200
964638712
829331630
781269291
754573162
792331016
760784969
597938484
152074289
421996313
379591649
367191085
875166025
870435278
912245225
536238103
400407743
924220327
465901511
495139998
139014356
651705607
44581266
584596137
835223137
824451970
24790881
209884097
272250642
118902181
640725292
395077723
422072572
347420073
109747875
19722780
730802510
524596973
274062546
106929002
170769696
368130553
859623217
189752522
445240744
924807654
922385561
558044141
909743721
301316714
40462367
780489026
223055960
516535138
272222963
58905593
920057446
244735492
946046153
930121190
767540135
550900872
325687842
33172107
781271019
984513924
945118512
527745952
760687402
892522444
805435592
875810768
650157780
358972509
324370301
770883801
792082388
854828742
139355393
910415482
902066408
466746738
300140375
