626084072
702313189
818313320
501254256
604934841
285998789
903631724
22777852
80396941
594023893
492241510
83127657
807225626
927247100
599648838
769647256
167430982
269226358
381791315
296382417
174349456
435521933
120118844
218546820
635044218
339262075
328351570
690752407
747543117
159565822
693438808
787184241
419646950
219778318
436304893
465736873
636031532
929360865
581965089
647568570
154436238
420561782
316393778
489203195
461947244
459659523
570742369
51721786
300803530
240632499
902533416
712325885
312021681
7750050
601170506
190562139
582194344
599766499
866210036
265672765
957647218
212879317
275234733
920831117
900585084
705057268
663480705
587447307
490942206
133911964
133615723
238070116
687261268
734222744
141946178
753787672
119128154
630915648
756599574
175384695
768519704
276629783
389948876
506910618
257032405
981112922
475162559
411896900
618607811
245742754
883542528
36265032
63150829
316292323
689921350
941556919
145327049
395562659
588618110
756889975
796178816
983295060
560779578
166891566
107016776
664463299
25064616
577798936
865803870
847382832
71433984
951278694
843166924
690825340
497153060
681017434
822930440
768324114
663798712
919472160
229894708
251583805
968839494
245199452
250369435
97350690
174919287
370968944
44301393
200389257
608460623
723565494
42297538
999709598
379205878
785224643
715850204
223057309
399893841
592569104
956048305
897363622
546093028
771224978
174308770
932263832
193098107
372325487
819139262
8903916
118626479
377002933
731763946
669145948
526995266
544595010
14455565
315580125
916522130
9666085
489544012
654095671
533497542
665414612
238922208
347868488
908981156
843457324
311619462
711928416
965167228
599873130
368430272
71229607
963423854
332531085
705490776
197614516
70890682
318105601
904252581
802593798
551829681
35397476
81762778
231457689
991801546
373151588
472714332
834610866
770769077
400270079
306535178
390227756
103025091
301952634
363866079
880678414
532302769
826440280
23282675
349640782
60706024
107210846
43736686
518753348
8572661
660534338
705722093
194464181
839104233
816841048
244689443
598416528
105413502
686950212
102265989
498100065
583651834
7464519
356066941
535829567
370742992
477008595
941159337
564897149
293337951
978202515
968204515
661471219
968665004
824812361
665311745
244450400
294822925
554611799
741887774
444618835
991660789
563009429
222885028
331267208
667429494
278250150
995506632
953928028
155580635
708118648
284814253
416074877
199686644
865766013
297026580
524838250
470373339
487453107
978897788
583697428
166051507
478839536
225415396
30370145
692329822
44250873
225799176
14291872
151529302
239042
303593603
550801702
945062437
657647153
506439275
20642404
784579489
24799732
868400071
92492841
481501962
987231308
409316513
585219301
693388261
552129637
461784575
102898991
527785781
140473495
774077060
807369817
575714009
158190346
278567327
512821252
337594033
192514883
638937384
623178621
52450974
981214759
802398725
155341592
404525045
734012549
471012439
542039490
359326737
276384175
740258759
445573606
619053034
886404947
102195465
178820197
69523022
640196093
336981882
140200185
582466297
122900185
486506090
11055806
226161980
496223785
975087691
786872091
379079825
993618022
683048370
592064606
385862347
245221450
40041867
500287201
184832582
253974920
180694256
959375711
81117197
919745084
743572252
251401605
400214735
328503454
188316782
689309061
55994880
99747130
443298230
697397938
855533000
498737198
40712324
929550788
494708669
791342919
929179611
908301259
758924856
684140347
162959664
365708714
593335803
148194152
59711258
373831584
846363080
601908263
993987614
815548100
459501837
377606170
59082987
662721211
379327931
235104484
610841070
897658525
307907002
285778630
730877210
279332695
550319791
985650431
736531605
887125147
204509125
110491077
5578531
393489662
324795308
272392995
200450854
396976849
756785419
377863538
658065801
252020582
268792195
814485196
842945979
454086615
105759514
627750128
237896101
477926830
439654211
377991111
550222857
259604185
180501848
31521085
600394256
473146226
953263135
883626968
815388921
607685370
411662546
172586110
169322458
735872002
596329731
600497951
490752791
187108841
177155315
662106136
905935790
1464392
577038681
358820488
628866329
493421804
442832649
276790594
173573180
922569662
747754329
258604775
447470936
826518013
560268219
745974345
212987813
293274223
671998738
727304627
443713713
873158450
562474616
50380430
840358035
96206085
645162738
107073977
857756883
505261562
136997336
50787260
300771514
777548073
472055319
548758464
682565502
821681359
402654754
106972451
30313576
676472540
710053787
892819257
859931040
153057770
725115173
342804444
175603782
850355384
387510138
197478568
515110101
449850687
218392423
32777340
438989775
526658251
518462451
532660244
848259065
335758672
419033710
668311617
785572325
696967069
957833260
669922861
354462693
11509755
63408843
391306452
890619467
565026286
696991051
767241172
163104663
669655357
190449389
687300264
371090911
302358294
931470193
7401498
117751423
939518767
535677157
850920825
559155650
439277979
109768689
155907251
303218907
869994509
258713385
694554902
257438829
41742170
107246932
162963970
195224509
55192311
988341750
164094027
786946541
996203684
306859100
950083814
752859635
451151249
869672676
769334416
336208861
831162186
161569333
545900771
404288477
411632212
550560193
846053557
161289912
106912434
110767211
915184712
901741064
907501590
88087544
20624958
306312901
2436148
509802343
121362492
562408425
27485419
492075754
315898599
314016543
767376166
220454955
121547738
632659667
585593342
98061190
108004400
569605302
340434272
819698388
472056720
708425175
712812613
290266425
845806616
491181975
261193374
1674058
88312074
944425098
73157037
262352961
879444949
908116139
286234141
643770912
750423486
941348905
748310183
206925991
308723442
339086431
845670732
231884227
636912310
191177256
429012455
213393889
575696568
8851244
2762811
345579409
561306792
87803202
616030823
312199781
593500286
712169722
663995725
630180516
301215050
25811360
403763680
371473500
240859505
505023204
341010005
213431597
346425525
941822428
347637702
166655493
821295118
133508280
510974946
132970289
862754441
480928385
653354114
654629360
62169519
47799484
425977488
79460830
941662287
727577626
701046168
791641747
292085316
974034358
50270625
38253764
277353179
118129666
905710939
282912081
935322750
474197232
991024721
131889105
850167250
215580858
866968363
633874138
661213540
836107316
524284290
427798511
576828255
483060533
449445339
112571901
58815608
9366365
568010996
253415565
599833870
324302849
429811212
513281877
803977035
549368256
921346279
372391165
891551802
309383937
889302312
703165451
227797340
228062864
197647537
388557209
489903663
521465008
804462108
846588660
180831120
792103348
418247289
105554970
203293336
273247656
214813492
809024781
524589019
937698723
979438155
267986814
550118669
652295373
683078209
611019901
44386020
477742843
327912069
300798993
294234578
494577197
742322335
351829602
946805002
821118837
200001171
348765390
285412995
60888129
622668237
537350598
204904255
721422335
72584445
807730521
906055558
324256241
309988541
530729378
334554763
112321497
847802145
953853078
329945781
621315498
153046782
575501965
544984653
586627635
344171189
12160819
193552938
503663114
552354081
686253922
49781013
66417686
158749967
382174497
73246485
866048100
523611786
463700889
315030485
442087556
63082558
828696332
579710928
875347687
704964341
720129778
167754302
797182690
966244229
181913080
646775050
788469255
21883821
325489504
668072055
624499205
803780736
698785359
716716939
610507418
343797660
701241139
169068253
386330521
757949507
839637872
165506273
927814042
457482893
468506661
588709710
384101255
638822592
887858224
558232939
324350449
995791035
669636964
881663293
624041409
844406516
396370247
537418884
370441000
39478871
261311757
44533865
833260462
714102441
448747278
62267364
824826425
746983949
704523066
98289896
361841417
659628078
193380407
117398180
865326467
554623504
239940258
339699797
497737567
593203369
262673795
149646662
134025596
767256563
343721606
628708169
134143771
817122064
92675529
766100900
947427411
163822255
798627252
346851649
496637750
795104006
332245810
213711601
8735614
406239297
763883283
637117305
934299525
789568327
196391522
664722369
802410627
552238783
16336825
69417905
604466257
56670450
39681317
777237630
776805075
111665094
910508268
66003899
370380835
820039107
928123591
7704361
654308419
938422164
150862483
198019162
861000825
846528756
620760429
70222461
222377693
26228657
330964182
91498269
829320085
625556488
215347136
344457267
570865040
678999235
826297540
581904987
800785238
23257624
161634643
890756961
124140937
21389622
570046572
384972655
884595737
266241911
843330764
188696505
478115705
756178922
982808885
995877359
638705844
998372358
803721543
955881869
931478353
946114363
847040210
578237600
725706266
948183047
947917543
151248587
896317957
566051001
495138857
691381598
993741566
346218604
206919121
631050794
776787521
260105520
73878225
839611202
276482184
235787773
185626722
956135780
182897891
142267676
613382563
73141163
642747602
219469775
705751421
572492681
875277691
870415669
650426632
854670874
176217412
583397041
165050695
175957889
73472077
418797985
488654697
318544735
771103053
151949165
194954938
131897100
549259800
351758090
219089837
378600324
924494133
964110339
679399685
695690579
760487640
890904428
395339708
583438590
334800483
874776380
508500983
676848181
860299578
922646175
816103906
123325896
695791971
352248246
454833382
193390480
95054825
897920335
766139125
857684197
747133075
867081985
185032727
30948725
947312736
481485462
523881361
290989512
379938
327151097
647998546
911167350
191015984
954736051
94183233
285312982
188057333
581612103
841157404
198695695
