68293882
70293175
750516242
551014146
732634344
473650678
193535460
117788321
798893184
247397587
241966514
912477539
266130839
963962492
733939876
579440582
936887763
170152085
321104988
844957284
945836223
899934507
911281265
473676857
449900898
514545031
46079776
492419573
759490995
288185733
657632569
890927107
457908819
417277391
524055946
816873925
919551772
613745641
16281412
208889533
630110891
849457127
590823328
86278392
247024083
384482902
771502171
574584106
186556544
829385459
263981629
261610089
141342153
564607945
684090755
168359373
159011909
276839385
101113248
218089313
427570901
701115886
358297325
510707451
589765017
351039406
454568719
848853447
439906545
917065950
659888809
323142121
153870672
112215455
214846392
96379095
309111179
825002872
226652773
65417996
743042858
471495669
305863029
930105534
24204103
396022480
749584953
893300873
733186635
355696573
657862016
642712386
512632393
798192098
781318631
928995003
491159802
80115877
496513374
895984676
929914181
922648723
134677560
269490592
169496650
940839507
107739416
29126698
349761552
587711659
859248192
334009035
50186611
35695251
475046453
956075231
395252857
428191789
486503347
193742536
601454451
561267845
115666811
84209972
259203934
17176422
810509727
355678573
330896823
285851388
605219292
228995302
328489498
330668096
135503813
820394133
336818108
36372436
760608884
83364595
288283063
720458255
543539320
145474976
496448379
323852980
592525775
476937141
323145645
825243398
533742146
62968013
593612528
302770837
294530224
368646336
806981912
50467588
10286658
152320227
130329779
752060842
698229874
63910164
982492366
630252889
5519537
719518514
900191437
654652319
619257123
358880420
667582903
403138752
905459472
880996195
17728524
970191833
587761591
935350952
424650646
333572585
32532928
505653423
752109240
542251278
635382773
25718660
36137871
766857476
13412221
286350519
26085778
608288657
953034814
536222219
22228381
479629156
162982609
866195488
318333443
873007259
576745703
668493324
205986275
174861726
395385108
190473775
397311364
413534028
350917811
836790077
462705995
74935704
727669579
796757192
719527914
192576450
311800923
440241087
994870115
979800876
683380642
133333960
641240097
332906603
332794641
59294246
450103937
369237252
858767813
538099367
807209224
721566102
617017509
551643385
756826881
364039602
299667148
577247514
146866170
444908998
628407294
622603842
415939665
176622142
823644523
951150073
880619076
156277621
816694303
829651929
167828233
722741520
871325372
338532566
189626617
443411742
27253227
873079670
842067083
336090862
740369836
28074111
554766213
812818442
29580852
741139892
457918194
176026194
39930311
355488312
892909301
734553407
293374917
549961117
351393581
60776799
717394294
464617954
509262079
381644567
178675169
293826315
552542947
29115883
370271133
84467704
850240728
278484942
362016768
313415139
336786374
426587476
735180429
810775307
704539160
600333182
67837628
603121221
147041290
82504630
493231878
704592881
116347310
461205991
936742627
433274824
429366603
321364254
987138983
128849817
726017446
562635271
363817591
460422515
157415692
446543521
475531162
525650330
442547308
945113147
890899162
179433251
814009424
726515170
18701937
466321824
999372977
482599609
845421955
751060397
992939169
114273073
317576664
426757449
888412687
474082286
177479005
91336956
92373255
936996308
655101100
528876473
291345957
233166951
587397692
774151102
62769885
274757914
653359614
257995639
124802019
542187297
160573912
201928142
191605466
313798627
890583456
389832139
442504053
470420802
433901846
946766992
475942298
236078585
135910646
611744372
245058607
937060140
572009826
683333404
269064515
384194206
433277074
505550999
290012047
362022688
888087292
580842473
139117477
244550834
403551939
724615063
829239993
587426316
626258378
450751872
953699160
115648521
235151982
574614060
583498829
787646865
648832902
621952451
503094462
708334106
52934175
55267372
97256304
975653318
529092495
125709743
702748086
970026208
988931122
740607812
108910222
655022911
911916094
829582776
425711333
309740982
250714661
197953218
66868863
709286782
117526999
888515980
609820206
685158773
658045211
129410085
701908158
997395764
99834575
481417649
735361302
811324622
2456536
581677939
309088513
832819920
483586169
163464158
715458338
277842195
21866976
859213784
598495192
885650564
341841649
298676248
203732426
405569204
148902727
273757847
536932203
450879683
555083587
793807679
590807106
164418194
445447164
412097530
317608107
399682409
423801583
705352320
870191633
507513473
5246509
297585599
652566374
330238154
520494263
592891412
826154812
87250503
482494878
789026666
687419805
258313213
290020787
724169641
343317124
359368962
925677657
296338954
848493037
826076726
944485445
284481618
256241034
208648856
990870831
144670318
387372756
71488638
845856050
315775928
854040610
316514655
989022150
90981719
880404054
44256049
646109872
873494271
885074939
556011314
447603034
449681700
968384804
766056919
106387874
332493893
874397405
721277522
68780405
958239143
474004751
127462629
856859281
44114906
563028027
720764889
41344564
443917518
339367321
375823945
205518655
754666173
241394452
166718949
934986055
370905149
269291062
199039067
843765585
299061074
713259089
52183386
411264013
292481723
378473692
494803744
316096813
490184113
102260982
658376938
270272911
666095233
2708232
887616905
841771176
726577980
459655372
944907243
527953691
159639164
2911484
202192354
534126949
509250994
350492658
692936859
208287248
801665854
831070863
735482723
63202830
675358338
877511935
769719330
244980053
421821364
716198614
564377558
665641212
68224282
404668076
551160450
341656535
680990381
105551033
539423421
751957940
353777545
324947772
208408074
911249776
324383817
671085374
684126420
296149589
511066734
518056435
902013018
941989064
685536832
286516496
514430958
659113248
366778258
595174108
594914572
788583296
232988901
642636851
419949811
10379366
895277813
279266031
459729409
754971087
451751033
860535817
853136566
403699961
811069235
940978918
854509701
476718081
622662789
824232945
738819011
4272963
193385514
473569740
733913317
903764928
814185595
622388492
980104379
781707785
890237116
892047200
974878276
85816273
510636459
750840123
518969038
711140692
904997959
198028708
15971962
45117786
211355965
929155332
844398555
650530916
664919867
498313056
130919828
744557912
432006793
37712876
36450459
542545311
856355095
590641608
595197782
759419160
908723533
516184882
196193769
272889320
299161651
678021623
864733969
559703832
885657540
767320293
893063500
60229111
422009879
143369009
571720121
424634081
808260982
693701224
792916997
264230180
629171183
83382401
238845060
315872538
491468664
235546466
349700991
852524240
855596740
432332964
229461176
919994850
155642341
759549877
802417158
388813077
1834938
743082641
745956134
533334340
64421362
284694723
764873374
897599573
605249555
70690716
322548033
288637783
465992754
611816377
734284327
162653870
797724609
330967601
130247976
825341131
277339821
880321229
781420655
63615184
328320631
12209729
704107090
453324576
537859116
973068649
904586769
662460001
340951850
182907043
422799142
65178341
947745089
259582657
199808818
344476460
318509025
341245486
710622982
420777947
912998431
61063208
386531485
243780363
698048635
66807305
122270240
824674738
629301900
977076025
111473255
121513707
961661985
682340949
205013709
52211632
580587631
311548798
359740456
632180905
166103945
660088031
947685932
283085710
189017235
669105986
214908780
538141952
131158783
785771514
506832105
936094334
169698247
360642707
150616751
267257423
625678243
460326727
755275939
471051810
850798408
79912031
33158100
363875823
71433788
301285434
103516355
265404139
54568948
147597185
763888828
6960227
981505028
78442077
254674001
252910400
113377274
103445774
54763128
28942649
851898524
584128286
693515955
843530384
470243919
175378919
951815459
601019277
531724197
937756284
426533388
120260904
556272857
888688644
781382495
86191914
626929930
583810108
211651922
887731799
565589630
949504639
483573004
983561597
21882686
499871878
954589304
91256170
105968705
897706350
153880148
522232468
405563599
726333290
619153285
266670122
386396074
189627714
893631902
896054868
349469973
502497076
733679940
116812662
721063795
643627923
450687368
92816384
297059580
168482086
625980469
529567165
891793851
167031327
463353017
902393883
100555282
709954356
821647698
970372040
220789613
860559288
495050572
634017846
783876135
904300919
714697304
829939566
269535358
514712372
699795839
437302215
690178204
315597052
538261825
63092553
215824699
366760341
262497801
378254762
49184510
861772920
794196588
937486617
271725881
624312982
630438615
238532272
262980272
716759400
166114839
676441717
367980015
923259861
675265254
488910684
7446504
99662093
332936525
816762875
928930618
620747800
823281024
782347207
468686246
188678253
839388960
576196798
628769500
400260463
686569184
733794939
447456555
443392935
921187529
359016692
66362700
557563954
362291965
159563153
273862303
476165032
566959293
552775956
348597533
23354121
69322199
766918341
640331797
49351141
55646049
116162605
33823816
445734925
449324142
428436708
38491895
11849381
468800370
83047627
784924021
54241816
609762770
862719808
30190216
432319898
228985161
924587078
2072331
316248562
422547983
449882548
737370127
173373371
542900571
452765586
53788506
270505067
433749673
445332125
119356053
72470618
935865000
579418358
344614413
570406578
699971123
1721629
994068792
492750820
320524796
54513318
88763583
279244337
374639131
219620486
866402260
704239484
522585740
916277633
794368959
144735120
764846009
324083234
626803157
605763499
378792477
860450443
902834352
996558555
374648202
767986827
578099706
23468245
963691573
712453402
118376815
30344412
518105394
459783637
732348774
227263531
930518285
509321510
995723765
