290893154
276588438
956019172
204218409
180852711
130075086
941246589
504245433
766091373
911758272
642707969
584907291
362074790
416208332
947368214
695101465
362887024
948852890
187188023
453407413
450436839
967985214
11610280
188116307
239950016
502623121
358602152
231722114
81927985
401481560
642097207
267790799
813084485
375422780
622256256
353347796
213119823
446007677
920584804
16357000
74662998
108611850
630664894
99707507
173754303
263397604
843227971
663214080
386149295
837807777
653489510
710948026
883476060
104662057
437722193
322907939
264978157
767902864
964268392
678229588
771472933
709524474
422317447
364609813
269661065
374917169
771822805
986652009
793952074
594020417
481981641
916879346
28268086
170831022
378744415
341824989
337320320
911902771
14362004
976552410
659395148
695388070
845572818
244120207
747992048
931149180
384314738
708422427
937700586
299348317
88369639
445216957
481739283
242355215
244884066
365138522
686294401
266055080
830046441
798837132
491574797
856575961
869262004
792128877
355826136
736610163
682679940
712645038
725917641
95897203
985587618
353075384
753540860
987715980
18834440
76084862
863951655
178197240
616617764
338511884
990602430
63400377
48951422
494603757
505650778
36764684
435140063
785912869
925946955
13605892
655530586
71265239
81856329
215524870
484977613
802819185
826126064
53443940
888294070
11381885
248469239
671669698
982504785
841803382
313760698
735294253
691676096
494023301
223520775
168799203
501186866
508097161
649437315
491534557
808234700
428174419
807624538
374658247
286478098
319061451
301470099
896767070
786698082
712311748
440366615
914322378
271219055
538015990
502738367
216015253
249958797
810507714
289903169
605235878
90042644
318932731
80895591
207148039
180843059
770356524
345088586
941116760
562392093
757147751
512419025
147433425
421827923
590321771
407290168
56803193
995194645
451467817
766965840
569232618
709911784
351702168
884971615
270193036
401436766
399438318
464075198
153660105
991284932
7505522
918840405
690679150
218193991
44201436
401491913
489301969
347278828
600476499
193815187
516121573
973972863
360353337
334374976
29550330
199892722
292933190
492494455
680897283
130725821
445935173
220820606
798490978
43541873
720670550
895324092
738340475
433961115
810702553
805711271
781404739
306281326
191428481
949831827
554886571
838307344
821739874
929239432
377626486
188829857
917988198
709524364
394718146
257652629
250844267
595259753
349558446
17327192
855421285
70300314
108503576
906943862
783177914
22934284
545349759
786684915
120349426
647137276
497523440
148877343
663151437
55340853
536576273
794765227
412410447
209840247
782544382
410521509
779488403
191242984
378152847
363693756
114867968
492067425
212737622
736410807
826102458
540838349
792697605
125410797
545765645
721013282
578539828
740402239
697207694
874460876
523103411
168494196
404482067
768201654
717957918
174602597
431715992
228749143
525678419
862647344
172948091
599952917
845242181
41004020
812715369
939036935
237838787
664178300
692147465
744809819
792075893
291110488
810196660
808938950
960582455
579511076
854439670
372112643
603111696
942138153
476801024
796174033
97557533
537949569
686736835
614050185
6039442
11286749
473285065
203550249
931977763
886118824
966389004
350090277
563462716
226149541
695596166
751693585
312695426
606728708
483174495
914361527
48254773
952397874
82384983
231992922
358297535
595543116
807619198
138446841
320162926
59603348
625637446
583540265
385846320
376774057
502395384
307292611
354267183
198665183
932997493
226552038
190893234
488597215
812832055
905957067
324721483
460106383
245476233
734432914
883914908
102746085
59417217
996382986
458963657
562439495
747919259
145159657
455564586
454743913
255752650
410496324
203667549
334838223
883387322
872374414
260481378
382848738
964243955
186688659
723754155
388303555
397426401
114030243
673731214
256622457
723468293
559657557
139565818
176427914
907271437
898191151
350066882
73186283
254531932
217416841
186131
629254459
124576608
823406823
628854796
357235726
851728023
899523269
942912531
522501169
22884488
856055009
605209892
940457639
645475689
941872743
495862426
58787574
10678758
495611353
705319683
945386972
322651772
202341200
838971201
188261702
5593839
279136672
547472474
357561498
60429441
130481265
80306291
665970480
872188283
631226918
258272130
140837131
557833861
366518428
536575530
497903130
171117710
151230044
233737968
867413282
954447663
199108178
530952223
965398693
402328724
291279308
62507525
758920578
512097157
54799157
306602686
922235406
984435621
440593094
351641887
572591351
352050795
585351033
462071727
892403221
775748718
939239411
68269355
14248771
683600612
355025294
500953711
644160329
959035821
207416552
774269262
171421727
968603230
971557917
233814037
806485659
748184447
582073779
955232772
769150131
67973740
321385712
153873323
817389125
324624231
336036722
156401509
117240766
14876541
963984177
145852334
585766675
689158315
341334746
91664564
15208252
130838822
516703452
281798080
47303430
790325596
418347195
799884755
304680604
280529894
135180959
953632175
12877703
206779057
545156227
824406902
769977014
630118260
692921594
824429480
454363005
785366087
250880228
689624538
347563889
198623785
383712944
629283787
995051642
61564218
188502586
482263410
627268484
879893353
218605785
675646836
231480995
300275699
907929342
978824534
649626544
521500955
849192718
536859231
189443271
382404546
143523805
910461708
469720313
139577275
375875319
955648414
996236720
516905264
637301557
229842163
879958593
827078912
934234190
848679644
406612652
789063406
804833111
243116386
92027307
652917547
326363690
132984348
988173270
869509389
592925907
469701315
722188917
714097059
174802936
932862049
936173368
714020995
500181266
965159342
55099979
473251234
159563474
855474367
685688898
232854171
486026689
110363220
242591796
988763621
795688242
404402081
366041507
59249698
572211882
860563137
716667842
606076331
444831924
536525723
56040855
10539456
922288437
600210922
546651366
906174002
233459497
282139660
342102328
704439506
293668793
165937597
326897646
969074847
793579664
933361416
629499931
949358743
557427487
859173134
166890858
216000470
890392551
999409648
73821147
188523826
103659807
662939218
141885177
314239797
216194206
330097036
269189071
963655542
909118486
44560522
550962796
559352551
308823001
779514894
999394673
203887028
768260891
538152288
695094827
629750644
77504435
396966659
265670032
638850464
231063206
767309098
48648844
585658788
369634865
840040383
120146904
922878787
526389775
358127539
802514195
570520277
140254483
27862530
488245300
963571756
896748524
363242102
59956360
749019141
382398620
70147380
640535741
777912591
859778460
963003828
447739578
352240263
304314821
444070501
111019391
706693146
397269186
503034711
83176591
448885107
281448191
683530282
594020677
69078102
924413617
628084007
32962776
950695460
977000698
428874396
63632545
740398360
49906988
731523070
733002119
714262331
337010299
516650889
256451844
160915825
126773356
270736252
725880326
406631035
392300805
767906639
618563966
82319273
247108148
95821048
173251090
637219770
944685938
39360193
682123564
213218242
769221424
990878256
824605523
754314612
37184603
689840280
800911892
430904064
899371282
707341217
302333275
572791750
711068381
396757059
369682847
880618295
246582867
922260764
322111750
10711939
957649954
187389641
676777296
156506977
9520040
950643501
703587312
881179650
255623305
426412773
795712421
10546795
49399505
519783877
945040906
346132041
692045365
502137230
123731221
436933075
469824359
294976262
507259752
684959587
465573364
45772216
371250891
850351088
726138199
292632794
390636903
22425173
717248441
671411624
255568286
581831782
314100960
668098545
744794571
86541101
986252966
919732240
175280759
472958509
911628794
291786480
523392244
191284504
451716151
23550806
188572930
744445635
798529542
885178673
540887579
662673692
680129888
991817708
690933612
963747823
579392610
853236223
155041451
962990509
35775870
773287247
293298352
377987880
264215590
363209123
32031080
23946820
757342658
37190120
450680108
550092117
119695502
34301243
773330791
173786884
522379970
179966387
398634936
702587392
104059864
646191266
223895630
832069767
130524045
592894593
901701893
322283251
977164932
781046746
507148490
133016743
764690789
212290248
437182639
138341547
998488126
145404364
927068912
88507028
991519724
164626109
987102976
761339421
434498565
990795461
542978189
645828644
218486916
517146727
441367852
399426223
454601286
452454057
858930645
389584602
549391617
461228584
247463834
671320995
461507228
709747828
46781887
976295910
530041629
317663364
785401326
907405253
597118603
634989244
175298756
376975606
252897473
310127908
711067666
939433753
659088289
462556207
397571201
139728582
49916403
255873248
103796334
460018204
339678894
107722266
678415455
312236732
353359602
47598036
588949929
537259542
897940528
255747916
626999798
281771896
117844222
10807065
231297792
116835201
205394135
635572935
48710041
583497671
341847970
64392246
146528749
144473378
741386389
919496891
730496311
86835409
63657382
107735251
621404592
205633980
605951493
586763681
636617016
422319362
639247907
473164593
554045650
549520566
46039314
638039213
479035076
997149555
683128108
429295770
821589530
648281224
231258415
280736000
934334446
414343467
207163207
520298662
118170233
275286647
961193516
533942077
570850342
433862710
317101724
502114519
473602160
790205276
634343323
421365818
675820402
531080539
374190047
808978428
477587292
732229540
81527284
499189474
537458356
703808756
585357168
149379193
461345268
312090619
97907360
82215086
855576993
782921380
173400804
207061124
998470771
85652830
468593448
361330368
461125845
105305829
902314250
120182940
232418841
543924794
164437053
688829799
362806231
261762290
753475366
290508991
274091177
422279985
