718696218
418967047
285928422
583032240
518026346
152889557
124662966
291315192
454856631
728289085
965963250
256430065
445836160
929722222
973886497
597091506
950008709
845950800
613870524
616765081
377270698
725039554
388615939
668912564
676999013
959787318
910864226
908328623
848109890
991285347
539863578
12394484
47745090
564851070
157394067
608409723
239412072
547403169
56680677
475183916
953760669
248092586
915512863
463399133
280852512
190715133
529471328
784963425
265256946
109199626
332517032
203366815
88294444
698973257
549412361
993656663
30351107
617015857
906033225
558239027
242025330
216334341
443205300
463571282
188425507
953568766
208684974
880985088
772328154
365476773
357679433
402605540
789270123
138686608
663004411
129178111
809526690
925216805
388060051
486283880
430315989
125900801
643071677
738910263
658768314
336496762
924100039
348771832
15438709
163737402
578058615
622396214
641369942
498441648
233158586
737426328
804887285
451941580
274973626
327283744
982030157
648486239
12635270
899780171
751520191
929911490
414096691
949607834
35968846
420234249
184129973
105134301
228955806
419749344
127923037
116124528
573262662
704295036
804802966
851928743
29468727
859913141
865546379
608590752
787418156
735283217
761235597
290828474
905528021
925578081
324290825
357585109
650243179
60776306
504253722
781829749
113265530
743291505
987390071
728856823
922400069
974492203
312802986
595204459
979607428
472924314
393440408
221620598
370518611
117034057
164163665
100592249
647138613
423044881
297815017
122117015
782939858
404044517
112362014
16236973
168675893
123268217
44079813
110390763
95943423
826544862
454891121
168179499
915495621
346093287
2858998
829971156
716904963
75946143
929528672
54976523
547110155
270341920
628983322
314493842
341842809
539614998
920309862
788493963
761414416
223698576
710446495
227198297
762961288
382136706
998889889
709221012
630929490
971153097
560180929
799131852
930412389
202412222
499261035
153062565
18033192
225260908
306124976
24425324
114175059
334192507
383687284
571192470
493516207
242838493
575006859
512597938
775061193
797868170
674394163
629060893
202958354
255585849
348976345
872244845
116098367
227692824
405218210
533358914
347203396
293637985
199041665
745751865
515765213
130396820
124564132
344697932
771080883
475920757
296460650
116581900
233490022
895884538
674318904
427221908
840011291
139254025
733682088
520122794
807129845
486291951
934159817
833061318
296758933
931120034
596173497
674826540
853435876
627016189
36964198
790340367
820042696
772766060
677221926
820537073
135150841
637935417
55427256
363119387
118274361
230308927
741517054
299140436
501407520
557812262
395570871
307073815
581266943
921754435
32233553
976844341
494010734
885095415
726229067
860911443
359478167
365980346
448992931
584645177
534223322
449737590
491262055
144064694
438956558
506120281
296539203
460723960
218662611
853781830
292071067
202075874
83826768
370562701
401848432
576820918
744774895
635019380
331653798
738946670
535549163
289099681
93559596
931681439
594782635
60119855
296329632
934947280
46536993
816310482
461058906
769170494
188942485
470782078
828896064
668536769
739046870
597452360
860183876
995287237
261273059
934846909
88411204
727485112
629683368
830157678
893017573
123448033
483246982
149408148
116136548
724458785
34326547
710046260
49096014
245123640
356177994
559580614
549282057
378836703
209790649
361591921
414186967
402352127
392722924
522900571
13133388
613044689
541666635
733311662
837774047
147322535
774835502
336366559
477673610
600702252
200688477
366074482
301998071
764624955
167102281
172881599
451700297
897128843
700173934
736600119
734843947
478896223
421686063
583772424
312358775
179466256
48170302
481347173
785496588
899681136
520659941
686059075
334762188
106782797
817024289
279972884
581781396
749935319
311634100
968814011
949623282
697959987
232372649
448393760
44435162
990103510
257582543
784657101
211734421
36909049
909891623
517058123
702178192
656122803
788056623
534237164
191358625
957894210
420952887
658307790
99152232
293488328
550869970
577992473
80042311
514629400
31312293
195215274
947600664
887129396
591100202
701764977
585494743
731359921
786976835
36883959
246523573
973292301
539337261
322255263
921883712
263513200
269612751
748587538
989789511
3601818
983880881
678639384
318726172
282787125
88614258
623887184
328982431
653326308
869661778
656134953
147090016
654380175
368351449
529805760
958791216
62367269
837056435
324605024
445808846
208126646
931563378
970818270
869145967
751172663
287713590
218066323
418556948
98697624
736424077
835639031
23875576
802282430
588202960
76440493
530748518
352672908
876489100
664813539
798515137
967213016
372782545
932168433
861698141
130841881
889793942
592143397
604940851
9531501
363464045
859516442
426456764
945007726
302778691
781662865
72038438
13062611
809493416
567553508
995073534
870547933
205330235
230284807
916902229
34022747
632259376
344807585
66177214
291910956
999057241
606118308
185878168
172242895
526089885
478595829
835344099
999394943
109120128
738304085
861378720
695570191
613125470
409025447
735233577
876907634
409182267
78867849
499503738
806540093
4402054
517685907
543179491
308935591
669740004
927967202
761882780
142497737
15266204
827675394
498582503
544986357
525966182
313029895
10474259
757345736
673638274
254213868
418917840
824182861
946318764
72643493
903942481
71189330
706174787
299503342
257422463
796304787
495051229
39994595
624840478
553391527
845303845
259637120
287508901
481371334
62938816
876942575
502502890
598122682
716713047
692846362
984128739
281444732
239721581
316392362
169604009
300095575
398551188
977887839
203269359
154968399
659950008
675320876
860221328
931758559
613743424
471990160
602760802
370236662
670544739
965577992
647446507
975271607
202834916
945190975
699682511
266329062
25520993
529102923
694406920
796695697
751710977
820795157
107469813
253472402
88514753
622497748
831467748
389782424
129899332
957326887
397753598
517163388
836725235
469872079
893441517
169982968
399415790
355750341
867627908
590948654
274181773
132266227
927577941
751135054
45399854
8857131
78609816
294530604
616709850
903274945
274574581
869448263
283480919
406573660
403257420
839154850
567851062
606748925
843243806
991245674
640522411
212978377
240337329
713217851
567824394
130283119
138546372
732962835
51749458
529699542
866913270
669770651
661475014
103458265
522513924
619444749
893217214
356334758
208072548
79657621
543887932
536937144
773072572
226624385
682752305
528305333
233682468
430151574
66614659
54286666
602131905
792666864
512506533
876382232
950426242
61203395
891928896
214360090
183310659
915116733
870310758
345646980
242781145
87010308
36361675
604803929
207973249
180022654
884059735
783812669
945937635
211516303
398676377
763586185
447357742
103585266
439905803
13712943
30465546
39519060
896600650
708394797
666348176
997462790
927567636
74246406
157264117
785092780
153032022
461310528
727515852
678857124
173024098
292955813
209346861
198240951
294155998
686062264
190262710
77948375
320332084
53659814
546091837
282801988
108349030
390615601
393990486
748920347
429024489
846840975
621297590
878215952
183894544
143791599
18516083
161915960
679298802
245318353
159442671
962115267
447539812
422880467
26990631
422749206
56296817
267080511
38492205
105720564
554239323
249116790
809429267
753843538
823450232
952517169
719186974
842940835
162302960
383546188
889113760
536952034
680255918
408343769
356068291
306191046
840012937
849299898
494962579
29232499
274439729
47430901
518942148
48837644
526619592
228147441
630408562
897451616
26669182
123342630
226505170
841268518
352123396
288269922
194681023
179907699
37411707
867454051
54765720
231377373
424604623
175575246
999612999
295752614
356204592
622490635
281859348
39196042
66812176
720799584
582736268
206996918
772117930
9259705
831280833
506808422
730174641
760591622
227223945
595302790
322108607
821735357
816271652
38960329
157041017
47845242
184828638
391985996
213662745
176160592
268779338
972558885
794534178
263585205
604627874
98864482
47817900
223189534
692633051
904128956
946288092
591212519
830639440
305869597
540606361
19508252
69150587
342863690
456989087
687872600
449733056
276820083
640230105
459462928
909268765
602869265
359303592
960652670
138711596
308359349
437661997
889873351
825533296
890651583
452020246
610177382
412462739
508532724
404631830
732416350
458990521
506985106
67958571
323094988
649014697
730896086
991095916
510402055
498353966
137532764
978694654
841964947
934996907
525790144
726427534
991959253
332328779
335071249
354316439
1758608
739560888
87165229
84477937
384273701
466466958
56414740
765679222
939987855
853849350
930428978
607045512
560617861
938231858
724572735
228882078
942747949
208861512
317135116
810448230
178372679
611773348
848901536
462298703
1178832
329664694
595697049
954876442
299743151
164224048
460060992
277848602
77391489
154216285
402873221
992855461
371825292
422507168
683684869
856628028
592599956
965216862
51108060
656552704
567924987
530487250
418076792
903733087
210424171
296908065
783679584
783097741
15193663
524623017
175943760
389985259
890659351
624866524
83299105
54609006
870769908
101538296
465936070
775763806
393788357
652580376
529654022
406401576
535358637
731717273
857056785
520240780
525176641
460507087
217848273
213155815
560665287
192348831
894373715
470691580
911587901
691963960
744452271
2835086
380544463
676963249
262654939
552768470
978272524
12887961
102196109
746958766
339208063
629075863
985858119
491061660
499280791
275344252
262764346
915344609
833227
11675215
368374449
478706896
439851278
263438803
257921099
554686574
306774744
962787943
829319971
698310519
730492808
612607523
143021103
178805947
357086024
463100984
395219343
716825107
389925437
976885551
428129051
522470675
629521163
110098019
181032716
