786308318
761786826
268569070
349071103
958495719
579305648
307921788
671941768
856562746
530709413
252594713
289921641
406855004
895846474
447365612
602895288
686526501
789272761
26439944
294009435
234803038
583747549
701918719
828025411
731131105
420226681
586254540
753477060
740423958
178809639
234991986
964130326
169413907
203494581
617653500
69498414
239336590
167836977
854984420
225951746
893579759
251645077
855597076
811361359
846102439
152793896
76194388
992755924
652104889
189300140
505213394
764422670
757680922
24815760
834925976
202560769
59868106
440543657
617939997
538269037
993051106
554444727
931517809
677753107
295717426
288464386
120507733
203360423
278192974
377867198
363558698
518689524
934288340
800488196
400429675
983157960
728150471
890557358
981922970
578337208
344032293
593498615
101372171
551123818
673596243
470569314
206449403
144598146
368568604
415092730
9630308
798792931
549896979
316715382
232900639
339135032
320127267
177843969
515643933
557638053
32286162
872833963
714562950
274237690
825741440
986523869
830134329
957192724
624386084
851768014
474410297
169310746
458620686
39602788
194236744
399552490
453072555
380393990
4156863
825148111
82014983
975909586
834791818
863100242
368236890
564765766
968792543
617572957
567587556
61294642
663030693
550306502
374913425
424284917
546051045
471198328
878935664
827134480
725382377
687072373
640434984
249256677
520212061
516800588
940682432
840319560
340172244
510294190
122478638
833348148
886062475
939733275
173687105
690495820
475623070
56376575
38042145
851462706
906000798
260975674
17731325
212561372
389605168
563091441
188737321
924103793
794397319
34335768
493551742
723038414
520616824
625938074
655011612
317084488
184713126
832758304
455697524
317991229
922417808
527917328
224593521
458498352
495094318
734239406
175232165
723297416
376619396
684417604
948661846
489674469
433156182
27472957
921133680
464406702
669341047
427873612
859651508
957120618
328063267
16578638
45922241
305836476
16742448
399440223
312731323
260124401
284721663
856602616
505782693
642864764
600679050
720050915
929044897
378083469
36382152
559232971
717467052
655365760
387859275
465439903
547484397
109979715
85673921
3877272
289882231
493143867
704804392
190604909
647743439
756839513
973106794
498576904
989927960
905839169
481995087
918757044
441755904
95654095
421508083
915107763
438575753
520016779
178634910
305797081
888995418
713105266
98428059
543050211
428024550
110108076
710406558
204285747
569261342
862623363
469094240
935942525
220162554
12865176
109557991
819587455
555320007
94116753
208859176
748943178
669757968
102102145
730122953
23205727
896088381
117625107
117477067
621812957
233857677
472751511
26864149
27467617
931344803
779876838
114881853
576776964
394715808
161754181
762580358
537635363
46432955
768821047
929315560
127304597
436744929
546052560
698594489
428890727
986096103
601920627
359787755
344459000
311157603
429691730
636039111
786893272
982982312
75222331
646961828
310399442
992631007
88593601
970428069
96509831
835759213
441626623
4597721
440285715
897983322
532781026
424871647
393565826
331536393
671223811
702510223
900936920
172786583
602818355
586460797
350035820
419030617
688586338
635716852
631937048
112963756
682405148
716310013
501653073
143837726
327988579
593794651
319493476
514792351
452180915
545004355
957839352
798392976
832805729
291545383
995118305
541454839
258308773
530907404
453315077
177048980
966221928
12922606
639933790
727181505
735102190
614106689
380163956
488761533
296926008
891368824
304044668
452876747
338491020
983546074
153354065
725316608
502944647
296447988
569994743
938986374
105378170
878773473
879355477
126219456
744670870
102543943
339980853
311272972
591342491
808580980
160721843
157678934
182401775
454888068
146741826
669482541
76376222
774471567
408735535
713881888
213630694
830731941
217866343
560812090
240959687
504962604
459901956
849259654
138191317
269801696
38510192
961860783
960912660
514328702
71670809
87448454
133567128
513714334
982510634
632558246
274125836
68890984
897419041
488345027
730646981
146365733
270474972
883602950
836804247
483871522
648940385
728473079
887712452
856112853
725355679
274646228
660907130
318543386
885259767
239708265
642641986
490721198
173081654
321540794
770070788
198861058
196766273
668073072
383217259
59293372
535915413
562661887
791960931
776177288
439756052
144739710
933312898
729521315
830165108
94593953
234487632
576299004
12455406
654319794
620861310
310037112
74148331
104799807
788973021
797024579
426541323
815023740
628454565
742802368
989916258
783404637
895809328
575878246
718274238
531785922
949599459
602401898
500385691
777510874
947956107
86278498
936512146
111535164
416356800
580615969
341333328
931385814
488378277
790665814
5220632
66342982
478265791
518761859
700679483
460033675
124712727
91966466
879100050
586192678
632752048
720891672
934207320
49158563
786261028
656351414
248930381
357434652
11247077
298379185
144994493
632085733
75913313
234944530
706363685
534582812
373524965
962613165
688443005
208357051
455691251
495155507
326645462
837788749
737581735
923573276
305138845
377047468
875198762
258240562
407073194
857632992
723301847
914193011
144758826
227064435
152071176
887353582
325274134
760005384
331685588
983898675
920138737
189999091
645671321
373134898
990429668
243321260
812398173
166096671
86508710
162099560
403523459
670742998
130501427
137596540
394246209
96418570
311576826
862687751
351212568
871882911
482235888
753006513
891305990
287361499
908783885
161720300
90185704
479299249
382511635
486171381
637339030
928437619
876671462
471792574
575016769
136646370
192117428
364446836
933143606
61817584
564649293
709102091
171731851
244973634
454109532
52558848
783691583
7162285
832818225
55652605
575776755
462586382
408792815
459802675
501662786
167132223
298693100
358309822
464351012
828709367
153135556
333098924
783585034
600337328
524760528
475085838
794071535
658708851
562579769
257599838
904301141
947129989
929544143
289394983
307233618
773133796
581274662
646332355
833251965
856225036
378028716
83023418
646481023
326859029
910394624
174752648
519644804
416868786
970129786
407884546
837953269
833807604
900095823
104434239
908682027
231550368
925517055
571394521
720213104
979023693
258487312
124982731
444582515
575218386
151351463
628646765
533042237
119397832
152569057
728528989
585857560
652360743
525057856
608125975
450680650
70112138
686617900
456726005
689942703
350007879
955441033
377202748
688579063
154695223
419646568
70493536
47034165
825109904
380712955
75683249
847616740
9880140
926119250
854228271
597737724
253045984
638440902
71262637
175507566
281747858
641710410
400246972
264299729
241600797
822026985
185592525
308749748
291969848
653753587
838569888
544932467
468791050
881451817
370205224
23582659
881284562
436403666
289887291
155571817
80857926
581612600
707932332
738684875
76885807
880912247
575977419
726241492
670829583
10388250
197634666
431671235
615355263
281218438
408194844
708297468
555194061
112903019
446978266
332668237
234054043
761743786
755064316
171356316
542143065
530750781
378825690
128428321
555914025
830645611
716453160
816642316
348553610
915690818
94649639
700135257
933778077
661562095
187413921
360688549
246049565
459351031
637920163
281581597
456118921
406898653
929577203
187572611
473256972
661907755
468388596
768381543
989425399
957219053
921517772
319114139
826548282
536576015
196541809
546135025
502086557
447549097
170327467
840183971
293935089
380992349
83117625
699664443
186568799
708059586
774519390
893631965
925489096
86289716
86618671
774703011
123823623
473482719
715237394
135244412
601173576
191253078
655171347
894006269
362257015
948071615
827216915
391334555
994173045
775535499
873586973
397202061
465020285
641278894
858601991
798500466
289023564
797736191
987646506
75126572
323781028
229912760
1003812
765197385
887388364
574756629
842892445
903135682
870600381
146814761
195290516
353065563
821338620
61297397
944961448
310833478
792377749
276321197
477926955
345863472
553775432
691783068
705491397
411033299
834472612
377317328
428611679
284210202
227687724
288118203
485679447
326087430
485836211
640110822
811463383
371260816
190249266
889973961
6617904
787500384
105179170
924081231
520734172
847358284
580244983
520521410
575863440
403722888
696317445
547768512
6122717
12702366
319809236
641783033
521351138
631997958
524421361
589970512
930724772
510071036
146144950
558682243
675447958
582482177
661135312
869203084
867229350
181227797
249834013
573700631
120584211
902403786
269703292
690426569
240684302
629694199
171048895
858133112
830788314
313951201
801453886
24888791
587892755
679919210
281995486
472977080
6278194
844053177
118759683
179465424
846839453
600278753
959249188
496546867
641355434
546496925
248633273
938251994
186222971
711041897
653292059
394635643
153888874
122616813
427184301
103718930
742999073
629382665
401098730
891656938
460949063
666288248
759182196
616773570
708617148
121256158
970789486
995528746
300486691
188158232
862924890
23176173
62468113
70368589
726861177
520305456
943154596
773156424
49071134
694187376
381060925
232796900
671910140
119746417
660659141
406818243
870999915
465275941
252734909
178276555
729978006
376895527
442954446
227102744
718516359
180551204
841096556
342475618
787929717
520099275
575707437
253104526
637765302
998064738
848117006
630115885
332167529
83520285
395755635
906878844
160564332
969842648
580311530
706911353
510596012
228152163
994378107
639435778
956114428
301798905
250256241
505513545
742793837
122210135
458180224
486029363
580221725
835365368
351852228
546309972
679208898
600678978
985226705
528971858
118479938
127956399
595031596
673845401
271629410
30543255
74650714
787479630
69520305
345856063
17712223
760135357
796583995
736043091
716506730
490364196
186173096
201660777
386361188
486130812
269843034
70193892
