900380082
544913923
451347167
543660182
974932745
559978980
577429903
792380183
220355951
276510767
10377310
499942059
928681288
182265946
307074985
253234820
289665074
434359996
924667555
772768155
4205551
553709669
868087621
435949171
887631982
518605229
715723588
317386236
409534691
8001853
188993713
699418449
819494452
894309645
192888080
132320872
679696904
662917884
265819046
341509860
585914954
794081375
731364927
684381905
686074031
164432948
396737984
13445761
448512921
559629306
305968769
703066878
849693671
464655758
19886964
346670413
676826300
15397995
656028198
456327516
844255390
260043667
382845491
212354097
87517054
310958859
680447605
34371642
989377865
174754113
573537915
626747188
168540949
583157695
186853201
210124174
822344740
183705716
749875139
723199034
121867244
702277827
868873314
849905384
702033083
485926834
849724777
354838694
874422681
846217665
455494571
664298908
6889685
809491529
497254468
325871287
411235883
519010830
596864850
375115171
483985341
362366341
24067894
273758808
986091390
679221579
534525929
266535975
277802556
809762788
524325671
493120583
265522855
932829163
334460271
141977562
391170352
532940106
510321013
601590219
461234081
325608910
159948960
143160199
719259541
909239005
619857502
359049418
85903226
860981913
798888290
303333910
586840864
374759967
239213692
759500902
678209933
595114505
863813993
22811503
951400903
583188801
77036138
64659892
321891994
962373986
398776053
74060521
475031258
355276905
934700934
878295775
8689817
995274630
913881089
158376431
202417381
880907693
554499265
76852384
59364077
175476510
180632749
416820642
10874498
220991760
906279717
890762887
693615471
574959368
463767628
796055845
669126112
487509510
650189314
878045278
248572772
95289068
821268204
756885553
510462952
545796981
884018159
730626320
926280978
920592513
294644093
591566233
460878876
80837261
557083520
797302238
40615240
786961608
963447424
775924393
402556052
660215494
53785393
100900233
56094269
508013164
380445049
900071889
891509275
138645089
209169663
521180305
345085316
35835810
909803657
107128313
59639489
797613711
566389431
513567094
291458349
450006427
490539663
90281984
926347666
314713484
429884010
612778209
17875847
666465389
755440604
882164503
524062084
874264919
475489225
588357276
41503674
720367970
700791284
2449787
165351931
983946269
839117043
787635888
711422849
773463786
246480916
425043065
171033603
449955207
737662748
243001527
220572176
449880330
484466043
952549623
169675831
963503408
174552566
741380783
78129154
767666838
882196041
225043886
383204483
327005158
997118220
470820395
560346584
321446380
65624638
339271518
96822427
563939644
348215163
307512079
610889383
702903773
378859133
152883879
68232567
4840944
441744606
567920638
928802640
512439077
661592327
74181754
389798876
522939601
418681445
78000265
545815404
959410499
924320632
397685092
101750227
614073156
404431405
384417691
776345565
775660519
864696480
849587221
384330569
398391230
146179099
656632530
101665167
176953963
341660240
466772057
584644274
21668686
673148215
73288209
325922231
314275402
296241245
870765404
665412830
922936466
81021519
37406982
902764934
987624371
793456113
137411927
639619011
950530069
205761852
996816225
298472367
994441441
376538313
292572047
140144463
592157384
183590069
530411409
366259977
4959796
972516586
212844912
181279361
951909386
493355989
524146717
286262283
851032422
71762860
787474823
317831911
533665999
719004859
853409097
694638999
827289497
946822286
396706196
604935116
8767172
17013519
151135096
971192110
344844013
168299689
590202832
645130371
380576168
933143745
733764846
130685333
765829834
504505427
660453034
950419879
868176606
856127620
950855546
494268382
269309395
851149642
788586587
878767209
418287027
678984313
764806366
275436581
523129215
597933046
312854964
645335096
786883872
925476292
357492804
987946276
821381489
241652800
836435346
783609697
903153155
879016344
905686113
917888676
337998012
656789490
552002076
29160572
58551825
902989217
826462392
971161876
995966739
902437813
335625720
157617528
228426930
272367885
552905083
665859698
403493322
314766250
122001156
782643120
620288781
88429750
343801459
840353540
147012622
672506756
129038389
626523805
19692273
167245848
591115225
390293049
945463527
870697909
540769197
761497535
126982237
735645793
216884756
620139997
771470653
341693086
649368356
884446058
589850571
199875275
759519346
549013604
688747716
170575648
380116374
588386905
757015188
123042993
297599895
249568262
312988031
711648535
882147949
386045067
773950827
199938586
951469602
828720890
311322587
945332670
212153999
357729019
731598687
791407546
538877461
667847527
97881494
501861158
11172467
278595694
439061393
459355400
250502969
947137345
912987409
580024784
937776088
849116624
787129472
2728320
633277860
822420534
573098014
291200935
448509504
415333701
853497843
830839688
846189168
571532067
390223483
820647464
573123470
644517900
987721275
401790326
817414915
897340168
631698186
712268846
490505411
255154029
111870525
19004201
810506867
853632629
461145566
935010602
473057656
193926042
262162496
102352978
41591417
308594267
312054810
389733464
784631004
440397752
342898041
123543760
814349682
267041804
655671988
439640399
888372209
618413927
886231928
605985067
959416069
511197082
762609867
40435919
217418438
74860626
512222908
378123830
710550008
554093812
480694066
594876873
954188134
918487240
357782031
652263125
309369570
287870505
779056047
264529202
332463089
597987810
617159321
377017163
554442126
508154425
897919163
223463606
599482040
672230125
130631990
192092940
967400700
855160497
975594532
961860572
431316173
221726576
884934538
966730790
796371358
933930979
679183454
230537191
959703684
748021166
169355625
895862441
909259771
3408862
130270828
600501704
839357879
621702725
273521978
361428258
894037760
385592704
485993792
709264011
176941462
288759301
778641789
38319883
423461822
288601126
627476172
99027636
942892706
395921457
220946952
87642993
402935965
812325255
468157843
398532109
918804355
386622130
417313477
806420959
338798800
2056721
314203833
596073177
541959296
530130285
352735059
345697974
581638518
614166273
67822812
45723469
735732783
175670527
789789327
507612056
155289189
640863570
807075368
671102558
120544994
70327988
952969733
513338314
782461909
42627835
197565739
27032623
153544882
874989867
442623902
507415630
968279225
679572831
370465210
174884740
974555467
182568611
496360585
893331536
935866065
281778198
517389116
328726433
328098645
175223482
351910209
227265437
22535928
960545785
243242919
277940784
579546760
746210918
685875964
268470812
49086987
800865518
813611266
499331461
332564545
325702436
192153092
706648650
171542371
560407181
77444242
56159951
805205316
614904587
533056588
972720576
144502985
913743831
735236491
838766795
552938870
624243300
185239668
607238426
690717625
970300300
4496695
192999095
631746947
164683117
927868868
222068307
993696866
101994397
125797753
173689948
368957344
997029123
560766990
610163629
89625105
810740465
157184062
767691462
97779239
295750257
422060120
407631339
427489197
270522341
133437799
665802928
10974426
847109168
715531941
424843685
615625849
206372839
808613835
362264243
321205740
999153995
74901702
6859253
632538312
855375934
62463084
703210918
489106833
359366639
603763232
147473860
352976840
125072861
749141689
742198403
467059237
417548205
509459187
394967367
548240180
596865354
765509897
361224605
31245318
262065939
211093880
146587697
386462455
700954066
558064098
162584504
188415287
198502746
288957889
90471108
735838763
150324809
135153150
242403304
233287172
718849200
918524505
68122557
666759108
985963937
312826087
885901563
97967479
973333536
957784447
198077644
696913651
413646467
814024061
724340384
233644098
713677095
975613933
370472372
644282053
915875386
316748462
788152765
801302540
441178728
959058572
154474093
836114971
658670580
6359640
316734428
282395054
267055882
161680194
829390978
678340848
697387340
694465496
45281380
949239850
325192315
48620217
413128918
743169618
359986453
465670851
774768819
384478683
564617503
856827009
22161668
174710874
764680776
598121249
317411785
402100738
130371739
266820015
225580380
26905365
158351994
49786591
439296897
966973896
641050018
915682589
429857769
251966272
984633081
45999536
536256757
19211598
930332553
421232521
319089738
867255168
903619543
44983147
441316087
975507875
184289752
769995409
271497468
801843570
984197970
142023553
517714276
668934631
844268408
427290240
547969109
430567324
468885116
18376015
790887856
275405723
609323319
446155020
102119599
444303863
35813082
522802546
399845600
518617966
320570252
2950069
244378320
343448255
279031511
450156615
498481194
85388591
825503927
250072503
842615611
388356583
778289122
637453326
982775924
499026465
397968312
760923136
407697863
557342841
498030425
105689432
550326481
911956537
630344663
43684014
257931849
457464522
942863547
997012222
939694792
661487205
370149808
752879500
481273317
981247901
897645231
174266021
389903120
394111792
928809045
462580518
605063395
218812612
175760402
402531272
497116600
971869991
463379095
603093132
46335550
274889944
115104683
842502758
20587541
214880819
452623587
332421781
713103590
235347497
192224766
41016671
142525043
828491704
310377709
181128405
18206775
25409621
156180008
1528023
601381232
223702291
371020016
13586070
628533795
35449907
500626036
331513868
736196135
227813391
546567412
286061856
994085426
339770414
950676671
664804848
546382522
527647048
732291959
266392498
528624314
565223450
461162429
154555622
201887026
887792373
320055474
776571690
908434901
994631995
384324496
471706979
815689982
461851071
1711900
822633258
903869927
101518612
213968963
985137632
714254782
121109718
596225645
485290199
688780084
906162908
46931244
802754628
877815031
645572860
634745882
490559725
293117660
889787509
