662974936
846011559
511258872
665627326
938237631
201388229
712084362
716081973
888510692
803229413
494701560
472401647
753749454
724629471
394343425
291941741
176050451
823652163
904265745
123790712
677790224
338055270
354072315
569887994
603035857
739572302
94514564
933233589
602672349
703911339
893079974
940669752
228138711
664603957
652704741
684767129
772671691
728709752
187224612
640449276
673785998
661920988
556489898
468618069
829112627
287777555
177398615
851378981
581095943
428973388
228559267
972271819
177401110
470730351
959889566
324919666
491939243
941370876
62591469
198665329
106873665
778850772
113409623
184599352
910149438
554031807
244262935
89145496
71924729
709576294
519270049
447340697
636427550
263816469
450004713
15869236
781565370
885454245
740775366
315258302
562173687
243135581
352137645
173698960
475352072
920808154
763268641
757408359
704714390
327785075
192827886
831300813
666118282
988559282
533575610
894935225
548511364
371890546
558468630
275080819
43514619
88253118
779454252
871519648
909703338
781218568
335844268
913584640
20725638
944020329
543354295
606484997
200595509
747333166
636491641
863738082
426713126
939710662
709247278
989341283
790763164
486854575
384431105
744139653
516748408
687969234
781222413
647868266
730240857
555069487
467357871
409674824
326985615
465694546
271743682
473920568
463681328
480617996
263995621
694133503
584963885
849684000
736682721
760694060
784430778
586342888
630705304
918785115
352067641
669837527
468222099
608800701
662643266
569127346
484317654
556660042
703822012
35314599
354771239
221734104
999996153
687976001
183343783
465656149
476662458
133679470
279499382
734900961
475589483
162571072
400056754
946095128
675715040
15113775
404377397
941079163
750171853
623737044
959708873
930405518
57263930
862437297
295800624
60403330
86847388
858557169
747031556
757858268
981376891
715083638
770098555
428366729
125846757
42261517
694137348
896987882
666340216
271026571
284031601
650751307
306843506
895804341
443195631
189496569
269780772
522126970
933085659
647529491
164749948
543238490
806488188
80084967
75605724
424365720
164470173
137558856
392175376
122940453
378808761
618105287
386647912
521641113
753524069
760505843
392472516
971690024
820248371
633453523
320976425
507389513
274738946
479145282
339705442
308957565
623562012
161459587
419241665
106304055
790622556
564720417
925471509
99502065
593108319
438138401
908595449
690013587
352761004
701481036
877791342
556578492
504812506
543399763
892217808
665926313
264103394
785202391
142280272
682689786
797024052
298090747
701878598
299632135
326553066
657360433
268499543
327342905
740379524
766648157
800803706
3010585
718317190
285871321
332317895
814088343
692633777
287145847
928532792
315385667
851910393
702458927
618929019
118767335
755662180
764397931
2577007
731339182
586927473
673779128
44854171
838359619
19179315
736551877
309280002
492531809
862841818
625839374
772948998
935747885
169638858
581252544
949634062
586112846
900677328
874780756
838261301
218941185
211081867
78129464
973292534
976957546
856669598
826894603
830779392
94565124
679161727
583111263
543969953
562155133
654783425
537160359
740415431
66600396
721793986
962444085
983831269
981765312
976591317
839786085
951246524
66794403
514196847
992784905
145746809
270657848
752824864
32816173
218090005
880881423
926136629
783635821
520257314
508798008
700486592
67896623
981690020
192284711
905772483
214714877
813370081
279730554
81869420
210793865
280964460
632478497
840837112
883033665
864318858
938233242
890949486
856495988
242349866
371295781
126882939
906498131
462760698
863884692
681147793
560121543
341740259
646345554
365021257
663088529
636018502
871147602
16903045
231617422
366113802
653897362
980754063
791546557
75992828
761876440
26416004
671515969
984924981
303402982
711820445
513268311
429820735
869791197
168497313
279856761
989931935
69640641
541285955
148961532
381915069
793988460
605135923
117805328
511136917
345650939
872974617
167024527
914709296
418780890
574775361
409816856
615575451
609219689
516919863
210421495
957479177
99402928
780503159
480473424
344879777
455366968
921573148
159357716
152064246
167879481
130300808
471949060
477848240
85164496
673156592
566377861
329861647
867941511
849702352
572125341
48761439
862948735
280409640
730341888
888901821
859391476
756806672
566144091
728627619
302003589
897692859
820601045
352871334
958075816
322377582
890529007
289137481
60812530
804081754
926548100
872415310
445778207
965741080
343257435
215350131
401025556
689176285
829544799
745624296
8397500
79955209
747633938
759517336
944794520
161660056
94530442
818993287
50161271
591571602
485488300
698560294
355429056
430730095
850060656
270186621
309699761
119077726
519772423
762786913
782627584
277240380
269049116
63859757
923154251
699710029
602983230
897207654
937152204
514991756
487876265
170215190
927261872
820519794
720230119
222048380
150058920
61083708
408076812
796415759
227847140
71535719
238976209
469240927
318593453
227987805
516986253
15048112
115680424
73070813
905650368
281947830
169403861
66757886
962996710
731157119
810906091
683774181
836363084
245084490
558676825
197322787
881841082
535169513
103695337
315273109
771298421
534909261
710499974
628012275
120127701
248616053
711000912
723356663
534939773
711091864
38264170
799808188
745266302
695166445
182723775
587935118
781527229
864081390
609341387
205928434
811329
860503986
857523082
989072998
411142288
466284738
224720623
162992321
237738933
30524353
189694636
703806695
365545590
3320344
456689382
982076991
304548136
487668147
952943111
657034315
570946917
446047197
531818112
251904846
692892949
11097902
938507877
141196638
62360715
970741706
415795556
17759691
925828125
897766901
314461780
910794434
677386178
721426975
216869987
653842961
23895429
548008590
485617729
504415420
521397227
334457474
434262598
741945958
238477063
200646783
283386981
293859082
911138277
952307071
634981516
554764130
328685873
605618235
296180049
400044385
527776859
83523985
100631606
266997226
614728795
171934944
777978568
467778687
688858562
545894947
304690813
583121160
270798159
299100149
633138885
22938326
960429466
27402691
730507617
358435475
576835303
196561919
902719574
861713930
687354724
121936474
106621413
973521053
262785385
759697648
582108560
71767942
425246925
816825601
126066102
940371443
447376983
218620503
889686623
349462282
556478904
966483909
53087395
692582115
895955969
700265820
23060922
612038127
319168185
612043189
594334663
301283181
875110616
937744573
823209080
331214939
180804410
238917675
579642500
492792321
65313531
804457514
204993302
929160912
963786385
232922870
157874234
453972556
173034047
692767441
575561341
741808963
137716067
381045335
801956569
610351393
143474523
210137458
965757959
987088902
98875551
494583284
654352868
650742194
165362985
280825378
196657324
487502350
993616520
794851161
759567032
208459308
638978001
396894302
284148751
752021388
761490607
123926481
728795728
663033099
542391585
569088364
439004080
626400742
36481848
852525698
163567114
494065281
135788003
212857687
187740416
970666950
273159714
592553597
393916769
570730245
150104646
554251107
763797927
682961006
36265545
670371883
460356035
378182884
933200408
367102032
102830962
740821763
96896584
49935181
848860784
19548042
481341729
302724860
444697316
529787186
55579204
27952125
614260345
312837286
117258264
702592041
351714346
780758833
607110745
788900081
935299593
46424404
2977533
713418504
601916742
207239500
360128553
45834721
626767553
872019701
108732329
60821196
693200333
669379814
749694736
422745349
397168697
85852822
363996901
168192373
489325221
970434852
147856280
864129581
515151041
122152520
939990760
450960641
565702742
333673503
318657536
679597201
771072138
144300327
431802438
56406557
737844230
383478078
448018437
641621284
659419487
435507007
675957306
572677614
421054857
994758007
334751791
944880530
563142548
694512913
305423344
265861524
416761931
438918371
299574859
964864740
898568123
138847950
198267462
479764221
267248738
909167911
480131978
293094049
553362165
429135126
289749056
548900006
237577376
693288178
684901117
13690618
637834383
722375615
508772885
53818214
294477545
575178664
443074724
520393033
787400728
995110229
887818091
871189828
28250158
52796012
262835269
332153766
844725466
466937697
157838433
598996280
185210616
968254215
374372545
750251575
955375027
382863256
19315449
991919729
705008950
785851784
707303153
869854369
9611795
291732725
628027139
694386315
930145485
245756645
670387194
323389458
695773224
677874427
692363492
272138508
21349820
608942149
264843891
500566153
166299857
957595289
704174538
770639678
535449744
85904837
828480001
669580167
348003069
758521308
98443185
911614287
555863215
451154994
815384082
1548943
287807075
17963721
861578032
736517432
424768871
568448953
402008280
598968820
796550501
834448974
903223054
507336187
275890723
102234037
728901755
346432878
118019365
518749294
825619872
747413660
81677245
936663474
334404625
923706957
463252722
958446971
346383245
171624176
147313460
758772905
767526241
244618229
862490344
690814548
984331432
3386098
747364115
528326458
75797281
597850902
555587008
105205717
974089175
701000768
182681781
321143814
393689444
245769032
29619553
752010305
793594921
37113920
625535121
67970422
919871696
351143599
683559095
937871074
273264709
466321899
222065708
230384103
451655360
37777595
66922733
658604825
644845842
585076173
117902603
725515656
599068761
589692906
442952013
227768969
191826651
976471526
962574298
633403855
741025175
142108908
564757527
100614212
142004623
395303153
965177982
730412320
619083107
794519921
770942851
633187833
319827002
809493040
255061748
609475380
375785194
325202904
653550356
936311579
634078035
524076955
676297971
808613269
127866429
304103896
152941544
203902015
594161905
397766151
876143770
943400168
388569299
