319150935
591059094
953247730
714807113
828313485
70467954
114695921
323703454
880121233
960975297
121241412
224171532
533217994
998335075
486657453
584616128
796525457
63710474
113838500
475145010
472856171
177111670
93516817
36680675
990164247
821286860
122824053
91875860
408062873
203821407
294672032
15268369
652783998
433465768
50170864
205397277
396964497
563570784
719361655
441595231
630179342
997156504
19973484
128986698
137261967
428441402
174212342
815433880
942340757
372929069
548873864
47695892
55279758
629795689
95913513
142039264
497542276
916567055
724642864
7026624
947643900
22820061
915640579
676299826
666303265
105973043
571387532
99752225
948164211
281260175
187651630
232954673
344348818
672243268
844965666
475699665
157138185
964530118
899418707
561722845
647074517
307390171
149535102
35133804
654947541
246976139
959988609
22988309
337552254
908131598
707855000
480397441
838927918
712335030
493951330
607359281
81515924
343673656
462683432
31288923
857053868
74460117
867269668
661080581
185277439
315919190
703347073
383036489
784830022
620213847
984901077
533012157
17148347
162920019
359952105
640253728
873284958
880506775
21352285
419327125
145984433
548399223
762199970
40032612
573405174
707254187
394026753
632013786
178291938
237606385
394183740
813464527
501846685
868129783
704668975
572614400
440120502
488454519
849856364
339028350
543629065
576952119
238158285
717338406
923230519
174842842
463249094
676007899
352382925
853697600
734074322
201009148
322321371
43356307
885304489
308654645
312260146
827237056
87675407
478023250
921892436
71333286
204744551
547223637
226030107
171436550
31165471
149018562
458251042
787337703
200133226
384830438
30650411
682323933
875698058
569032312
310240937
44861563
116802092
398562331
244005093
718018853
279630861
324594336
503532062
193174592
491143156
458490378
982825293
396014329
260354254
612883445
400779112
371833113
417135913
472295779
372207568
690934647
491308298
751793969
143677371
314230531
217756856
565045220
653564374
349243883
170358736
639997437
167658247
316272177
998413707
267398582
710434964
689113075
234018156
203873582
791702423
880150213
43691575
32855515
680293392
572675092
166193268
62236713
526983448
587249780
984051325
658817296
265188019
403402278
196824743
619306288
553553264
365008121
254884960
929774561
500261997
714585640
671029960
154288178
22815855
851145717
290832130
666553115
397600621
992955671
902448480
711666036
137814957
213262331
680593354
492057353
647243072
458452783
71500576
571002277
148037262
155520142
38061771
66314594
365192556
511541438
374809418
764255967
119447434
379107419
713845316
345426842
434228114
304243594
703611584
77116783
209120252
889403395
10039659
829147674
281842961
499640152
664636090
534027776
684801299
272385289
521002339
51925688
722808923
704767388
972063214
95100481
293507545
683882681
781737298
344741854
676523868
604715366
789095621
511274416
476336299
526576161
547105681
18493202
279110354
557021637
277437921
833571361
509650746
603476571
282937100
757839676
448413123
242352900
289159315
648397109
490884050
504033994
381513294
92807266
990539097
322883729
41447044
414680044
407044203
618744835
51919297
750345431
522506294
358869729
400592914
604404885
100307774
498765242
352811375
755266799
952534469
646142888
254917421
127779661
994947367
687430976
542274941
119332352
421830287
214223537
646687356
51154644
394723365
133340189
853857802
172489874
223202072
696288354
520735317
153452569
485129116
132425636
611448997
660365517
505102340
527092488
311065067
150781016
202883656
678532214
657531902
949647880
889541524
533892515
695862638
844741160
249116572
253733632
97859898
303108120
780608787
922114691
992849756
192820665
972057478
764653
355622065
389166105
505011925
228103039
381202813
404019418
978029923
199358805
270137682
820108833
34693891
594551902
622677320
467854878
376365909
391493924
916448694
743298071
556691634
697039475
161613118
860830849
437477549
9116641
923373301
969468438
598428455
217627196
372843781
563014424
139575879
418628331
688308038
504337687
171470422
921898961
645769090
974780616
297329401
253512483
971617955
690182718
263754833
875753804
810047269
654564668
631056311
630005018
926742210
389114862
5665997
249551684
636129030
275018003
839151533
494791215
951688555
495895283
304729737
411734373
805590962
760402727
826515023
707123257
680532954
616065559
906243863
118339633
296384455
454466947
745724833
941668076
445968670
303179151
725421519
471430399
597076015
561723743
199069371
268808632
338412127
968423435
290884985
983728917
557348426
890024193
782499300
413290035
665186152
676679205
970210405
149873806
670050878
885595027
447921520
211215228
863667693
556631575
195220850
193981710
748320804
512716678
333620562
472275262
643390027
63997919
803583012
332949878
549596483
367721134
897715199
389964811
296825912
35921105
73322245
837167525
469517741
842786104
149774830
790508759
833566257
492953828
453153479
619705249
484256541
595851027
271617198
560373642
855257629
514206290
607762704
40444440
366502893
5087661
520487827
825695448
634802872
818609722
340338889
493350506
86441180
449549421
863693551
297465018
778964005
580245593
853047892
634129773
812272782
610753994
741697486
20881589
406856744
404712089
360415451
255366975
59563199
713915312
988018719
47539000
792380720
243209370
477692248
35390192
759958428
857270758
23461917
291738251
515433276
247626795
202364652
650908017
502447215
656424322
704067579
384016836
629260276
155688460
840741242
904010946
742803134
637487423
748100859
244503635
772508803
586881115
633587695
961790802
644672208
265120851
766132249
920887559
830591001
292799889
700969785
843231808
971857172
828303359
537506588
921693245
556783675
561309640
118696496
564645986
408389341
90789468
518434372
750432420
700644509
976398614
626106698
903874737
873174068
84007773
304735865
154893296
495108510
233188612
262881387
173077313
223683063
61671114
647066041
250312425
481494545
281477092
820317015
209647325
955454536
860835769
412159662
800956916
618181870
919047995
347227270
181493493
518790926
183454872
836114292
681719335
68446742
883155273
261146293
668273593
639014152
862257510
47713490
746583228
988064023
546076488
348123298
738668560
565421971
364429275
698010182
495112561
914243597
868384070
83151441
126912249
270472452
308787047
794977883
839808739
564238951
825149781
285692867
954126072
736780501
123242372
636102368
311653637
397074318
581162050
104630571
340527788
800524819
978792447
611298272
619237033
233763601
73733786
221583301
409378047
512712470
673491101
235534944
253752595
221037813
852114708
267249894
650406855
100303431
709202043
411246882
759659694
88177390
421337553
104034642
813864369
576564643
93587417
9802727
864821651
909974119
36469660
341594241
984259919
259798704
357482394
694587741
935451149
257085798
463914406
893148646
196738665
87203745
385599836
327096268
890747848
589614837
31940272
733088258
884665791
855992476
985695512
211350205
687872273
169915167
344970876
252350398
379187266
874757805
797433901
42672389
140176184
63931059
356761649
499403927
476242810
331896859
251275023
993953890
863555418
157526967
331798743
393321056
636389024
816053395
214508217
672455948
702577553
94241284
213286792
224249532
544624371
360499157
125136934
8829174
924278605
825119453
653721966
814344751
914827826
105131995
315400474
60693344
459651896
421242017
752972461
132807606
730442095
886195907
850853457
558850988
338339813
37986380
869532839
727138824
524193733
592374455
574961180
871818877
955406949
672514926
549772843
284945981
661471012
573184369
498048017
779677026
938794123
347932475
575125320
651123355
678174892
436930271
79126063
758423422
842126491
271105399
933669159
215147007
63080933
81700610
942013852
816381644
243387826
654435803
885909717
506637990
490966316
397998108
484635439
331904149
250158273
781903088
858937800
242312900
555359150
30454492
399222330
886467525
923193999
973295434
194013482
382509619
311070587
199730101
880676095
901409541
958860316
111109416
885012332
253088333
658705295
359814173
808737943
873706339
730501073
733391198
41558155
7035209
687274650
991410025
288710709
540796014
863297034
243221170
400965081
896271802
577992469
836813162
203064271
811671998
871883068
47201633
291953007
89785498
887687127
559504232
505311057
43657724
773759706
984500175
547777672
379856900
512985775
231547106
673198853
890344099
973165144
985231460
511811825
821967951
988896336
392187121
199192875
931783972
684584724
653217466
519212584
67849416
798765019
984404291
323417072
122047154
908045144
73340333
381205264
611503661
67861166
718952444
986019211
170996840
228080141
997900429
233275501
702774473
443632352
908853808
27810239
631749928
570022315
510620981
923106657
592761007
325001336
381096319
822775661
479695947
848008757
360169033
405200772
234469660
40291648
437461640
244892704
789355414
661083103
425730518
471811754
439645441
850341841
61695192
822482932
254212699
999212248
340814984
593887810
990995905
158911619
496418400
488151620
775730915
625407227
887462655
497827099
288144037
61297634
730656063
797045817
526948825
250564670
901509316
763494902
707692131
313751672
751549550
130705192
790618499
753007724
443920086
41691369
17901834
437042053
588164796
781408086
508327123
688138047
668893958
593548758
984186350
787208507
831779754
320784327
351590356
872017411
629469856
609062431
152828992
939634539
956748666
728057779
930427039
628684700
944862928
189080770
948832523
298200288
114790800
940461026
247662697
210109792
803269309
237988180
714991532
454727031
470249786
338688861
37242431
106054569
989499975
600005988
392403675
137107304
812859465
739740316
418784915
580724988
411904546
835674718
684281814
142487118
977876199
850983959
796259057
715862305
111264329
389217132
492179123
399084025
832575561
210126834
573347246
728432931
345886061
774076558
983939197
593791573
605792794
896863324
