231964108
585892866
934448268
851684229
429383960
231894161
567054348
886115956
802550285
887589999
837079388
805445841
124926455
242358490
767725072
203349174
877176317
540377697
484335753
425000432
552937947
497830314
138063008
977194836
592912237
873794014
367992650
955862681
596680136
590702629
433694973
270595785
858352787
113567374
16173616
952521002
666038820
852322703
930108211
180699610
324736322
23453773
364522062
638623321
860870717
916376290
803274707
843621834
541440348
502633291
574851850
510307108
941239527
947959591
198595453
734133792
447829858
957253430
258771992
555589945
863901509
611191665
289435820
211847655
453895025
566483603
947093052
11359080
226184874
815204069
537310352
24853614
610269485
303636143
100264110
529484173
133308252
499439686
116324119
676535945
70519307
524370815
414422333
94046844
15850779
923387864
329356256
910393195
914971919
282039822
504691144
708785388
593550711
374518266
316798099
713544655
734017952
152674406
184728295
294387114
969283237
791915626
617436960
726236278
965322937
549998236
900037622
637603384
847695481
669111279
600825539
948390170
840929311
582236045
485070638
339530694
196769332
195388975
195996875
530507160
237127346
36699857
96387159
944145050
310512924
828524963
431302902
235751218
986838043
386719453
795466219
980633845
314711390
821937004
707252706
278603679
906933854
688186053
128723905
465852542
23350241
691752871
62697713
245860640
681214281
556300972
867856076
11314665
889447627
977267403
516775322
538628977
956677529
654221134
57259767
932583380
695528466
673291908
415723353
136797974
118695334
664286403
650765340
460976028
873645058
620191693
633678780
18992306
874983337
206466958
432596839
508583278
66665069
730144332
507156918
545374474
974002142
850526518
262930769
754211951
960668885
419988236
346303590
9570639
869944129
256837242
23956315
660490254
764677236
774669325
583075211
233641946
272462699
991925930
347157208
359063837
40987530
601721684
372215580
61022587
922622190
848863769
136331326
682980668
544670564
8192044
471963907
226533197
147064215
511885292
958581237
845001947
410361138
661511401
176129088
698707096
317982812
641194700
591031897
616807816
596235378
973188524
254315068
100314012
623391746
198954893
236120579
74739138
382987123
148093081
504386943
372280457
478310938
201908181
831589759
111805115
283656909
663322921
464900074
861752085
784873333
797423116
513426039
252791944
816088087
738073263
823280806
610951297
815796841
648450111
41081024
399792828
10689787
755407762
464787207
949433665
594548700
36017314
59588922
345715671
772071464
397224769
843546072
998971132
7498349
586300779
366691008
208452957
829921640
64323972
415050186
654659890
176294626
729279811
831934482
798812261
459762484
1523124
284225923
885318481
375674085
625169281
258942295
734537011
107012057
104594114
361590670
722903174
737120973
882156093
517256413
247639595
603733999
119184403
89680621
387648564
953877042
514454906
245293595
229787308
371382254
614827849
781029655
751472869
233399924
386421133
223498202
281409974
923473279
665974945
489671180
593025576
751791389
174270439
970041584
146902182
138282473
109009061
891959074
902904233
224710108
643787833
471331983
947765545
547067557
167410591
50925890
57110223
639599189
444285918
844935217
945307577
756229528
54438615
513936227
760846235
844139624
507469425
501137086
720590923
881095911
80180695
799429893
71146027
392484913
924230836
495848204
429463559
149142817
942778437
249366090
844867981
622495830
342389360
5077199
727594419
143495866
833264108
204405311
65989333
335495242
166387978
641810784
479187361
821039726
544363601
836796047
697352774
660334210
209195348
302762557
630813047
607871973
171368151
21808322
144529412
844357938
400185955
555280632
622836720
671562385
621462329
907967404
696820751
194919827
67236
322811747
413840167
49361416
786341806
617350369
10875515
303064113
435147753
385095681
714707932
438369910
320242532
250106300
848121311
87434789
798495429
769129348
939947468
640015879
618553042
236996007
451127678
320581038
860547785
883236480
743309909
277983476
581568590
394426947
714032911
258420573
944990031
284267533
820972489
221551853
422955879
647991357
873992403
591844977
291887041
327748934
172724220
786272469
307100388
706159501
524115405
150079655
707159320
535401931
873066954
852332980
968019934
56804871
576366784
763071228
871684067
93259128
188813629
903105325
874040459
732892038
721495521
40720805
671062769
456287359
493379877
35974999
429133809
626569457
664478908
150504071
895136943
348102491
348128837
290804107
64271787
664855208
13480650
154388284
359121074
593230254
570824154
46166659
521359991
861699929
290400637
888185160
707900747
57901261
349867784
329696751
459177728
970887077
717804517
558995002
606253411
132003414
115209700
850813028
212779623
488140406
720945844
80589862
870923021
722562883
957196036
619917443
708676032
285562676
698799441
206828859
79778478
34425345
543984250
280810205
162067883
675328862
519360813
809362838
165886721
605194716
328074250
371232548
276701672
334782157
691326342
924249865
630297972
789133834
684550695
932268371
549645508
162667620
941608659
870980667
872284408
490234291
175243636
798797107
904503892
670483193
179509127
422338071
359101819
143038925
249918272
424752383
426902827
436994312
396927119
930924547
612642599
305846860
684926306
607584906
160066155
349713296
803888189
536140864
31236540
32946171
989619469
919542197
601011980
766531068
657183349
917110856
92816684
673003581
408525795
671833590
500085225
720563705
904858945
495403527
425685588
905736178
12130728
133662747
84863884
266573958
497347037
193303660
392206715
753626146
319625771
243798648
477741312
334023753
710914511
522571111
686346101
639102771
767560566
871557720
680863722
259966928
821326090
592570749
485855575
332807414
331935698
753899244
28468516
725093527
430839321
892078893
400987914
189522779
181899317
254329976
337582567
670225442
451276979
764662581
535599132
796315808
527335482
847385832
446905296
413384700
439369543
758792930
962089069
885954683
985487488
860982453
953003137
33301224
814539804
165718660
84410088
419559978
647807170
752056468
934638259
743447792
164835144
667113186
322786825
427546877
842810733
288218533
152124435
456584535
184988543
16120659
187825791
2897985
335958588
884547912
732631445
973940256
145665453
72470874
893437870
573142766
791810174
142513831
739606038
569856866
939075754
367686689
374982974
16180657
169919887
918022588
22418271
699220509
830024320
792151338
631480664
860222294
524599007
19358419
570573966
151151010
606668495
505504533
700966140
969366828
673156662
950105152
697342634
929991890
433087213
110469830
273894524
575336296
858618597
361495492
951637617
22321313
927507147
752929957
488471121
475124043
913235558
135943778
286664648
266965953
993702387
488605280
172873663
543807249
253067248
872409150
449341249
126307033
501896906
742286860
966474270
286305640
441547690
770239208
896700203
988970601
670344053
444991082
583093442
59450056
644128063
447081974
840601911
468528827
840513719
609159351
932715145
771669048
530887297
95449923
237915451
470724716
218839885
434000186
975664440
184551381
777231488
153535385
676924642
560678062
661128579
147587491
73439389
116331737
395021221
665331977
580773621
157267938
856229752
499500518
804779988
468244475
552850334
227214591
622837888
546620413
648003368
704344834
703293528
643907896
939694003
677672200
595419735
406446983
504371409
495749553
67465755
7547503
794574767
712148821
211739112
516808668
768066439
22415379
398321476
496540572
373642584
724270173
73507606
175181742
28385729
775447207
915439295
31386778
290669933
769670974
917874381
991625292
811162297
429044026
536548012
72886654
450241856
33016745
620984058
983456378
552167754
666992404
611960327
899271666
597866221
573226118
362693169
144080931
287761406
287971320
700178035
530434954
828893114
126297315
172977828
923733193
630837228
528111785
615522167
164246796
762232903
564032957
115777050
734700433
577875171
75840461
196385205
365530741
175600808
138852458
66566812
735049693
401431320
414865096
944372817
706650178
112309846
174235938
577315520
455159609
412754037
771358363
743625370
2698612
69492939
387439426
162732178
684864981
256066197
612814818
442049424
922130069
417494577
456737262
221223474
988134795
551215354
877259892
321396495
522025759
376840913
997162427
968480121
148908947
221404508
965128340
129003634
414028018
181924497
466327648
811423346
456601289
950796264
160362557
751492757
990874539
820407585
113078437
665207494
190435744
913108282
511520222
109464543
562785989
696803032
144436742
317555115
944694057
193641621
956238020
155434824
235049952
852839441
55289760
78318695
415591608
802878241
594716422
781294103
104364597
258435792
748704159
502940483
789738548
801391470
985448134
971333803
257132019
705244503
230348934
167727210
438136916
212052398
130960751
608917475
865320689
887697884
405694131
452105914
76967766
647573224
184309576
220386396
225686475
310892823
576373394
603761847
895506503
82043861
335901149
187996297
225691162
331784332
560842896
931999950
164404123
8579739
319725994
761394518
711354897
173102937
60423096
239449553
963292685
788510810
717297907
22997553
721878689
446372283
212998005
527893723
397184110
142610508
704326337
456791371
74126216
528317762
277254007
478845724
225018076
381686286
75827299
175088157
369343354
42352637
942036046
106352583
651209501
198960800
444513352
856740950
567971890
644299612
740751016
903864827
587150128
944860021
257093709
437175664
593594915
553375840
881883156
449134220
869045855
808007425
790812186
83080654
627457994
104051524
857873734
636086359
731325730
840880269
536376442
329668610
97275637
885334937
870106198
920940048
846474763
610945324
371788051
522917889
1858931
356257054
959921832
752884496
401859491
800461509
869641242
129266193
271224052
840078342
885250807
671642234
499803129
626693078
