995879401
688351427
936512972
982349098
141081212
299351855
492357274
914333782
724942119
64988403
269676065
92115038
71247429
39702395
557160088
47309220
688810795
245630862
192417597
290651658
389015770
941237299
915059077
225311765
933962325
959858647
972614038
983164088
603892520
645802707
101370272
96620113
744362330
191916628
526730536
921593169
155958990
441112017
767178323
233466567
406867534
487359752
815509352
780576120
762533835
359789811
985806000
857990113
54089351
924576186
281814301
830549158
165142279
142063219
483905139
54642102
773292348
711201206
48386772
181222563
326737816
509193184
310441262
79139411
963618129
173055951
347752707
879330799
512971858
635566917
891350228
247698778
478452538
958951028
883784123
901656016
125727946
134482956
462777928
574172514
974052646
114623925
929074736
679316333
363988405
270821112
931477833
602299110
708011488
472088434
148300820
444757783
392725244
585955759
906728750
897674348
176918490
736369940
816957989
589477883
12037103
106475200
345018254
418522432
33225957
34115523
352096619
206191249
258279095
582249121
928914154
638809391
248423278
474214256
207169916
212113891
580118447
631124928
715151005
692797016
241578117
745453596
171319311
40883423
487266097
446592445
854973532
892496778
52222278
986109773
724737526
389358005
317524966
873300043
562135411
867577445
769605669
510552304
646090375
329872882
918724492
725286583
344020015
125762367
543174279
509491427
196334504
918510987
378785842
694614858
317555901
545793560
21218935
124160972
347899765
266583506
935155888
304134831
931256334
586633510
179141989
459599840
153968970
272169320
857511593
539556149
321284425
375123233
912078844
339592470
442508220
69566143
985034551
385278122
774072523
516291533
401433580
45556944
497709143
977774668
250257940
936462544
513710935
357607418
668553872
178943965
368139069
193363993
525400277
295551904
932421556
465470838
579295968
59456865
150730893
459124651
571317612
71850694
268250772
3618129
188207001
821211270
6432143
39193372
252106638
247989758
560759008
635940812
350088448
831608231
865149924
889598943
806425686
953481664
336375569
242679444
945888903
796361550
603615447
678567628
171417079
127920432
849722954
616526939
407170912
977037381
490270173
925577686
234547228
314947872
944973919
329582886
777306171
494091013
789567667
429046669
930030401
474517563
105500780
420564113
618184955
732198256
843275544
693792045
430401979
42822612
659045150
625814303
723081294
908051448
513235746
774956061
468235246
589683142
832201049
60286569
971488315
389905202
632022458
275069255
757719583
635181321
401393583
35140575
886634311
535567038
112292772
312334672
163913997
907328899
312649041
471371340
690860769
183051333
60382672
439218821
284644887
155930909
186124960
364348299
317992231
864455868
202496391
326495779
801712124
170017858
861347639
187623028
661889962
729281097
457558353
540125198
842495103
830431524
662844529
983003633
330804673
808134968
807157733
894834939
930529839
346710477
461900306
815752394
595402406
41864406
84095291
285183912
529300470
392982227
775641681
815557405
203780242
267674159
957077023
893263713
432684929
74897803
233428450
716616452
674219398
924669743
650444708
434632898
449770546
772523841
628876235
860429244
520206803
77379038
108414148
476509917
348773175
291290019
433818459
971281752
402555562
386743996
731093371
759847718
85922567
576163726
658322557
268907734
953639415
642000946
336344956
574820944
873354500
769580814
550318703
255906869
574706518
90541280
220615541
5860096
696265767
27267407
365981847
822878563
412988169
223666046
764977107
451921432
284568079
299131763
466784230
912490221
833855698
985795269
490708151
45940933
343804430
473580730
630693885
98055671
266347185
381536973
480993482
807769598
436178885
54055290
987074742
750625988
527060333
852507277
901803398
258231894
70674478
427958362
275015984
375288155
20762148
908214807
346859548
862256519
811186617
206401125
984339654
654507652
175216715
423854734
740965244
887559229
278872663
504377770
912102437
101125787
459847393
122559869
739512909
314728793
546273924
558212247
386699678
358932879
236591302
14351119
924861097
432060800
397328363
208552335
841815743
405897335
710779285
115419995
25178784
435589622
126721182
768437364
286869053
59946060
397197318
826485828
632552883
12324151
313090044
99515512
471753325
22682562
940404839
800677611
798384500
948114607
688445452
960287189
829014229
462549899
521515128
987926668
625665217
796835498
281540026
552278853
257179288
966664378
582038989
335067909
176779944
163452667
479198985
476512814
974404604
691410028
835690815
679566849
917531474
719788094
925659363
374375527
45842834
137075790
542597792
902178534
491655960
596650751
410167834
893701135
717451882
750492094
286405765
562628883
914074493
138794512
142772147
490033553
778406032
844918463
569306540
665888503
430285160
978022134
922735566
308300658
543483575
463892024
826273005
106974472
112423791
8878602
42755715
109226135
536890535
147139600
942083834
488589427
254237705
379361490
60622893
660528535
556496544
688337853
617616025
426287849
877046900
916570101
562438320
835610091
548637880
345657261
901160816
72613010
150481553
259770860
944090365
67820698
214340222
234297134
358694958
27763935
770377744
303193362
781277343
708573279
707736379
177179630
25738348
766934892
196710677
654182719
235795847
399044541
784295570
908778004
109391958
741947306
360406109
496447717
431253756
626913473
901453703
990662913
558336590
766766529
107717785
970142703
958744580
277119675
203049234
874263135
274249204
19940571
20666532
32858957
890150789
253303182
907060509
909042744
718551468
699867270
890831753
795503426
638899413
894455160
109861413
502116274
288317438
241703547
150378901
202143059
707414588
717892503
803043376
731781484
126310231
779714830
744856770
14510814
600855494
737593675
218435048
748618672
563885658
322447540
379933514
215855276
378378009
751436613
18627215
856088775
834886796
451363363
777896247
731386485
736081719
105950277
351763500
663881429
656905115
605601509
681825264
717041032
126740773
906174
166848547
556356699
216897193
288885047
906548725
110435958
508446410
892549694
308187249
980957792
481432221
142213080
231617767
316451872
514521646
894006136
123738265
536880824
223076332
294290124
367256262
256051224
939996255
71656891
995699763
20359953
427951330
80975341
357605697
995253983
55768410
501394015
621877898
562979484
155598993
823576813
998958081
89492962
844887886
908191255
347642365
942337100
143176114
796938454
249954263
593868638
874332508
35311627
149359783
762898977
481863244
144944439
493964700
832450647
633649911
910797322
616360443
145240302
293185282
886188771
682484627
427471068
534943997
312933265
925189381
980038205
520335181
668638282
160852879
690944831
895048053
34245303
691992937
314885075
946647758
424919160
112875109
143057800
821702627
401831125
146027444
392639702
931615557
594706718
513390739
910823970
7429315
789427249
929329571
244801669
207216369
853717779
796307678
958699114
225706627
920171295
407393103
830242848
871749071
269916057
73533457
205694225
874458747
458414950
867850923
447617940
452951501
179079624
885802888
208730750
797922212
473302643
323537674
891354156
740161327
289844925
495855510
940237277
799542524
14365411
972608889
730907930
739308709
916051208
483728461
41330273
237937623
733293822
89178447
26476463
17526057
282632260
271308728
551786569
328297667
940333217
518180953
473200606
726855794
65772798
457872468
828349689
903624360
720598821
446879456
733913725
530180105
904953521
218537786
935861701
424315784
467155825
30700323
857383659
297307166
342625525
466385515
958407537
974686487
826520649
209680317
719657678
89901177
859326425
191204693
515289951
201993914
771751103
563056488
799828108
771663970
22654903
213381482
733769725
556492942
144259200
827283569
18709888
469171752
749814734
511150167
332984100
514756035
153316744
602160677
550370231
251931937
413925067
254479403
985672141
473947702
559773415
498514117
900335143
856092480
738214789
738448512
44297935
529394128
931589503
531919811
758429001
341897033
418709676
164197731
401660881
253774342
296930597
300890717
153047966
515341955
447675626
489235785
224871753
315370482
876696215
204901642
936584431
257165747
640834460
263358014
788068845
517271700
577384345
325880406
211890555
524140784
313046337
877677244
818278151
405810687
782985633
489315759
537582248
217894923
752721164
991087066
96046358
989119012
200499796
296595888
955001339
113034350
101431436
470330185
26272075
70537629
273642364
584964661
979396264
533313146
801864080
787132186
888559666
668231488
743850964
241157300
764512686
92829270
952307174
877520095
940728003
419253351
482612564
747237278
732356320
958359865
951653536
6976829
562649316
885609148
108855284
947465417
56665951
344238571
308356674
675034495
415840263
107054159
299608331
141352925
250498419
728081675
898280979
284965005
603946605
995853445
600756092
869350758
474043958
511563864
226574379
3217088
36811837
322979699
355867884
535747987
630421784
354194157
737973864
67912208
118884092
266665535
22315344
93787115
424457861
854398661
730466235
544321094
359874814
68816468
825317035
657458526
793220938
810954249
627021675
212646327
520972371
197647559
143290672
736502873
357603773
82302777
532932869
51085452
659034768
105638196
910653579
733686250
988370686
772608685
44612711
61646106
369080294
231696122
22468833
983832883
705766331
804493863
860507142
749547943
265387210
56434997
509475943
405227490
686246827
569115852
209996148
225857587
695958023
143221556
14775615
432774224
210903485
1470990
710308434
36581314
733732664
971229890
434752346
318819665
943745081
996779983
555950407
587266127
24203757
763670929
288378232
561524816
788485415
643188791
506879995
716478507
337140416
393742728
471115663
301168776
572826833
127705379
364838624
89918916
895642046
684795991
37728227
845149129
757833070
