653100745
274606759
873970143
998321655
490669627
886455022
746088394
411337120
182988949
21168786
687615909
695591824
45262029
177705064
649214449
18545354
414898267
640816778
81323565
531946825
390291355
728710095
764876369
540494456
415057851
560269064
509700500
936596272
284507008
356006243
956159837
489392238
760337336
955474274
534907245
795409228
112772789
947415517
445376858
187770742
770851499
936300665
31885277
627514586
936518309
798164476
649096284
532825665
538612021
646801835
793848613
690261640
35395955
750141964
122748823
924390648
509730389
333475687
583263803
930400561
376754521
809492121
126830112
826982704
65008947
198223670
935254486
89787754
642797817
853805220
905772563
467482749
195439919
893552822
761095324
453990689
696824818
137361782
603976145
616893374
911172779
976874834
397984251
637705172
562157628
265898197
453996283
10195372
832725451
610516595
285678839
779297100
364151713
514976296
811016219
961359377
809470552
204902572
562505639
738294638
862909989
559308530
890027846
684806800
741029270
326365864
494821721
141843131
989046639
668758133
227565830
372368606
729499540
966370428
19227782
399879686
411507869
489124939
264825075
799110748
744227386
925059113
257062301
32281221
568126381
126475462
103331036
680463621
82536602
799735945
644520135
491922245
574856142
865681506
753983383
351864248
86846987
713177450
896675900
235791764
771076474
312153151
21148732
163967318
382950764
913310231
49797560
397781283
495748514
411136533
549851508
320345613
940077495
763394889
994067250
937850874
302246228
857746624
116680419
614553807
223034827
814358098
59306528
189310694
24237997
735643584
797512462
863818033
212387045
667363532
313032698
698330418
592449037
29033311
28034273
432074235
903910381
93094983
649330455
654816148
76677902
705549751
184715107
671400068
249884437
324174521
551844748
811461252
871614255
816132507
49618020
229100361
596497031
282122092
12756936
956718375
252846622
831838037
139729320
647307179
115797768
185979525
185394238
828384980
98103834
851521088
727896575
911044184
735360615
561993015
33940493
209151245
208416168
461864269
537875905
517485074
629642990
387906459
939426255
700063475
183798835
986051209
992203777
396254536
617745512
83932336
101833387
310326944
16276374
71315897
179227612
72072343
953365662
2023276
539018379
890698375
520155513
356330126
573296233
398363347
596277944
640800563
76100636
309621239
782192014
840466774
20684192
134632761
744246186
495271860
327075384
864940162
892411780
439665843
463508344
129746558
193775747
789139700
210639468
14171497
749687700
417569630
894767810
664044717
382765403
961868148
255785581
206392892
922845888
647177528
997329560
273312864
814610224
541062907
103785530
542998271
909950572
682582537
614062521
777278737
63248143
967200625
566080757
521004512
744240511
314287449
179660562
513699818
538514931
409271821
696922627
731015812
145690658
559124735
648675646
178708314
746032752
412055917
926855835
820323864
584681192
814291299
211786871
97068657
497942299
53762520
50329937
351348872
335880313
920510071
219795984
511193209
175077179
433360730
950923352
782487074
851488871
373763297
919804205
68477954
782207586
742085762
667877960
513574067
950254899
266313747
127622206
255485488
892387260
925077215
796965518
497894655
755726701
793738655
192597545
248956843
755413753
469012099
23062212
690477991
263957511
828311688
177819504
618004858
189475837
185729418
555938632
712329926
608201381
866188570
327219441
372269454
492251711
858377880
38116278
842595428
146413339
698212803
146813756
231628551
926140313
794844447
458961610
410803097
123544553
721901327
755466506
381338522
240763184
701966509
27073320
382476771
350701084
229326214
804520441
953895896
564266258
49873101
324098229
764525481
710375113
415292278
647284106
26198689
597857773
424696063
5642943
897348819
755622377
350002115
102543504
57200950
322198343
791433659
764337676
469113062
369350077
767016406
494460304
467574508
430262911
174600110
471566742
906234871
839115249
944742668
21568370
262925497
53857439
84220380
278329170
96540237
374114573
382288274
521253436
510848035
147560341
432762921
812945322
698848489
716258384
858117685
625716143
890761068
599423004
969872369
60278428
559267423
464988536
335407378
584545818
797249850
555412795
856523720
334262569
535775003
943725535
741049233
187083438
653115104
403127693
742717444
843491380
671401997
71672945
6003266
683086375
939910067
270180222
253489641
321552721
936587155
954071083
795611814
751316123
572145224
548883965
580805672
306811866
869242879
884464239
462300945
797936960
718450059
499674560
481079318
541127441
517590852
48025704
985478432
567122499
406511107
245679482
159830217
295720795
973540938
14626305
954314145
819088122
593419738
286785994
120368360
289087200
211498895
13854657
647958662
843178765
759800979
105207596
762117344
986891037
362919862
434237366
317840558
768650863
940826747
944780483
125041321
171727436
590593625
464875824
165495522
891884362
284701789
686367141
915041612
690907673
794240865
499891018
777775183
557518919
594569818
761717549
713392127
582456884
764095879
173213744
586438065
704595401
851715897
637900551
781326460
412383255
285908359
998587394
204202636
972273739
927838922
391179352
354894047
28760454
889584982
782586709
228494496
128543913
121290471
228483996
4385411
525131752
98813043
957050987
48937899
259909961
327432412
204598424
392321218
601202311
720845238
735383673
4554984
767613002
358342418
420445918
320011537
952693073
683549363
753112265
605976002
286114394
482164504
942767872
763068750
403061513
144996970
749014729
667933935
811983108
533223053
584848213
461166412
535611883
168828333
61306312
605782357
894664909
588962651
521416499
84950843
81309935
606266175
603000324
251428501
192455249
386624368
587281044
670418034
469139063
462575171
275801422
444994549
368178204
622507992
718271015
42967248
156045170
193982237
645876385
114912990
578417681
536664487
580338108
67979258
135997024
274217260
468943099
598784669
297036106
814663560
425346627
363730421
162132864
668161422
524666067
679848217
879164178
691339371
570613500
16437144
557715925
78596694
198794871
349407937
257421630
139853664
92988207
913103890
450557316
18339063
449737187
700682671
943086265
406503508
506533161
544645446
25928066
535021065
115431476
918237987
917681267
988496373
373381928
654475502
37228543
912071000
282861685
700016781
97841924
38422797
163803068
464705798
623368735
629439241
557197063
499820987
337869615
230930171
810557626
996143359
181229052
555839208
148227353
278697043
364926372
724663954
420644155
755629354
161628261
980020619
653920151
344143112
575907895
652375511
98755875
569219550
705214765
544319368
312179393
345350629
856991977
392971425
815261965
412134518
854535993
985031388
77313936
313647023
849306443
6712173
206775831
794997893
724463438
119288115
737008935
361842059
840269020
94684885
289549129
312564587
491426845
527232329
538388520
117821304
384502645
819659954
888797902
970993222
530683365
987977512
794606221
793550246
918750777
465206997
139151381
788257626
740577242
736092833
424161048
379894983
647350018
106997131
906322909
154916087
773244787
858922256
619679673
456619779
915366575
736913815
728950528
610529879
254770238
999614804
853923783
329759648
854582903
697440660
27631873
34876038
96233486
106320712
782963656
861328930
212105951
413225583
876247115
259256441
980136732
948751307
621264815
104176187
670523835
909654145
665214568
384429713
620909418
383472433
344576515
525580387
199980281
432178122
55626647
793769549
259026983
184076341
538780008
919135971
611283213
809391732
933674721
43136581
708460960
389285009
283661497
541029305
324033473
44993979
942810135
360019204
982675140
360423232
476483045
966615266
115648999
624774341
940006042
345116092
334400235
469494069
708850228
471110470
352864145
502051484
834895756
664055362
50694065
989194106
602301947
28029609
874445574
957111142
647973226
170745000
15076586
578128234
395715226
281238826
625992647
124185262
60396240
575915439
440662296
984557310
542905246
839557047
955695076
89011379
678120550
634252640
244070297
193663915
584735735
141789143
100541503
462564251
690272435
206409475
554389252
619606134
490335240
334839366
442692030
914780525
485573628
25563997
712450004
305738044
951538680
537520764
229059115
658767216
719123443
210214973
409097828
132934789
30448173
368306833
959146236
995338708
708360285
961682685
311073555
968049305
783959310
680781658
372375406
506184083
70203497
552512333
887855797
189305750
726849573
6386513
633850021
725556873
133223408
525881769
498983682
517341248
127107042
649957031
137472697
140599786
405193525
585303080
474540471
374520762
732691314
967606713
432116077
321965602
247263237
559050542
911245848
528652554
23765810
474642724
130821215
804791968
653188590
206265921
235534547
399026347
649664965
39753364
931917642
712736930
576364950
683540954
999711380
504566402
869323150
441804988
868231665
58403253
824209987
170473769
562855780
198656230
206241187
997854642
773492767
102596783
120396255
565890195
942042511
167799030
95140664
105197467
701791063
658580683
395060554
694191712
864152657
920841120
414422483
738446349
490934819
365440160
653385437
761803539
798155810
49150359
967895331
927549674
452642450
805458248
690818876
852842594
704442565
853292039
911786942
932164984
598550780
655333946
432773152
132937764
278630091
83774770
97710851
764118611
617596265
471167483
981749890
341130696
109505848
175131437
577652329
947390544
643980768
85763637
679538949
197415620
545270791
444437646
199698832
724342408
134701450
192846580
113247744
136584263
476980152
242298068
400754900
848499022
746793740
462895569
95640932
208818711
488067967
281484719
459816258
407160049
267729308
889266824
144207273
326988327
67400468
626764634
818043825
277511013
227805919
743428331
208861825
618678928
173753090
714371321
386894192
154113134
455635113
708430743
