16104070
244909068
456370026
502760536
795358447
834995703
708928757
160345421
93221080
298434378
930280914
973548762
17427892
908622723
625781105
748166675
984750168
345007974
93464649
900616502
353410342
204127896
971724907
209387116
895671936
75377388
475801448
791132436
876810174
498984120
186584361
55580790
267574165
752710295
792849010
9640152
997415300
195645070
611640813
502903946
450090665
347301340
664049849
47680538
74283374
516645205
800581058
676383431
703217785
984477823
487783815
615818696
199675416
133672846
245974413
811976173
273184159
246982909
607088599
719981059
359194255
917796320
283535245
594236959
111850017
874700123
705974596
264717596
115773713
616140953
750751373
789105097
733367160
590560701
450525837
6109002
540078045
924044369
135103742
379026730
274796328
799418015
87914650
892332350
11200305
570765663
855905373
133901318
506735881
980872835
736455991
750432391
588556470
891659752
143709691
532294344
63766094
69812890
935830520
199583249
810670608
535863462
560609717
87076832
233726449
698678716
882451535
609114713
683147008
239865410
271898127
349139789
111879167
228061869
445184731
559776238
829881669
391202893
583036654
541084352
18794750
572073277
757981713
134900876
879684961
318982
200548627
841707406
446851010
918231491
942342907
470265155
988213847
935520491
568356121
738932864
238808298
837818
658605901
312521587
688314127
246790659
450754309
266870470
708974707
387316202
638553224
360494601
446475021
583933452
702412673
672563199
486776234
394746167
180788499
238597330
777881747
425708840
207391869
233407467
498130089
40744128
162263702
764915515
297522502
801632971
360925940
176358675
659705747
706251865
320967939
829043851
732596991
270515066
852770224
772004089
121318968
491111243
425926167
492368759
361765756
840054024
395232384
862917556
215818818
269779708
983488919
593467679
754731991
329758790
961051116
813099456
793445947
425198434
814391497
647569998
84526956
685838792
969347967
907341735
26390261
462194549
700788853
740223155
262965512
873368820
939966207
216261167
541975942
408784408
117278362
286770504
999782672
715023109
871641709
658076063
645511742
299346145
549096697
27742794
818144050
767458259
421626682
329946956
745200748
507868482
35597904
307398556
456123568
205200225
687477132
435480174
521763275
518584431
465978497
899571205
139265171
655009228
599952044
342449996
329813499
767227751
51491737
345947583
212480428
674280611
813316783
78422838
553556724
156315433
2058255
785180810
136742095
941605173
89197684
258932000
40567867
370841896
995022406
755097028
837770916
632567650
760137598
336775717
721307274
681798186
765007228
481198240
249044611
972070502
518810891
990502513
699394099
206646700
697929293
50916299
715966522
75679098
117466527
70920136
694551698
957175064
753841831
299808135
203141969
902296320
298738079
580158101
429386746
207046497
859003338
768423273
659986821
844855014
504679079
697245847
7090153
714716019
624640307
530682241
909273382
332118542
829378225
581486220
637504540
11555741
85786711
930095394
243675879
38281385
542965477
964888767
253375368
924102270
60545330
880595850
878725818
460329462
133633747
819010952
383060106
184849127
51811493
41998114
113067164
750387616
330515692
854539083
701967619
683445
43826145
1250503
451038789
586784285
161646752
362433155
127796838
172355610
662303593
191586227
816509609
368642684
336482221
391105361
664081018
894114569
515047904
735884550
784309683
624083227
818520028
546760689
581082271
805629354
147622134
724424255
280307048
787380111
468419056
887116922
681040048
231247626
228127774
242992434
994455238
541714974
513849978
666591082
762455517
698112174
752799011
706370207
798025868
942047518
2501342
14417422
848366904
660706131
377917094
218952593
235339712
594631141
70229399
77884392
182163415
497065454
420168230
645409434
439162151
437222495
82126106
340416726
703936553
775186669
510546178
585261983
140514910
93489787
396650121
122366044
380264591
848456821
973429031
86197509
871284214
112149821
748734819
639034751
803128011
133204711
876057350
619600916
409463016
249466463
651777210
86408907
161018226
150243381
60829018
497389783
121546743
868440542
227428931
325233021
615986067
412382285
2433654
22839199
431501339
417239358
873902511
754877117
264056009
255551050
838688000
386882889
621202108
984031889
206600176
70013594
748330634
781133477
842281421
305957439
561165144
462525189
930953708
454470089
123409458
424137271
424243756
990271527
32660769
899260336
819300
511824047
621027890
648196010
470211440
458901929
109716166
725895620
207533412
385888652
259302199
121180233
355544906
153911965
410778461
264894320
465206797
176986336
943643204
990815422
749059148
340413265
26159121
921471490
764067875
153460878
481428575
547963563
899429740
7364068
992995601
883630983
722216347
364795671
254731750
326863952
765854998
973006097
513820449
747698246
960297427
22435014
573600065
456392768
46655239
439984911
106980282
777041743
43691628
858515136
958930473
247257420
46628322
41845345
150201188
660406034
485664926
699556398
884128133
316750561
977473352
561752602
826465878
200169343
392893050
375671215
398963884
990749234
899180214
83914508
499039321
492200698
663165886
195944958
30517995
726624134
766813198
569766351
874816251
324082963
46480596
704386831
504271935
40914603
48433593
745738181
837002660
680371001
214594483
594325715
841199025
66298600
88877964
197069887
770224892
398544824
195969134
373430721
63499718
670984022
41021027
116231047
877861527
959777118
359475815
466729774
584091533
850683363
11327350
423577052
893592834
915898574
824740145
560045169
270269965
273086521
57480666
785551274
151735749
647154867
538668554
718592881
776154751
304854499
242715482
432740721
403322734
466095998
425720065
631973169
530655000
393382476
506266632
203832228
283061936
930249548
826525302
544494816
681438787
581703818
161646648
986319295
669043651
791017429
700732879
925300449
241558453
528832793
926799921
497138370
341064158
410417858
221694971
416344850
132315468
322428145
340076295
573007028
717061635
926735092
63407039
117995534
424963298
379354180
892922051
500210357
409631942
620907917
276983233
340020415
446561218
512985849
104112486
570031930
485508219
552349257
49549229
985137320
604121618
317415032
191182267
874489939
539296076
928581693
290909011
120237141
171687505
89921782
71516760
960633790
590173253
253518273
827433180
754703694
518296778
43651113
561355997
289689471
898095376
200522522
515668507
620650535
251849560
586779505
50577152
828078307
306305371
651663040
930836629
579966209
272878915
354938973
968885409
399646602
735552825
188917098
578699457
496381603
88445168
772684910
328522852
319710159
549391157
316349441
749847161
193042944
685552668
349408791
51735151
441857105
990993259
759859757
87041943
403599095
801746523
570531731
622640378
952516569
878004541
462830702
813931768
520024463
159085151
491550549
687754874
235234279
284632863
427786577
19150868
329379679
464951655
64974393
201244302
125410466
871999668
195958347
71259377
935500117
836932343
857534207
142525639
956896579
599927888
488979523
588972948
513019156
267897029
565286313
597900077
165021093
566276719
626182886
618377061
625614465
958753141
808498387
160625008
57840607
628594566
514612881
908410079
257766091
330257922
722355470
976905449
926018866
558615455
961631476
531599425
605788176
499272353
687140259
115584226
20470333
320305063
857035188
920096573
670105626
902577599
174735717
967337249
719346548
829886498
854129774
763102959
838768768
446597330
575629836
166657324
63501281
35333339
13418770
306905551
322319462
949124126
884759547
626638656
877572417
512074073
662954080
954403700
306265552
33686887
992111900
665748738
879136458
510598660
597906727
305309402
101717953
888401812
490519380
155263006
453858848
547275630
189063531
427879591
476128147
959252509
138136681
479421536
982985617
794974152
468098144
570454837
485853583
380234708
793264763
71346206
435545515
230396531
42524156
158031553
239623518
220332016
661071696
685659660
837774597
188381035
883966500
328170107
848690601
270320433
64939371
175099467
544813957
858155762
853046702
775043830
760060595
456879955
150510509
918319906
373937392
183532544
971418081
511291399
565588742
421657062
179895155
498901749
717333896
526560521
869763886
871321420
845877656
332487826
915639486
233526832
886203933
503403869
590104993
287747111
75286008
809966572
630730933
712665184
730034780
292998677
25640879
627697819
527188005
18220932
311285609
978665558
79886021
124204249
784094160
56090974
248913933
149780297
120070918
416117534
8485880
385064751
610836210
322130079
400556546
193617949
329221810
212326130
942516275
619519869
888839896
256656725
866774960
862763396
843033897
563970819
552801610
258752897
781256617
272590064
396016183
552197334
971713743
699112963
215274912
891098326
791435398
721673407
548393665
859548512
984612897
736423635
383332951
173987459
279261231
690221256
199130361
308600853
312108637
536416831
963776866
813314748
685181543
907668134
129381035
54628883
111890597
217122624
281170350
220123340
503289363
990161034
368523679
847480852
20101351
456288544
413351006
911723246
106855167
509458219
402182549
607548401
663932463
82967762
634906971
152416260
873323773
692787501
583502165
152812641
364840457
244200756
946644259
244839786
308813197
582701434
867015790
64045609
569731928
160646028
779207728
574312774
440503056
328270325
356259149
994451862
367899956
535852097
153886108
822972686
276870250
287407114
201745686
802650416
134234281
356228464
149382284
602213780
272761163
976964773
181305109
419103095
633620457
128357709
855282881
259088606
43516775
123683892
538667655
437399916
589272752
349305397
341991318
946209138
730250489
827869774
167045344
335662138
726708612
640455107
784516303
337471675
538901393
760529478
875942389
77433343
42455069
143993842
110605505
952584731
433319149
264802010
791284445
