34654946
509238500
794004289
647315379
470005575
166273086
521360795
374620383
650063860
554445221
175430340
982183720
803814375
865014360
309254071
597692025
999325607
25785977
688989275
748881388
761630999
111323540
346013567
794517827
149305492
362422025
43432832
353985147
10214560
251384531
40163832
834102691
155899804
295176494
241319927
51123990
648960351
158241645
980812455
162656145
699179933
889498520
430747413
567139791
464835710
814788398
825716375
909282749
21803247
958251934
839864908
626342711
453050833
688481753
387805815
923331405
163224932
999486461
498009886
107583549
122840254
167375647
364405823
398679329
514281389
341327647
826283915
508637881
623694433
258130081
948731672
841083962
44973521
526333129
49701455
872132478
680576125
778873774
329682116
334517092
536705649
134150082
332181900
51962624
411519621
413821119
381051857
467418050
907370678
317988521
887899056
649473888
660231758
873228905
39815891
531804286
525092696
32068084
52858402
123508063
988504481
317078494
285588315
763673164
9520262
998780945
581369189
926717703
638780297
515673335
242755279
384351156
669804344
163492794
570877899
988690170
835193745
312443198
987159706
100460269
960275788
358865865
601267201
305705912
370231023
299257783
180852203
171744615
486517238
517897168
347039781
648508041
726015372
206174053
346012609
219627154
848561766
568508734
42442362
412738675
832451928
454334153
828637751
391697342
75233241
503547900
979669542
496738963
302351005
51125720
696610539
212649498
44908376
952398131
163232273
629638616
715811291
979882402
393442141
710262477
817928741
409624574
440200465
120883129
168633554
594247236
658335783
463630291
817480183
351250744
140128404
266685011
270000836
574421031
268008340
505941635
530228113
209569859
230472670
866683122
319588239
684113239
869393608
435391518
821286628
134390283
603599664
773617239
42941780
716373992
503815862
868679362
175066593
332179883
594809933
422827354
14133688
707754621
223063788
480986003
845212115
516039251
679258779
951100259
910997314
429925528
942648661
470487344
684389791
657290637
99410502
506241431
749409732
526759018
390674238
133815502
540230964
4808946
299596500
34243270
990647571
884718542
420688511
101106190
847434881
271449040
91618418
937820951
979611096
845180984
491807946
822473490
986506070
749486665
21471006
803548987
4854459
918293348
524394202
391361099
191741621
133112319
89227448
385651142
616963490
997574429
119269630
648307573
941505643
460994431
882596389
9324741
408158121
188820517
490338431
960493571
95350740
578152589
103665378
639548274
338307109
4827709
490876246
839208806
165482690
276937011
519735360
999923065
505288011
587125250
128961042
621937614
480414743
908235399
842501648
857535251
795491094
35037368
484142699
849860450
152179409
443310843
996315306
518616665
962584593
482483205
414315369
797685552
259148233
60977434
708198246
426701869
814627969
884845926
53053989
186913911
642236071
250018640
220168451
340026479
477839069
119346564
143019562
354380393
332033388
260658774
528909996
499922720
346318867
632803178
165002476
60313371
94009889
253804927
487368864
894996265
8512401
972259580
876624212
682999484
862621640
722049806
740774831
444310577
878927002
702259172
807309644
595568815
855181409
655587737
215299180
545472453
814868916
144116220
372021380
32832845
300291281
641934913
186583277
701925818
953573207
914392647
451366685
626345054
895974956
647884875
332691979
560823041
397477062
158057723
178401510
669976490
373394427
537168966
477404837
755789262
378571731
698708983
475453390
629774214
453349129
933341179
644741310
690731129
417503998
619530021
245444454
949893668
881783545
454536019
594704983
366577487
785676302
174698393
729426276
948228992
270683121
114429777
548335619
231042127
369567193
246486603
198091753
697123685
477186226
545322688
172078026
277699950
666711382
616232117
654261113
601582296
166481523
556809062
248576689
20232027
269651336
760635554
208841055
276444934
402440421
382798310
679039494
942941042
563352738
811824021
884300187
198696033
807742689
529175843
485106141
264141953
150373363
244411262
260207021
206862525
735249426
947617623
213544902
872181308
447451995
967744503
283182286
265551428
800274904
993122686
200095964
228867240
926121703
709194248
678577655
510047565
905588720
271890685
828601705
986768882
567447107
255150710
133770947
665362204
661022500
973381991
469957259
137535538
131125976
390119159
451208933
922070259
296602041
41714163
284982600
322033712
547090651
336659746
828992938
434695916
99616024
413488066
142666137
570230051
611728057
655432947
272574329
98548440
850598187
975058574
358553232
878482677
415809556
273438137
639415417
480098715
813846676
548182697
211158808
474070003
497787243
145646747
134425452
410155745
541913753
278025703
932265197
884407539
424211648
356543943
962956913
568928974
442897746
393905788
887152858
153959041
112484573
563540894
53634146
5589553
700807661
371408819
286937350
156067401
31565926
572726254
506260703
23163903
402298745
804883883
508187035
998907952
125500937
354922935
936908672
953969275
279062613
732510390
28316298
333702354
723167748
388166788
674336791
494054244
12101660
789624257
435584931
21903767
386285278
485456376
367614142
250305781
494548551
205569255
773262340
126378424
858709396
978358050
378589818
969187497
771764998
909101294
482108794
619327764
848356906
964048959
443428036
87974810
456997114
933183581
874896426
379974181
535224596
719931790
282421803
312640873
697072026
792883105
143965740
241941668
137141323
484356935
636878623
916842367
437269740
257881253
504359401
919931680
581660594
810530248
95259879
300704562
353920572
59128799
561937354
814066452
906057992
55009026
645697336
48052700
346196220
347610120
564906651
453101696
610559948
987639959
715081184
774616759
923147450
460621467
429306396
65826291
834392310
136648149
832046174
287408063
272222670
565266425
182058023
590475652
459689557
523496355
506314215
646466865
837923702
574191864
26053609
476095796
157994436
468355349
406582879
642062999
147185768
95913039
895745447
789531201
919450283
183776927
306282419
449629780
542800068
729742640
996784229
121039126
381223851
29433588
466312251
217272422
227082624
274529291
541843782
340791567
872951002
55221683
588363141
822699863
841295903
918439784
615177992
36368084
961586350
238985387
616622323
454792100
54038587
787243395
918640521
738479270
240902700
42514972
367957779
88445743
258984006
732428242
47675584
729946916
526712124
385275088
265243014
808490114
107879613
808781185
249013171
883465143
926511566
65791312
769111996
91964085
507549896
73045583
948235297
1010498
568598933
269914335
488043428
303814680
113120316
541992128
67000539
593980454
110793065
727832979
976369720
184567651
906571511
453398039
81807560
140522760
7546098
858416224
295987739
456020814
653196770
806687877
928488470
152805164
989972215
733157179
528280533
988247274
18131399
826676435
230929374
167857116
94279674
366947280
519846808
989069669
244384813
743860902
616826599
984719995
318274549
671262558
697697048
380046632
832411463
64445520
976893630
473113527
983983750
628589235
84417986
649133670
777057843
492214482
347813726
761911055
341425864
335238263
313842464
379963136
13711595
78753263
575849055
284116628
496903605
808512603
90287976
539624230
933551229
92737889
896137946
263685195
241589625
311267742
137746264
981934211
108990828
548441837
320393699
925526694
756263547
55167005
4263524
389542163
742258449
581795702
390799272
602065191
19133554
757935752
647643805
909146548
430018438
236863462
971008399
239521286
95413502
413580419
883143025
23898859
974157542
437269400
539562296
891245860
732451288
820732790
407544045
465790101
354468217
365879513
652920226
792984025
14844563
388315768
623699587
958544588
74489738
186306892
541858178
915107902
417713331
488222784
520490675
175615477
445094083
986991396
833666755
4726163
340259341
898224976
886520708
695410408
665298810
296494840
951369151
318994147
515604708
113017662
657090874
921525657
174251657
925009170
247596973
653254040
105015526
854659779
894301984
41702669
613163873
12463811
165031548
909106609
871722240
968035122
606185527
485934757
916778723
363946818
446151777
745459890
987066033
402817881
125530759
456243240
479358803
957509817
127685214
718349722
436946616
304705440
442939880
961472074
529216017
620332520
740856244
492704160
240625811
867236634
70599951
590434303
92689411
791964086
391562288
327795530
733193428
977414098
823688167
697263687
690309311
465434393
402215423
151657889
666865884
911630982
934459622
771433774
799478410
791353732
173895236
147505707
726974564
175952262
604756052
308458433
569523930
203559472
379890592
251389719
227178878
113481366
245308946
49542088
293346866
855717473
652770478
195101947
11255593
797735227
723049810
501944704
133821649
430421526
28040410
971512221
902490016
291281990
294606190
617585033
685872896
969422469
693225748
449272077
693341398
923094242
863459737
916737148
187208033
83103855
758271599
529633956
597523506
572298447
470084808
576827945
220125446
352673334
858311022
811148410
258860503
739357675
760178180
1743183
68303922
671950531
13684058
296553037
147911851
633243829
405968416
278241940
908953280
762305557
565516822
257756407
420255616
796036867
356200689
370252623
992257734
736033329
7893913
928151737
39463628
193415853
904421196
561523201
960336716
451212464
751386774
549816681
432970966
483457779
358724530
946515219
209244288
691482565
380968155
21390866
909410184
566906700
768825297
553964203
677135437
480029659
620680675
835217948
6781624
212328401
156572328
424088577
996472644
488058399
818890674
522827173
731463762
832026442
962279553
874888067
767529333
452160855
336216319
696699385
881857053
856151734
845270972
425495501
403581027
619001601
48512119
728773049
415068712
334809822
460842437
425351033
967208031
453929709
251016299
559433968
572735177
69203248
554741576
748008315
