857855958
954154926
922102186
641223630
664799057
871330129
756627791
277340939
201732462
841457272
563728944
127638080
338393996
378324080
75267541
641483402
181389271
965253315
533022517
21233860
24055337
588955303
919530374
391577296
478785547
20193570
24989422
693573582
118477571
637765647
570874976
360994669
190219581
684408833
50138308
463773815
362036810
225935658
37599904
715154973
175772288
25749988
811757245
920272740
321564917
624613226
865307766
355508353
262518789
185916716
798555103
451407952
572151045
220840756
826829214
268900654
34624551
530524890
162438083
644605487
846340707
63054209
158863367
563966813
270582296
202734274
937418498
653985161
328185771
611493724
279446591
955453611
927653410
817867543
845461571
998305348
777198057
999257633
70012378
854172320
154885802
669481067
431054792
932560854
839210542
119467023
788843623
969378824
857579618
781237652
429149263
831511919
63497575
392994416
868814265
112718079
866886619
247790431
649690443
118830642
687194727
211322605
27322581
651025064
906470124
843101490
523754540
754283500
375379184
828523864
491702596
35366917
460512511
308265762
489719684
176859639
631999415
226302512
724756269
151115273
413890650
968039672
796405541
546948118
182344460
447934670
891956036
534658994
949053277
732743491
131418728
529407625
349567189
951181735
166977592
943563195
642158485
780029726
26090729
996109051
595712482
34560122
593999640
29055753
289535056
393782346
370999408
755231812
903274730
691954625
480718662
640584106
523034161
498575170
704939991
719155053
414917062
480374462
468680603
458535453
951145453
989095544
805230222
642635691
697105136
962294970
685799726
509330774
141288169
546156488
534701152
851969688
200211782
728647217
555402789
379330527
374040032
767349788
257413062
788562113
76935261
136724224
631384263
257098651
252024828
490834620
6373464
850992017
246241744
447822537
528646133
161784022
311349123
567555274
44963597
606616936
229329898
951363947
331950616
327240085
707982618
861668632
613943642
357118242
157253472
628748973
440372323
794386942
943172379
325609463
345115021
647567273
222961400
680118489
381600192
814421229
357711281
548131571
390610862
206270515
955921505
834807707
263089030
693465630
17510354
372917129
540620565
632656506
683683619
948785852
150000628
422676083
435399171
930172976
80579495
215266627
522780580
274266021
99845178
623275854
50462297
211986520
907819637
920632279
102707516
881078858
938822621
631230632
185955082
230542367
248905654
681198326
560753084
125680101
371318578
873174909
598579601
920478010
339607887
784336342
88128408
807715815
110703322
994386526
175608834
922438936
212168102
292788423
599538994
166333564
291640648
83445260
448286392
767335007
155808218
743934985
926988069
342456750
590758113
136431495
434094507
909389931
446701424
453141252
699880197
468802301
861922997
309719070
558854398
207404584
616687024
602302568
934658132
315508835
535147445
242746480
101283198
913433109
745023444
180268579
668910756
646034198
31691638
19621517
938901718
165460394
232911933
793418076
969871881
627383591
946186838
256122851
329719897
203176391
350241834
178738476
361014391
657562069
294506328
706806532
60515938
902449030
733934024
392134409
549646539
689338078
148787126
132777557
232187561
913061737
642651787
13554960
597433304
410489534
467520738
788060308
877698292
427079906
514239533
534419803
235890367
68504921
339847187
931470805
261217744
360564173
272582671
731481741
965266999
356408969
881732087
443721127
618926781
38216912
119752641
766461724
912100172
639557228
469974977
249563639
16673268
100134375
561230514
56810144
984731803
932631878
658689546
919230361
735655652
562181525
301040182
933934483
143322536
760086524
470916164
992011015
562601842
802463218
130916664
189082366
416755407
417305384
167510556
875778590
31329649
198930659
394628177
559216391
290736893
701059012
875960134
238141064
957104928
264675893
517746534
135755991
507274405
283037043
946739000
328585865
701874625
353352308
995826087
403085474
55368787
947797602
300398591
858840256
567300747
127741624
203859882
109636954
508640563
280892610
832808231
599367883
932623818
685451923
25480495
785801144
538003700
99473154
628493468
34596640
686221389
62899118
976829553
878646641
242339989
335160172
484736609
279564799
855724216
802330798
487207739
63403098
421479295
764425081
820409803
83532045
898532066
535787920
991915643
162995268
497199129
766323180
729500500
676212317
431867661
918378650
203132172
821822481
257556547
160937856
790582163
602401471
724858838
961229447
716864084
992469667
970968048
421751949
616500266
232140574
643005013
924295081
253912736
706309763
793684870
769405132
177888587
168198736
865042118
941948448
887269076
2215780
107557509
465498200
537397509
919898207
333398617
300617236
446778979
323961337
132027999
662914127
22008251
694786360
11748635
884806266
338544259
460249846
47560996
827940134
112563996
476780117
919287653
759775068
519990253
572904047
512410443
23190736
882527446
662462528
740490062
34933436
956780362
315608098
273668778
788366382
494843962
259360638
423831938
796965875
659071050
670350812
974972968
292538928
100112575
980090885
902286829
559126375
694561128
908878602
430860873
717638740
120637739
37101983
829384452
410488959
82928126
347782439
945507945
964493460
407487764
310207880
418089788
784316450
583471274
97094563
706133763
706400152
421117581
223382251
389962304
79183620
36417908
250595120
168869084
442213183
501807147
626748724
659662493
539899367
670617216
953284066
328629606
973648842
231601655
22851322
914295695
919678378
486223644
863179817
705438256
147061522
313852691
459338476
389478111
348863169
252261023
190656517
709067653
3018012
273957121
195886677
138008794
471178877
518916298
351677252
681220832
870042618
868232898
387171268
908681810
456179400
688119945
405608577
293876244
454203696
981578273
444440945
552714795
560619951
182798867
786455384
220176508
557937762
517943993
242900781
765330927
577079430
861117007
820005913
189952160
311150629
917681070
656644480
265942246
474730539
815275272
857450728
454732543
879924402
341630488
44253076
51445480
99052376
954498005
249258856
458941575
908244112
165462232
935274413
367284895
807820077
637941721
148447701
820219144
487501736
975710167
580071030
953234882
276015517
586346323
104141402
8925611
48226985
197219108
597531180
538498329
31475464
139666331
819145704
638928423
124127544
989708400
672790391
218989462
138545790
735009903
121124132
603439755
268685137
783959204
857086814
411617198
925842592
452721017
382132082
673208906
769233368
836425335
778440508
499020370
235204242
904215844
178717026
293578078
237489086
35327465
3218495
901833266
356966825
710760525
427466111
768577781
346316526
296345990
243157350
818111675
965151329
929458237
681673353
752491831
854586035
976631273
684549745
492056311
729259508
692524202
83083017
595505966
815087025
924322273
769264960
195050128
361225822
320125333
403724181
219911699
810991374
379212313
981500375
103218325
731791408
219290864
246472930
557924610
356493093
88509032
65300671
629496602
209563666
564020405
708057576
839775129
154751981
25948676
644434333
258572967
219666098
686660714
564318569
544964883
952244447
407712527
86746240
432644550
941495564
232415982
407351958
26191193
892621808
23245651
7120301
585939015
947957861
578455028
20700423
635295171
730158342
126625135
135563217
640750475
627223531
453586413
385942299
251066619
216264696
929489829
40298146
335277145
675690999
145151213
245600
124330660
814893742
436535491
150973877
324078880
132544623
813828378
616429045
124077110
681157073
39109478
736874793
186318015
556900104
122118560
891817267
576296952
5248253
9139162
528414623
93040963
551097496
923568093
917741350
498658033
21770228
835679620
216379854
12005734
192117836
72074813
350500192
747470594
23000050
882789639
771045272
511422369
427481150
696621541
502750547
916329962
510196088
11486106
959593401
588114053
716711619
199624284
694166514
94146135
37672562
464001192
330028892
666551837
616736588
907204636
573233162
891325648
518794140
652315843
302308652
296865002
597448524
604423310
931959273
609082259
688609284
989404197
163317965
674110463
351073287
380394897
148815801
308626710
506388613
612084660
582844874
539611390
963974690
329627297
781946412
822145943
141513105
122233719
974333171
728116643
742045919
683948354
130734005
115795412
309556477
879719622
992628228
775165306
394312889
205885545
318881438
905772776
79526832
350511141
899504767
727307420
36306318
20056050
743072846
657277664
315185390
21402182
160163224
4651928
324359762
33621772
927350956
189166842
870369429
480162708
155351896
475214804
630090138
203842630
867036338
4660930
858670191
47522552
364553986
471353663
387766667
373650493
914313819
300503067
293203221
677072096
460084557
613463549
430122528
54638992
785839624
121457055
379160871
317055506
412931252
720643737
523785130
126082077
791435649
275934704
952368665
803461386
904795876
914150180
50533648
843666632
275682638
875684201
483474801
894843837
868637227
988783765
655502062
271719182
269510996
941534895
107088361
859660155
711448705
647287665
573537213
313887406
759044312
815730437
694323083
33894841
96053932
313034631
790911376
146392600
480875798
732588114
256086901
88619282
518984997
584305280
468854616
163639
249969419
449536588
401389458
584400355
129988748
535278690
186001763
797055857
465954992
107441689
47544510
471396355
613555376
664124974
414633371
144147984
702397489
638481258
44417073
89065439
219827097
16638807
747612699
962648005
84772824
337082200
413968038
136049113
732696863
566882779
752734184
685205715
472680279
106924721
609690735
261912117
245898207
989136857
183898658
223765622
629728674
897267224
567939847
988612242
265490121
319515020
532837223
816750823
317954743
111938917
386221791
880503737
539888206
379789176
780336541
233330611
701923887
438741451
499627530
792906546
121310651
