84081523
310272152
352376350
293273201
113911464
856901122
804456481
33186379
815353355
788760715
635029070
217361865
182655801
833977489
139993350
715630158
664701618
982132310
556245283
784740688
603870999
4282913
73202593
931961641
538175054
879376160
576350794
672585524
35729392
52111735
152406459
727603119
58307365
153403242
332628721
340065622
209281118
813310536
869236225
173566086
510604250
460829872
247211620
119932012
226638486
199782631
28283703
50840669
413877361
689131504
558989414
415990505
897871084
234304099
776917037
79798609
237069559
420414708
755098145
234535302
280550328
131870957
997456986
763241619
636354256
907425949
159054499
29252559
501348768
799927727
506349040
851391081
112896085
382679196
274136437
143041126
757071291
953270579
705323154
338392422
851092457
525510124
258708162
346597886
493122320
736415952
829732034
824003265
376486203
252830111
102996062
788866408
58212390
634700922
893015757
378733293
463372885
483969999
483577755
319212535
40728131
999031142
549491900
613949633
182782464
707598331
303094419
515191887
960167660
633875910
322727317
283798978
715091553
416705723
383442844
755040202
873162793
650859099
270119299
899938302
77693915
335051232
652766354
248518657
696931664
717482630
793178690
478195162
489663438
895403143
679668240
273101291
469692824
386110618
297664291
852061314
976018223
644758528
163815422
785523987
433321533
314540147
863835604
742610292
930102793
819197082
73774855
641506666
251258078
137975554
505570498
812513784
213850700
583639452
241518620
705676897
346264787
300973242
917017967
465299832
914419640
824899256
25528448
64764516
954207668
49626025
814106153
328980934
119041432
531381528
779021978
228404265
487043676
484595311
466616769
763153767
471215627
910156061
318415863
877734580
643707775
151672024
226937083
351687884
389832644
867154455
59250591
886053370
144591998
591987392
505796527
675044980
727740559
698515589
871104346
608422275
289011698
799071087
788402623
880476767
5090929
744793920
522465234
719876548
358953574
277166232
325470107
729255388
117022683
478364852
234461270
436108724
982557378
39283387
821592056
762747616
597962172
673840563
674931870
87053213
990375432
928052782
184388935
527054039
25585001
103976997
500663705
788528086
613490963
858194492
474142068
672144538
121753438
437939094
872643651
898913853
629206788
507060534
992734308
112666412
541684347
329995202
769030687
666227145
357526121
69687802
692487600
688457171
876923532
108356730
10460102
615171134
124139216
701349409
890101334
77038146
560404984
995411194
694291547
254976576
776502526
536942020
115764424
258828189
4222783
562316730
314355286
544618284
166639734
922678201
133540827
90901638
681106254
562265458
545368864
660380229
159022094
518161788
169527917
955897198
411489396
812206532
911604552
505134233
847734390
858970933
548005322
420404027
547837759
795605505
338508868
633795593
812768985
737757731
336163884
4742326
214230778
510202497
662004362
795209389
755332514
147869316
521817437
954245329
974815901
919558462
934064879
561873756
155980545
229721104
918016050
42243196
825883276
738394348
843487179
964295993
625337466
610630189
411093798
145251848
14311408
893951258
996780523
371034228
584169332
499745232
278132652
943348521
226101573
540626538
446149451
648819595
856157425
374318526
200564683
263620079
290389095
957359222
530318331
928175926
924906053
986131564
264423482
318116655
877589453
296265672
807912315
74374637
894270550
371867890
379404858
603600588
99108699
516752513
780897981
861381255
151088792
150783208
370075997
475070669
641425810
990716356
335772183
615354005
783571651
269196454
186085769
451564749
537829665
579867100
673906897
667978243
80311858
482917870
220345794
28179843
629527775
678663868
493444773
287903659
691832915
203758015
49077971
854233682
161221679
842548862
549710896
339404911
593420544
339183426
112531287
139605886
587283224
55247662
286750116
934189696
650359381
649069475
534545002
608392999
110179902
356347565
536544970
314403449
697960991
711426614
523288730
616190828
296406719
752718137
231853479
472424923
657338434
82172337
783237752
437667795
941638384
481538499
454132326
941022788
719485557
846680857
858144204
198646238
467335813
534301011
80695018
25064195
196167754
286156096
377820461
980458299
144118865
885051773
177723756
335485350
667213043
734674520
156272690
449795063
319260131
933520066
42998191
840702406
107329946
640106362
482267451
505110887
272009909
849082320
992551310
168820881
194937148
593522213
888907440
263499044
498203360
337898732
847067635
163659980
630731595
498224534
420023073
10250622
374897676
251395179
328306057
772286659
904448579
447752401
770454750
206963864
325265809
4337262
621762656
785965489
803682665
17441797
91316291
827229449
52033559
575584130
753054285
347085433
293604785
208999580
785521150
550596651
996144331
914224711
837281988
329314310
887606883
992612708
819063467
821035596
513496993
32747569
465804729
855934766
311800305
709980791
600662307
824257506
78627569
785587445
843555070
190599886
971759555
102941950
459816378
480761562
246582440
19838185
111626421
55147465
745170247
72937640
716645836
165898096
465874028
777709405
776142326
990223867
610470412
441140440
319356979
332653100
185273794
800727059
272468496
770935096
551637067
235381524
515429144
342052767
974921822
928796778
268457864
508017338
365444508
594921264
578837094
893202381
454408332
356520425
82731869
867768697
880986286
763916001
75865349
440559352
316101731
299906633
390060737
534090898
933838463
610438438
213787093
637487128
466230466
510901970
5326091
171032496
830473453
688881280
929124494
11200916
504409040
769573653
80225642
816373467
804479775
208628497
800453586
870952763
198872310
882939944
535815534
253949986
358408570
451588280
451666812
421357792
724861709
831909142
454833364
251730433
845320785
981338244
408214302
364483383
715009685
630970735
41786872
854542537
589595172
407804598
62728927
765527050
427395930
71530953
363359657
111412633
683690358
259491880
636079576
107473233
499453046
519107972
335218588
50898518
74622904
959837106
279078557
14642185
59235157
583968297
446170785
998564309
234047916
677394060
165880129
523070794
361359350
715742258
101363782
173509039
166841625
945911047
281357590
791067710
820211016
770288482
826554055
286877616
88228623
340254179
737667433
465369829
195829565
347360131
752277386
326212812
646119656
357315784
289860478
755172578
351892177
27144686
795307380
5626874
961633812
64164617
531479134
750001868
905650822
840288861
750053282
967948099
158128098
462570537
940631607
553541997
237750382
544150876
230687501
304334421
133283050
992200940
926413561
718980977
846300863
980800955
802734744
886687783
925116673
839667315
876951137
4043566
425881779
346191203
821616861
139696938
150603667
275730715
829433897
756046399
238809347
76552187
381226792
247939760
590200895
769719332
307241730
733259027
406728523
198735389
88462430
101968780
126628282
985526056
621889527
359691235
100731124
76326402
159326010
980832856
261429871
644791349
824885193
65983507
963337723
746009716
542066319
811936894
640953674
800934668
402938329
962019665
714716978
474641100
65525073
56730863
610974147
678473800
128780081
76581530
673559224
69475716
479959260
726381284
751204884
774982356
877415282
440355721
724301674
461925625
38965814
74277264
116404705
848601039
494616527
594017996
251666992
315243285
284602036
844191178
227653013
495304835
92305352
605793853
795797058
126442764
387251800
651987181
920000983
565158663
748717087
422257323
947546319
82744479
307273632
191954154
164832089
98503909
314778621
188355366
868594433
101710597
87635219
179028049
761968853
328661064
845614959
866115937
980024571
471507075
805063870
295730862
393871764
284588902
848928516
178254389
977170363
874165405
930584224
624762119
387730556
225428101
520354737
159143010
713208537
616708490
126730943
33660226
541327407
302662372
429185907
153163082
464663
96246669
975596744
125942415
407669615
913277302
843824998
467135994
280827804
521135861
671962608
448493907
760094792
452986225
28385558
662957417
233815962
129019243
214783790
290666682
167919684
690016500
800624809
643166332
581355859
928492208
465819510
145260363
201930120
811954733
324788530
677362199
42321168
651900787
295266198
297625094
308992157
722986100
770584772
63893060
30340407
463448229
343934315
866594693
553465491
71860829
399048216
260222311
588322931
463773525
799844262
412308164
87878582
138519225
985243397
310448162
295621859
332430411
544586554
479177405
447457791
698564635
265205873
468873069
196347331
994600408
406172739
108194005
157720026
730760462
353965259
510829860
358434469
150890730
260326274
704471453
346082185
934030114
89700840
509495029
529443991
205597198
556937431
738156593
12110470
912480365
589483617
903801941
666657388
984818035
2003235
976561744
178399545
291407367
616435267
331775770
198242355
875061244
670247362
558865082
665688089
290854211
102502284
857562467
109808265
289014402
53873694
936987850
878192949
280771944
964365975
361591743
242729571
35091524
949733413
241860593
141627204
527049279
456762599
283866964
405116791
502370796
441536615
172901990
728757226
377403514
332430314
67027102
534455462
928550503
506229097
471020939
263782752
530835756
843806939
238589779
103094913
699374962
628348328
723096067
858606670
652495765
25608992
385885444
20452059
640411491
733832173
143308021
341673952
374574674
190148566
671193075
418298645
386380397
153748291
163317293
849317595
929600293
128805241
732404750
956584086
986846591
402532387
949642445
774542846
493345036
97808991
711893813
191284584
711143633
138765679
442252240
898700949
733666530
425260293
752621024
476761804
55651171
152449931
88345735
643571340
189122293
725353148
159880788
738401936
835036020
52722293
877402353
377087465
680489645
389272183
173494619
570569721
895943576
766511980
871760077
249963377
75966545
611342596
527107021
