89857430
709036607
200327434
97390314
118487736
806207022
706875954
815678099
254924070
297751921
776644519
297011525
378778190
816983688
822035244
442641467
760788233
356346832
372456465
72677962
86463452
894521952
826751314
49343959
599940064
592602904
906085175
949075922
498003311
540962503
795150892
81641000
745794275
888303442
965458291
342415656
800770764
411562529
272735208
648329191
321800558
620650121
96983856
546349572
682770659
936617989
292872645
160462337
818335363
489609798
805000897
301333212
156444149
567139424
198583758
195335477
882285291
150983475
497450248
525884831
900121846
757800031
317674788
713961566
502601027
695003518
551217248
490474746
851525395
479619587
641870701
349225703
83611623
724127273
750877403
465813330
797538096
280401742
366573298
663322073
299730258
745622837
130740559
8393513
735961604
493817680
925196850
178654851
689719684
770122814
460130363
649787289
914112280
746850376
748207343
564000526
302975333
383022288
43748544
987767140
385400741
802397897
308936941
338715775
847739095
455775193
217721588
432316874
816262019
732770426
397797379
601883549
784410175
834128173
226154573
154499008
627059472
309281274
977999960
8783346
769806666
372562397
800755061
81402580
19489224
992083411
435113422
336761246
975919928
186876877
162837997
414515808
236653197
378806157
277921332
497332359
436685896
792024782
160654416
280186411
276096091
492879975
362392830
956949256
372325435
858246813
865377113
79984107
520695802
593708335
936941052
993694057
405022327
34965198
217960473
12838343
1642836
227534361
319226551
855655683
20661770
880960341
456396945
629385142
569932429
983281570
365230351
405604018
556206840
728822212
717813110
835034688
148626858
697813549
732687254
276926691
10169567
843805803
709077143
161242409
126706297
355129315
816065442
382211592
249935823
169143939
9493480
201687999
160845683
265082989
495689522
209151535
472798231
304998731
259524640
395135749
36483030
733007686
387016827
389043864
493016461
459773095
523777265
791873589
875895224
101906364
845067198
707208776
302277942
941033781
2668776
157837032
518457216
157984141
728949385
665532454
64894898
74185352
379449319
400788489
973788089
163542352
244758334
291123851
233132690
508661574
362236456
843628126
438288908
337551505
240443660
277161879
456788975
320033279
668225946
666933201
831352049
24191853
506316367
148029459
324076739
302284702
899410055
219811901
262414212
337852490
690694318
314814090
576049344
593992185
330240851
962297676
353558367
986228336
415255773
329474109
215014760
232653414
558740899
367233649
739669906
1439072
268919868
964726436
700590120
725506896
701048055
198423936
489758193
62016183
834180403
40703044
567868984
231419860
76711750
671503386
264132295
24946433
28709638
895280198
817967255
47422366
267578781
844296722
7310654
278145983
923603510
470560638
904777504
338751837
451918441
598698634
465450953
139082718
408359551
322637667
33364834
934683618
519221779
536907315
636804434
492270381
825055895
514033160
759811780
289537806
394428692
122138507
909516586
743752386
65341813
190068327
203943776
663460699
549266392
692247539
733860289
424623145
957415782
422444137
801903384
230487416
293646430
151006355
610097741
235481769
575252090
428786265
823060307
754074081
638138551
329448676
505724652
491802321
258475764
325696874
222366470
753545619
84484941
717772846
883717289
801465003
561044051
161025118
273410024
261850113
394754858
801990252
589816325
716112010
588777376
608741688
977267835
96777642
735003930
406317017
198623950
674049539
903935417
524330010
714285715
965642426
299078198
155442505
105613834
735893136
684343674
712141453
404984934
223569518
469881069
980314669
340138203
239642935
538726846
438380
669443364
132621311
877596330
348247628
840726910
773261836
838969939
106948296
165296704
29396863
352180839
408947010
756798390
852158746
127072923
548316929
849610200
560154929
3487131
918074862
502386805
405601545
55411284
537516887
577506438
682613403
397005317
366246806
246230941
608462706
268603485
737624899
558050794
734565549
736873651
66002638
796453208
555687789
683603099
941023877
126672486
192129901
990145799
76216970
383712296
275396664
955343061
552826187
96496594
921564138
130704468
779983272
236155804
620651983
498051574
263841818
77210027
340079443
770741189
158113507
376256518
472723132
860717354
556833996
760793376
614555939
850896215
22232841
115285094
61070285
751863720
293922411
876551829
62463252
791402375
310256903
415455745
979194312
153804590
302109774
727270341
844179129
269750212
324666801
477758238
488620212
501469095
937398809
236513975
473031832
988792610
456373764
784946599
525489592
564767359
653949353
331412545
433311803
315423593
769156356
424500447
933110220
437541092
35426309
169700418
836782056
903431441
173692551
829249606
187794670
848386072
98015713
186274852
468631415
430843164
532077388
202972920
536050553
79075758
272173164
113086843
913497404
785718864
642253261
72277673
295489955
508975811
351062237
497695892
137453022
978844357
982143941
663770719
384648232
877609325
794160119
406638036
234323902
154966382
640976180
585188769
327776544
108149203
48719305
624645759
890776896
270098911
316315183
94646427
32689971
450976432
795361991
354236044
43250428
656069512
511003042
147391355
795287830
963148634
874210461
327806245
552369204
675996658
691796583
208950312
866242130
434244992
801626618
591022089
636683044
125439351
968649016
381084170
438099576
686984394
785310298
805348200
736999559
17607502
181500776
25391043
192660627
256415810
465005920
686476589
183482366
627907896
620520291
728578719
366606282
646768764
611350204
271175267
280755919
313169935
32819565
651779885
416352618
839768991
758403627
456531903
468472291
725293093
457963382
907250618
482327414
414277820
916136467
356266033
870759212
705654841
410391794
777680328
781647858
848819418
135145618
295953393
210990737
5319994
25467946
238334233
813724700
73047899
224415806
989914278
514089146
697473749
100328251
124929640
654164828
133530413
388995582
897230566
259203873
724968871
556918750
467367532
798452427
557755301
204149174
769204544
711771428
264254257
857819505
660951440
236376969
833669874
489527408
431936500
178024317
736866170
440789147
411032624
814301045
520069393
642807202
395424392
500877286
468049102
393161472
784853664
313949568
791206826
702101203
737228799
316659258
513161226
518476455
56678987
291900667
667778084
497500965
653235434
801170819
256263400
526562804
549470442
215228393
563464365
753537309
680419270
207946340
668391749
946905322
917298657
692741264
977962956
82929521
739134478
82161669
161494358
966490245
330403324
164593829
419295508
455254975
920564600
562153053
120590706
344292181
723215741
315193419
432848421
140035832
510246232
239365205
787553712
609861804
558037645
993506588
93336759
180195999
937412919
714511791
712742200
576907323
645557818
844301503
784802544
44487534
338696301
430231705
779341975
974517316
130406309
701287837
167097640
488641605
381875310
801008423
605998202
987317388
94637686
219172184
30321567
365225850
775097918
528355917
436659089
677933452
905187551
368101152
524891874
745627889
988824909
981298358
29077325
615891532
451851627
842388183
809697156
76263097
777350507
76103171
5595880
292984036
535851442
458331103
9629523
808958393
72267564
298912106
227986493
757029220
387508385
106019369
85558312
718240735
684190224
347516349
801809404
117201900
407642413
106869092
139299982
970595147
905339829
33714086
985692406
149107950
672210512
551206107
36789977
539487125
991311265
529735105
209966880
18534515
213576304
737337530
829374406
316766815
518726393
627700695
605665887
606275444
140114658
767862652
358119503
882805539
895740045
310836588
931701307
104335277
40578779
692495255
668620683
670481415
936803188
35000731
387644205
502137356
472638695
860521572
136747881
521061456
262122128
688499367
765717954
857773279
896052488
67023797
504664431
946852692
518141941
485042588
598475506
779941716
501203203
533024536
830480489
137477176
675594582
102886867
253367903
361373923
619504799
932454699
498908345
298816009
861114420
539485464
81731325
178575572
349693325
327237050
844128119
658204820
490952814
84604431
344153315
451615290
2144698
500346223
986753050
828716248
806172156
984848613
586193334
555536190
94019749
888678965
169278211
403778651
204520240
250167028
826542772
369751827
607153668
775373956
901556655
329667428
189591021
466901944
996658857
356567023
985292470
326088858
597159367
190904891
640914468
940270684
288988902
416598771
188871221
378865199
135332478
175248359
116133816
424651654
555201766
634656184
346261364
943372154
204796260
972435454
370207253
677952672
974055331
99526296
500694276
474376291
51051151
715578856
183047775
14485886
262024268
535242752
503687364
630186026
843423776
480083297
387689246
395288443
914621720
153749063
599690063
752679438
214907430
825655040
114834550
651294413
253618011
182502014
220172190
266900471
983406063
246218866
262105684
24223403
986359769
307339798
352033526
497633070
690210613
166538176
889219532
573410045
233550996
174385334
116840931
600089724
671560993
485947788
581227876
75118468
246966937
950972919
28750433
51047196
372745391
617527813
463045241
148400290
984691744
849399862
220758280
868549136
495406666
916147302
31079822
15805402
273137068
479463961
643826256
536083977
128049771
890056174
705077829
748083544
264529530
26280018
519128441
40522096
708814109
514744825
979733419
767670221
601274136
145053721
19933533
32433144
217468432
211058488
651478010
368831955
844294555
203633235
512941325
840810749
945779894
20670396
78003379
317403693
143305512
101035528
326952656
192097031
842121531
45143899
947068696
356910762
245895089
280666888
786517664
346465373
98399372
422523144
439586180
469946919
869666442
453088058
267274999
350352944
896213769
998646676
798336968
62078579
827985949
274994300
691789420
924416534
377114849
864267079
