10192153
496608853
703241033
617379539
226681997
583492961
185463740
767388648
975300374
233030150
951776303
579866502
657676610
932440435
808711204
622829262
457287692
926152498
473199009
775674408
507182709
580906919
303481758
184782120
354486773
843455677
151649210
223695263
734369085
595979738
845051767
256654763
396676203
329122418
320916567
981431848
777213997
318438595
611573036
51150065
631250113
134070676
556908782
865898258
975516506
240952305
131825338
792580164
228491588
336371682
232360696
585699370
22655899
29587751
439890582
429285233
193127094
518458912
262892765
383226319
431843751
961768476
33019563
379320636
387978381
695121539
183190298
328554192
611523868
827279354
845615263
138849097
314579461
422048943
144424294
373112033
23998136
437583499
209265613
113534468
711630338
359069044
995203673
397997402
363619041
259352397
233998864
367088452
889231834
891631332
788304754
258755084
55545830
228346717
619306313
669481636
101051112
177588146
477919876
280394967
57762006
803271145
181056295
401212232
490756417
93511599
271119908
600606954
885163455
66778549
405287096
755543593
309193299
149358296
671595979
72774706
966564801
635022159
15701594
128625983
461122674
816101845
439322356
719892534
38974600
586860178
83303267
86232743
802742629
474942657
272060920
846409989
959663622
928870645
55772461
908359192
178012749
593991441
907240984
270107442
988232487
633391909
481924995
822453285
486344235
32761160
949561784
906187532
556750737
546531606
702916833
466028951
161886551
349293893
819272291
241660160
363948788
461163760
362237631
903896238
10208331
184887165
797864323
410220797
794717627
558877106
795879970
380322653
93585834
763236785
894761956
372573360
727781174
745594150
140393495
827730764
334176849
616869070
233548298
6213440
637298393
177115733
529482004
256211023
772025823
806031968
684523438
610369729
109598353
814112300
544410403
716848987
231753809
3344745
259899110
803345322
835527584
71704197
27735657
927467128
236881188
569239131
812601697
793513950
651769648
330343472
738247776
416292399
208900397
991541526
907483309
747079717
227615461
356024191
266597844
833092597
655405159
541653299
638194973
988685658
874353667
185510241
270724299
279473533
218826382
177912969
140819550
724436428
485695040
337048171
992203178
262472652
589133413
306081169
769332251
68059261
364514034
735968052
604441374
441682351
67784192
268231038
401469331
118056826
906628990
797330685
489233526
875729617
736746899
426806512
147940163
293874285
433509223
39049997
53113460
51370946
298514832
533128164
574687568
473856679
189523921
13811347
930597358
871852225
999338346
645010657
157946303
921534290
586691938
198538583
468578562
919437105
937211924
196512622
920901466
606122628
784040909
152667472
372844542
421495695
688679441
265089932
987689528
58888527
189108007
698328893
828963427
550083415
252967708
717961304
769544428
831385869
161280484
130584694
252158429
53972844
337633679
529617104
118718478
261618332
639384381
567699234
289037678
538208316
958227949
228503057
356662359
236996601
118148530
446990831
267330035
145847359
160283622
153191872
785177236
924433988
26121817
871708830
682744217
301009453
816047228
607862887
668566582
868730633
428994153
637192691
758156620
806627229
944354191
866928621
268488949
254423805
33948993
111226209
782111313
120980207
976052252
449481211
100660577
960604949
341666533
591966826
431934884
805976876
450631268
623697069
671102247
8088611
345407457
327724439
27851026
465924847
846872885
817709024
445571103
31521494
899132650
420307044
109214163
321035257
470346435
550035128
292642408
251219907
178501882
12906230
111898365
49057412
371080558
664197028
948381734
576640605
771048253
722139266
959342918
224080401
175928002
862589705
418099364
805297083
966090443
750068009
461219772
616629752
839077594
802564100
407550918
216239968
665655105
750589819
221847555
555745208
340267048
779625318
490258514
791631404
299324418
180714977
627474993
437725038
511798703
622044834
637008051
681210427
379342703
451210420
694876593
124733618
858366104
221490701
855593490
36542945
2207679
303917079
354944812
720278424
88815356
676012655
412142311
375937781
605355310
895658396
383402306
620490738
442349472
392636526
236373557
991422933
231880752
167711514
924755982
995213024
235114711
980374325
293498379
344045609
113059957
780009343
237287048
387867174
107687507
282817299
357873863
444164403
894996327
185304610
553537529
36349968
424680506
769980088
702816048
623311761
768572664
251537212
832369726
616140306
238642527
16517313
238860954
986706176
214836862
703453658
892852865
690654589
296734717
860380465
801428232
21833352
10418699
10899203
607218467
308806011
438725607
24275137
268250273
322538011
537784532
939237902
725494409
257044862
839098996
200023588
566742427
461900662
464895465
301444220
226640359
983577498
148004599
677358072
105403081
96542643
541148388
250580870
173030311
404233847
389964433
667219272
147429685
34615862
383876376
531704176
25931269
413781302
162761621
394010036
184586154
744297526
983286937
509831715
78355773
299404624
291022903
981816091
147607179
14813274
136711231
430952203
225759124
995290496
633740105
817850733
873828751
333060625
905496121
510675823
767657621
188144736
851244824
864016425
932573576
870565259
791808216
690878546
873168484
307394819
174092318
152961125
299139040
70885428
116858065
482342831
290560
638172883
599002299
805998456
805519739
559332296
102973691
158217037
267522616
959012228
441460147
152139188
400875756
566025641
657875424
692870643
508285179
652085797
626352414
996441417
893052700
119270512
577258137
207790512
507596406
600144355
108647606
840212359
840720954
983750105
131813162
154873696
878432430
151397273
817560173
235655867
734058324
99497665
705156082
208325324
85171045
693027787
596493809
973561346
429105111
639669028
290002790
307142842
649519394
481221674
644675944
647053242
444533012
120416647
589290130
881020047
60914746
391211786
298402049
205375384
450684689
262761331
317496082
283772509
827199066
286586451
273706756
249478482
748465467
422219556
958812317
408787514
946929713
418027089
911270372
200024913
522776702
603696789
778685400
867927376
310141564
801504762
190692964
359499280
339074161
484759918
710340682
758015782
562107142
936540124
174741121
342846538
801095614
499780698
757640634
822409713
375531705
312721299
146362280
142518660
365962271
40524307
558677374
227299837
522409355
235888429
700123528
26505922
209146274
389265216
358243345
457217956
612526385
430474672
895233818
649179925
72068366
957996800
944698347
342439147
576245767
515690973
687371339
811925341
247478435
615965779
607691899
447149014
660386454
88860658
824493207
210055402
457334508
636166739
501965104
269617257
242827388
963393126
837089923
103185731
784636389
683834760
548869508
172841925
578296779
717523164
730320151
370620942
604546878
108460708
750341347
417534903
368022950
803923131
566272892
850271297
353152966
746752031
979821401
906443574
628196528
252974513
366119467
120285615
564772008
148187942
999883446
976359644
928509566
625616561
406352537
108675239
120906877
841512615
557802757
892411006
966821464
514529414
233628562
529955269
885645626
237070957
842602135
551925745
338519310
406958303
842032451
653411376
69893847
651693806
916464289
496075356
983571723
930646347
474989202
531661875
317715292
428583892
608069915
430108837
717639716
753960506
442111374
978930315
702108170
641666107
296628026
526510333
246120373
673861885
883449832
838623551
513123469
449866131
20797948
391125571
410372377
814193720
781766303
157813704
306155490
346472069
906465796
276815760
709152271
910277179
125103514
190260528
366523413
26140882
574695713
538237571
906459497
803519723
812315552
131685119
794959581
863671818
849817574
696853201
110330277
315522117
407291002
396031961
768243972
77840737
982951886
533705591
909848399
83863630
121289497
503521571
646817587
450256210
123953347
371167646
847494708
165295614
269778044
791830990
516562593
106367497
159986920
219979490
99166171
345212260
932164053
709603744
637550578
889112827
596165988
546700558
964376144
84913101
47483427
990633371
939181066
510433835
508571786
631311534
927325291
591397921
280412128
282659782
904851383
71174142
891419983
456203286
679566376
441147905
284190410
629663967
593893774
57986584
180290608
3962779
155535197
187311511
296865789
423031712
145676683
273348141
896155012
20735572
487697641
574588938
539145425
561904485
402772783
133319974
431986579
337060873
656723826
638466509
864505697
925164670
825955368
877327136
315128105
27992029
453792276
475960767
30037368
196402673
604922417
966502019
952806783
906389560
904622492
43520647
835098174
751869554
213568045
85540074
485634851
653977150
695242908
259676555
794962140
330262445
532028716
329515497
53430502
546246401
9161325
947129535
972940139
955427263
193480886
255125936
178007410
278208060
872183404
268873760
969239435
669715914
243310773
699752338
415813153
521195620
621782153
632755863
657281992
359252136
298221799
680117024
123492828
571183752
152831658
210528546
229921762
566278812
82364995
984865659
495963311
124276778
422530264
483790966
187241348
657792880
993561878
997379518
712908674
649496555
865513236
556890114
879686148
944694283
116300638
815918935
410666377
995490568
843863401
273766519
708480290
899272851
672233504
694178365
248024601
329044299
823636706
401756387
802595605
982952338
25204174
611728596
195843064
887317744
772910447
844962656
247185650
759519805
512510990
758020272
527633741
624402634
919847188
7785436
493738898
741331684
800430875
178798544
454883114
336912722
799862168
234431192
722415410
808598475
276385368
596690459
452043272
728351897
235766364
858197047
834156172
591805491
194783912
729956334
624292380
253784639
361047050
992368402
171783835
271337980
568733284
651146570
482979578
85843129
746132777
84077656
979425662
664448068
200439466
506692916
528613423
644838162
946873272
465682883
