27015830
948820619
352905192
147043690
406638469
787113511
720476207
902154844
835853805
77820734
268128423
232878117
976558439
889986635
819034257
248517887
532203543
808229146
745473334
556306201
279261399
974887097
769321691
705007511
592222438
179762041
970550696
349999808
462039573
750172420
541957976
925623459
138603395
37266292
121236923
434618950
720701961
950258708
537401080
472954499
383771667
52300220
911498506
242109700
814942744
926537726
973728415
218984413
83093517
200597527
204921779
822447366
580807178
902169186
883995098
52128732
179498928
647897679
554821250
226876428
816562813
370476399
440115270
85681384
535862756
342504962
94274722
939292147
768749711
384415307
527815925
581944833
270828065
272518834
172534534
226961178
63388590
527211990
890064766
665684711
206033625
751566283
266906290
261442046
545250641
719510609
344816281
236434207
153271192
69108190
255120022
72804281
395437458
310524652
656391685
13295267
612184948
825817122
706246942
472437781
832263003
34436268
450234700
698678209
672781601
622976944
551619300
308288344
729634651
657033919
988740141
652286936
757832912
889136538
20842803
64996529
103570109
178673224
540430742
816352145
997688680
857840513
786020954
699641520
129295285
455011643
186507375
960303412
616127147
159239267
614776228
237571467
820965047
417626984
833421706
171597356
301331582
568228080
588660444
922273696
167891309
36527937
506799554
496237271
80368048
602833084
314971367
506300918
289681848
591395155
909725156
433511724
285386380
889894796
474749100
974422488
248415312
750593178
569382923
217769957
436469569
591315886
692161195
570395384
42257691
751168674
831321888
340205928
55714831
849245445
763664946
535342028
590012779
618157044
648460836
961160743
351040959
289783682
619273472
526462199
140040276
680206455
670621563
24731992
249514109
181264504
952185085
931070249
942877882
858999216
923182043
550738402
998845155
370890486
485804127
576575421
344366741
936404169
453979580
329199373
771511195
974765438
450586087
440436402
827730208
374383128
843498944
667229334
241433959
513588356
623381529
958631628
131319706
42920723
77729681
756263112
920694321
667429202
320881274
860993186
798983587
900251637
397328045
196715613
926063401
212926543
536496871
219122292
132352917
71885414
616794001
414636789
835804101
290074099
754951003
165274836
229620368
230185161
197001782
875130980
337765558
284955751
689636290
429289526
235617687
964550413
419418696
955924432
293160805
729541013
655881099
676937537
615522894
592986393
530215784
871259557
577437393
253870473
514373000
614803665
837886255
624376651
534876417
169548545
896794353
208744740
122827527
841245606
287969719
912454843
526642744
690509160
470427420
445750293
523227627
514027835
210615347
968038517
961097925
961512986
793507846
580572438
925961486
402811902
416004314
939856463
799113893
242817708
759858313
883691444
587837442
975749893
715812159
582198116
37244725
713388905
750079333
520087744
532495171
26872946
841722886
578173088
667954712
380705960
202898268
965371937
206510117
169772601
69758766
16187948
660644210
609398874
292772547
552860012
821295818
257313816
698415164
132064514
753544230
956937889
409630845
880009817
81387293
404278273
324617400
550892850
974696999
888229303
408505567
809838720
763948501
690527601
435543346
934224978
119790099
215334757
912617724
545255525
199913633
450632375
733346346
629341292
173058941
743670364
223047233
978438567
682977346
162952146
760902296
779930907
14973741
618014819
766543513
575557281
617242100
961713067
496785795
263676438
56088560
652005417
990674936
318280813
761267032
259920045
252239446
970116608
173855527
358547567
433069912
605961060
344696090
153159639
932150879
302911854
223591542
780289551
706950876
337716927
181231039
346178831
867915502
811744852
127327006
628574658
794864979
145933682
923984086
859986064
316982878
158077031
718548961
648941286
489166964
547908215
459957438
415065533
868074259
913138895
491430918
252930624
804583040
324429778
729882232
154941236
435234816
861814100
685863938
463631659
351965738
836952547
254762191
159068868
82445398
709909727
784089914
178930083
190953806
132692373
465055064
106305763
46132521
313869462
41564689
274992881
887412098
695754803
663992673
384242664
842954414
808526008
912215291
793811979
846286007
928300414
541595790
543485724
81862620
972385769
193339841
933050877
460069742
460352427
508020325
480030329
903314838
559480092
566495887
779257236
763818299
281027354
224111726
735381885
448083830
385125155
206798103
490713577
282865089
454889351
267529136
739480012
197821426
301621274
620677243
543439729
924737255
460950211
312782860
154144983
168313936
240604190
97067463
218568036
939352530
532004186
646236019
585780093
805849136
561534358
371678042
327932006
129258916
884735436
620424363
561927060
584414282
176833405
345728148
461160851
721502311
50882213
260620634
626973267
704856632
453859828
735229451
158448468
839675182
964580594
555293073
442364627
246697232
412350903
610943299
523214109
183959890
5543689
796029353
916079643
738889134
621018008
684864440
721330729
83211309
939597129
610221095
313085989
681196909
58750183
959025446
747903849
115222062
851622007
432642671
117431723
979983554
470094194
513711402
485492702
796774733
487787551
746104910
841268540
6241285
929313413
81234773
716908012
273792136
97210253
377967169
578870592
380804051
429648503
722271716
100484302
366017772
539289904
543761958
765259502
843638732
422143461
477251557
780924999
5555148
807389223
327142564
395075224
979708230
493511576
543230554
713865695
491832285
310536651
119304909
251101583
874913097
843595898
715089444
153897894
858362355
893313082
39293853
583986656
680783012
380154853
367099797
685573557
129350291
332158368
751413950
440693649
926332235
748451899
641853969
374631271
10535994
965179909
835713391
198852060
602170849
686159548
737199780
780280558
553979697
664101473
87038306
70267400
310343594
471170133
225571204
522421872
824200459
389864064
906897145
950325648
382849608
893264899
100141986
625400293
440289425
641569005
265724933
647549862
742097625
102536905
787533458
743380385
668682681
744673636
240565589
909733186
7882507
516237383
551727044
172202807
156113302
259013293
30006958
16681539
293116547
296832397
375229963
658180156
106587164
228992077
616493189
536468171
841554752
691528319
991781662
117271093
865037923
210313097
758562633
960601842
420434615
89649917
38182933
451442792
876568013
343657919
401584718
565669956
230604544
315838016
514539365
307963075
838137018
734694338
794212346
123836315
863257941
83460446
332283746
143457028
266339041
607544775
540962697
513105547
486043714
251065287
901825631
977154360
752891973
123294495
44695262
797569408
757674748
591125200
751768190
66463384
220830359
578564164
140113525
949458626
895247678
809560006
427575612
790749146
714452711
308530113
698331151
106860414
897315972
867945346
254013150
781577477
878029350
615105605
694262801
812889839
548687219
525077385
965399077
625502725
441832287
424430356
812777981
107310048
271142754
716969956
550288326
247011818
982926146
727748962
903005955
284693776
943346919
382825118
248209349
456779034
179969162
750213550
798652834
177513601
552734135
794965217
79838388
884946626
869281344
263117784
919540056
142569143
896862397
938878350
517776163
695752972
613165086
514610798
507626339
470817321
996782023
320265564
519606392
997482754
758241786
451319332
123934266
169567009
964939390
969319373
838230556
495204231
366896256
237483767
632920676
798473668
726424549
787885475
72768590
646867068
344591968
927831354
238028703
8024969
797429898
407719183
350149419
44047795
209972798
207252982
671528688
428736121
875198778
777392026
459997009
859703597
230607157
801170079
419271813
101414802
671030951
910271377
920007234
899961969
424887227
424335824
775672886
659378630
305957674
719302494
969328422
825279609
441842208
860759270
126225353
68950669
82236861
511581422
200052855
350522603
101169912
79886470
959594210
757686407
297790684
409494435
620005452
589504228
777486756
773217078
567866510
925254469
368613662
971353786
975836115
434320589
7824119
338066732
583137741
373094074
632046295
690770788
738090120
490670302
237924559
846249077
986893911
14439507
651166672
391046339
777466735
719025733
601117224
68749210
244890
591144480
950677166
162320827
602171285
15392791
804330370
186168657
881891872
532740595
151435983
44073952
456665947
470488420
884923153
691904763
61126549
744170127
928443680
826958780
718476306
410399123
341796349
468923907
519761848
451541605
422600522
605565944
938337554
386440417
995750341
848840776
324137245
299864451
971108896
384691635
483643422
845503291
735895446
567744949
568763702
445877638
808878914
205349525
339234318
193850606
389583130
516405490
129516353
959261908
329919790
33296607
790582052
774158442
350272903
589845765
249348130
481753258
642558977
150629679
592792268
198764426
247831101
495451455
536990252
302595206
719936706
156801496
499379523
500231518
208261341
215623257
8274681
360698730
258195077
272598667
601520207
136446824
129689589
325911241
61958475
906195030
476049591
979075645
56520626
962453733
58258724
549978801
949591546
381263130
135343504
1890163
202944313
585265766
974952680
369999276
198046536
313427458
668359271
36639112
473913898
232781633
17025967
629284834
751000567
114296533
25021926
429883321
515963365
77674235
988325557
112901306
352063669
316647735
88671204
686597236
722714833
268755455
438930828
574536517
244336482
169957905
207209948
118116393
364888013
206371177
12678943
423008914
385746049
888195800
74552131
288092749
468087551
93050476
851997341
829176840
889169063
846764756
228075077
942224092
937431807
628375402
34015436
871917311
392937571
22442197
649826493
886296577
496594562
288355443
647284441
929291079
874496628
93822753
792302629
303955993
25571684
898909572
264396820
544629390
101617590
602013010
44137271
627767563
3122104
700232808
