43949377
845200935
617081566
149224935
669181594
298945285
170736399
895595566
638359604
440969215
303617629
86749382
999091986
665889060
240301293
917573187
27635425
824624516
108953191
264817780
112124688
653017242
245198280
523176128
704314238
209492222
525807622
209030439
187469037
664089251
136228912
449971865
331258800
840569617
885529845
936527183
50163970
541289746
267384795
530225422
506016672
847704736
616974770
700025291
494281498
790987803
877345497
116075105
922813826
946288121
480616667
11441106
564325706
245726739
587792296
390932133
600002655
93905437
444910696
459689371
773137662
961705958
708126529
974270351
304740303
853645763
755490581
158522368
780359213
303774109
867409216
486345678
557239720
578727767
758801106
264419951
36042472
545172987
28894630
913326433
332146724
409732516
286216612
241180914
183472584
124787806
885646157
85532060
252777320
494597712
336524527
956258532
96379050
807695422
757087759
544310713
139578207
642704417
395284988
640635734
35497222
718823128
335715891
619039717
78878905
994270987
454201384
985597938
486925631
323372345
354889661
54829667
65010807
531584261
127542647
363405145
675489346
466945614
790797767
179952497
967999604
669958520
905745047
285761501
967249580
911150683
389966628
749544296
821640007
214490393
124841744
393338053
149887999
388258895
877829211
613323594
74016625
667176894
162302009
189201595
670586420
900048218
598606427
929404974
139708050
281694860
891247724
564794787
680152774
393682613
868821366
672632591
851906649
215332490
672636128
365538700
813078080
49954390
651790135
167728220
604304358
704657086
163957931
272435238
198530601
961551606
904941667
676751911
653755048
514219052
289388520
8312452
304643604
601596171
509366076
67951385
71352093
976340071
146053450
685554720
19902958
825171839
69391522
427957393
345669026
452209151
541431403
934555507
715622765
512290511
800245512
24062235
15386758
994573788
584897235
965929332
736090287
326171188
730874373
178156443
376753191
214495813
911039738
165933722
104294092
860508914
367988987
250310477
705966413
604684742
294186606
836738008
903900939
966235414
147825261
779132518
635265564
736000536
926766211
746321449
420120203
970386158
961129144
141464536
713973539
265326285
992925692
310069815
16698935
543436742
331861097
745180903
245465698
967897005
308801528
805407144
914132100
903457798
323663301
485160111
84220163
291120925
228589094
110938022
218103904
963507503
120161295
49151343
846748526
805764716
330663767
89751
399404976
984552923
758036239
406367032
253366667
769575201
451960181
838967806
867583220
57919171
233611541
162529671
272823645
549005702
591272309
936003932
657433885
342418115
865000416
731807764
412337234
441606099
662101285
128999277
741797064
850191121
923360631
750466035
145164989
943774349
463321287
210934218
212772974
331771345
345775926
260912774
209860766
902434495
552040476
144556899
451497617
484695493
617576889
26300992
57509384
66059423
838114376
669098201
372235193
184157362
391717457
504330410
940764299
598856002
587752515
957798875
322451637
629036961
664569966
403175544
846214569
701494145
693802816
923808869
594597882
22677323
949756695
941052298
203229775
330359535
726143165
754999388
790377637
720443517
280310147
927641740
824029209
635800292
71489893
675737641
12076745
254262429
378230841
961007626
552056892
958990876
270169918
613916971
744018829
387977049
938461135
580823803
237864529
148864932
298342328
750003471
790892675
693768018
431703108
34832060
116302726
897062076
465868425
41875658
458014195
636718067
713952771
220320781
318545854
660110774
133769666
686651344
557547068
988832324
391098798
591952139
323263303
732795189
371751977
635607005
752507404
335839723
197033469
815252724
391898398
145319361
517134859
641512705
422101188
530306675
136749064
130261190
204097184
36657832
559434914
115014668
788394003
336355183
502993431
915338824
245038104
49849136
295371116
83908054
254207383
251809791
23276735
249032203
757766132
706390188
426740167
58097486
322016041
796096101
282324655
780463001
700028606
650615700
649977258
312694833
119583208
72440066
798219591
788239178
523361709
3508476
482554159
520889235
429397409
276084130
803558134
986908119
229801758
456413152
390568901
702658267
40468607
113125414
561045341
140088607
122042626
268102655
883746572
715710999
103566507
78651578
808245147
408001081
754333175
778971911
414986061
137778303
686377923
190298597
795755615
172598037
251629543
507131936
560546344
250698906
769255630
502387498
819634793
481682001
902832052
439832046
828295727
865602888
405527200
579666387
739994394
586903191
89570358
509888651
190652207
851480551
188693493
82508592
684672671
444710130
195263327
74553078
766556059
650425496
861098068
665779831
300530196
39503160
660657535
217970863
451028723
533336669
552579069
310346434
370832975
619655126
448467861
402064570
812878945
663734459
250355850
942642258
2473881
174666788
38977517
828082868
48207944
176489271
999646388
944275063
983904543
169120950
822459264
115836214
55435578
694702552
735831438
169209296
620583932
237052220
139301850
788792566
204945352
187556336
128637663
206657724
34324122
779223923
139055676
570997080
403012690
786628921
269629646
20938211
194354280
252621068
72079197
591889270
611447978
33015199
617571887
124040925
39856771
716382470
234066319
281907772
710877404
436742855
254910855
676130422
883823686
279258564
781480636
575826724
524432609
461563282
737696905
814917543
46029124
832319792
793758746
268984020
37433594
428649307
541262373
197275622
899491303
801521053
921481932
802814509
622623354
143942167
557761316
587568733
619480332
15260925
748935794
488562880
953490016
846729890
495780319
597581266
524313067
462925253
687173392
123754125
5148284
693802920
496505600
732790996
514924161
257161652
545860146
779128185
239256451
348587867
86607330
611207462
175120097
36790696
382416467
909356349
515260921
452096345
53507067
739881518
721497246
193911903
956346391
509171684
712627486
249134024
861427525
199299232
336539473
196177480
744670951
574508339
741475914
417508247
192127337
205688382
305015452
188690936
287890347
365461701
598082020
778633130
348312281
270892464
928653593
137728332
313442782
916699319
464313422
586423968
82320345
72216721
409418186
947291872
402256878
811236379
737456528
987333915
20163509
265790136
395734126
346560913
442588712
43078971
603916914
512098990
869731547
757611849
844663358
176728085
604340896
326569984
164205998
688045364
141799498
942864115
845599621
685453927
580518090
574899154
935691241
944728205
734985809
750115503
113857135
672454230
165090153
794184040
15251368
380890956
468231853
317681536
168527427
22100210
969727574
251521107
336044417
305233310
666975548
416554603
267996784
555830931
72035961
287585337
982083070
755750359
908010722
721372820
805492374
459392762
965636757
52002600
406815824
445264354
330098894
451005919
611575103
692473207
929221834
931462683
347008836
75547506
742360481
463772401
708496230
286659359
158042557
142105787
718317788
890278390
606819697
540366311
18478378
163963487
306902370
379860309
872692244
447400471
768032431
358106775
764443506
443717331
988691664
555858605
415254198
416229252
910865711
723263071
692001314
518721655
639946003
643571209
376011474
735512863
69545766
192449277
813470449
608263558
579089106
695423711
597707802
765904935
3055032
915213983
852573063
425270445
33524222
242852337
138361983
950238584
578313674
164174631
924440775
571115059
167019177
903291504
86855841
186501875
48518202
292266977
375793647
434779484
450104471
199596133
250332387
963248487
164354836
282965513
94417720
114453093
566389858
264428685
868311364
72608720
760398971
998538570
440662299
73477681
703285541
989983751
382705030
668013373
584901088
741762729
940407979
475771371
719130433
804896414
568493686
166254260
105593435
626968574
559745356
286822128
319630063
162928317
315800463
803458897
664881596
889324575
260915609
750558707
148434616
23908890
383848726
313884989
295863265
851832054
810716086
168480605
462629205
13378160
483216333
58534449
909561945
707780273
849878395
708341741
259188152
774561014
244118053
359458421
714471825
928163459
8859657
939421283
704683328
581489235
752978656
597470654
682738106
637203400
408596083
813960964
729068142
632146322
519578756
560992197
357914003
626522990
179908106
867298377
994180326
400013081
703625054
92215275
143752240
501210906
377260182
611849789
313049921
607458721
544270745
890320581
645206521
901457187
36086881
220271156
15049233
444427442
609201660
714374028
98853398
213245432
485742497
825425804
604782075
669255368
329466306
277415623
188201516
288886198
350427737
632665161
594652907
376819675
365278093
314458744
224538404
916644380
795669042
203472421
204229053
141128866
284420733
75279385
92932654
518275501
168754442
827610954
596059440
299307600
545942963
913486560
17321330
465534076
768444979
780934894
914270582
878199249
487433199
474496871
171744599
99844559
423648272
24163722
257030983
911605583
295667673
268386846
536179093
721628135
995732751
98404852
648758398
405729238
510144975
957724530
928824698
410463112
732493149
86506573
500500925
501855351
681356181
888893914
742943233
436941176
615343830
129118830
608374694
584343197
400188161
346339153
429211180
321172170
31727822
104384494
717480592
260257010
818248400
181327070
222607827
900367594
291431860
874431304
303574848
447538111
264728161
611592091
955389100
810720447
852110195
503807469
145706100
400926625
973995945
669889247
418488376
534754357
281220488
820089806
296261752
166548842
660012150
951835894
321439973
649393597
669193670
327586228
374001416
405760480
240243937
668567687
592214711
551166078
863898745
600133329
210423490
806924876
585319066
295405121
172213015
3751739
173729729
797654246
732233001
896380691
200633053
28284555
347176223
361838573
685896116
182726235
979036520
998158593
885065317
56058984
240355444
339595964
552991330
654181250
