374733031
290210032
826915478
959784027
4863013
194779750
722887767
547809374
608688046
356741435
720984959
734823013
264028700
937743697
566966768
608455198
554010594
192448794
435862811
256181980
840853887
456146447
296034587
642523743
79752894
687127871
271283464
568724863
871306871
626923245
14126850
534319223
56511181
486195204
43978722
920458221
567704832
786083340
657031645
992142999
541218390
839429085
74442958
443332905
160399286
626450666
368861605
834393593
700806992
792430549
804641216
153327132
326421500
12714177
991693233
918586583
994175443
184391735
880031132
317735140
923496285
154162903
676502502
981764799
342614585
186665735
678311831
777833494
893764975
646508546
40750365
767927253
535417148
443719811
714963588
1424802
381703488
852701681
482124456
453302227
318266265
436889869
867917870
78876321
822282028
860799716
207897722
43797004
494501970
125392138
926282776
383313097
906052207
339296504
68646713
387055487
162926583
92678157
100718320
973733550
948138833
591028109
940628617
54298446
751680184
36713963
617909983
882701687
297750587
990268431
536883094
141473762
702267277
426728905
999468874
486606416
286245032
597626180
159482771
481814868
978768011
634514826
283331523
768372836
720225769
657437267
861875045
196120643
375073098
327908101
838498217
289025331
751983360
508390905
505163392
727238155
496261250
813619424
327196136
785568065
242889732
325196033
746046416
504233538
588509042
784809013
681045818
479323301
339827629
582040296
100810455
565300401
933195385
618903451
994965537
313624006
307696585
172255781
334072675
94242916
174838917
421789339
507628589
969842484
151770213
247857763
389490400
193876372
921565512
272230718
990345164
472625606
270430044
373914705
238925135
653571978
888468409
779097984
179863793
935416754
976391447
382551743
856293013
793032800
227097646
273197815
355829945
133079909
513425366
191539385
419541570
324005469
479546748
232953219
610729147
821100391
817567443
776203930
352463325
340651279
395318613
487169446
557757788
67596910
591695130
628184847
294870357
559280679
379978315
341393559
425155596
528598600
992391986
398655920
117851468
792287172
565496325
714595787
742744837
878572396
892027817
256410491
680451004
730026126
852689147
666339695
993078857
37476824
763185556
417824743
836004534
112264479
426634658
839212513
540098141
489222001
824793953
788696103
201337669
598912798
978327456
796549264
753101592
172031807
766383788
890942968
331613481
80890827
115101751
818441974
255604066
102971655
33459092
473890927
448623461
138908122
806718440
827731660
214907762
925355434
635105988
257393533
796095122
962153571
505389023
312891116
101963941
153179473
858557778
628629465
967493217
776800220
513258117
143832039
900244939
95478552
503308897
508419197
963642337
961746177
334726214
912188029
922375072
944743581
162220676
733032879
78805386
952743730
390589051
401190018
682503560
997062292
573788341
275982234
963806808
720933923
454142
790948020
666642782
453492671
788979027
178434007
222333048
486472284
850948755
478803844
589713536
889627051
573645987
353144908
635599224
298299243
864089321
253161583
590629220
722917957
335018459
851351539
799932894
772356143
234085729
149220209
762590420
457367759
946125904
970430924
203011879
237275883
180025229
179311015
95024410
712360875
841776413
510149666
172767150
156292206
689854981
435902787
93794826
683416831
143319342
189178333
379097743
37444143
765590793
384204317
132972970
320626757
685353013
240888851
385915463
149102601
991015124
894286638
219406941
639758817
415843585
764965287
540346379
880517829
275791964
352437652
709601822
394334971
258120498
923238347
456522828
353939655
80394433
434337013
33062976
899115671
757556713
116516063
629036801
44907395
770122465
725146277
691776964
561921587
837457953
882385120
551922869
939136377
793395550
945921807
721345750
947489774
290742724
533008331
740448619
924889692
895556407
213276995
407624866
790881688
479576510
984762770
779323644
842352445
927681487
779033314
240232324
251015999
207825874
486799791
391545887
874499061
265249837
174499546
869636350
690697306
73188323
978424790
43059875
393406843
800514782
770465443
600939419
312198689
201892597
509033053
63196931
547386100
693888392
108173282
3559263
544279717
708891195
838155111
565330884
785359694
945822632
849424517
634240098
58424639
642152796
300906869
731310502
306595759
554375920
846846688
682239937
116243178
663371979
49751312
851701369
917131615
170217119
14218023
990366904
709111065
383823350
467124955
640459848
418648434
715836383
692846222
557127605
99652592
483240527
847266168
165607865
427094724
609168660
84276656
744874673
223763804
344184691
984635234
751254045
499607913
39154941
294343659
757822767
355045907
826793115
946953751
884014119
644137079
256471912
86427647
374062597
694673172
847788205
856219817
401536343
478697677
208964669
215591664
342588255
949306572
743779262
631657910
823355231
707109750
681238822
255145212
507074516
579095323
304876638
627937564
572946923
185581884
262963976
490758991
669956124
89479690
709302186
285413940
591855317
768882630
808832102
912990524
843180678
396812880
473203571
470934692
579306518
752948842
682740312
266176995
14799135
128593027
642046978
801947472
755828649
407497029
470988427
50713016
673807084
571647902
439879235
304918796
339260441
628534347
513480722
188480713
431709195
357029213
186263692
312056652
769395490
923550727
623736345
573705624
140474470
830788736
788477231
426542351
233906179
210304130
675838693
754125672
896355010
38699643
613138428
444353896
543534904
461016502
734930340
262459094
618491262
658589169
611606855
20207415
329003395
503913305
573730083
214646330
883332157
284722857
39225496
222277304
566685149
370683659
496781503
91248407
504856680
68341354
661473002
925039912
619019797
44446076
816806836
463502953
895809208
685753561
408563785
300560797
15395918
69126825
644945807
970692691
622098872
923804596
693565389
110806320
311943871
603528930
244702229
636561163
257058652
573830900
543210193
949183320
171078634
453561388
187440523
525671350
541918138
521890021
939497215
475193550
799543499
809890427
643439296
574045186
841782332
148103902
124398205
643249833
95349519
273169286
199250412
814205331
639777049
68532803
600178431
642880551
677118269
385975183
779304534
901327748
823639124
24911838
667981259
45188896
501235882
867623514
292424319
442247819
498313037
882892434
758642657
493505896
129629608
169752257
171149192
812208443
280365300
119520203
269023986
163839969
479130724
601452394
541211643
983889365
374580488
729004860
309406271
102545830
853382956
544559970
848553080
155942954
742585485
38169466
651554424
774631660
141909168
598250399
72809304
974158817
855679581
682150384
144936795
212457084
514526627
705744514
684575723
470024791
897383610
787969986
362515251
557598066
116951197
615464565
422197024
222186729
483700193
684091892
670608407
772231020
558217242
189878488
588864862
953753066
34339353
602699702
750920410
91460141
518197831
396517530
670299274
682114899
46710899
294865168
308160386
796980338
456515599
328754558
469362737
668835973
44429137
839381479
205162219
65412969
182044719
290955013
38991757
127120920
615972441
429367695
290931467
457817274
927641991
300578282
415941574
665801093
93285522
191183728
178117731
911826923
954824102
593115581
951826958
500866079
117670711
680400351
510887167
822086028
307304178
625216684
765671128
154945634
214729154
1772434
727801883
718835762
984716267
523451893
771708346
743384338
563707945
623799489
475487699
88830136
105586063
212482000
754472906
746132615
878923592
642359292
703694816
265331871
150636827
557535812
714011869
451313554
887554519
704296138
947742256
501644367
780067845
216905728
819816741
990755756
663696566
135985832
243088119
925869557
572776398
697105810
681084824
569833628
419475380
434733391
348118978
331024613
117627882
862996822
395280016
905188710
925927443
764754550
943162434
664944884
921521867
500339256
4308806
657193340
287760564
276488328
831281241
280420129
575709636
270063979
963316492
346802216
803982747
484731941
425133568
969600229
969393879
828603348
173356217
181817782
961274466
133861188
845856490
715903435
209416834
382987255
333685672
24557697
309016121
42553545
575716922
15313295
273743292
154871856
69233889
163357309
131677025
585894778
638108992
296288070
865824567
400664695
994123991
149411400
471416897
1316762
527041864
632895939
437863253
425679786
935794830
97324094
591398333
761344652
703670417
787660678
654482765
288405369
447776506
904773307
942802654
806723544
971404006
533156090
694347056
948003197
73058924
649110891
415498052
261776259
837923203
383499101
190494356
877068146
315993213
560609770
139737196
696445090
244486538
208100071
855945390
700789732
586694443
883336334
106758713
478392828
423914960
512398638
451201437
281573209
508874543
843271655
138118271
733335684
353485414
59101023
429260688
460967900
455064343
523413699
928257836
877930971
217397887
176086993
587756581
552295729
906829737
714330186
445351439
143060646
647923482
958037673
43918831
239676434
48827916
242012922
220029101
88067671
426397376
215954228
524088236
560660284
197909453
133924843
752901715
994651547
245380829
457158670
523582731
256892190
131349082
678769294
241380747
721072837
279842234
978014417
483391844
410607449
295579752
554462982
571563089
709584773
67047199
308140790
633649725
550836868
799352823
898441835
684507767
111472492
839071921
341193016
34570523
239110114
999325462
367597552
680021518
83473043
423185277
593105033
306914899
449671066
190747454
188459249
11711564
969154186
716656926
322845993
959834199
70813497
758621076
809421650
792487917
871934392
644391137
814503461
493613084
889768661
500275116
202064847
195298724
346938993
772650902
412110239
417820268
790156064
644198771
2270632
721747373
912244680
297992899
399918800
987422170
702474718
247548083
121892022
518837318
878587949
296429226
664495537
834179940
476506829
