785401080
792499786
578047330
60997088
971006800
533630213
87438289
445001125
225598773
595342424
707679565
533897192
85224509
627240948
344415836
470083966
161248217
918534307
626737003
161081466
196975823
883888641
510572260
108438739
222155435
710419171
879624623
739281433
428866196
380987923
895814720
88926480
823453148
870111582
299919977
369322600
839338888
841585647
694843023
489721926
554929983
284520392
72995496
160383006
260504280
817596406
555457104
558298901
756675413
848855633
459514531
870900185
953754890
859703836
663829805
901512437
281927526
469608591
838841652
260587629
654005589
348156855
16134928
844610848
699527702
618753085
710444043
215112925
327320971
975093235
630745077
319662568
223691284
137015077
606151482
912455429
810893144
350189254
847934457
404559028
154962066
321325721
982606019
580010561
921473390
24914535
135171589
963749311
206281777
398407538
87395074
369730297
2743995
434255393
835716336
206773127
268385463
228384647
460855302
641751194
107152362
340344179
230977930
781582177
218110556
139851963
647208901
816739812
253552353
751374374
90619292
931738270
621674132
434282623
105625563
332679867
365550834
436124366
923137456
674613167
483581495
746694731
8831148
928913432
887698160
261014779
316918572
789435889
301298740
399378354
644069966
582508497
889333951
206183263
297406665
814617886
90347791
201023842
361900004
781621427
377705633
318431775
710196958
454907401
307788245
155656802
748056164
568461370
328629830
503036468
841222291
832261096
305247189
786242133
158169698
360457630
331513031
302064497
893884015
957095775
822933389
857773011
515441072
854173997
107304408
508110794
42404319
415490868
136875958
291007676
242332075
164526992
74224361
141516029
296907533
165149720
36497773
553923745
621125186
732041358
512958614
748457200
460806058
798262270
558156062
811808868
277261307
103091817
48013564
936949033
483104855
788283293
307139825
404804228
958688036
519932621
802990701
856022959
347602993
799677449
113252482
332565295
431585412
37622154
260704393
676695298
758036734
163731160
489334600
993019977
323959857
777589284
680939309
161842656
444137160
74476188
396966952
717178801
296017935
295495538
230849486
939312501
367477304
199926923
807902819
454048781
857387166
669420132
182827991
776974911
362159017
180474812
206320752
821447736
618788875
180393319
316871788
423183903
537557876
881460762
53772134
113530147
613757216
54993586
612989176
705515569
107343983
145297169
960667066
884211847
122965668
85811899
560005024
52107454
568827963
173939980
965087990
231658488
229719333
806655610
819308131
88616602
980903167
712359687
630860959
143485044
571268532
859491572
543053779
263743841
757604399
973783047
179620924
414557172
241723404
117319339
325555285
312483717
586937746
102387250
346704797
712089996
708753065
298616143
654009242
276347117
620469787
154213298
252619773
444848895
215305328
85213300
193464570
730902264
62152630
965155531
132626978
901397527
424132625
469504131
134247036
247852410
602243388
696923224
126607448
149182619
906190974
145447852
810384048
451508623
848384694
652604272
644720740
127332082
459950813
107218135
379863535
682287024
58350445
354513841
523015256
417055234
606871799
98204884
48438513
672391099
780318477
448718658
352404542
276567872
984692359
424157757
888351091
117433615
968140213
98852387
109846608
11829840
172008694
504826622
370156142
475021935
343829248
801111148
596464200
562701055
440492558
66132487
270951451
954934494
585291995
450339953
843047081
69618783
946488873
717191801
640980610
504038503
648484711
454216348
368864141
457472315
793043308
533816176
466816263
424226937
764253179
527287125
159191868
361098426
997371525
368033695
510278329
553523821
984357698
47993321
73225986
805760649
501740683
485737457
231898540
714185990
177767207
397470047
691275876
534352406
581110674
818732308
170944740
250948412
457871775
605808104
363345127
717792345
135962481
912683826
681978625
810013071
334294885
172237262
798447874
913205432
906940617
909853024
957562967
217258300
940061622
289523260
85261084
898495552
643965814
835219959
2297820
162747254
222317807
654678149
279705107
395573261
842540299
932463855
843116262
945520870
356342384
908243455
903226649
391563421
4688567
792485982
417561339
71673871
366014695
263212913
471465764
329503420
687289581
318693107
807245371
267914181
439907078
474017576
594290782
291587413
733471224
272449187
606982596
622651815
603510284
200597873
495474538
481284330
632978718
286405363
967472771
401831028
329120999
852927003
556863047
998697161
6626375
565999546
212569732
147575640
871961919
13587212
532480857
380752900
363754194
672794398
475457671
903624699
847432776
11790926
955666182
368522723
338173072
551528848
212049646
83893196
301260859
280574833
788053136
804090693
297011444
936277008
438695152
79609331
295740141
69634736
382420
834362577
761830058
808548209
261287806
873907531
261447843
446715142
419625493
719884011
739968329
226229695
258897621
930715884
725140200
591849837
633851552
621187792
330739179
598950048
63657956
777592150
640877356
472969851
697436302
726051540
777946408
408479038
850564194
935684910
574892058
452871525
85012759
294119458
672411977
641095093
141794640
38884567
750503118
81758651
107074879
891457928
131903355
492165633
343924865
75031163
21677212
857337250
78950492
705161606
302425455
817507359
748870150
696790092
5976779
222790269
193485220
288860207
111111907
535236265
95961122
852968804
596150947
483940581
144991953
287096804
141216936
964778161
258303906
84045107
450055196
594966985
870684673
248980528
491875168
172200026
645688795
148711723
129044985
622405138
704374327
920609157
329528545
145402588
633259455
757384698
704001373
388222665
288142678
449621708
447609872
852934432
927772658
215266852
985797528
254106074
295306981
647962772
347173679
56828061
933814226
56899050
599033344
994905384
255106409
707458468
946822685
499889622
204914924
833776752
577101472
44773497
159815221
488706768
830861937
175351964
523440258
450748359
850681125
387607253
583095429
752994270
676635482
808682196
636435234
597120762
667194326
655417820
263182999
237769094
876893043
997726021
801538042
72216923
688590911
647475277
321575812
334623160
890296177
925800986
810562012
204111751
183307741
454365925
872520234
402836375
693119210
439065890
384404914
810445563
730665815
844558621
797281646
959566425
473732630
180819956
380263566
790351146
358470150
657985645
40264141
291404864
236706622
967145828
956883707
579375450
243235453
87598298
800115855
183386660
853776150
188817097
560452180
924880138
577045240
378983678
569686528
222269557
936161960
233598858
904001551
228128436
271012906
452737434
507103278
32334422
200444374
841971616
598484291
507770955
267211710
531224665
976153009
232310532
885536844
519157147
967405127
216161911
497482216
293144784
159600921
605520912
638950033
201018254
956669412
541848717
284106441
872401507
382521184
94748952
611133426
157994008
854189184
124871291
753984093
812135704
20391958
783969187
460042550
924549284
378931076
401263835
489114005
292344900
916174948
322551484
212664087
328141647
39343293
57888092
411578549
353524617
724787340
643017176
73997937
298480638
589178402
69994652
496068021
965254559
748227980
328042866
459450432
503735338
896637528
109217702
677035479
851281718
478326438
73401140
498765189
183435940
756119359
572932930
914213707
758337085
116406907
346605132
284843304
634117927
329184630
955964792
833058213
324633091
683170402
257608808
433206667
211172007
50873354
455503454
222957302
950397305
287901166
494787990
176321304
50888210
941813402
985378665
395707371
806957245
645516004
361382367
849815208
965942152
559122902
228142608
597405257
151854409
728803468
315660850
182073731
242573269
785151346
861950092
636069929
792263187
494984651
134817340
820564935
639028719
676011033
465863472
800408364
22822983
850443836
548367883
895534773
261331369
396611626
863325497
816523681
131028240
950897760
477886058
988601922
967802261
106149583
867116060
765510188
455027793
660203550
281352258
482368538
735212502
273429723
980384031
165245958
425951072
858718059
384058116
555903557
806996061
164813729
756678650
130946211
179652532
560974002
826992224
115498315
10755019
332607834
336073888
755242781
865477970
499137168
51045490
291675508
307265288
873348169
668267666
686113603
627868590
369307151
365537141
978825168
394658775
983494932
65195862
749393259
870059804
383121924
469583700
402613308
12553510
307421939
9527620
966214510
194219109
346939846
808949390
406828258
279157358
751617744
754755168
122419959
324129661
526109475
616890567
236075334
222384232
688708523
857980669
552602902
190450393
697944512
928034966
437688909
799276587
777853481
736287435
196157598
495778140
77598965
245438510
627633093
863024132
933460579
742689271
558056031
489609547
84830979
97456398
960325440
64398778
261439408
406956244
876250844
614551982
243117182
654695506
868549299
366604365
829120527
527009026
181351280
525141253
916980796
212162915
314608997
379386971
571838709
166937922
416365627
610652410
612791792
911050117
201558392
506179233
127122074
259395825
390669081
783420202
58834535
746465785
137553253
591252124
897655228
488204124
929010983
290988267
51784121
823136926
556159404
123157974
867738134
829553231
666657612
550589938
64087230
102491840
946043334
721297664
428080274
178669059
917770836
917893055
681090770
349673030
451606985
350389289
205397852
370071611
487429907
983721355
264026425
85129096
307769829
82654741
389455772
590099155
627486024
428776672
283151930
23620729
327602849
748701782
610778517
293207653
742914274
783238559
244392505
650968453
442092003
24630234
313352489
669371416
355339928
880165475
828694947
219660197
910161353
547982197
36597138
578621694
85590414
681712509
335707019
572438047
859131548
782609038
521783401
584002870
161134165
473988074
475005815
517266662
438145734
404459544
851066208
169069054
307114538
387883117
