974531795
297875903
240103815
34052911
177614608
301798337
477454079
511065290
604319416
467200952
400009549
740710839
555469112
350357298
499890958
428695434
726382120
380301858
542125457
482289521
486044149
896362077
474927389
933441993
967161000
135186479
188439075
454589510
856347906
799426015
187790892
518185022
504320002
335181934
398326274
687685374
626561475
405509873
573340322
584198993
706098591
969658969
535810938
799713754
408918936
549246564
610964931
277537858
240316893
902273479
472549631
104506557
198852420
239414515
513936842
78169717
822948513
306661820
66891910
42428128
113359262
22864568
654717382
804893400
279410060
881824526
236390836
220287177
952031022
812205583
802133957
320872247
806961534
957926462
776190928
516385178
360551139
675213634
524523057
417914436
524221547
910901215
214272616
954074426
326876384
83284335
319332601
264905487
821245091
320156556
864736859
319899654
338617963
530912193
470839731
683234023
314941587
730917537
520303693
527094409
312855727
390677754
325506835
428111309
100139521
151677384
297545021
240925956
463223586
997551662
717618577
147734879
782138762
648977472
518206580
202458045
808591951
700642955
478017016
196125725
562491924
971485348
399042085
631874465
947468722
482234303
982254282
276049340
487086731
92956905
201443591
629633600
154909940
997428647
105058709
133543793
585394380
786161305
853934904
175198999
785739312
78406644
801681899
823693428
602537978
717001980
537760891
689640489
12705612
268381685
874642070
614298631
252900521
324177968
964602483
341370377
991635668
693632368
480642585
617905217
169423100
21495680
753839224
370266681
796108071
87984976
992824938
784710113
543918763
384662787
617063663
22430645
846708050
302818016
410386411
484085279
169803449
575348655
29336487
230466742
944473410
292613793
263343728
218705045
218314833
587144958
376733079
830731970
32826163
763688330
141908124
891762011
305518720
236029686
5775899
764243631
324567419
431415218
27585356
514553001
724177041
753050776
145721726
628042824
651318021
852211424
767590580
950082503
913791555
480517203
171566928
416287012
664295881
250175843
673431806
876809305
758151951
535134178
151951847
208963112
711251895
162092967
751883950
780230431
242754663
725301651
716911924
610678363
297042117
646142779
159517859
738388230
547763298
514783485
506289700
191422633
146892067
635300902
567387023
366103408
819554376
426650575
916940413
552308959
592121402
725621110
227466130
55342876
562597878
128966592
6091679
789433240
279463370
818622243
803301104
562084073
1166826
365491293
385288160
926016368
135299500
156912216
653040386
267648776
320999343
433178697
868523712
149512396
743886142
482009172
729917238
122851048
967747153
785848438
389408734
284601320
245152552
199574991
188109029
517133551
497835521
661569047
48080484
168075525
640051099
370084618
458924859
729141054
711482379
944205625
190255807
781400773
250012742
641370653
230803908
662642160
773610187
649291637
231309615
158942705
857097397
77953733
311456733
80588706
399049352
883240629
821686085
493614931
429213508
518699783
316931521
801591834
177382263
868154607
428180847
473730451
108831732
484964861
627597676
950914724
974253836
139382657
438030015
799680515
291753365
948516464
872838305
326376499
555044530
726766573
510991132
595860914
968265374
29166324
660036153
419881787
350112314
967491777
769026171
756810468
548398531
965309927
299927546
192782596
627274104
388663971
604018509
381858133
213189806
757073456
553810428
288645326
21693960
280394890
184688867
717714740
639923717
511776216
788835339
450532887
10402324
495309585
938570400
702446933
7708651
721070605
833326458
148215939
208118454
8299060
123618137
141339953
715938688
870787207
402516192
8943909
839455110
245247419
172406411
903089392
344497954
490980172
113186693
797971073
172956145
222345805
574166954
687870484
844477455
942321412
779958068
838336096
178656437
318493284
746408144
53088945
26739526
597480612
185073944
906203497
555337511
455802569
173739679
204890746
633455318
412470474
572706636
150906751
877878696
175744958
878259629
394676298
339369805
885745945
106034932
519422150
382122892
140599327
529490787
785362844
146903651
145455974
303738483
265797041
228340990
285282039
962683514
397445404
124379063
349427246
982204381
241974498
60173474
266202913
347751881
888695383
317240493
908295946
164515754
760485670
649639167
423260202
809991786
668732496
64061783
385281770
498966290
292910490
212458351
226985993
670966052
886140198
67989824
399711098
759299845
409881537
152064086
907942636
976549754
348173279
449786958
175261231
26527688
528451449
193540576
636285130
334502823
73166891
537994064
217339547
202181657
473826944
976083571
769005116
135723676
723643448
335464186
635005985
201735257
843059218
786315748
669773023
184987053
897393069
678461193
96064182
173984673
660462374
506903066
937870343
736631297
409297855
931746190
816342473
310698711
474377935
396732514
281540336
475191920
427776651
50778947
425799398
754916425
995118802
24804335
197139107
910056625
298984706
263987421
35656397
74417350
517058099
706207378
133490536
561857530
780013934
990274177
129134618
849990255
97476393
462300457
674040447
566263823
600123720
480708249
792883801
542080752
159741097
458306405
661345739
326910934
53923849
159814065
773958605
792280271
360516349
914856597
189868249
872588733
481322085
186007555
874999966
396474953
471246669
863452992
219573198
703090475
798255654
254484943
530684775
484103757
267597895
431550080
377715526
965476192
376738498
859535573
154792705
514410553
231920533
655058354
750315527
840678300
602641680
708745461
20493500
357244033
932248772
341210264
201341180
865157336
800405928
256545883
368668170
911468837
587300490
277565494
95017154
736670726
261135050
89793325
743825097
905256153
927621628
177241982
59313038
622373768
782098538
808482411
415541772
500980774
760063892
675457694
640668200
826263729
435692026
34321665
793833271
762501206
842959492
862329163
770841702
457045390
53143762
665527438
683697827
11052012
62881909
466246688
378175702
99173004
764518419
418121977
253275502
142127207
911233256
845059373
913056670
425399698
649432423
398119730
575145494
123766360
925668490
700360405
105093443
124948233
615877682
542404439
475776810
552978824
483732222
332515946
893711233
398805886
318951622
286779706
852112390
262094189
493544154
48261025
559491858
315851850
430306709
316368768
736462353
341941914
422182191
498540993
915030472
590632651
121264994
368433573
113068783
444839761
287183669
647075342
531376898
352783356
560433995
558749593
395174329
520477469
990469876
825196877
615440780
432002473
524410743
854469615
823175583
624453549
992946982
650962480
931855543
601171397
838627870
259293644
693459650
609299722
963898051
763151527
702766040
117336688
627373965
885144158
431713830
115298649
219447163
448871471
111622217
671876279
755402806
499329033
701660193
934794559
653086695
39014389
325381973
605109830
700927986
304459879
817531170
567712575
675365408
290576923
597685667
470302512
436578029
511897384
606211890
27890025
953615691
922077175
388885303
797282466
855983552
277837640
893103502
105325717
393483046
500142131
212555310
75539272
742847398
151299304
869050741
493617948
949302286
997060982
948084701
799613480
933911669
88349819
908371734
659438171
945620356
135053465
441971279
336797042
287458490
961411317
678720619
707549777
842659580
83732191
718260587
833325630
110443730
904377726
78811007
375249055
145910886
220056255
211626784
200785854
91904569
741991898
824865175
524066103
421526180
104067719
521000224
439517045
563812682
806598408
93978354
865265871
13705440
729447131
851662108
720930086
835866359
556306460
817867226
432071728
821421511
505005531
232879691
659115206
433038716
35725111
383174218
44924559
918249975
572835646
653702594
713855414
876723033
707585880
567533601
203628458
310188288
917905175
915270860
183390771
440411092
239203574
143737095
36061171
989753836
852994714
819620189
380996598
52715617
357880919
539382694
589604424
402189027
779555054
379364342
586899037
509112206
165749969
91027386
385801069
720893499
476075664
521267068
990977034
152895813
380122938
988542837
306119559
161913529
648033650
410741797
917961182
641035599
634476455
991660634
582217937
361268435
196818519
669361368
580044001
216104921
2177620
992208941
560369056
33452951
64098170
311666386
97167978
328221537
980634563
694516250
144438319
826877788
529469791
462497270
964335426
717936504
152760059
883165357
609630898
864451876
513500629
219083068
404681966
947139120
621421510
948568824
767712571
787894418
797146403
225630602
312293687
496388599
510983384
169696147
718715879
483866722
960898010
957524083
88797642
68456551
891374858
977898020
181278965
953517398
266303478
91083394
111565808
171979184
27325208
864281431
208508375
313653160
59730470
715592123
702604290
783094550
587526974
613229934
412031440
115529345
543953814
309273558
531075133
755003960
382222562
648049718
315894403
359773643
743781390
480468704
757038492
195235975
794367714
541174346
973077017
535602607
37804103
451164566
680835642
530338116
837003015
595733387
760569210
932864970
17122226
998640526
436658128
795391260
467091856
935621327
896339746
347668076
545492642
973268296
524502736
582101299
446822887
426275003
571294835
618253758
775188989
751792164
428197792
546856503
107242939
13272399
519285444
518556122
742515105
167001682
745290447
136362408
932394291
881693323
278526328
948220425
548704347
598210161
737881734
383582035
211391589
520503142
892681785
808160061
584128956
409370416
649743332
821099417
16671610
390975718
88779720
611529098
879869729
62581883
755149125
85210851
167535595
213712707
825622031
3849827
479355081
918102005
52876154
300090173
190330880
759977338
415273783
663799318
694741968
576282309
33396951
848612725
688393268
187712800
406862168
254685846
859110377
620037729
962727545
697872521
363529066
698186026
501884512
351539387
