882320775
259655602
598092324
838926813
126271495
159069735
605368573
776952073
104885413
35432352
135097822
348930295
738992780
431952554
778380972
464678325
567160395
278166015
476146984
290909922
207241475
234532229
212768423
77002628
955489773
187430741
195717214
505993023
844891737
469688981
549033154
945466754
770748713
190451529
945244450
315152338
814703616
803554707
792737966
925123951
888983090
838599648
393254220
65897676
867381427
720121274
304558936
125379763
51422733
447208187
395482127
35156571
891517550
823229583
67615038
647788546
46887178
521089696
883437038
938840752
963352519
99375550
932060335
635196431
486399196
189631066
578181581
548541250
486708103
463228633
649974708
763605686
485428048
551023032
401926830
368641826
841278008
146870747
209621199
235368498
882871803
70337451
454570289
397683550
74206853
513876583
53949204
947519128
122836491
297455903
268265159
293613919
920117667
853897213
961771430
789607540
906539312
758057787
579498478
677750361
141939693
756017685
638671658
588194098
797233478
631876439
549728522
340494517
421302752
698973211
806510536
900016430
311468497
648068539
55968948
893015068
644805259
534376784
560989577
972522612
135681861
630662451
425704758
189252199
194963474
356360788
843488018
631530834
589251600
612319289
462102512
83220220
567372267
531870837
93428805
126854118
431665791
866376189
600450071
442330413
964148059
713454685
526216375
423863279
490945365
368248727
982145421
272049128
797928264
68756361
144802280
372162527
197068209
606975865
542068499
511277240
330312926
449419458
393230624
440872689
788388420
918197686
751242916
808983462
236870698
723290316
332644163
779597659
554639734
929114829
461349276
778429069
933926712
118659164
8374552
422227175
104446075
1841479
698306833
826714745
374215365
571438889
833602569
520495238
467517008
89939984
886152009
960396401
989802336
582151563
796541190
982246332
473145564
159577381
653941991
45950373
962211768
717232912
186992580
767655048
35604564
202547762
717409393
868813434
607407084
366373210
438235813
78409044
598601312
119841324
406831165
328471447
751112624
566515878
66657324
216949530
84595117
230747677
341466453
146930713
837138305
372247761
789795321
972488169
132573638
479102943
305283504
774349331
464717171
962424178
460015405
387213162
814848897
930651783
791110180
171667603
854029495
964789133
913088153
101143798
651704169
807742964
361795088
869961012
175320398
468069743
231133707
906629685
92920056
436992461
961355254
731464091
375766458
40061867
930516742
663356802
412752439
744921222
736239795
128304141
61089706
663886481
613691872
636177132
659825917
19618002
513622548
820460840
775405696
894989720
362920034
119805982
317659522
240322655
495226542
29395340
10452672
919834307
797167771
664503893
247969235
398653818
681429274
27724710
1068924
728551313
11446703
774787030
135041
127753378
758915162
109108272
228549338
784784012
40054092
987817687
194051092
725617954
210135095
155702395
954447193
410672866
131223988
197930335
74072426
841549271
413804568
135443803
544835323
901121401
652904129
492918131
947753450
71735901
880334904
662435887
982457206
585967161
635108208
931274603
8171299
738835517
820325798
647652317
136074557
253811762
891256643
532875509
200268563
507408854
835344246
284834717
709699212
641465375
710056698
837296368
267429829
483498938
953652283
159519651
314746744
876002899
229951706
99013638
474849248
265997031
161354820
156813436
904449107
377618204
5360481
608083930
90509745
278860491
147531096
215611676
590347066
483571669
61855778
820260663
950292627
880929058
935175239
37426469
65777155
368069411
783218917
306288075
361679201
43038536
395006057
498958267
632314877
475588557
616527858
132168398
508883810
721312160
172803069
870077525
92456941
734443206
628426401
822650358
502048372
227260316
194324971
430838721
493934278
494445022
246949301
783858158
421643160
133391619
209227023
433817685
940827659
192525237
33236483
106779836
482778112
855066744
795134233
861410570
982612145
506402212
975769052
614921187
662332631
15362698
706727864
869034905
310768600
191778251
727803722
215849420
252502657
112524880
535378095
838516837
173744440
352380195
812353795
867234178
796089233
611147897
77315106
498923257
266361534
182710172
191340738
316358573
688075676
66023232
387299413
237390196
939308972
767015829
840038211
995646159
251491262
579403783
768506088
478571580
787717156
377914394
473089558
229864909
405587896
993377601
181315028
828302778
657147140
194719644
933035395
130397916
42712948
927900054
65321336
371464247
429087105
476845794
348559652
479622458
824021958
390369291
180959228
244745367
804478837
490413525
276540447
485486827
272486668
539731935
587025575
594340656
583874106
333782215
79517021
418174838
138058339
847450196
93335361
272983931
1395144
363037959
659211431
493356032
132987836
256901496
194677248
11408917
701694492
468573963
566559053
774645467
230844130
288883630
654549620
397347865
196955166
228344190
425386070
915174369
716837154
695828199
555816109
117415205
607694068
338694738
546523809
708930731
848383032
647146497
233405907
581636908
383510433
75575720
478227313
460983999
731157858
687603195
111757530
547577340
295736277
265131529
783792333
803912703
973172881
812380106
363496525
294990476
679232593
682169155
221219672
909714147
422064125
178160990
556146776
305566944
807221848
541796226
885661962
794293096
710377685
485746515
163025883
54547995
235168055
984922144
391135033
155268409
810656315
193565620
666190005
509351969
116586659
877808729
619438091
451705624
912035865
751903405
144242323
795313960
975198212
251533333
29698138
166213877
425926824
323691759
159572782
205349442
519428943
172660369
653762150
189361632
801941232
317464432
837199653
809989761
102105645
729244338
568744647
988250736
421245072
208228115
484334159
485666972
15979149
711867702
793127487
544255395
558722897
104441151
393531077
55318442
397553902
90348001
819094883
458844352
456048377
996812005
628621169
911476295
825349361
185785591
635839465
637995945
539803469
476828373
707410736
799122225
40609075
809448329
349599978
182791526
183158757
155991586
374068888
766970096
767199172
544031164
150234728
714059121
530564270
615317385
646626544
414987791
779129291
598443708
791807728
711593230
498369548
378355301
353941384
105293639
100623168
657268350
162901374
235459481
572388649
846338213
945863502
539150774
4456966
994005260
503646320
749274567
754841172
210739550
872159683
241562316
716279112
52124786
691645178
912017211
846577277
914562047
380912025
210031975
539159045
220851673
858866653
941359760
685020644
995817504
300752677
662253772
455506944
244306339
82168358
525890406
993090210
138609406
194581447
920860958
598167660
611083952
709602154
536559008
111671065
897351976
660146618
568389740
726284023
550245411
995314117
446244762
686710122
441924171
258716360
186061119
276356324
952869397
696300434
351536975
987471559
4503742
854130129
8639460
693252583
841392546
293767622
510534832
128571192
346269277
248472104
577669705
857543338
770784219
313849550
235493325
204959893
844353016
98360910
641807068
560705054
290476913
215075736
134775232
503386
854507914
975543649
13582773
985589977
896107237
249534081
40220813
442308970
843044470
933389398
593663918
756953822
700962693
843306423
270278517
603584353
149611785
439818547
380014746
301773307
417644411
588701422
915925901
128074620
23223035
981101225
432003307
854508487
54493366
790831920
696994645
789428004
719354896
8136074
838744668
865848896
280184849
524944854
232463953
96735195
208251291
135360735
14498868
837394820
720185631
478539501
503997198
1046592
828082392
38222715
411093268
850658365
835060989
833001924
582858974
265806491
59617747
885508151
962366941
915006011
817530773
185712325
387815604
52212549
236394752
804235912
37598925
692826619
4561755
404429619
323399504
624666929
207354593
283279550
93522015
282283676
574202553
78531081
407888988
544683532
477104027
430956714
26426095
16270651
379738651
846336279
954367014
886352971
425277098
572938176
806231149
394676697
562577912
317457941
279204421
22538966
747545130
962286318
601000067
915949717
440940576
811170577
996484836
423652772
714823210
786426337
643303771
551781438
739479908
300575298
691603936
981086664
477619162
417683408
437901983
386574058
159286230
371544953
672473896
390058472
849868897
151245952
267549521
431623577
598198469
928722805
62089017
889896650
4075129
70983049
534738545
611916234
477531013
491939269
103742956
665933449
434471877
602773321
301447439
593312312
203032507
402585575
146873063
124701800
881334238
825144483
917057533
144894503
879555956
892630361
863252734
376000176
289812421
210941595
66080819
289694624
543621055
564861258
825454301
786100403
724337320
753407119
547706309
668496858
765836752
79687701
503555651
985679892
313940452
771968533
952102180
556512907
70097513
79161583
187025964
447283322
4372889
142847720
550289338
773053985
11665272
917194512
10340693
111444766
207730314
158738368
322103813
266589417
425858449
814048330
122312393
869610617
777319019
515347035
868974991
449625387
854879264
478376203
358865047
801646536
321588831
931377639
830954050
107587423
940528180
306739827
305902663
210650838
23915631
618797496
285321735
400773335
14571920
52400315
774435130
807142806
743066425
436261543
460766544
607098383
757583887
236966233
559821442
499892120
649656139
82491563
779193886
554750477
210186590
737400576
592404057
525996684
783982671
748642800
451465153
80287631
86240461
902753269
170916584
900990485
852835703
111452974
242673786
807060952
528726595
721539056
855038696
724918704
740911903
61832184
706558960
418617720
17609659
751766662
44062648
84622598
371556197
331061930
457931282
858036617
527545939
751152185
464247
286515054
26393438
759325049
616790662
265929119
600935160
694147499
720902344
840313155
265344959
559776057
754262679
646130913
994292445
752760488
971165523
