753091595
101355895
756200028
518887547
352352803
781437998
16245385
834670329
841698274
383717205
372066540
494959484
362423428
607201043
525997040
400145164
805140398
926482967
811570741
308342086
743101716
971836141
5041731
910299856
542555600
140400890
902600117
310292243
541353807
81058755
874804005
650099747
153161703
549925197
992436757
201526334
605708152
468874184
709039574
379199208
563128131
5880462
550511200
752643982
43969232
586752165
119006805
614257720
254647978
508658447
444501234
19587429
994182854
209760214
757081019
781255452
96314163
845900171
976331946
211951913
878837879
705953141
293316521
760639518
508913198
721966792
341797780
812498230
614764284
324470706
794437010
336266214
217443392
432371532
745213953
737221254
421324941
252397748
866330623
955803434
21394084
288342397
55644264
32695359
636557520
855216576
655916891
943401487
792844176
211181305
105212170
759807979
492542237
497087660
500361328
857174989
712563939
789871681
243730783
322002439
244954384
306508574
999493435
930177271
714221435
108235020
802144035
561811322
464546259
19859765
359930511
843916413
979569546
20528512
190557828
590495482
650308876
260621161
124081998
653696621
66049900
398396292
19654053
403582979
219258536
34629031
843723976
720355731
932010203
888038963
24657314
631453258
8666965
544328184
710849050
714885509
288848960
125466992
318473923
528322499
53072540
94105569
478855228
772984411
851250792
261295755
780238431
472013725
306529832
909865845
206866112
451942777
665789683
590034160
255952538
846558091
286854521
595910456
710918735
679592404
264511043
81788304
629801117
576507295
995202449
728477251
835249448
435241362
309679461
475672318
301646521
524841884
942147237
595759497
600624080
971944330
919541062
246669640
552332185
957962779
254390598
371710250
413825898
22144357
681172851
572714535
965663574
418632803
288375646
864290957
428030987
692938503
414548255
638881517
263811455
971284235
464304450
902347932
777781961
122773541
426046306
344997069
162334264
830857513
608219323
682024226
509795539
70030185
989410079
284008207
927017027
40184880
43578270
752955955
425201806
892800791
667962404
607656760
895334443
422487913
762813676
416616644
146865716
445388502
47641330
608708017
110293629
303265719
331948041
629339843
507639879
17193130
468887678
429558644
531916472
909393527
209375986
582968384
413925032
999148623
62918995
895633388
429222723
4367439
937273929
387846107
649360232
661592299
213679711
371010663
303321831
856647689
7013489
355294047
359959863
9429662
198131353
716945760
783216182
999511305
571730597
206529820
738082143
360070235
776368326
909823896
571297201
614019625
221039482
515808277
683424804
84994019
193731727
896185818
359568917
867180287
987393920
142498277
508114571
659795221
959347783
448701328
89586008
960937377
326018012
650992189
10179641
113593631
69598780
522486810
711262174
492430224
799752200
414413726
427418025
856389174
157551245
69152487
227999111
27450032
816548905
35340607
440552817
697871432
687585857
218327811
662915961
110827669
995725128
492779575
22035740
55633076
208831189
123420960
40163522
123029269
116943811
777144764
34052223
125376137
899644255
457703569
544420844
698552670
804546102
190994580
285241817
779318000
468767792
503179742
709629042
918241432
914499164
480664539
843246315
924007176
8148510
391714575
273351520
107690201
988076226
899351971
117868502
576819204
500451069
655629097
283599035
676331240
374250204
304388756
739445362
380406479
35100263
102622974
127805776
358845335
490919761
742000145
893325328
496591277
933085992
883597960
642059875
492545386
783150531
103794306
141133910
728166648
280174644
116156344
114880758
725229235
503793244
926362021
137299910
292283
339835067
967601638
198101600
148917005
907395543
608910576
405067796
164379035
763734378
329222562
883141168
811876190
352858762
484400979
433087414
266148364
498389245
776760241
174604207
104478265
257292095
625323115
793668672
396656763
514495186
555432385
396156596
258093859
189507998
14216126
876613234
108738241
965323063
127513492
19010268
523318121
543898545
744408323
589195732
324175415
478530164
477680839
728811006
453927969
220653137
329257719
375307885
795773663
683068928
848732393
226839990
727033001
751757813
32821644
743000187
714511951
173932966
801444836
634421817
351963157
212753980
146973936
974871036
749518251
452609327
774402927
846553126
225345270
465390711
909769291
722249817
753980921
187564509
850428790
625948100
779611254
896512107
339740702
176003625
185237467
180124500
600382932
575024929
340775604
787376135
149580232
356980426
932501418
384513303
304498315
349385155
742453707
109986505
237232575
111421435
331556227
502809802
979292754
1318641
446250208
482704592
149962615
330382951
773299635
126482575
472859067
539468492
901329021
406873543
963388931
817999843
834192262
625441210
449184350
171838657
612371047
571949006
634095432
962142114
303029094
417422500
914051706
840831965
160892396
560384136
979796108
643994416
950331933
739007355
294391872
276801452
917219352
338422060
729753416
702532874
30161885
269999980
801725292
214293028
314517068
610111739
455651404
525627874
421124371
486498471
515192891
117012497
660802153
65393917
499050387
759607220
868714368
17150639
698289546
28827708
568652884
309130648
169490555
212915499
146686465
828864650
589136557
162321666
112481671
686587479
900780489
495770202
895687793
746651475
141676772
342371066
770223712
419802403
647625046
692917354
961771095
388423831
419707594
674393923
45191245
862783611
983192261
884938015
239956967
534784650
408087082
900068713
640132513
700925707
133879989
721031235
100509425
588809793
67606562
485652416
20975181
293329737
413146203
734536890
585717980
19422688
221324703
914150677
923717144
156679320
989383506
448911965
369525591
5372192
67056612
180229052
889423052
495096630
167724253
283902853
845672388
704198541
922364697
577697019
278500397
711776
855637687
194762085
612771485
420645535
241861640
181413919
352195841
161972630
671942172
668441357
975277627
685170703
88675942
25768556
641458908
69041583
961220870
83277646
545401142
959175116
530543122
634760321
633869094
953650936
831608181
605412793
421085539
783703708
639980027
316776639
370965038
835449182
456036493
585006204
163785000
26562617
301379191
503071608
914817679
807969587
96716124
207552960
333430019
398615253
204951424
204252349
406420687
141955696
642443944
776630804
742977669
839087050
32295877
319325279
470168653
220877366
560892990
659120548
589037352
636448845
760328378
568492131
521992601
355165532
297476318
139828444
229134209
503669737
861983555
614896291
767662390
458149261
168459966
737431553
862458992
322990161
301330302
235253841
748699512
627355832
198992106
279129843
141259763
863349222
573798968
531877986
803153305
136711213
114837551
942907632
465669626
642258642
914034254
278368833
47641209
528223991
685560358
978264485
101138934
65122979
975118138
902750949
279972140
27547653
8968413
284828408
670627084
294864322
456866286
147178491
919547063
325639149
910421034
961681519
437456739
481198535
427232368
658643378
781366562
765598331
336675137
92422996
388832185
919075921
149226664
125403747
544115005
890091132
689790343
334235001
637429801
323065815
134114906
683576532
652237692
296241155
999157701
113712110
854380808
288970560
861250901
508288983
679844926
967659058
23360569
140030477
731837607
952352734
840912092
566442673
100991622
26916979
196897922
335540602
728447841
882695142
513918764
360896217
878320987
883564664
740713401
780535950
605073977
122631285
509748689
596481247
191524242
226844502
309443827
141215584
482040832
313520257
804262569
492396002
904347428
828386153
412578068
421173126
895715352
9196187
393566139
591762270
49179039
123347670
233243378
610512822
126167893
798574302
955128690
769542548
782322390
638261483
235391122
970816142
548257157
80714950
903215005
557213640
457910369
426879320
948506233
504993105
642908907
699696507
84401841
787471364
222654409
704501918
431193173
900061686
470117073
92745637
465180864
869124799
489998525
148951131
731356910
481726307
889387906
899235866
470313354
392949939
271715810
539901277
358893193
843779347
78129135
833446425
944138844
823632477
925171147
855364426
963262755
468836031
60689953
888573033
948853362
349482531
38945829
445772012
387858412
421665973
367381129
55067003
299425475
689576752
173080618
366266321
480817617
399306026
349358038
421488697
667825733
558674502
956565965
555556293
233277294
103007629
340803314
240622492
709342228
389207982
760363073
607560694
974890538
614752645
129482881
996344832
808434845
601425490
200097767
381874379
442780478
443615893
511377453
48647380
25568810
216648806
240475802
669316440
670698728
711862812
352628808
544832818
474274439
503682449
187538693
404588253
512270064
505133658
655295739
845845732
8679216
798323335
736429783
998650428
661302899
759820433
80176463
684672828
560093871
176735785
557831474
879392125
199208258
967483657
978708218
224209840
47297048
907918585
529987483
16628487
862531826
671486872
569923762
997479414
36579173
215530254
133286255
471208089
427213952
724894626
484074768
303301187
946129750
354252034
373195163
644457141
707186109
512727023
387344479
265748375
136472342
555802972
109222569
493962943
154031338
473236682
345624560
506790780
524974229
963328851
357291204
604351477
975146174
638667251
983313904
337192342
228399573
738950367
962071254
445772644
626534178
608968373
257458875
835199243
692661015
254530287
933262374
844956222
594288494
334251077
517023730
534570024
520574105
264239108
880156144
306728854
562264303
75960818
843448076
563342490
869905693
626495474
946233859
463885100
367603421
879723289
328155011
307462499
370938129
36002820
416057568
968235740
550655767
941571833
639214195
527503968
298344096
274023325
801301926
899501049
539974306
500668336
912502284
190723152
446305120
822721179
83777372
710907066
758511106
676585050
774928038
