463791529
959129647
20035964
919637849
31732335
139336875
387073877
206682240
544310420
510526817
906303881
203575245
356289718
323155407
615535804
427425279
451731011
451312345
158552559
722255121
491273502
25736755
425222643
582606525
702097780
489913984
272848960
902807321
370547759
880199092
654269550
64006553
946326889
798765764
129923582
291783015
168831814
962560363
114304201
764884152
182960688
690902190
339542952
666639066
753664384
882034081
205641928
366411214
878340610
826520485
230880748
501414320
118928472
908336143
834918659
438054774
533907003
437429437
217540068
541818349
866487913
484266554
836134479
664111327
856257266
842297328
257248355
557523953
193231825
323752788
258593464
489170647
337008144
393668405
539294433
800371310
686193802
758583576
828942140
820063697
284272055
906437744
24466711
544027273
649318344
152855229
945078080
37990745
963847103
691868807
757876010
731402376
745020294
572485850
898396238
698694133
854767710
675431624
810381799
911367055
624785726
648117974
173179389
554587821
567927020
741710100
164406176
725260065
369041710
34547348
751860971
775323426
608487296
397476369
257546294
960050167
459799842
292107206
14792982
703402036
897219247
219257610
593676848
501363016
565876776
527191087
744150351
764522292
495272166
840600298
945603599
10762177
948201775
917575083
195277971
636154079
733258355
469878888
976100251
907608242
988449052
219818014
668949033
929299754
940007835
982552582
122915079
347543924
314939556
938346069
238894291
562660504
660638641
106979763
14147808
405528116
54441125
671816371
988711043
40735933
997559747
399883882
229987898
528441411
88943748
741098793
827121650
690912211
202198398
621392213
226791812
989920952
316006953
107184739
714952982
677401232
550308576
664377093
561355180
583324193
404276007
396606426
449582736
556926096
601706007
382943094
350123534
841222012
903427275
789749853
581712954
61441983
481167844
935364318
910048494
588565170
989830114
140507621
840356005
198909041
155430932
432002866
145345526
693547341
711554256
248973337
246653550
553453902
392026779
336746574
855219539
390064031
110461190
405386850
636459924
600953320
950301144
673061801
926735403
706000652
390975259
985899636
787484935
412448543
39679259
165349828
508753108
380642634
197136244
126387812
687571116
409800954
824021086
362446139
427893260
972273139
251260900
756035394
845371838
352732669
136289544
796669631
449195232
566680700
934530313
191648923
950980792
75780993
298904393
309095173
638264024
316768313
213772217
134355353
807933781
169531294
644517930
732896981
653868082
546204428
740220227
866010915
356317658
265638967
649175456
445418584
566042943
748015050
977493588
664186784
349692419
194265750
827689961
574002733
569711108
594305626
536704403
220804234
477918229
848030334
214369035
432972114
81738241
888041069
488123786
370802803
196028737
689665733
554512357
258361966
327755209
518363918
102167311
299167410
612512441
270278628
440351973
183556265
917505242
489111728
625605978
202965741
98287403
634717607
959402752
443998274
489078351
639769482
564644243
213628154
632826889
423713695
254978752
805837746
331835393
307248113
784272673
468276587
777515179
278372653
249389847
876377209
193502693
719131622
336431574
831328500
92098439
528522551
961490291
299432480
153953653
353148138
303298991
988806499
222424356
11403293
334684710
447020632
928638316
44125512
881724451
556259253
125021489
340884202
625535075
904041512
263385166
296329563
967332016
305264327
486005953
972075384
406041084
639132589
239721881
749228768
9463048
379155780
298286033
128074251
351899835
960555798
678279189
265211763
59674500
279678751
120414704
266172251
583413390
320432099
972563401
337252041
539638270
733389667
396648201
693130592
751355719
852618489
93596546
432390060
567943334
795768874
561190534
656225963
813426525
181878268
947107052
664166400
749084618
473195586
1940244
955528929
148734599
800564064
692225676
921168651
877980062
859809725
281209701
345856324
783626808
997212913
712916172
646899916
332700925
148753912
432437114
672651415
242484387
546591287
997873048
156844557
285559233
865895971
560130916
556130959
399365264
22053226
451785237
877796231
332571697
456248302
517087632
110217804
318491855
17034471
188517441
739074205
41163991
475479549
815150529
891545993
571408788
747740221
648763251
570730419
82852702
914290616
323525037
664672612
749441152
274455637
421682012
202493331
475322537
845095686
669969695
282838627
240433147
136094716
521803386
855926836
408024487
403413468
13284627
327378505
480125281
602698368
328408061
315666453
960236469
693362908
631487424
767004837
731440757
106327054
585435768
537819011
217132719
989400496
473278257
485074646
698528187
787112623
128355078
58116060
34566289
314594300
634895265
473396167
347064775
905678813
498641057
905069274
953676161
959223691
483521505
167995319
734455593
321384745
90605137
480154332
585882555
7858584
704436142
56078244
642968211
654677174
471052573
368995482
259659917
132150684
65705907
251032650
662816457
36728739
157398648
620911863
275058389
955168566
292812215
165530980
967803101
855011892
968601677
54557655
194721850
726418148
813328675
772217064
622805548
417440448
803363416
895747972
898795358
993123923
899192090
690669603
82676481
72276833
415147847
379889114
843541726
265899783
213736249
214914090
839972906
247608407
242252816
916947421
801825042
862609641
892936928
779287026
28572530
925074155
512351230
730870661
39256905
649878486
861356393
916550062
841348497
698835508
746189932
842219468
328787267
169957933
352237290
669692532
137536648
466729044
538235381
202781556
540020718
912923100
321989253
701903318
641275642
753687586
214584748
947113442
484165332
896381252
970392020
760195906
524503519
24076389
867175442
973721201
480772693
168321428
651412697
432797994
210920439
498597784
538540615
144706218
519709849
371516780
886126822
670014972
895371115
572560283
779410773
335095998
324374259
690155372
239266307
115649428
603084902
810447911
89595019
285569317
435293737
914242950
432384730
944967243
728443486
985994025
317715949
304710877
302782490
378516088
188919839
969215218
815316346
105437387
991861115
41422934
374382484
177283035
182193468
269758861
867560762
544569775
51742326
911605047
116970479
635296022
435821647
834348145
784810080
751526014
370636299
670324781
78726409
365843379
997504255
296677488
66213054
593573371
416262730
533715822
53800831
581415945
367232482
516855026
383640443
810195554
519779651
218936871
698294255
197843373
741266943
425801867
628254442
819836156
418008554
890723961
862500623
520779681
827996764
93147464
550172378
483367802
519900795
551256475
7879789
518595057
890488808
449472966
107933130
695183627
975209879
780809112
761020303
648477644
215958030
286144817
177337292
534887299
527964604
306774924
115516371
216884775
136053889
586966707
10259070
944834430
42070338
258890251
947834824
106780294
434176863
545433371
765576605
323115266
983543443
570433027
61515149
815976006
508975237
865045385
919706744
70306684
111003740
3110628
222633492
960457829
664781563
979776796
603878126
131863736
713386668
327613324
992815075
521221840
977631092
333287603
347313913
932934087
540997404
63045357
476524718
631598557
501638140
1152836
261006763
429776507
15232506
437905037
664934200
645525001
224629667
361361285
25912061
662919217
387068179
45209686
105881034
132943260
364333214
49801240
280052867
62293540
655012124
815971088
393393624
106563539
552618295
244354765
345484172
650255840
223119114
128581061
274978601
445929879
388520666
288108187
568668543
109850903
742103864
792856983
945225323
226876526
314842596
958353123
907234067
352025382
301701262
329895858
134153660
932421406
227406568
214370652
568600872
491196164
782992489
414231178
976586431
685667051
607759210
154443223
877158211
770877739
92420864
14678359
422405887
96048606
86382684
579982181
274398551
98959992
476541142
996030129
390839395
571476230
104575916
53176341
747450943
696659000
908737019
41368242
804862276
222722437
110201104
413062765
422849272
8748461
559980188
783782436
662937389
974289487
311521754
883001490
502091692
587660640
915698771
174347583
134455661
300164236
535947236
811185461
265642698
721719080
55497306
35193668
455880264
231376437
823531255
997124641
386620247
729816147
666780233
279927430
776930030
566390968
349580946
654435774
660676634
679358097
591829086
413657425
536068417
302600246
917044790
300109062
787438236
593539650
493938437
803178754
655777457
930228332
918720678
447286706
160711763
97551558
775725543
83143196
167225130
75007436
957182500
191472834
185217205
562855546
397162188
933121240
307509253
31594323
106071459
935700722
238079693
261262996
513670947
455097562
708335148
122289811
275117043
963042450
804674288
755388243
247755431
862340612
737437998
20352500
341347183
456391914
811095467
219493527
119215667
679378472
790665424
266437750
487210644
585669198
722175596
400356251
228440219
973212870
905438057
983923549
992599808
755843912
487468191
558237714
565099061
394514460
416557384
463623116
738951556
38421952
822434513
812683091
278468906
411836886
827252003
94841888
454034835
164864704
221508362
940770272
122025772
88015726
912378655
426692986
145035297
971641941
774052351
928001747
732921965
307978896
893849590
301904172
57604393
820750738
762788434
491911518
374872421
179200284
455253438
946832721
39834530
347472351
480541969
80793714
856943957
977982331
987968842
75373758
758417193
627333708
946321415
63575515
751704507
964667783
861897776
904584081
843465255
60775204
413202416
593457118
620462108
488555636
730701149
430972660
144572361
520530341
755078698
457718167
649048450
335340485
719969465
274834551
709611264
274675640
900935742
774553420
607473755
831584941
569749027
167052965
983673097
698678593
169584553
105588257
361657480
830274074
550199663
92936608
958852960
858204351
648446261
314097216
765997866
861796319
326370613
551278892
616771201
49569309
