896100776
474648967
726786612
713875022
285321035
929584484
979029104
469858352
899912686
323589511
265745374
562983806
117105659
419042149
707968363
245993726
15484580
183567989
403885589
16465957
726600538
486054760
807052171
133975635
36179807
880124908
545939238
525419172
23947675
583546162
845903773
849185732
329753259
82406087
361820322
80037607
579988131
248912921
543998935
768726034
751463702
142749171
243108415
855216435
91340650
900117177
278113683
297782957
681957073
730891824
412644471
338902686
225635574
93632061
454432177
410046016
667596794
592810976
677695215
405196125
383645245
453609931
445910677
316366523
477685736
416559641
233230547
34699572
57221827
627930755
666005593
766571657
639569052
635159553
265002253
583851367
242946344
951835734
42634985
136062628
602011225
248156281
843462098
293055849
170901691
507001087
623550157
236121197
627973909
951774304
412440811
987177153
571217705
138802810
385080789
297853770
696838493
926741891
377530698
674781008
666886630
243414110
240561129
54026317
64886230
646072812
699333632
590476019
828629807
870580808
167099672
715761059
550175991
541632586
803184899
135488964
610147832
152854827
145464832
970684648
793009482
997109349
406725662
105447521
215489943
678828438
195353952
500766242
250078764
967148481
887012873
316204452
574305035
367853976
469175997
358597114
7595151
789435780
228169618
524828877
807667453
33074137
407491388
757393099
784674632
696679751
437001162
29585118
335617909
249591824
687705937
543983665
781277058
406846049
881771524
669777279
836688446
135113608
838536373
386057791
450718859
198567389
340397255
861481324
983567934
850895219
141456023
182322014
72456589
444587784
127893813
820712050
924685207
620635953
163017194
759935344
589617960
649332562
320772888
518810190
241827275
165768834
165148333
486940
279442544
343029207
534927392
167458986
486082450
799398716
521908667
872481542
950899406
842111826
74110018
609100063
692676881
546010063
773825164
933779412
555223728
254679147
957128527
891030123
121698011
866993885
619298457
160641105
243828854
121836180
80159319
187355884
814340718
319726182
144230515
284950025
33419056
339910315
582038779
640538727
315967826
973997035
696239563
273057871
922679116
255412270
869812643
82573380
546525935
553917129
67258463
43607896
875507397
386993475
963586460
987148126
208640305
274118208
878788928
412448657
723730748
374286287
923630130
364246269
719239397
334552782
58140823
631173223
697881311
789159991
575681007
352766566
963971282
133286436
617811585
581226691
558439583
684070656
968351006
866285739
997181240
536725077
614115168
689911724
54577717
36551422
311848486
427347243
356139721
157082387
76309720
759300847
461121386
169590121
916807977
941681538
50366905
331993293
553818473
588126334
197271446
238639420
384692067
757365942
978236121
714491895
79636612
742220960
769181888
382359768
428708543
524569648
305767200
12503188
415267416
187005671
760171117
233718406
309668552
682687974
22704295
630793579
275033502
540798924
712850270
816380158
891645179
794381160
216478458
676130046
530859786
226446289
130252182
380224672
669014293
758541820
152033009
856749224
711675601
340085820
956914809
569627525
658165354
973779951
728373842
551740071
453533646
448618198
754322704
729802306
181510420
816648498
22324740
871130498
565422038
566477866
963605917
843893141
44515672
161855962
822846715
285255451
525742501
93051841
851499981
202262254
394317465
925542527
343488893
656725594
34972661
903421891
522042803
969582731
725773164
453076769
972628223
301253550
812425081
161110199
362846511
443026981
40058455
486676151
494619625
714211287
204121548
259121682
814802633
102536426
794935902
308139866
812233552
549819638
517239103
671659357
43885023
565113512
122279969
526111588
157422605
527991118
105129304
97597110
694829645
278088528
294605694
52742008
145357334
112345268
593849641
662352366
31468060
883405471
799009450
379819734
245196995
39066350
598432214
137288694
998140704
135195782
110739894
240952466
861789690
726832793
91188338
972223163
452343628
54113806
409191745
407514710
178973580
286313493
3687593
834855392
337897676
942461344
791846504
216531097
419605592
151379540
113764348
702457364
508686783
132583535
276671806
928828080
750810187
137419368
426462362
4818673
966681297
984991273
527970882
22226823
417251224
864176836
235807418
967996851
186900189
322382529
600398378
91243528
703153522
186334931
483378786
745154566
879717878
964154057
41922057
302735649
247219844
381901117
717683101
846761164
21431434
408282528
732265682
729206155
450160986
162360257
221412976
314924259
627651442
404373072
440833412
193982305
758342609
981460769
417604167
473720839
706653925
823849652
29630907
97223062
550981160
22520820
999303840
322351852
649204748
531517238
49110202
786656129
95497310
123726712
757598827
584780180
267308172
681209717
795388
8968695
131911154
506601262
517835864
24539932
100969552
285474118
463592084
298780449
745501517
289396480
986811955
898257107
546549889
568201217
596081723
423370190
352270209
620460038
295780003
998910613
408978686
409913829
80001406
918643747
113250055
434756846
219426949
503924729
646774243
856053231
926674132
77132892
980665381
408635472
341809685
200052663
306013788
5090974
996253509
265507042
558928734
700523390
576850333
359808267
544705281
150853093
240106239
527296092
527644988
334228636
232509970
646848133
385429713
1884774
599990007
721997323
426599855
599192115
911289876
666212705
66047169
959667354
652006205
889448285
362722347
909679063
917591725
137914417
226391532
396029060
117356401
347179235
624206528
30272961
439981878
708455294
833063494
720193137
373938465
962396960
194650606
692130856
976279739
312545606
623543261
279825998
691703178
978780606
808645463
619812360
773452806
706821672
93801097
330040803
199459873
599261379
48517185
687402047
997085919
635026217
233261367
102191822
300904559
131615928
216872235
885330733
22641605
355156752
561902894
891534711
888933828
706406716
225253649
948892914
471562098
373916311
983387613
339460598
265905024
82896348
217975885
938811117
329268952
606579171
622576252
410534728
253378137
294165724
830813087
840720498
659938109
145661447
723107217
738912247
729135593
92458784
391226296
844663810
95673371
738212526
257184393
336546425
416877712
917110750
730878530
67046089
481568022
144908181
858478703
825543560
615873764
709056586
421497022
914189571
417050332
294450248
772922868
694325387
509039675
806337505
631952596
728475879
524343664
721182394
231596602
743272381
983299498
486341401
219757321
379103314
982690014
138723802
243787227
527692496
825711953
881429458
521933405
412158200
875700639
555530163
928966705
108469956
435687020
5269526
224846734
950881522
724164423
808917645
321861914
434685345
319535914
696900907
335624135
289335864
106259930
528708513
812202760
695695316
685514148
987606148
83746590
995226619
925150859
479375388
842853544
477149961
465269359
893804525
88477617
535620873
772516842
360764668
818624747
953509510
877370799
523482639
292788859
519074137
496335659
280715079
19107958
174381852
164479487
785071975
59567400
285789106
803099665
954451361
421432566
297003440
69226698
826238087
726644051
888094490
471783573
933740084
183319095
956311630
162415981
747696771
485612163
830359897
720440028
786241040
662168501
958771245
878276159
382114623
411965064
582777289
235919653
293128622
199359657
404799069
968498189
909364736
830747132
140078884
419807987
557064438
674050294
510817996
472371958
791474175
466394174
946278753
634120615
930530255
481725937
943630713
340163544
336477227
356658156
748638887
795102915
188748060
453941823
378238445
122903473
100796154
407512945
420985041
542486296
838655276
61083787
776098074
626878430
321844982
919596299
562418835
102992951
43240210
536503642
605351541
73646476
974794165
357987938
928965852
319846866
715889747
324650629
947745903
900388685
468334349
242613744
899442424
936470465
450720769
609696152
779750129
455422912
452508687
17175411
319011833
149551493
253065253
968331699
633716681
730390388
690296098
319400323
312275633
10933956
919307101
840637762
296923333
799973584
751306613
674992410
820308749
830760120
524975970
58391579
407013724
776145524
459767041
520596355
74151947
596041531
161641361
839627608
176157661
712148828
139846169
106995923
650484263
26064799
217491809
455800048
820581222
6462465
724271256
198575463
629550766
396489423
12374995
936811947
981081583
627696586
945690410
99468840
185163851
775728358
789387402
948990008
930446940
394117107
610161685
542866307
689784451
732468896
894179752
37675149
568749027
850668489
143242662
600126803
871087785
812311177
190153498
270858534
582481775
295506564
854411186
813846283
106488863
326400506
428840812
10524300
763770528
522955092
539514771
446455359
650351120
62172520
654463756
400429302
922761424
190856160
176548981
256367155
415903113
674625500
766015596
88112326
112282712
686596106
629826435
778882276
253246761
412248190
65724161
168770405
437543087
674831876
516987064
889657285
921317170
975541118
842501144
604046434
965276294
599637384
779095778
166829358
192954124
447724392
387324028
506576506
196204732
742813359
677365378
680231624
635762196
933786341
854955419
907856273
529490966
766298859
701563570
419892756
696574069
649958534
757277538
351522337
457230930
370744366
8912271
975519243
545185454
764806469
479112130
947220305
348355015
572502546
291090859
816265727
895529720
599186238
895158201
664558319
299272078
123249929
582677544
510433401
734882811
385492536
533008208
503756744
819876455
609130789
360166318
155018311
273977548
422608388
907472363
315317760
842359845
427573440
709598426
822209756
438812120
411804784
961391050
431398261
263701228
730145071
331876609
63259649
642695482
38689692
12326552
930304727
871140656
37005250
120620677
573324140
67280990
246844136
616639525
71738394
837736157
505155525
155642787
936054664
404640150
324093818
673242757
