300437581
450952357
303440641
68859178
299698379
245933523
677602300
450346341
54993524
51092413
777699246
834607930
653670622
843378345
204805801
390958328
402712280
518445865
342626267
549665566
368663284
94880732
262594306
711800240
818278404
236215024
706382162
587758715
477311644
180971500
220766479
34747182
440210053
378702509
163440932
885554860
254679283
580058052
643002053
137711009
613025122
30473040
345686252
202112131
419604
251534414
217818645
370275248
39907219
920774526
27195886
939211883
883822623
496058384
516394656
205556849
188358051
591640400
250580772
63483354
539551360
89843584
973034695
874022023
830325932
742952063
394397876
274968113
679937413
319250939
136279044
822654226
875443811
204915257
936640442
338190244
749194478
60482175
711380635
566743990
18396379
336106914
547851496
556537116
153775613
281554595
150924558
944151668
862307851
957884082
697196809
663038882
329477279
579518699
598159648
523181538
57438343
471664228
371786197
257467539
857136536
942850530
690337834
720656279
784495482
204541658
63768072
678907365
559417940
178204412
456362369
127875876
880259763
683836781
45086975
203444445
541992087
416497579
720246409
548771336
592027504
450246207
412660261
722053330
622054128
473240161
493176947
295925111
606755608
413458904
280751900
277530250
688695976
453913096
709607452
75545847
645769079
827195215
772041633
949233953
217786523
472017192
384733728
684103438
501521712
569320933
782779118
645640497
534431724
394715202
981189449
640940763
751417817
823014859
665440034
406890329
530190269
968284503
98602150
311255321
711364710
767842959
72151756
145959035
897452510
178832119
439179898
426346667
974229327
969541126
557675365
714796870
644455944
771012454
330984812
120010312
65512478
728556821
220531617
52733194
690461041
847536448
761493386
212040405
432269453
639811135
526112431
865681116
788473060
302717123
545355577
677484575
728593065
460786312
237869243
449943563
399865435
238774692
786650926
322689593
130141035
356432450
671411168
564890596
837039836
266392579
996484817
980405361
492030046
545429722
341377850
801633446
747752885
45868955
620794278
863828260
6349572
860111350
713689581
257641374
652719686
573498781
637873605
671512204
424185548
880190789
986203804
183669632
533143211
881041248
720144875
826737785
941905893
897842023
922592158
334028591
176125280
196602790
375000568
165876874
643326317
545707069
373651069
243043338
961339272
743722130
929731688
682724109
839992032
374040981
443593991
539754084
525085110
529009551
669969905
556642252
718558844
999898963
140705048
956849046
280188774
812815185
447262149
610988797
825284845
514640064
859727551
849910860
123276795
286765687
687702980
809746781
485110781
547812706
614315056
107012617
199847712
394830266
710172931
680463417
950459099
303479694
343677598
159102230
437447257
180390790
301652674
412896341
227872117
365949906
615469745
176226316
55897742
418151521
885688099
830511130
98444919
762662271
417758492
446699207
883994577
79820828
559447314
553226345
686337999
633847208
54643302
977272402
914694494
562957288
356794540
323728577
289726031
460241629
6389946
976709078
469137586
288159919
173541540
644894054
212987389
446831209
622038743
757326888
671295940
511476664
753849039
66959260
662124605
783803924
8567698
437185439
977071773
263473723
796468839
870638271
744032378
790451251
472764230
803600047
125747488
324380270
498201846
664914828
9155365
291741168
886500283
595656111
411761574
908979019
361373544
810284998
589120730
772864436
233711818
437163367
457782083
802120424
881930404
174861335
879998168
987684041
315147796
130890569
554389590
919609099
346656802
26252308
663772789
135751674
232676700
678686333
815395688
369941491
519146566
888607117
948629362
957123913
748171522
379554771
624976379
158192927
655197684
753145585
422430380
198282698
848064708
204207337
29761904
359305471
412856187
941911952
908520846
297902894
923601877
138063446
9232474
367311277
110525238
89546265
945084364
860247975
931883321
276009900
676302319
682687210
994889309
219179239
253717869
345104700
488534004
500658169
53948902
502375633
549884955
721805240
332486356
562002210
708460187
356106891
71544391
142449465
996490402
304467317
722895485
290764746
770165486
517492793
446339613
381083120
879374643
581318084
846598675
658625257
434470406
764728403
226309605
379187784
76843265
739743169
203393387
628885469
950489466
684657203
870771465
912198017
887963050
406145212
748017938
201796637
805577088
447230262
658851089
754418345
18001873
802634899
863757571
627416003
553114413
385537573
912521722
477396515
772839624
872634748
465730055
907215919
654059492
395323643
67905227
785156550
495495634
953298571
485158944
968717017
152713503
442658921
191959998
311833198
433695851
810697467
402801694
364020273
769474854
244542975
575506030
432144380
922466994
92180329
640623384
631835505
900970830
598893601
826073369
691305691
827221445
725996871
856045843
77854718
218927147
963555545
258138524
492639407
338239985
962861386
706301001
852278516
962071316
690134070
601704842
575342951
610674901
551924372
193720152
742416944
982735878
548501449
707921660
528296649
297128717
33585675
984748924
561879162
754700257
436069720
884185719
896602032
127225201
793853252
141495571
426716631
586613077
114105279
92906051
470140304
552558942
910162285
25780287
806613466
538241973
723227513
470073063
232332923
490475486
65280433
21160604
349046457
405173449
83656425
708569812
278719996
18075210
327749193
780725999
185341472
978806620
696259360
737939148
902170264
78675667
809698968
725053315
168218064
548638499
174988210
988729872
496569621
459018321
723579846
189858002
72573592
522721161
901308192
990054674
573901203
563512610
752416000
71403676
689419824
414909115
535139261
491428582
43568775
85283440
862775573
408641421
258863883
333379279
907564577
491333683
856299581
172223136
123610021
727937799
728543004
998174196
301854998
683694422
315487276
76550559
524590982
890028135
681593602
893798422
635996219
755998833
116767016
337694518
206824795
621828860
226390619
624855684
48519324
487261149
543536404
318270385
681484539
82934624
685862924
766346788
729865989
163190341
551453742
232246163
333558420
900350455
399111139
173370393
261511670
575727006
261657612
68721577
755916399
612869265
890318131
645111125
809834979
149770352
449287219
106776740
291874404
921169364
126554483
285735716
264943063
231443896
123703812
636348871
184401394
410272618
316689656
218920374
997831497
549140486
346684569
361400641
338574392
449347438
560240002
735645763
356887693
943396622
76182847
631097788
360171248
157669041
868939284
435650057
596943016
898425278
508435405
531714186
633647403
579086184
474472384
808696623
36635857
265718025
967303098
102114523
776646642
762762267
988968997
851239051
259037349
42737238
70890079
206775912
266184695
528917490
306536732
360487540
589530349
713641455
749889045
348477781
844986516
495456694
925564467
107274021
362504610
688053753
39405854
285976114
901837212
784975469
585272969
418745313
74668102
537987944
324764783
72856366
482044339
458125478
958999119
594125425
954427623
224943795
372060439
317434010
86778962
662163372
169465362
68025526
591888546
147947864
942183835
920005947
829197137
125994603
963710105
541179162
340153557
860029076
739609912
88592888
723356412
702992882
949401837
474061879
457464267
652144765
132107810
728196750
204152706
233680365
878443200
131404871
754642334
155763619
394050156
620042721
123396255
608130457
20495059
700341237
518588391
971380327
694087567
753889347
842791632
665267021
589548174
948673498
574277837
783585620
732702808
622015261
718515565
870406230
870769012
251434740
275541956
897998559
859969741
434634195
530055562
441268610
863872819
358208180
269504663
810778964
165363612
673433517
731944445
343667384
417782907
732023099
839534016
39268674
570004495
751976084
8905314
195512489
631270245
792197245
62596591
183434310
153918913
420567084
500977556
256427938
412889305
884236102
284994606
142615415
344500765
225397694
748160714
585860863
170285675
77319781
107507508
335879387
484384684
32012667
499903408
916114655
216729052
230610453
365802713
679708
782481243
679246890
300401734
118792928
242529426
80029466
266728313
67772495
372037604
346621251
287349697
443305734
857230622
13076724
397889659
281127508
388438910
589329030
999166617
192385212
983862384
253673153
868982998
492684714
644468575
673025926
711127804
599257577
292293837
146481934
966705257
923308458
54764371
500297848
473946693
733642413
583834367
166201678
900085988
264471298
958669380
680388218
213823259
823664422
789970082
664201772
478648764
471307959
634123007
218775899
527675744
627400021
231443834
173417501
16817323
528808090
810263890
807717019
474324351
569503498
368901661
667470734
775478657
225555669
379915993
364041237
388541362
356932773
539130030
664247244
697293139
222237232
689243040
734695318
233715831
303474165
39849894
45318576
702714630
980266801
194377161
239819844
965134568
73517937
618806188
339305235
691864623
881346869
483480524
945138602
923378522
776117347
691877326
330582489
895569636
291198645
904909559
988267588
443748429
425928844
275660409
121715990
932177928
969875762
521482759
305438512
938156980
496748515
939701668
713343156
488958196
764945314
105002388
494057548
375126336
129081816
702336164
701960720
606749480
40610758
672176613
507194492
873452248
593991427
740868721
921175790
530359905
358660551
839125681
942517184
398564605
51582304
601570145
276785786
704606392
72661171
307641915
995258805
552035176
313367676
401148254
195116108
941645199
770137367
456180405
158433207
671114959
197819777
955456151
766487819
588862479
202948838
381518108
403137671
753752230
768465916
248263741
338186500
229007041
600306967
775078605
579496428
657622832
997184483
314778551
437375891
163375168
828216601
789451155
302465165
821439900
707077358
149925543
293381803
639462502
477060504
565549292
103314880
137811021
