546090503
42294925
562344521
909986590
637196451
514291438
723980918
140701564
674921408
962110526
694771873
257549694
941999879
531533168
223742259
622637227
282756480
459478431
484111331
752491162
80342634
72632844
172185670
626579786
92993278
354289387
829567857
768788669
838022385
774924193
635008479
890106998
418517279
412523521
846601609
54697712
54112324
769035709
517486939
310627635
873730461
143737304
467749820
221544317
108301999
411346649
440821620
226580187
954638042
682662980
399126747
562747833
373612249
203235548
83874310
473457659
870109253
935764734
816993311
282907063
684723579
955192247
302679178
899997214
327102047
804664874
839032413
529476358
684931558
169044546
568524903
513720769
941991491
173483695
878760700
936605328
604883022
950641352
518277786
681646628
913467765
602987670
814150625
155359405
375797445
72260646
516494748
215281730
328649210
373143950
184588458
118347588
952042397
234579875
625904054
918538212
841058125
567752605
894442269
303637124
572314234
911345261
541648627
785593496
114138077
885405977
620756341
200128553
324474847
147268981
868574635
919467899
417486947
135346682
369439297
81735909
141041621
147319773
524199769
254841401
288170125
623750683
200827147
311787607
984456086
450177314
561678371
707411615
547579640
960222487
95547202
37130417
56199083
214640662
109332394
2122504
61339042
28557129
41221327
490391466
451504303
316366195
890806882
181380228
504569313
265120557
700860640
816695714
865140577
544168145
777496590
693738352
43552836
639600867
15466999
948563549
710518113
229861019
801137408
663960761
323727605
913344724
652548912
364252358
51721779
831444218
863268816
202846285
26014287
367316792
20396866
112484492
106098445
33808302
803337096
971803929
732943800
19446918
807218293
719335529
749316673
744982656
842271037
3411495
182725896
401808848
993577579
416598214
199173663
160768844
291604389
831478021
227419719
377260564
166663861
538159578
663817281
526554523
129658449
673125094
401851739
498014354
790681426
497823784
523771278
665012097
587639907
9744534
836263770
43663069
215619749
691071195
422642725
81801879
914644087
578744948
71073687
649137417
181526461
649912929
837866637
446670601
3672622
865245442
75712403
188918844
885064772
728837879
867144439
265177517
307986647
206389277
889788467
134093198
317483789
251302318
954301228
344447253
479640215
517713798
814168940
983833045
580334442
155510594
945149093
600533193
408835295
145617840
462616475
587918911
467085891
14679864
345028061
479745519
835258455
955181137
494341732
925435982
422111380
334852434
779947324
858802026
142600093
571086252
735676420
9230472
801282726
288549526
764318088
663341769
624443718
726626433
169497201
663812662
835743987
854033590
866336158
848162027
920096348
475179209
780083547
739446932
266221403
279225528
798091625
293306783
861361214
410042948
298834741
362302651
756960584
28865246
922335871
144787781
737766473
955366913
841232952
9248190
419834172
935918621
799250465
120285768
381299750
799274705
963475191
740459457
845182661
681215397
644001531
981224864
88844979
646179704
5339634
946932170
554768885
40500392
592580622
863374564
772994625
442369636
147869256
391239777
989714784
402015437
906381183
595578472
804290560
24709419
926046188
880377072
12800638
857087967
428327854
984177725
675928742
659797778
358147181
466946697
315750335
57632168
448124121
180145817
766041416
317609876
273457672
110780880
23525611
975403700
590018895
697266080
362786291
977858386
236253563
977464534
788049365
408010687
130570983
979284312
892893521
367896719
936168895
820473241
755169208
763624457
968424225
231757010
217851850
21161908
271003427
894971106
682353209
125633925
547624229
715362457
994245514
967723437
625198360
672104907
128557764
795600303
572052861
828886859
434690523
228780107
517590781
34942250
620834404
450863318
196128359
267918054
529226794
378862867
574053174
947853615
121463272
627650878
424976608
2416959
349185650
41700662
892929029
2363703
704400273
695047787
14912871
237152366
430234157
520891105
983219019
820325926
782812326
458466075
850726547
97293218
795843856
107282036
385782717
526389100
246033675
933481974
610922604
766988530
825033547
3085372
365744311
303490341
551580749
599770613
593899184
366594636
542746829
622781401
322919257
86857102
902671272
569689158
124486586
739642734
213867236
280438415
604708091
99943299
467644298
375802432
485105727
70760718
528136319
476759955
152009758
14181235
241868160
898587506
756383282
415703674
430778056
125940498
177330154
701314900
329303476
711422528
685571615
830463543
926991919
616624382
277579096
160030924
135546818
763869444
194621944
226154698
982795449
646139982
312521864
965595259
328773882
510979304
299344231
449231114
517979643
294983592
775354021
74820793
447760855
579717949
124726475
644159322
866398118
907215582
656079045
776730774
392359003
423171684
410339258
502444707
594866798
774244547
172951379
851019914
98223335
325074802
935213899
764266873
282138011
925855058
31385785
595728177
586065641
790788021
86929791
919798750
826596266
728099038
183335256
34319883
936068505
610750822
382702688
347273969
491897907
633419772
293632805
228331235
107790399
417891169
833795694
559623764
235800723
810077156
370728461
554529334
338027925
448324315
351007778
192904841
359769691
11087148
792682781
521905795
548332163
528998297
58093680
75610096
820285791
736280293
950134506
664259963
239836427
376019374
566376200
984115975
391541858
825677408
359122007
464803562
31441997
706882664
656476473
864246840
92059363
471762019
359927453
775988484
420059560
532400455
581770825
378271950
377091259
990430414
674550190
924981357
818068039
860796891
798941805
962899608
575326091
218022708
408045443
371510105
467756661
169535731
319787337
859781348
243700955
386612484
162987475
512350515
89202308
886204215
161462843
652887026
354610673
928435939
429846432
76570144
169070843
282105195
655550535
287885335
154509467
571862556
287168703
249406012
701469183
641394842
166047935
530744966
26735603
396222397
889477469
813419288
298837221
284966368
396490178
922523631
151974682
500146104
532287528
33447075
369412979
69420310
289069641
490887043
828967571
21663164
570370683
889632098
430950459
722371660
793828764
293220896
562472171
120160107
217000638
895894104
882367026
70381325
158312165
602306112
220564549
632242508
485614911
692979910
996726745
348043553
354049804
69644305
531945761
507322800
924595461
668924738
749817666
622103460
918472354
85089156
282792914
796281659
420438439
679806018
71024159
276415835
99794506
304363942
602393631
596256573
250947117
178677114
67965730
500596073
40156604
81593356
341833939
929981415
812882524
737170470
583805398
596089730
494160297
480924017
667613358
500726377
357686337
923627658
797776198
124904026
543403228
940368709
201687751
131911481
613101189
86085367
649942884
478506145
531281952
944148712
532448001
181250969
90586278
400470171
97096436
175372690
1678575
31349687
467166195
843002104
327090799
819836250
809220934
181301884
501283757
686703183
302121362
939514421
12192660
570297781
918729497
176166847
506587742
477489605
52853344
310578406
976989361
936054247
887494883
954071235
431650471
863327792
398699462
868733811
204722469
402554428
505503452
93690125
383827580
492240667
499047801
326336650
456461462
954774093
797813225
723566977
131147774
20385867
630627722
926398004
783964004
710428461
466313484
960984170
25419215
356281153
674663225
613096672
347616827
786518028
198383328
65624326
143854802
513094959
411351632
463763005
421136787
940487122
976579414
98729328
181199731
208431236
555686840
519951991
71249979
592392846
719705384
551813648
679676378
329286365
179430631
956603493
305426525
961096877
170107230
721222008
397014308
437715290
843314596
848441314
727891202
892406778
746073296
597309550
293857339
433423474
182481847
943366501
543422460
334050219
302430189
190660651
43806452
531898393
745198273
575532768
154741621
946361491
889734191
433026367
636575768
122849577
933420292
18330461
607087397
241779833
760197800
182757924
342987729
690129622
66748697
983421496
97172525
128138099
370838125
288792951
462357938
958377288
226094652
637826503
409910999
776338881
8391187
345626158
26856175
988769979
912797041
773528130
215898604
594574461
566480387
450652815
547981098
410288228
211865546
605041624
958986485
727742835
990222152
52077505
673225673
999723922
600378772
853292836
267301522
319008692
93488126
915668351
161060268
456405322
113174829
196364331
720266839
251907687
23115368
860236885
114458389
587794133
991474285
618317417
328982790
986669669
966859319
748413266
123649235
616095881
435440398
686884295
916272552
765796499
329806465
734615102
968155134
174017147
964600829
410187075
175960108
155098349
78324636
707847482
895281853
997128689
612467861
759493280
481399632
370116055
730385975
296073410
387172860
351628659
490583234
371192351
736268548
371904735
723094713
686556002
32864603
851965505
729643601
651205639
883568292
406603829
999395797
395263767
126598857
378559725
228209196
546249692
287306856
612928291
684276777
959360039
509469496
283626803
723035562
331854100
374201807
207366038
267013634
753533179
885709905
139366988
299711435
564643893
275213265
958614112
998346553
596250399
450922432
278044827
377322472
323994602
425454747
427118996
824279188
488678023
997732890
217204094
632894423
102839907
141906859
184136283
8766553
774244567
667351880
531223194
861722853
452641745
648869171
391240613
312354195
825498563
584951870
976110420
765495732
744201304
106892393
434751904
120050502
167984743
380213171
631958795
95327259
9262029
235605819
360282175
533905291
82350500
459347613
234357538
334121209
156997713
574471614
164173727
611626320
701573622
130600434
525466866
897292011
743990069
96891258
545704807
947381226
59681818
965690630
551823907
739042730
449344326
661623262
80077883
381785630
562980985
97153591
464909679
722626735
509948062
