789650680
280384276
855917321
496733296
714445150
910140819
404815682
21294295
381869774
62374967
616757399
568586165
603074758
108666579
334181899
438533918
404691125
981103439
283563682
206091715
17769111
683181423
557752081
575195760
70484223
153144344
677656842
321301067
809356977
604455840
124510840
653476244
166664168
764263841
5675324
819431812
889479327
603710138
324791493
357388203
445087353
217868125
798182156
253414725
842368032
760749350
717985963
195225939
853766352
489119126
457558645
767621262
761219998
565787901
40019559
106469257
722632194
280721560
426249073
561300805
232483977
83514614
211937317
777413932
937864125
963281153
401921996
838810916
102991254
514750085
549054590
800980985
656311945
926175477
761004360
799900984
884999265
304337355
732827726
309734871
435158379
482430902
467534713
320237851
146897195
356889576
892256244
600876266
724244282
899206066
96799618
608757766
177461065
763490686
124904225
361572739
5930807
20768224
315550599
879086877
358827354
879175046
92234684
339016266
940064534
656577658
111309317
835044519
804783539
240118573
221469990
418294838
547893833
116514201
126142426
750053073
615979900
891699465
630516737
580974548
71024909
801045729
114566633
203785187
417950467
940296823
623519919
892821257
801271251
399431621
793970176
864231041
988786755
853740848
950907516
555983332
390196218
128518446
380173315
490319535
245580259
57211724
796092725
484125708
677736075
678504778
60863933
60946864
637348260
374851151
745592837
114231341
390251485
734576050
808061968
557781623
764608412
888449495
921065798
999767709
33057738
218488058
33773268
405351917
446148395
357238948
429508082
694152983
165606683
570159093
359856854
487461453
511526149
140197201
335394288
13813184
4953003
630440924
526049111
739445688
879432890
562573055
255472997
426420100
653838783
679738835
473979555
254210704
45678879
393125892
791374918
501746721
207452647
380405604
457261797
27092201
23438456
390740808
37977312
320497126
248996695
366710948
895340180
67189167
14994296
258131384
602705190
250054284
399181761
794248784
552828620
134167488
362400383
181620109
120334819
470484682
963015059
607353166
751513133
766409559
883259392
175297378
648474104
772480789
778784173
858110132
280008805
131120545
682935403
308302087
990374727
614212194
592463611
205551985
490448993
512721942
667232874
188283830
411425803
395707398
77033644
223925270
855028942
251430094
840297271
657207430
139346337
25832538
260070785
986777114
64077140
416085288
639227674
271567752
437237733
73699317
718236842
122859390
288404992
156884163
978122577
471584645
567118880
90879674
803874055
938616425
541703875
156848398
691171114
607612875
803251806
774731229
195927363
355805734
689375914
659334121
320268434
397044009
932183517
121576743
718763794
254176267
871049758
696158288
244224947
574289438
974984519
320895859
768314250
416749676
794485098
544373484
899878836
254541640
417584820
605448998
656806389
764149268
447556037
901680845
115503555
982497937
334661422
652457908
183525307
289345909
220157925
283421939
582191837
777903610
753430881
321192832
190675872
166828249
438120368
723946310
600534885
870960590
846654725
229584617
963631905
220808016
388534147
274421438
813127776
258878322
874852391
941385722
938220913
83926915
2527731
556119165
949487971
30502671
6073188
736265855
919514843
218591850
512632980
954879036
354131513
691562579
738704021
990410638
663318793
473292265
353697611
733050587
816421270
693638509
4914113
785845798
917494541
217971420
938048939
894695538
593963790
60239983
839330131
924646983
414493516
278772202
345201025
498264921
775375879
197311716
371704860
160173200
160755061
701854511
804431465
381943034
358327610
891775688
875453103
272069325
482103993
398123507
611102644
339835510
905180709
141801804
124964451
244582403
79012802
216681932
638624623
731516550
92453731
111377648
142302064
859274860
379261718
587985995
540385519
75359310
346361554
240439099
215034759
466007077
101587404
193524411
572295525
114566759
889207042
622971077
427518187
25718853
342518315
665979613
412591544
195840283
449137338
499494620
19466273
272691712
153807750
100618621
419252119
558693946
558687091
640188309
67719468
49377412
559552447
945156604
2681316
770341613
351390168
800093792
925707770
241664894
183088747
145095567
238248105
711656298
569506277
10397692
355375360
456041723
789163743
612905769
388998234
426474116
698786103
946461779
410137521
879767096
568519721
267693807
921551559
245742932
821186979
656340811
907319984
461399094
125804942
522918113
555014311
944050437
620289761
657176573
674328683
542424522
740271842
170926649
12751535
304041771
261246515
307809974
703185433
143410058
745243260
963210394
769530202
945781321
251190074
641245350
350591307
613090666
535019082
122914218
201821891
83696360
878542232
679964838
420477913
526747935
237775581
776849009
585851356
46588164
455383380
411324921
835751961
131987170
938577084
846573711
686202273
527859453
933710243
106095750
618520581
260709747
564508373
778141500
500499670
857976583
886810608
961538662
210209020
484559590
172326805
941923643
409031354
497375542
455354681
590632323
663882289
60307003
750448735
486003599
66266189
484397504
721958617
656597268
688026677
333918338
127458433
637543032
7204236
404616361
955043076
822731853
679380421
428923331
504393636
941112142
519187986
100400731
179465167
562501329
639937325
276236918
566639988
101291765
874261358
513459735
2293567
338376418
676632487
347944761
182691422
625895269
777410717
447706644
39829561
134123076
538751129
907911104
90114823
166581331
730518150
249267576
954334425
805592658
529516513
349594951
262543222
980108021
992981905
514242537
71444337
563481557
880841835
187947405
846066272
790029269
917757514
620666851
782335909
174566942
331624771
789082013
960910543
659259474
221924939
329147806
45321135
231673776
389093770
370270559
402361013
611276880
10285908
12883835
831983177
390669749
321902491
761047329
571775250
524666406
250916512
22185544
345394512
162389949
276500424
619209863
745053433
589463311
601640370
249800290
216365560
918084276
125575194
915547879
834956558
941436136
288357031
295074951
583667718
200368707
304273816
30869445
591014251
622711345
111881524
460167455
553195648
867957999
355964227
455396522
468126777
156710185
48891601
257669502
923650428
309439227
443687500
798520594
382759049
602715074
584094371
455857822
630033405
139293479
153904999
484276736
485701685
94738027
177927276
890547039
102312718
26827540
177379611
371406543
220392590
220047066
431171292
722683166
50508425
816332967
66014215
877095432
233499084
146243847
781673512
59655375
869192675
867905691
991897450
525517331
497748636
489836435
912315900
980952642
616274334
848415992
400836039
451720771
468806346
627604786
974465768
458457620
690030723
465417186
353083804
441299237
979330572
677485056
37276911
703603361
878267934
721004332
748012169
566426080
536700859
706998937
222358737
483789558
357619966
94249623
615084060
617795993
102840576
652409943
392798403
612476281
114511638
196426967
755132207
371976597
819211026
979450519
253876820
422903637
841867198
607556593
187064709
768081896
793160041
340374274
80324802
191707618
830628780
288294088
647249396
776744302
741824265
345889820
444251783
909275395
626057254
917046479
94100804
374556722
12520726
356669775
355617043
37620780
72618782
740607522
326787599
782903605
922352848
665300313
884392334
898817413
467127511
325108532
724558881
929144264
519934228
454276839
690629515
17245692
13924821
423376441
787167212
814546487
5160546
616054099
870652014
768621817
752175183
845856810
745919341
902164545
885349714
879320096
410382910
485197423
251939549
149443929
695463114
52552519
13586675
297421195
269354769
165328466
403901753
748431982
309616790
416715733
621330937
515107517
389341167
171780414
226416964
76855112
360631901
589144284
569502561
541070555
32460233
456564682
869955506
558165780
30728422
76496037
919380971
982227787
13467698
587807414
914725620
239361457
677204714
370490298
758813724
638076995
3659016
716503624
154021672
621838745
410644734
256728563
306437308
453936281
147290879
237067665
456515643
574138926
675747581
808494601
518688195
821238625
915694860
710868993
116983696
238898431
182597012
455420893
266692773
192858732
245947494
421673964
734964283
721809375
501990111
381969480
837902802
18850868
412966688
588339967
73196095
644128276
435122611
947663815
130425821
775731668
150127373
416019224
410874901
793660755
619980392
345242044
306480205
204973095
69119219
93486995
323666595
966335720
253506602
519915293
455479982
548238122
449810850
961162939
375891250
988970768
521764279
584627932
951946168
765321397
399164862
437664774
161172237
87407613
735298506
874559917
386116013
968031044
580443171
341252026
88771058
766577786
44545991
473032016
572878338
900705448
115193759
529991187
652690156
408503116
58302884
871567080
765344264
893051394
132859984
524957972
194317425
473959671
571772564
141455052
253967388
565499440
464073055
645553502
394495893
182315617
184069807
219072592
469674588
194559300
707370980
355635550
385892548
912254574
431144234
688902195
503692130
976778832
388284600
475185801
873777009
991773091
931937774
543443052
707018512
527597780
672320508
268120841
954547627
210340533
680242492
912156341
396258479
438988119
87284638
523271616
302504731
398992487
78536123
390562720
716635641
896121165
60316598
458130856
701132134
702667333
485674532
853089689
461907159
443957788
21265841
217538591
85675070
96586763
267678042
262194296
633561664
920630001
938534988
866898112
509995107
915948964
264524963
259334055
514316806
795214638
959377070
946904427
824969936
907872617
386397463
104699642
898242709
997721878
758550158
977655842
931456492
473806918
842310916
4351179
41923248
819230818
806213681
510589839
189074692
462703900
826481270
299671715
171310077
825090340
889709950
381874728
460457497
211638010
880567612
800686676
