328701089
488313842
986967113
50758566
589297069
5090857
68452680
512478890
357008168
351232403
21823432
974652528
711517937
794643380
440391610
248557027
460518228
628111075
234869063
23415776
464961937
437421724
299491815
875499997
684803409
179167476
669463709
163934064
625789404
33230569
514979087
796732150
947766375
143662916
155592414
253375423
531214946
132215891
145773625
966246483
866371138
65431429
390555470
481013269
602131244
920430047
644655873
290206921
795977992
975791413
646562541
449042782
233461418
824911861
354203998
891279363
188822027
111467115
365955156
410129592
335627147
904518614
886689484
323777598
836253315
225091281
26886153
567855020
639050966
187016186
717342080
328302337
482337449
268622579
157044636
399530507
46866254
818478544
273368752
764373360
534511602
379256787
367956071
649997990
386668027
65936305
563270731
122854513
789458917
264313049
64553396
419747830
766260733
735644031
630619335
961852522
178741944
66777871
644759953
377039963
893543894
76800852
651155953
608961805
258449332
318260203
966705331
964838838
667867224
954673489
844413108
370343481
838098362
601581794
875617988
956370358
536562543
236691493
937109569
770317010
661820549
904031638
778396102
374737917
122462789
297594250
562041602
746693417
638003242
195192112
220788563
980088382
173718591
896328788
870829465
457710749
728100833
758994265
391548658
68407823
99230972
598431891
454987288
834785426
419899939
694209914
581649467
164678939
860026041
674248975
425289979
942050449
129668300
874442941
715219413
989512255
298404749
276418036
486499015
960855081
756218600
220011914
326835595
472675111
733884926
864324725
196624889
941769572
730752328
417907239
228269525
777568276
845142834
868701746
671086037
63388657
449044349
943610675
954837976
428252874
715944782
397362663
886667374
963754265
769902132
278738112
850420081
299275648
181109374
881317208
159305999
451682797
272495250
430693575
312189222
879219057
271596295
982312175
100900499
555575213
497585024
639879893
433926609
442118802
445979450
647721702
96907615
260966553
203356904
651830755
540467905
354794073
321580058
58246140
244910298
358855937
333344539
363081328
702772978
455146813
13904643
897349240
760660198
849435118
258601239
776586726
505073026
414449258
556512524
791866979
791792361
466732173
842710175
399262762
930667849
76064889
963436052
444548571
517774815
122180429
181830496
589453528
95918744
529278618
340849303
804511925
130102738
214249109
185783277
953333283
545874517
908514965
279539196
645753684
541670570
600235783
879219694
584491490
183517563
669392722
142648675
682458356
704454028
411489923
860038393
73735732
512083897
922317294
127578290
168845409
395419883
888795967
845306512
580592549
273316317
424451113
801430495
231381580
508585815
454089313
646483988
290823917
228665981
603179239
245992462
883277394
187192976
196956490
857592191
330432066
196845194
378944562
261031007
848382091
979531752
499372139
884999499
684428819
669240223
267113571
292428028
207785442
86670818
16937867
557913399
657078549
63208453
698946646
372437367
117219456
798805286
647838113
75905675
729428249
22908734
851824757
453792374
101274788
165497461
976760998
886542754
315127406
64725103
797146223
972000214
16475321
627764959
996924419
601060795
773944176
539451612
117001676
562141355
241472243
161661284
438698545
204153098
211728113
45265839
588913911
820068941
488246329
824519122
740372734
531626778
549007079
303038887
531602757
825473357
127706995
45579764
783724710
518931357
692479224
380570816
977300621
143060339
289524594
44937652
541438078
29313589
66284032
97885851
598493190
577767843
681803609
85696758
834433430
567766964
584210188
647671659
242064261
56008949
576583549
156692057
398296424
490608282
324352367
265519444
422993134
713436432
96162202
171451062
473353800
728364411
755726900
598070317
869662130
860901426
184360662
295638205
914628503
166790461
503827759
559600321
753784908
390360478
226025932
162604891
849823168
463310321
468605456
963835791
241263168
480035335
803515502
727715761
942347807
535787166
982274390
486692338
818707970
24005149
621944516
828001644
933151386
894832968
624532050
870128777
822040941
83733292
216034626
973532002
383406301
288571982
733043154
75273800
552181188
16983227
402907147
7935946
264582350
161747475
415696275
959682812
244830976
132326409
930187893
993318464
924848907
28011139
655722508
333874963
878627035
697668323
476930233
890623353
544845943
675826113
626448934
858951938
765828426
355897153
340563949
766089875
247275694
495073452
580429489
952691185
746992179
728241702
175534572
925364580
132880018
974338443
222109988
656960494
608308872
662261702
583170668
800824977
964645074
631213585
945279869
794029801
428010782
882159661
94904967
685737977
811641747
842419799
530427855
876355073
390534292
543955207
242107518
908685195
821183525
649606398
712407118
749757523
551896918
977496706
246326284
196607204
852476565
730357927
200994945
904288590
475558335
819969737
282314481
882584239
92655445
825623956
894306863
134614841
410617283
546534146
338079093
365116032
400168484
894691511
141049437
904572378
197813846
299179497
534830288
588924809
732230924
313424791
835776968
958702472
949854583
833413144
248928058
987148366
384887300
748672664
941553235
697652854
681164716
190616375
210179642
991672008
560105318
647843614
783699628
564910335
649648343
107492676
498067912
274649378
311527305
347291086
349589038
657205406
836447269
341753905
998793356
553297067
195527639
612070134
172057666
162133543
984192768
323612007
932729655
259242300
576695897
907158495
749727540
661944618
604980910
640426238
683951314
209552109
684511869
149377427
344467059
549970231
515479868
969919952
939276465
624738247
815356878
561127589
647175167
602563497
483824105
591722651
150701097
43133394
749879306
388256167
502125214
69094582
18558709
48046098
7479240
236493311
715113958
524457328
988214436
742489847
357765135
836123293
669668466
671101066
663339770
140036929
972693535
687069841
997286844
448823125
37817199
225607686
672793667
547319417
346776664
423065178
676436838
330166158
775418193
984973245
756457397
706594145
912065310
216724743
138301023
614856732
190993399
636465770
141898187
107973747
834856271
991022539
981705514
196786617
266973112
979233583
891459121
976074099
939223725
343787176
619029114
463631255
45846548
301056180
350438968
276517528
396300913
471239290
701269432
584414060
560056471
384947800
749039133
3241190
986032448
651170988
924057981
452943723
532800043
48483038
949043528
336227765
545171653
889313097
613966853
46794658
243902170
476007050
280346304
367543079
531606055
700362737
390942431
431631017
365944131
292826142
660747597
611009130
866285774
861783493
218555818
719754107
935196336
557484126
547917274
449908471
241983405
978464323
210754168
615802123
55175602
438515398
443274056
890740687
394743646
282801349
918459600
156533450
687089326
303644309
32615358
920293862
190892985
333726353
52808004
859693733
994005368
317408116
637297058
693206306
990423390
313048851
586657948
671016548
829927218
229289420
401031427
987687526
341395822
164058381
804811252
265437845
265252882
664544180
312367477
93090657
257088681
500201742
36887370
83142782
374366540
504214146
923919802
562641465
829168134
298261955
528861121
601469983
504676121
688223540
455903102
924575288
341167265
517547860
625378732
742126750
851857449
772257506
60813468
165454225
881769920
930772073
815137627
523030944
498833055
767177511
655040980
526348804
21358876
959717345
602605051
493803625
280520745
554154275
318839765
486209243
389129047
24016482
841848413
531665263
700428297
799561442
483011404
653172280
708155278
880235963
924270578
747705020
39165448
570240725
241233207
484831173
439388273
871433143
201372860
443594466
689076517
400888858
63808409
61990622
643220973
2512317
580111107
544958775
85618488
962099476
644054542
787012989
198708095
139169488
352997703
827840966
930409092
529148204
465025927
82208477
447760669
161965347
814875665
618597091
842906932
907335959
487183355
451118149
718484138
117773878
54415351
409087601
352781414
875245298
797132724
988240187
960208072
779857790
888444288
697915980
219450335
938052628
567553791
746055801
236181420
137257589
548996924
899995958
217243022
413392239
554422079
910240068
406407216
119164382
995833795
527111170
586013191
445211316
219083689
735885013
515328960
128992958
826474635
967844609
907684124
234966941
434231574
323462796
342036762
364757514
867632893
150551302
640703914
767109945
862758141
509708040
594411554
68819864
382415671
705649342
358339034
587187396
233875126
305091899
563351798
144175281
2680385
233617031
879411501
270021554
402226996
514996755
560774100
152559275
182587019
90457376
111577992
599709181
838371675
1214479
703026014
225534128
557959196
852485507
545759345
403870776
269536153
639297269
256406240
486125755
932699614
517193326
62795645
513434345
377545978
928141563
895117830
521382736
404492810
763508843
232286556
200614542
444051293
72015208
962530516
352636137
589777201
488144639
584522926
772300764
398130047
994702372
230448188
381201191
2623328
132804906
29228199
381389618
759332553
159481021
874639126
363383114
977210790
393285745
337321938
885033668
452201110
47339755
775013295
254445454
195339545
590195255
195216370
74862831
768927922
502411471
781482833
485943988
889954989
193123207
814093574
781391513
54774343
484105474
87995708
937997241
286745138
681594452
510811016
244741072
898913363
513728212
762050182
245011788
888869715
868903440
223403751
50765548
734693268
77496848
900435026
542437446
713131343
330077471
576961219
807934790
799486001
155585356
612273268
500211856
351322071
543284210
491434627
566209345
345387446
93247613
308608771
493105315
305290037
399324696
598288530
770606656
536528737
530272223
355532089
681611331
828145072
950204580
185993115
900024481
279007720
730717285
751250718
812458140
292688179
271656128
68260170
724696870
907144254
