438544694
318526087
532337715
945770522
136622768
510471628
409952775
9114788
603444395
99202405
532742791
669104455
279720781
565878553
673922743
683498171
465797188
828785475
267294764
174702298
489509897
129523788
891847194
356306587
981459545
26019799
749049034
519420178
27854162
331220649
899252130
447988553
448791411
310968801
448651787
189577574
405419942
122700312
741277061
779221208
558020307
432682550
573936198
470055511
407312500
959268602
145628772
170672664
419031000
808086999
886966757
469954940
927113119
839267954
914370127
309020906
426678892
176031127
964310975
110602969
761422592
890532595
981260625
272223745
199950273
84754237
220313043
968751979
117226766
484345169
278078229
343096876
87508414
488073555
616681989
56827347
555587588
421791682
948994086
22190942
880391025
578376369
100389177
219767161
444253891
429297189
520875433
609523456
396598672
139630881
762898680
229388814
158389335
630674092
17798615
667487710
451421924
301712452
270105238
322558262
738955559
176876792
53445897
934685830
530008770
543869880
382446526
439039563
222585964
857542780
753433316
4887210
227037040
942120032
230211942
183046223
790143417
761493463
827969853
770653082
563878802
610789585
572153306
977595884
721446487
48689414
184707540
456834321
470274939
949194278
605405422
253875136
151686443
626435823
283235382
703514233
524930471
165703346
689758390
900384009
46850663
81835870
386937492
539055891
386197563
758011470
2351773
216269301
400462149
834752391
877344292
689928460
473742598
499452154
758679458
128165973
604723484
75850012
213239342
481319355
359162339
925612204
968764622
273391685
252137358
499558179
853200765
600601215
658884650
526697708
658115750
624440071
71735072
927585842
723802418
482042932
223852093
33097415
591398320
963435016
46337640
968438238
56372171
635522547
71849985
915476961
780132536
652234288
867756363
155069409
98790748
449080459
952464002
208439035
541221670
121238458
113071246
113545807
286918533
886639383
904810704
401750557
557384650
873764439
176636641
252904220
618193387
546156754
775649734
276636526
904313878
571626069
484451690
249804325
434981714
390724100
869240032
333242075
201541699
336660396
719425642
200966477
732844850
503815240
427906959
209035290
671976067
863296036
386364172
602563960
368971686
110306286
746178880
704758936
58624311
644587082
411053587
182607730
458885906
818945764
297283573
233975781
876584552
591119837
250755529
527164678
964628768
702659676
773457319
150497569
251998424
779829170
912004106
950258136
167213741
703844226
668905705
53569409
445857480
967601349
580928152
754897350
159792582
173085774
907664839
794007591
825447187
779692752
191180013
790394631
979670511
686632301
874356168
382595934
39376822
485449860
324381924
141725012
253059711
900742279
244406521
969316389
89838716
235866602
350565535
589142515
198302179
795920743
537545195
354780083
975681375
357484178
736750249
491284555
238017612
542386221
74183199
703498778
683454997
456747936
701717490
184936015
511479662
983062687
170827057
565366122
905473000
529408172
910881313
681763880
379462302
527180692
800509697
545115199
723194827
611611761
665058633
923925978
822520237
318522324
595705412
29526443
242147557
836399929
814713254
622186333
949882051
383071612
144578322
496990599
411266660
620883145
458270014
796311773
199024789
59470506
457836726
106776028
65039545
785199412
683669513
668894005
885039429
855781314
975317779
448500682
556974480
191635049
768089726
626405849
877327586
150257219
880978539
364932673
861042522
672191046
942788456
675079732
168349432
548640723
615484069
522401387
384829850
413890713
270497219
758579156
68910678
4197923
346090410
663724321
153775034
558282605
858886432
37320824
634852809
926811406
144487013
386366241
861082148
366212571
65211852
758247001
614981885
518172471
619663011
261009440
739904604
93337341
935269249
526833741
116682048
782756993
938426594
516398821
169715342
161268125
284064155
471148715
585284094
216738622
379590004
552776556
845544638
104365405
472630815
319044981
291370786
843657714
730079862
934231115
527704033
556422215
813997583
802136859
483428870
857237067
907419501
866657377
794227700
9487778
18674552
975573336
68928673
819256667
547042273
371018040
619856009
342487611
867605480
473584684
642747250
673338296
801082145
644343525
986622566
512435295
912702362
510616480
45541656
300618030
969638653
896246888
363257477
1038134
999129707
560259832
968759408
136289734
32969951
312478274
253848622
417406776
676921013
575796316
198064070
404016667
483847882
26287971
557323130
101612775
699188970
948883173
976052232
256495177
291483864
854365735
755340068
169654058
815514292
970993573
944534704
396803021
821115721
493609670
39849124
122427662
612315858
67890539
820126959
986782439
402258630
483566275
309517659
555127205
219736062
225340474
996417282
225285829
446279454
582605899
28587413
886414390
953293348
943928880
601429058
20755479
920194654
106762300
709554268
144763972
804919763
799105350
320775441
61976377
367943569
857045599
596291054
183311343
535947191
75636407
791700807
415957343
206161010
570540690
699354143
215622695
639365514
420925027
36759115
66143390
857948452
530054238
723374602
232908393
942406160
58120313
443509672
877186840
892180610
19093644
202233007
505553558
358336269
675362987
181862676
603153279
162790833
247541282
187183636
362690461
629049419
813105938
689338637
370643046
790905090
612630068
680253380
382752658
244574736
385806363
381389964
499269627
70003184
643410878
286815518
274865524
75730747
87867047
119570216
309823256
413535927
719104212
291130732
516853546
873403399
286147249
57621073
530798022
388678013
96200864
52831861
391824232
233741390
674068652
437093970
44842513
840715600
352731555
442003302
329776091
377866931
60757014
632612103
506374247
637703679
702963378
435550373
714925390
388547468
906997151
527422531
74923786
127971066
877360378
949154533
909945205
521975206
172485090
497239646
504757840
555008994
149455357
994074643
148373872
332974501
989565730
265528236
395934531
206316908
241973005
434149923
722999191
645863744
789794123
931956323
352778912
86492109
784756484
879149866
170440021
850596875
342695682
142250554
481680860
568778332
977908074
263853166
356381011
724914118
527148763
522867306
668230509
855491908
937245461
774767096
228411574
66682369
484238231
173399745
648137947
437435141
39615842
508608482
146574463
472847227
804423338
429060041
338176941
945404053
596375620
823453096
737218721
293335222
326799624
654160963
212313311
7204802
512393783
579595539
355066426
725712564
909147224
671020411
679168143
719105697
765919412
867507282
708618281
15027027
703544749
286096543
602253876
611356738
231011918
733004878
810981033
834087199
995676090
8833633
764354992
548848033
925676223
410976956
128538497
703695666
785648583
374895287
528692283
283084497
562453784
221206772
554288585
904642690
818333318
922425381
528287916
368595429
829440337
427468764
706927814
936916055
720441758
323149914
241859304
310279077
221199219
125861982
62323304
593794745
843179929
378226111
11528711
503560149
815240546
806218392
800036340
498170267
542481914
975472475
933457112
391024125
338814998
425533784
452573241
482337977
731807957
697611184
793023419
308586535
204716962
442385604
4646861
568207326
301905818
827438935
828406273
602526308
169117652
818259419
482496447
659786601
312571982
934897537
439904566
184227672
209678060
50728435
89402144
12114925
122389041
30117648
826113513
853967860
494011650
315903688
598101056
294907973
870576671
759521326
578471119
523588033
332838562
753736767
389077782
400794325
373579249
443321384
201654331
987801609
977812117
197510031
329052615
724222493
492976028
273670511
78452142
403917460
985629217
268345569
272659916
681079521
608209040
780908493
186197494
174599314
616272089
150679000
74195675
986002128
229337878
533498300
731949635
409596324
239788300
958908412
326948039
558835214
545819754
39110241
810648422
766356675
849074102
101600534
34302807
924879008
701065032
101891019
360991832
220341138
237451545
194183596
309278755
602231102
486861410
897391596
915378992
551930067
567539272
214478468
784522234
222900249
369125708
215652202
758463730
444313816
465560395
919456289
484434193
534067615
946722471
519616927
858097704
946518975
457697145
506303239
832005417
506608505
746605686
261318485
473534280
514381069
789687166
853854535
748550582
35154282
224219545
129718533
922734913
342396702
43529420
775017970
991295940
331341286
254588005
587748172
397230966
633421900
343136802
589988989
459318613
781608741
617456825
826924216
273618666
717834617
336085890
362759778
144533956
980558169
65386179
408770486
805324379
306220787
740944186
270141164
433213081
515271172
467101618
723309448
220094271
335841861
996721375
142037491
490538194
171704500
528320986
526756418
691930969
869948972
109072273
198583516
163471703
156616697
801999870
691925537
896924243
962762949
580235869
30715965
699068390
861459765
985184575
942176742
277010523
634758932
969693589
685075152
590397098
984446840
154535091
881959793
166320282
619827353
369894717
123476751
784887365
475419333
336386021
101914165
189513630
809329471
670828807
274584983
871485896
866802661
245298783
648707682
504220916
49018648
373216919
470450130
935035301
436385652
24241057
358634505
350657285
54544632
865026967
855779261
202010909
843245833
936359318
707484128
715413880
227112478
32263234
543644348
786721978
678523119
907038171
421504909
626376928
478321703
841202334
889738918
190630957
710599591
70690846
410207860
389460149
320985907
180854236
541378449
611229920
684084959
946924490
729934628
595586296
11260212
772819465
730342733
610392365
480606758
899903254
346267796
872970152
963344678
559171102
644373417
834539427
701654433
861985703
825697795
141980476
951712008
844073200
456713597
595183317
134502137
168003547
640057692
983853784
454819106
466319111
881025001
662391597
394980868
96254208
31328920
280187986
