771630123
646233486
905520821
276976277
6939508
450664754
601306056
716973847
390648523
451278540
580800876
526103178
914304615
887002404
695042180
934420302
347156120
287044355
435913426
20867309
988725437
991011907
906882728
122883646
426439591
855735727
372677484
662751826
558050792
245104758
916973691
493459645
475814004
961570354
393250089
355075445
716940957
3934149
815444639
407652547
162949900
89041540
886729092
175285379
898516368
261785454
918734937
221044303
722418923
530633623
676983042
544178300
247280039
431048745
356874462
780618215
739350756
782637175
850536684
151203780
77987269
938554229
158923054
145543764
534304847
87341230
50289174
952734260
493752314
339966735
217479344
343221971
471599714
28260878
857917407
899683896
104282814
731597349
224367277
164654137
937000789
151633180
940332902
27417169
568121715
372795391
246179606
44765259
604695892
612631873
615724688
934303781
153397463
664240859
329665277
224395670
930118484
741185328
640980530
811175137
211496279
966000675
727291987
382452187
313154278
333761071
72578586
219019160
573131336
457190564
676335400
7753407
558269897
685882547
214202990
926354088
998221325
131505885
577422048
161509456
841161623
5523915
348038368
881120440
724242046
283175562
189824507
807358853
698595599
633521736
969565411
363097484
90616818
413192139
953157856
971000112
424341191
557880714
714262889
234360643
300216804
27160445
471633921
147505327
936296471
607971280
376033883
467514914
450037869
403311188
226174344
798612599
163763280
479471074
970013512
205972364
617962306
846171546
658210140
29978716
143936564
265219732
520423559
939609598
487625152
313237915
917136588
145077758
732724690
243202876
502012896
440340610
417242994
343061404
861292650
814001177
533889992
200533040
944823967
116270765
907141677
722309591
357320984
295284411
407347392
170952811
199334204
611145743
443178625
747185491
353037805
578169644
899670572
684284173
90424079
34997072
506736885
532024321
659880174
623058556
690834691
230956125
734790222
206834992
901298291
785833732
381369605
820701874
618178422
156012334
672082370
417429266
901347577
541939375
122837037
421626971
907898746
225139148
532262206
316672340
113903711
305990844
701899131
985539198
890165070
923843251
540670036
732958819
252637325
826295578
307264292
1865671
540652864
321765411
425436073
676185552
987519368
150485991
393986119
621513659
789583204
378632328
992967320
287166290
75103120
935608538
676822065
357731197
561447135
668797107
127098324
281597736
999762114
343207834
509154845
384843846
529056992
749251023
316669921
977455038
245163695
648410784
568064549
791882842
848748040
670216699
876776400
579582166
116503301
446651484
434107602
757412755
831153028
910748545
527089134
735271381
313023523
414732841
910436077
954556530
247021185
182938839
171511683
583840217
699197253
25666556
2103555
197445030
812610565
40592226
147128559
238268344
833816068
416531079
376349963
141172420
810567778
201084477
438418248
404886420
58832137
97239899
241227895
114795651
234689504
369685568
450444707
89013568
816118698
773883462
71820322
114324151
838814944
362113389
730433853
62224856
476899100
984224331
92685589
823081484
668113144
679331369
766971599
75911075
299522925
195839257
923596685
414621948
534398582
385916714
924703602
111939046
976314591
505549657
895724392
149781285
941710942
56716032
349150712
329511685
575221847
913089985
381326331
38727102
968771902
32804408
399453398
471702678
686097224
314125107
664273318
826343445
108398888
615336763
736773274
379500767
330268299
165316820
815272725
38850246
446088881
35822758
554614985
430201983
849179859
959881275
138009559
333265287
466388995
580652568
120513912
420183067
635073619
763173902
247859636
755023157
298005038
728244497
107139171
266718516
796385858
451894006
728524723
220273474
721643395
98360156
3540158
360977827
768776381
516223625
819512985
776394121
241443306
310300465
883422803
539399089
358475000
951124347
189547241
8890627
894794847
66188110
5313682
105444655
193611195
244090250
191269826
345224984
367477126
981750116
81495728
602023800
58177649
548554208
242464387
994194873
307298033
334341511
708558586
750819703
956341117
777031730
564488905
950165369
761139582
344119789
178739761
324773153
879751098
708460546
396548156
346880690
538697255
98248544
371923668
730197747
446580324
623080067
26662278
477553144
907090329
658315172
993500700
787026263
434727897
217489184
718216472
692889097
67836077
889227928
232101055
24133488
242565760
438727537
52549509
117763117
501699204
55148312
344305072
849491404
65350489
866496671
465473885
659016579
585201959
734615037
63326544
959929103
176630540
512266639
547614549
684217964
307679232
231005442
843729373
298025944
783531029
777462640
515437471
543650397
625903315
485850663
256937075
990523168
476359490
372414667
104314929
99969718
45699034
254160550
228498542
391432011
278774995
177170873
412202655
40593657
192841287
334484120
201824304
700112858
154162640
758287367
516258557
555569437
341613379
547883089
716454255
11560318
594998163
754523563
334232087
724236563
539710839
800654673
223588088
579499825
609559596
474950715
182657088
212787291
630300108
963356825
914230069
922469988
283768096
156182538
405442969
130508358
818802785
803135715
105184657
449046908
575638336
815324612
389487757
867615947
969592105
701367637
648909789
928476399
655960411
92754611
504971554
291175470
919928462
504261978
851721170
478120321
953582784
832702829
431034059
717890570
151827031
989037011
69812750
190805814
844057297
593788567
271801340
185430840
142440120
585945896
192757531
791862446
649338906
885185177
148598227
724386226
411166915
355972140
609907718
908191957
826040925
254180688
556826879
537545496
458385270
623054599
2541525
779506117
304461366
927322647
176925573
986099955
372101655
387294085
297219876
586601324
745511862
198681943
23558649
375803537
429566296
463478948
786036279
70014514
899997079
713109106
641836562
34743285
355663751
127334943
66953405
597610643
222795110
522842101
891849644
897646342
432210131
532267253
732420542
221002698
591247041
492295222
880969473
215117472
409020322
206657575
419760790
262044820
587965300
561996902
978874363
212484972
332413491
234104181
478625661
362561976
468144408
486812364
637548416
745276162
981218035
967798239
423842366
177126422
860369241
579314929
763304844
849259553
495444440
399573533
154391192
213244608
466261400
802555949
784556494
937271073
582509474
570918806
660994191
693339503
293348316
379791742
446777983
793666848
148460579
854468431
265197152
988690928
44216439
529287668
429501934
945397766
894718836
987144378
239784662
623448801
68452855
703843050
354748229
829705392
443352729
570501235
766600378
188391766
407605709
765629754
746223571
529857540
449547685
541354587
780052500
897225600
825818172
944208911
451927846
601426292
521020255
630175517
28665843
5900810
314117776
774613915
805043114
966156771
970071598
208993425
318525771
479117020
562771286
161107693
868818217
878666423
216170576
831288797
249986774
722847079
613191362
258386216
386061138
382830824
108244860
735339610
539143242
502861851
749235166
532276332
119579594
950509923
535216531
638358368
102428545
438277337
675177206
348847419
515587615
668738813
765458120
800443606
218320167
198612284
447103982
267106550
967086252
288439992
672536368
901386076
681055023
994529373
694222136
729080765
988234929
262634038
244114379
645835018
897655948
578778164
235470673
302181262
216921605
437795265
89413830
368015846
943900487
924412917
58679147
430540880
203489216
867323155
315701181
581247959
957388958
812747755
40066049
187448853
935726840
841138308
768253357
250703249
830325482
847849088
851221307
125050219
256287786
806135765
650123438
839794505
194162957
29342188
451191470
936809450
433268139
463276857
583522001
780524900
109198453
79088135
323206061
42673335
229760845
241995487
697896860
813731866
678828191
112974177
771691805
175487174
222567989
56665525
710108176
56517639
810524806
984767422
471855779
369072515
586573957
964363610
111728059
137764722
274289478
218884640
236377923
174147027
416131685
378891730
147979820
494112101
229225753
259541147
78250399
856638704
517932247
725580021
20942404
588329995
149952228
37489440
446222027
143313609
34443959
474636264
617226516
137497431
319234010
394673830
126284643
448500715
991421076
214449486
193950943
144834842
967360074
185441339
768383855
10876204
5617564
523749832
397600181
299936461
964994355
277579704
946261419
963026840
978415124
853469470
538585391
84944784
963825018
883525783
219120286
549084516
518141583
968414449
103320762
799653213
601658123
98880491
854913016
21457855
252607086
699479103
502691023
14776267
65590204
933415556
889278629
332490907
957196165
10066200
582712431
626202395
639889258
146285565
178319252
756864254
528374843
654199674
159082305
465764538
856088438
41339859
484675696
107895293
995329198
644866426
626693258
998945624
82120576
968730641
409218080
906737071
668836814
376142326
47329374
265515252
774888679
931485151
897436636
44999568
964190840
206094483
127748618
953758818
300813352
592917890
909195256
371856017
790095196
346456507
271278369
947458447
939798184
389148477
165369416
211267227
214803406
394795730
19447068
420723777
306722298
890333003
250370331
988465523
600848118
675975358
957365579
263746932
98956191
912803999
981975573
596889691
756763037
114082737
501573696
649993954
913591240
530916876
807081940
402411307
735671168
254837240
208850428
735664067
697452271
461759631
966938886
279688337
210772910
836062146
50711845
380092949
912038083
476712859
738277269
73857836
955724151
139283094
352910699
624837992
635552310
645448324
272899825
877291196
364480932
674388677
190695410
825715446
887574779
515375460
297675986
683886529
587713788
617035759
685052607
51885057
681482575
514706262
291013251
139088487
709036470
677677242
52974022
262894044
862092153
601882624
684851606
280050177
375805466
427715860
