554348168
200514770
986055451
141791016
938807506
212652230
66589534
615326424
249216330
737436566
217231227
912070920
141249488
905563019
675165107
479738016
177709478
952180050
830258501
605119683
112504981
993472578
657366324
442715726
568508929
154559941
710068188
220402038
604524486
636640170
9359244
143312174
922007911
219420943
205081263
636414747
354475952
48369149
964680677
212581111
776249579
134176348
253776192
528126014
774166013
842284224
947046684
73146933
779935080
267180879
896940177
579037923
386468047
398048139
340986848
560875588
543148444
543339725
573282085
784247565
502584040
846187494
10801937
612576159
728077321
73919052
990063007
921828544
700481755
38750360
125262063
129340329
987499372
617677389
828870103
978328632
739696386
129240310
668549711
726224703
207513255
636921254
440466957
337343607
739699991
430321320
756844126
523959771
878434093
644205674
93266302
811136226
475087062
180433112
709997070
930062083
123374410
641200031
800048691
700246960
852221216
25218139
372665176
741184719
141918816
767599847
591538549
768790656
569178035
362658215
821179200
413908134
874790012
847057381
576734309
865662785
405720537
673458329
872876166
297756001
317074925
466103235
43394451
56276081
945484056
314125835
654253266
807066260
907680318
898808018
854954221
98496355
329191617
968302749
874003486
182295116
264256077
699282236
195424791
972100143
838782770
988053469
954781735
515775878
823026472
679358167
936346212
628029680
603698801
844334283
524341546
449916080
768323864
502292690
383172035
386117980
981823687
316389095
795700662
827792979
113346581
784472288
861110336
670370015
507703992
722682845
84716516
906487262
973053893
394439193
601406707
706438299
478033537
900776022
458973230
329021454
511321499
527618571
233249607
266125889
377779621
26223586
203367458
63346034
374466472
405038140
330172489
826898926
585130713
487885506
200471427
947866981
903581573
367631810
858753561
54310481
126943132
284411719
8071886
100343627
594641650
29858950
654975785
209259608
242927576
817903245
971882542
867547841
43319459
54150581
874796479
454205116
83139487
529574772
450013357
87122994
581104829
797764301
295903543
102665851
392510355
257817588
321356548
485168386
193967766
653539725
802856725
110401726
42022460
404662748
202078321
226909780
519546684
132905980
671484237
347920671
371247799
994107848
820418457
556563226
433155597
462624647
783579466
530980132
613089026
746266309
864727493
374006800
917618452
771630567
473205651
329178829
988508175
905406034
707833270
336824062
708502400
169807398
15291842
589387850
15046519
861480815
825525381
638656710
852072258
647886699
934658430
950233505
858090534
102092686
715875194
586996979
977345843
739340316
669510252
929885707
474238120
790376415
872079359
447701455
788812230
428849925
192783273
270391892
931457095
872899490
238401604
614140649
425072708
334660175
639418269
201440401
978816006
231030607
541516706
571674781
637099265
144922756
678907872
965202325
811607878
914493986
515916264
815525766
55755373
886208670
351832985
249167858
235895781
777947562
862585940
918125984
297728037
567590386
800575618
586196593
668697542
555133489
707199614
979172766
409485094
320517780
525160797
523430358
462674415
514434792
608180972
746315235
197823609
97835470
292786442
329315364
111468542
906877032
636093576
874318242
912933659
377257505
214636518
45248425
521066505
989233744
378244868
647125145
472074234
721292284
903712362
411225619
430454987
955320112
902977238
81965776
437723140
699735105
555717230
491090097
389333189
992485905
352851351
541320579
278027698
605517748
51344249
138060310
485161120
533270575
806657441
390851003
931496809
926257375
673262932
291440036
340496970
661951189
458106261
420251349
942272911
878035650
51356124
741382130
610722429
196955352
315860248
242503496
194858231
210820665
891592222
411733436
351159801
145003478
484985052
920447753
24406154
673315938
767220725
915548755
937889494
240184557
161964025
938803657
914634841
512861358
479728809
504197611
282057179
611537201
741468804
775771950
241628843
135465881
548817185
511297538
941129780
611469220
930598149
81072345
289657500
808840752
943202078
274340454
641678352
394924004
39691201
786493330
441272322
752815177
267033881
667181030
894730462
542557505
482361853
702088353
716071625
112552466
826747287
97861070
717226541
811662635
960446315
583321028
469351859
115820271
170104592
215693920
596186292
973687513
979317972
412936933
742717788
686148380
625891254
129048742
296982478
887623569
297125305
519710837
473170156
693235477
62925289
529242001
344503320
74287774
881041487
699071337
653104026
846728830
795225911
828577314
784721931
832737078
363845803
477994864
848394435
359881049
804988593
525858080
224819411
823997280
190307038
467584807
773497204
854096947
924463240
208582082
916666249
353313111
405105875
828448054
815427159
307036449
624690912
23991063
748737345
431204314
238817708
395064085
234778783
471033254
562589893
749457460
178461601
150740658
628215000
909980709
322302576
147896389
280654305
937101427
82634976
771267224
294891425
649172875
502928439
595340480
755744795
490406371
149824532
672459405
782405086
299790915
441622955
966777856
13150154
477685481
208046165
339854739
729257517
417190121
121063341
409924507
291079297
753786156
261407386
440849577
289123205
622756546
225881946
14482531
886279504
768769859
72658805
468004447
745813077
44159935
12145024
975518036
521062623
153396865
675459517
748411335
245239552
562319376
688628166
262798977
307834505
211683744
137590504
150529518
701934543
982447836
418638871
863464183
816038086
672710467
480187927
541105267
387765488
62078861
306217274
132988249
264524425
135342000
786179900
13635226
227132110
973618506
220964778
968990217
465540457
232528128
818792114
575860652
741730603
372652004
164684954
728759919
65157989
998608407
133015071
77439461
485166041
75352427
312547987
903831666
350130988
209194620
651966360
73102610
563972007
471039755
587752547
458983761
847179589
542471267
483886910
109897551
776139475
674992939
35666867
334215997
990718964
168600285
684989060
469406414
163655721
842778217
121733579
443386081
508025512
751428006
475947277
389157079
929063789
228777813
647822206
189171997
822794012
882348232
663504237
17937489
321652146
147862168
405018209
994500700
644775580
359808353
728681061
199259336
888765093
54787402
952620442
390165049
962941540
798799073
86720495
316565756
390363366
843141571
740175945
507352769
87461041
208580278
565077096
812543999
995092477
198595467
529919971
618401775
894649059
294714913
287103538
893791242
11488702
17729378
12563850
842856796
763582075
690488359
824630833
803847366
114097156
922474242
554620986
453238109
798807562
85782228
426215538
130264715
142057318
331256450
798808629
979652440
142172287
156151467
930476447
113071868
582785071
592474208
999408222
446180112
829888381
110279286
304610275
594050180
767683863
58829200
378676347
945212162
786235222
243863697
552983679
699875006
18510737
936328577
393255613
164986797
653959290
111838986
13736437
909310248
772379927
399655255
476344457
563392608
495906282
307451096
751618954
855337233
87252930
899491981
260071725
171107866
691080135
378450720
973958984
3817869
617863967
960570805
685554245
739978361
707105880
481003375
344029492
898193619
778272769
98933623
961141703
205843708
762895853
765489649
459112576
470946084
578737771
90097973
673800184
430233125
633934827
741217665
98143897
460232767
307210245
523339112
857959231
886743240
983791971
381875813
8794870
640060015
962369591
389437743
547122829
693388484
426284740
273758074
202204368
291376552
55625763
578150837
785119837
396972659
346309392
545775246
92441379
321763279
440379405
789125639
592370093
600982162
704650535
543725859
369883041
876646300
862426907
225321478
432768116
183766767
623044142
457286250
914401646
396396956
90138752
321081687
243474116
373458109
218366820
765724091
44661344
304979697
887893604
382423631
374607361
55783990
956097827
701171237
113923374
761434997
430897732
536195952
446363834
194666331
789505719
407812707
935409478
418643731
19554702
670476527
830961575
200963262
840989956
18437601
668332408
598339511
663749189
388722881
306833906
25227705
302301129
718983269
103396459
674655312
744464295
287390395
713088557
322226904
169118497
314099050
920548472
161255670
111398103
671333117
752869033
86848190
10922416
719735315
606891235
682326044
385672207
824830383
353903407
547890291
934762515
843698080
463989740
869456002
714091221
776267848
392034799
567374945
394337330
88695669
459133868
711914462
432799492
771708521
450202034
502115323
694724149
613182574
249525233
705455650
749928054
669705905
89565158
169656838
265568566
581484218
587417095
944013873
781831644
624507861
639555496
477470745
365079862
555506167
739892796
900766214
823400654
843632553
608135681
392850647
922064250
353173526
766918338
22702434
212199249
40954570
654048696
239213893
269533280
104775912
987601893
772489632
575305149
648447755
797962235
265056609
754132921
294332902
603887436
132607003
188850753
448020925
785543300
769829467
449140172
981663122
346834600
877293324
31815724
549435819
678714668
851091594
5046893
856674585
783391399
396754528
902787565
66862724
957457587
224613996
927435520
348203201
674480592
677055731
636905966
867065863
902165594
716632105
757543930
474836186
146633292
529067752
239745117
475528677
203999894
474043325
567630225
997088869
573562260
230536126
694119969
776755371
207398169
720097460
426061243
136510298
767442738
718630563
865056355
401207706
362269043
687270197
336875313
379273440
205171482
840647550
773540331
108487568
132923501
582074307
79497527
630202493
119749393
556979536
402802526
149646915
611346477
529518214
652674690
309348074
829124302
905698695
493300462
726921461
530494025
150680149
140805032
954383131
250994488
500395667
99623124
183535030
851575749
356336224
112567143
459363094
192192438
860471676
270357195
363352342
