619560700
838435481
462507973
595977114
372968742
601182061
705242141
28192213
312443862
917863942
157958923
231583661
603283025
509129349
115682898
83039215
385100988
966779949
226525155
510073268
826687168
631160917
139135484
991958334
657209234
949932159
436379584
750762134
748573148
985771061
955715039
850736142
620259838
408529424
73525023
892536994
628441018
892152518
322200716
964732891
688938045
403694914
304421378
584149975
546037416
887987181
483124357
115360967
244376695
261970051
996140653
953747203
477934397
736854003
268055335
988399781
699299997
470549638
938767878
423036582
164802476
954480005
279619064
326672799
962148902
307222780
611323821
194753601
435604326
223145902
454598196
492948469
644579233
261792263
821135222
422992253
326739538
554985508
445920917
769222052
466807801
321018616
506385439
486603096
989630406
1967836
372801744
883405834
140474089
85125240
193236997
157891380
953384638
899164132
799930414
734458039
124075850
977748577
622001071
238814636
276663360
288370756
679756640
21230792
807371854
503192184
309167969
216142134
915718780
845063080
661660242
144314488
24628720
169545826
956228779
843783858
448094565
793015966
337042392
960181066
934421034
727917986
54279511
350479085
29908905
296706816
539563829
745415099
461861847
86677182
298916403
348990959
932984435
207106281
492558692
178437045
641261975
485154647
679231241
486438222
692799865
156659609
967687053
295411008
423464996
48922508
133262659
783838812
942935352
956146554
286363473
331059883
640706185
661820004
304393600
548745372
234091244
329277554
991321885
510665038
963628353
563752869
754280285
829041597
546146677
312669283
211330051
817522437
676987133
777791733
202521883
962939917
113784724
850604168
267381200
777761425
760230931
758868501
927014088
980986395
163444156
755725016
802479746
505715291
800313708
967856518
708284773
271164431
902712679
943813318
944345799
311984420
493832760
168566203
522809867
129046996
402379322
138645455
749264330
110795713
837592456
315740221
106851679
165143618
753624671
323423555
217275158
790102016
394438803
526632174
788514439
475222742
402263465
10335490
347220882
207903337
761273121
248564994
28727889
578290157
604384509
940165619
914809756
733173813
833445933
890537461
469107156
945218520
327794300
138334204
375382102
621585476
9604170
816218374
143393939
847703934
648873337
637336128
752090619
476890152
750581359
918182755
876725627
376080505
155298878
469123057
909720953
483497270
821345319
314906530
367773873
153814328
109917566
170974173
506411203
897426835
400930463
373677864
331697684
863087208
854316398
272056637
462307715
256104598
151250071
166928963
465618571
586045089
866941550
499516946
559029998
123936993
496474374
551837735
827708797
686201752
63439992
538729251
577874935
364322875
980816506
985609885
123873200
12887769
770560330
221567774
511667909
838629996
309807171
245967102
446773471
275195472
305638443
889003409
622573753
478524722
455875040
620621028
224830434
988369913
3504485
323675864
616555718
321828373
755876530
243836879
657339953
558079830
343265374
820209450
833986843
862201211
795802928
967374807
882270701
868706511
148183436
449419945
485544266
929682295
655261052
626988573
276237918
620974447
52743475
283834526
818298548
607470964
929263980
349184074
230326712
442818962
313898816
589505020
360818390
657140642
369054166
802044826
257011237
526723451
564227820
953588078
495364621
489597720
411980258
584572259
479392543
338263635
6732707
753867241
330341285
6455094
135076761
295148137
333108860
376515911
47437945
995581270
269084897
472042004
425538329
49868988
628815849
994081299
589882738
391167880
548302394
206297907
606556417
225130058
499652345
346138608
192408707
958820814
365454475
701672973
131623951
786640197
208994189
468171215
804441981
480034913
600738256
175396738
18842788
223871617
307742201
18750678
256396159
984302477
609702696
373472895
532959929
784969232
101185122
514358831
324772228
501283321
899714981
20812377
36269864
273094636
731707217
781602648
254214895
984202675
814046385
176255946
929693661
631435886
244891959
260797747
786587080
800913680
667600022
945503415
449130731
453419110
975238510
366011120
83425679
529551715
949901746
622253938
615427361
126179450
813178678
407439474
857635691
851095642
376900744
630340628
886925214
188181812
431901351
531347345
748327694
819135607
921181842
34640111
409825230
131486254
89057016
624960272
739410518
348904948
586885813
732046248
117369209
155681706
65228100
871353117
526044810
533703860
937386696
506718147
323192888
109453279
166175287
128035445
171023997
406606910
318620253
78598019
254535141
614551329
373872531
598405268
369012329
136252676
197175720
629995123
532237267
940598398
956185888
951939423
440494699
324941473
882843418
266522412
539293635
81132430
290070264
701953985
785867542
505547626
104295818
353221354
250795114
925183202
208154456
638874414
652960320
793146396
863616113
3218319
812866000
10458996
370425131
124859188
975032416
988480544
363033918
981116531
958505984
435232976
339115849
585446410
577517970
985447271
66223448
998251413
226609859
899652874
588741809
89891566
116536646
616666267
292730476
748987513
510255511
20651177
347610153
443829125
928098219
558301304
977034802
739090869
76982284
952967569
139073423
430035702
954516341
757984230
291489994
550813089
718098510
308953732
743447999
350634565
166431776
518849406
775703382
265347841
858959754
209903041
412264555
753307445
204404587
773724546
886681672
196199732
717728519
621437616
614603676
954381238
640870391
919204792
53018312
400204680
458198173
600024979
508464126
624550400
846373847
636187744
43735072
468625628
608162879
37928719
371793055
807582913
873218266
942095909
582555737
991406103
244947793
82262311
584869370
718195177
146036749
223727356
534686282
303257737
66285896
942873690
712307181
333078724
143380553
337108755
909942697
798893717
255935419
343243319
892436391
566406796
10385280
151152982
418973993
222772010
166167969
943638926
145144565
166475867
401931491
79098759
322981464
775632609
38881879
623197571
709433444
558608079
334335422
334823133
254167931
234470816
65338696
205206388
558264503
903500156
923880561
710656346
325245074
271054123
127986020
572899337
551647493
529974947
49659517
16148940
981020823
93794811
663288317
362097360
552027208
202397821
78582791
368210414
901326244
987187135
619892225
936674571
294196844
520182980
627675309
351334618
464558294
921112284
89075388
657965575
501068099
805178890
592888477
515473835
298891447
455511621
618393852
874090441
38489846
829032153
527451265
793006516
725973092
22732939
642176747
615638633
895319761
972238061
782795924
51770109
155888025
697128281
303880143
571077366
283607931
987205989
416459501
805062092
643378813
776651401
108341042
630535207
440899559
391693941
515080840
175841932
500906333
147814481
63205912
96515587
584003968
204492349
329720567
72294091
459735870
826885707
210701478
271463905
878006231
12036676
456014855
492320232
138316360
37305279
502077550
803939817
501298747
21811110
231865904
311685456
39052119
813331758
230711627
261838444
720691111
896916056
352106957
334279150
507652098
466334815
114732300
747505279
909032148
686280337
467766139
951395675
367407713
231586051
111341496
456722222
776504510
144995596
927055859
631342137
320636545
616020809
492218846
403594279
889616389
711141021
674543184
479095222
915948575
751520454
57463467
770672209
973780720
67882123
351602979
562819812
474778750
876422327
763811806
411671416
897304374
708509575
583288082
452036022
569539138
550681874
436532104
269712695
910469613
775143681
535180945
894056522
886275898
599369489
941201897
104670301
404697210
948512676
444662760
796511075
791791630
635637076
831556702
157511693
628816869
697093929
977614953
299525589
879983071
548521682
981943471
900082182
381183788
515384442
734037761
612126969
32732726
40182824
834055140
338934515
274608917
404830489
568625608
140804894
216339509
163406944
884396309
374411231
126680224
246932677
158122602
526266072
431759566
967300730
619879785
261667298
876952871
425776388
823219151
872445208
573066919
137006514
389729622
361947930
793200208
635098761
512872733
370891455
865331726
329074928
71937575
364514386
114457536
105728244
521902158
386961140
67011468
690751808
941172182
465409925
812697618
603203722
172845365
633050394
390399080
455677398
468322615
413883057
895504656
472370463
735174097
606956336
216963671
961609930
765867594
137602403
15100866
206677678
347604684
581240747
650534209
513504854
509079503
797605295
174995101
793608215
411808536
326031321
445398572
232918644
194655829
186201062
484604204
357809226
59747590
969863196
964161147
756679227
971548848
337522810
166776145
98989676
475386798
392961262
593900830
464981237
147550714
152847604
339860649
384299754
371860274
860333788
343147123
359931435
814875714
299192763
94124218
375240069
458055292
596790864
43868862
142291293
968484484
662586011
277714633
548973034
122352132
859154444
901862340
796004397
173441254
258421638
235128828
10081874
414464601
551544532
38118056
116118240
203704465
710013863
646057500
258960931
986170671
61098817
861058369
334322040
843053938
124672769
542933510
760554825
875738977
588921078
298623934
374757984
293653947
24484851
130505191
812800785
115246629
44927795
342629105
288396269
250985263
543856250
210858500
113438636
625204960
333065248
945466833
263331182
261074707
978005977
171535604
748041428
950733362
784907930
156120621
907385666
801527641
943392592
705919094
997679362
316220933
141307515
920265418
584520174
959797702
860370843
716427926
389979749
421039341
225317269
871611
158776669
367384757
357661231
7975668
442314421
850240315
747619733
709117079
509988689
179205934
279602328
499480118
897732999
417385474
550582505
424024620
508746016
868364229
223119523
11273144
171854035
339008699
344949742
972175334
109677748
623590830
626338324
153640932
764834115
616637321
555487083
842291839
35757437
