617333366
383866536
72192309
185558446
121351797
826788523
177972419
512230328
189083055
972167747
590844762
463944043
300322407
240916533
951514859
714946046
784030553
293440524
415976229
956775392
889238939
4890453
403842612
665041179
105813047
579712785
140516343
827163041
438006555
41423958
220814581
246333081
663635308
558110793
794583985
328167501
615927749
498867061
880691299
975792785
447506690
226079704
185793644
949336233
312497671
448737741
820537510
149177369
162540875
733677944
732258345
808075381
843757340
372276909
909834512
612442912
980023923
407151129
79745398
541639011
686272179
350809376
74223773
147659097
751353166
344511681
800308734
742211612
446332547
623347357
99018296
285163491
412749223
440183443
509268701
663159235
819096808
454506377
352543507
657075304
759175273
991338973
664622165
704328610
309165612
412739198
402575739
291358399
648276279
182141072
348143577
208776620
419121662
339052288
289520605
96697314
151855931
38134546
197983067
967985989
648429006
78325897
702844821
539193516
634659647
447094853
395326157
403573897
863008206
246675277
793346103
525517545
54607621
422670093
782463736
694933205
686187209
369895161
838493484
338613967
941935940
508950335
93935333
264191474
275203780
890241675
866041828
73696935
150662837
412571387
511303303
780962261
256523310
384557517
8646298
680849375
288494151
125428649
69668962
862070757
17413041
999001840
428350191
401601002
388794968
822626031
154168998
996451568
556588551
594587399
410510103
781960768
199641060
859369099
26050048
139478671
984390563
438653346
263989736
744417971
581053023
321629222
252911059
450436819
735371972
12383841
268994234
670050102
414023794
101614360
406439053
560758560
300226199
976422725
321200926
942934098
80600143
692334329
875396505
452577748
736072676
869590259
517108382
556075436
2061284
729342534
581321200
397154210
358507468
869167625
696458811
849840804
861438911
325250990
281017734
695783817
746090781
977913371
666229028
376411126
553631796
484118894
582427773
454974190
188148346
849751541
481734568
223218334
538168172
83115949
58878527
292056233
563256840
811411986
8345294
711462763
804520838
696835622
448375534
6029437
431062639
871840023
311542634
544856168
405155548
556598248
699319647
974975207
695404991
625417107
196843317
102686771
26105300
498985378
898945951
251953781
287162485
62134192
367927090
152309741
247607965
358102866
858986036
275391519
810289098
404402577
286583963
50026925
316905696
569554969
891262977
49255158
529537836
660199591
945348486
681791771
172576260
37571605
49818641
631550097
150431894
506759360
527813341
912751064
886272630
956191754
265950932
64271461
912466034
756391511
424300277
742386646
328908532
296065793
758421470
72959772
12853987
36151114
734567068
752971
270014284
649292722
658069511
125850022
734154129
147588158
573148934
365905708
553636891
217154179
79377521
249590880
12315550
736376991
1877847
740848604
830289524
946234971
389118887
854097342
138451644
222312501
137560889
560514183
145254691
148876330
720346625
233472042
901778119
872388713
668937784
136425145
303004535
49065670
361535813
501139170
848689847
401963319
178596934
738684471
383042820
900045223
510634569
695311854
677013990
174709397
730071096
592531539
294187946
17572866
242670247
66619014
647032226
880469724
862301326
47701782
511731832
97555327
980595329
585277798
427241532
339676891
464127588
681248176
548216393
942952374
946586343
963249878
374841178
500738675
892158756
428326204
767638036
650434414
471054522
238406420
711677931
442249034
883500192
970545293
418805233
127815085
939284095
884205252
629718465
602318769
489392918
422534809
186764343
313834030
989407337
751134519
421367988
593319134
311442939
43365928
435917634
829386391
147095460
734061614
228123052
766821216
217690361
793449270
125414109
814344042
298980977
996597810
409415202
623894906
336023849
69482798
214055133
10050036
166472565
299426446
400392795
579922334
51529711
945897622
453559455
524051534
776485535
61007148
511331337
141024236
6958215
174318901
338991475
427688593
802488784
882291539
295153573
149438578
742422240
651984016
910124723
145834824
758791143
815374422
303337792
492795107
13119606
562869435
977810179
919924539
537079386
411317952
426846569
12016492
642973132
855995298
777856680
201197836
280502158
704071517
990335679
156683212
282117932
984389872
807385826
124662075
657606334
981726608
821406120
453732309
774329223
64616555
267627794
514488548
389301721
254557970
821131190
236155287
642559830
960764347
510931927
213616100
83196967
591406797
603944848
595640262
747472330
326974982
784715460
946493485
104434859
93955736
868936418
38350723
661648335
753441510
863716891
774401270
7988596
178675717
835188772
31392997
741463314
524077870
145595315
472462830
143690157
912358020
622714770
388415161
34864108
541701392
558638005
319737810
193139589
776719579
73486245
690711134
380445023
211745563
377189743
330631351
197011148
874912634
349297449
680373487
195680136
229277070
852840211
635860209
390841078
46729919
228166690
463884113
125575574
479538930
472152784
559119095
445811481
131482018
451950105
835114309
704260211
396300298
911629377
562733465
535317729
549198607
845211132
884928754
679955265
173005756
393956247
796243032
801485972
504557420
834381847
866550679
174780420
465221827
276782693
914413085
59517808
986854559
997574081
988134187
313534702
94753892
194162235
713600658
304566794
514367148
244899652
248963004
759795457
542075433
626371139
800710848
963283255
786563983
145055757
646481528
384065937
967911455
955904943
217835322
652773671
431923656
662398139
621018153
645157081
605602104
384338674
980589653
854699323
537537018
775596500
717405651
398726216
923495189
249198763
440563837
355036371
131610474
580361960
165588116
928106102
144993242
36447575
259410539
878186279
33670999
903267422
388216436
320166069
630301164
530347148
91606351
30949615
779738759
335360515
881611044
432355751
573144081
68443576
698964689
130028474
264309997
394263679
222258438
766478931
908965487
401984632
39788066
537365220
704491918
291445157
252455462
387549495
790316827
289729218
507780429
395476081
402987600
742831872
611486082
702334680
996122237
660423583
224398159
7189869
683990148
686456035
618987456
588134674
367587717
8208085
781892288
63166897
881397269
35559642
663796104
750729561
814189135
492931607
969220791
631686365
863479356
850851215
615674149
338856006
277891686
704056855
240632786
490009540
827580084
486134962
29368151
830312207
456957493
996630007
133906235
603886413
169865520
215068568
82488782
222509451
782997175
451653391
169777502
696283833
509552867
189288564
506152224
754757185
625933113
757050867
581286945
910055991
773611079
979799715
838855323
145271021
44749434
885542151
729298182
979933292
445823249
128977915
760554588
881452753
978839932
951580080
606209403
884767260
901653405
59909691
580864041
599120566
410442825
746711340
848689189
411825964
681073712
919390315
829303138
88603121
197904630
485875600
864076426
70529217
904848016
119312159
56701127
477157776
157774684
988635213
559136978
284323367
485770384
102555488
776686200
654019259
691098801
288324748
717443900
557972785
583079160
621384963
853103779
566023421
176186825
982166377
499613166
26899739
131110526
427029358
464197308
125359117
56239013
640695061
782028662
959947647
264901488
690025371
976604735
859527773
894878953
129051627
726992576
913018191
500772711
296540674
113350181
307887336
970025138
194669930
720727162
392748964
201946414
271330352
505523959
576519666
632771819
298053004
894342390
922681638
619698991
29801388
346047250
730745324
524437905
433777861
228084353
845075322
320526825
816738551
389117771
1073430
311720011
857916126
663093831
454027533
894392385
940085587
65250710
879646150
868816195
191725829
56874599
936440594
706302195
71448343
923412702
784908659
135171101
205508995
327175827
966848482
795682979
53923097
239828781
865077564
783004375
996247250
388580286
66994850
68456320
268274858
987360509
153286586
805552158
719653731
81028953
344030287
608236520
51496426
682127279
692686231
232802294
14696239
53865442
427973161
972926787
409606654
24443129
452989561
510365158
443175692
709904220
115017829
489562723
422269287
205390449
257796913
618087344
798016265
671023156
898145134
551505300
998255858
811189830
600541337
204365318
903588011
130888436
986648463
990419388
579382414
176672139
83674675
523381714
634489595
734046188
780986740
57654
811855618
892150775
373397721
971804120
935590723
556629691
625280626
558370636
872342680
663723861
383282870
514263281
823232038
725942942
810220253
380473268
783982144
141180931
234546434
203506408
453324104
223607842
69338776
278718217
37794665
462570172
930982742
266503553
626229545
591636113
855073127
688223098
424403708
257739259
806231724
905865488
297625435
926341012
615914576
441626167
185909203
42170700
332022637
239864149
747605565
472385181
167187349
853439470
366451884
703201405
739399569
493308664
499499753
577480332
546733548
588247776
822811999
94679503
934009455
473020551
625646947
358777073
932141090
280706566
808650733
695059771
89859572
565492779
919711216
904354764
82847833
857641131
525266353
792920266
17597204
411153404
891585203
829474626
531112651
565409482
295382822
77543272
900051667
923028138
852236543
361764463
188723344
846923375
711005709
217983948
83053489
202945931
992331555
142894024
815979218
827132129
110029608
51316071
431213415
52545793
382525609
601694569
933728252
462097119
620353571
881758436
968042309
706579485
559883127
135580143
696662571
993337372
563566851
368599972
177637729
548103675
458725405
9112951
428470021
446886269
506336427
242936196
854487068
701727268
821301274
879901900
865309575
382372328
976941047
190465074
301123796
840269132
398261210
478566858
182883873
693688252
143815018
437954547
302674567
970478106
393722153
482143858
287040247
575425565
521321376
89716115
639379079
623731582
