236178341
209530455
830085842
850217632
433188650
426303882
602604376
782318814
820729604
324298640
762900346
613049943
824526361
631368770
167435821
309102563
479209315
872675279
511591403
873015330
934691413
902026269
218241254
299543749
518785024
75481939
280145637
849925384
23931088
61708280
7572986
982473982
63774651
360833058
906569153
17802292
819908844
767670787
163077275
765280766
954776580
60698348
136462733
496434376
80428230
718105387
728201170
724097785
63965204
86408164
846734268
319246608
703332318
773608213
871583824
334152071
991289200
530542092
331432608
357706711
146158245
752678990
758387725
759021324
316725654
780426363
549275292
463693302
724799615
149633528
489193717
711538526
709598004
746310636
918238748
873993064
765563536
721806876
219115519
800679636
347280767
556047850
785960179
937522923
214974011
688326377
279141664
290166436
489249233
572417082
26513091
289366752
436238179
805370562
619122521
202097589
302310622
377441407
179708722
300001866
168830094
264507868
999298168
914331675
597214446
135195741
609648602
957021680
855369464
997590758
568588533
269482323
311426572
530752971
10425944
590110393
966718810
820864801
544047312
628399276
501284698
259108855
974444068
152382533
123120436
199826965
275300347
904227441
127188115
716141159
571682442
388122128
542098154
919113652
631849541
82772898
556749680
871628503
340308476
79778269
78677774
322119982
434796971
491658474
3828548
757030766
977940178
905485206
794944617
29012127
235378778
481445820
833394093
551309445
798717166
909721238
290063798
846915635
791211238
397387481
859895393
705421160
829833565
139228304
425908316
180466405
727384168
392312919
898903429
927653044
33360713
95090306
480556324
464269043
549721501
179164715
824311883
482785594
148553984
366089668
221886785
369815139
109282823
98175988
480762380
90236621
554728033
990788707
120396486
722128302
792709099
709834044
80417265
942920993
219882875
373256612
492286416
295568666
65750157
823362142
29646598
585627259
6581777
867291571
995651413
140288472
889495
369125050
1587943
619552450
85409354
807278203
698361650
425121569
175500695
490080253
596138336
731657577
658465922
335671694
625738370
736595459
271916432
176775126
134943945
323526667
14673040
537635329
244386168
176464889
686878298
528743216
417035436
325191840
336443070
636259525
363233362
241991251
102524573
340473908
89347126
185602983
989200764
500844035
636718947
985430894
11472393
655295695
767420298
729802620
777118274
760628838
637102742
730078462
197623772
293051137
313710826
829806650
732347625
672124745
125615431
463254164
124738881
825123053
932674150
556666137
390242766
373169809
88678498
539241169
126846891
354147085
629133003
317992014
246324567
440135387
747394694
771072396
540056178
149513049
312054273
359377344
770215030
514583546
399346613
926249459
891640472
686956972
127568068
43391933
322548698
533426711
509643624
430399827
214858477
626092960
60864101
164077711
568169883
80052810
595188127
638302582
566617196
228179128
602955729
422971189
131495834
319110728
483753894
757488384
545656442
542638429
289750472
582834575
360070471
766238085
693039132
610155333
425776439
6424691
665025663
703285792
245601741
45286565
216692471
593420179
844503460
198733175
103133536
620231606
379271285
583316982
202902513
460003367
554324920
673751690
792760146
542035902
911627816
976375422
794753624
572529744
203203078
370079682
497735489
779910268
243676239
926809047
70329355
448620390
933053826
450708766
738301270
561745191
415027145
891902334
392700841
521330631
11486656
9535550
578467727
932762657
215977191
863522287
378217099
962339458
339735915
829747103
28509655
686318780
973477938
151003230
698527516
449401016
211671065
92495919
500082714
875522057
547551074
436782201
349743940
917694412
128403820
654513145
687177778
928562517
845015710
641157320
44976222
662422585
281050848
271429515
530549245
902092266
397907695
861990965
356552552
339680789
991862582
535396029
440174352
413929134
898299392
384010574
475142451
782050596
752181249
288900254
350074125
322531225
391819619
517178782
973779555
574704453
659791608
660773314
804358837
561464045
176344509
449654580
117323748
698578593
784770880
366087068
405267931
702048422
620453983
796435249
51493321
349680098
735943366
160401924
883659473
12155044
996607848
935814804
19395019
744393244
179370694
905127180
176381268
556115456
291083195
722444995
270602966
763872064
297649959
955844790
242300657
737134379
57632128
795088505
163336280
542208002
418072281
741595757
629158252
532212324
978742641
773094027
161596612
955745999
237406933
394026
586587858
231417694
633519308
961624510
578096604
723976803
641378294
59965593
382093351
271217327
273273311
561208291
407495398
62325885
95484101
641395866
404398462
664609192
554134591
314358940
292047970
940854859
997065643
341451471
594082762
255012090
306656551
487182694
765650601
406276665
743530567
220635268
318708522
290689168
135857136
39185272
130352756
336025447
377748186
518323852
95756084
997666533
412995154
892118952
268934690
856863989
334100358
566832367
436728222
337346775
368695564
496987419
401611407
923047991
708346054
645732998
234352050
292067837
367541748
323084513
417320252
154195600
294314990
975816684
527686758
52638043
242499768
116806230
926468747
56298829
511043109
68373015
286861006
35810738
218602856
294381435
527859704
104946691
72516780
737218771
920911730
739824182
50454472
428303825
37581100
246543147
819023859
395660529
582343112
490124137
804833220
838284918
968483698
54663672
101003600
941560483
703351543
437178469
364432193
216296647
614364220
217294128
640363618
380429392
826303665
300322549
210126413
365800668
704445135
413964619
117873293
129405359
219551056
630322975
402172782
677496068
103741127
866011163
938235584
281143610
233614182
846839237
534463117
436344609
251465607
672758190
99889315
232197333
934807137
277042371
591029891
90681235
740514496
856220132
122854550
703617602
99460564
670025078
602000159
737258549
36416734
453223190
691215392
168378493
372250844
675427861
618733861
338160722
652490888
423507531
837819355
837340378
498942883
83288582
982682463
767524981
682831010
204019009
128963785
153545474
200433234
977929078
430993530
427402764
822934726
27192057
388890861
363330923
507468424
698555179
578035504
433716048
264011003
200977034
244726876
780390990
155623845
366084623
64093765
576037745
54024329
761728591
579706444
511299605
439223014
753689511
591738350
657225913
873537668
355329567
20786591
895441554
541061293
448454685
536825315
58487654
22229660
263812628
345443765
345058786
286536999
255402937
830692296
953935708
845472026
404103306
573329374
297965849
838561705
202291472
611901136
316746386
139925243
552926039
99521145
438704641
398222634
919693923
988179748
69245215
435453705
731664947
489793254
152138857
677768587
682593949
892654754
815556317
664151717
186239222
758161330
891811215
20640858
719034977
289500745
798621390
931036293
625770734
665827578
35119708
180360136
293772501
818664207
671246195
743428430
704040204
755516310
988135253
348933540
98120674
660265018
102535735
275632879
276198550
909605080
554872051
765609681
678553439
276167121
162878076
511448551
757773056
633814131
652322482
444130140
720089919
296105528
420890265
263425293
300899753
507668346
772451899
253866345
953060040
888885077
141681204
913000739
818547057
408710425
973728381
927077637
904519500
466622777
566031043
525974203
655625595
616178336
744442306
809429896
734628692
33011709
252482854
349603612
502949501
523671155
422587079
659958369
166341724
227116055
23338510
407934676
334626044
724709959
48033786
590452327
887813117
848669388
322572837
387313472
767923875
641871311
947062622
269843013
302438738
235800437
606929049
291150278
67783087
126348279
788504544
103911583
551663220
611460368
528796599
267888043
255185492
422848286
750916842
429388884
466297997
481722834
746659014
591431002
385371915
565793705
592451593
179809541
418588990
975578715
638161084
806956205
293605498
357128834
41506020
92757381
85949085
982639839
47164874
267149063
916742105
131436800
592175281
39993444
438611509
919426925
856271455
723165675
195913359
780145742
335266834
464964830
97752545
893183952
921015473
286201041
895212295
355631619
884471097
736645031
643348843
427119508
872561287
92204371
488187194
981548337
810306083
194534385
569954347
436039218
181938958
272545651
375683412
483767779
512646777
334861196
889547551
706665570
152819492
465944988
709522249
869285916
983896180
638443247
640311880
173196253
709203659
400421545
436113359
755304977
197545084
730317464
98168742
310519841
623800218
489622597
258875512
499970909
551806248
457063171
109120842
661737069
153211327
759874139
598206783
62721183
89281418
613984765
380537174
586154277
396653488
188546724
202812127
418526108
27122782
774062926
443223326
234118039
451892490
314990941
272344678
409884538
758421024
814649369
238494133
451621492
174376909
65163571
859967559
23024180
75985683
389576642
154859321
695756320
356824146
47785180
716074588
224022040
40236463
577590697
83914834
95218894
19884370
849959081
358651489
8998360
527505337
679642633
283397059
849737291
46399271
24757473
48078418
236815307
184718493
699236303
903316043
338561957
521380006
146585291
888344272
24117846
754017205
357512994
510168594
7076845
33687403
507055805
61701961
979337600
57988337
219201285
193881575
874301792
231076106
177125784
390000168
908461942
455997879
229495773
924116154
494734275
781766511
10230268
976624908
51228210
341498223
918044012
511037827
657587842
144469135
377512631
702642033
893651171
689246423
59796988
341201687
662371374
339790487
351574643
975310955
20449531
617940671
304059457
791748953
827197984
830875896
173776625
5739201
7592709
309236135
994854099
882564076
291884233
222469136
393609997
242351334
743786936
380888085
458940383
665578621
115643389
996017977
404114118
834868465
680475705
516559250
