302328604
948058051
775461765
905703653
176695438
811112543
145770170
578418448
494934537
16768766
227286278
151428489
426317427
575668431
687805715
459000202
355156439
399397973
659517910
840011758
490210892
134751310
461084158
843256664
132761772
746488947
155573259
14287646
18878252
683876198
477989283
867090470
527842181
364185431
532210822
753596380
86523937
919994141
965285037
140599465
698303030
878295148
100248780
117733371
940717267
488629203
557536357
879150673
778513395
422024799
307235157
995582894
436736296
191317161
789977092
167577293
486973893
932205100
772941880
430206489
655539284
131482523
559540195
811058338
538779481
360195807
623586306
62131996
43457609
934209333
372476265
435162296
434112934
518918444
141708727
611915743
34502530
343350786
902539395
644132567
188952590
276422584
235774250
596853452
376641040
482406388
430354173
336525020
574208337
364633529
266622487
154318835
147052260
535078548
485060180
566820507
318754953
289190440
578953889
580521460
865042895
495404361
835693064
844304061
49548534
872072860
561469959
917817851
49608433
178061349
133074762
143623106
29665705
128809313
241253899
379116699
895708272
962686742
434417297
56373093
929841632
287061286
487923657
678824078
667586845
218157429
288110035
899034385
33858263
574888219
293160789
745312089
764396896
322017934
779089671
693548228
440729518
391470187
547304918
504568178
920936427
512536321
286916586
396146987
231558766
122999381
124653129
18242947
293824648
105943480
671112233
356068210
854773141
522580796
650679826
577981608
7480703
156868985
176717216
831391103
583962825
662435573
883959587
474720212
884900558
387762672
379226209
707647769
349719641
547705670
938387180
504238084
415381823
929849117
135436664
417305311
144700
91776669
447265312
544587464
93504299
269867087
605209736
927914781
903775984
937092578
890538946
241816100
671338107
201108062
686067524
283860532
214752971
715913813
920605352
258500854
628576733
812196372
511246428
843796093
743773170
417005358
668523305
746118977
167556299
166874149
940686385
924924022
387144131
233374514
577836908
915704032
709603672
632129750
737886803
314095737
57225836
956044804
570944226
947807978
497223725
137410109
36309662
148611578
861638144
654526647
289485113
699468009
9243765
876935809
788728577
187948326
580530240
603469218
800814292
676498939
601343780
859090758
760358482
736901835
996406192
965614922
854671967
437963592
623271153
770363491
574256859
582623219
978027008
606509614
201275017
672531928
241252145
563438448
346572367
606363061
380695696
519911727
884480832
513029651
877389035
241218375
915680257
510208320
444645936
389888581
335173791
106134454
831315457
61387863
712751955
198135077
195686322
834042390
951401784
531608801
282738140
598346068
525340424
91274652
80269787
706861892
721440999
402734149
675660791
116196649
946696180
17091792
256896850
194451230
295803243
81432053
974609924
247328830
859512799
755187816
49934664
344463646
993317654
233382572
435189699
468122405
751307761
916639144
893757658
3139940
476845605
407209754
612036662
814963564
323624920
782349627
994571302
793206180
432759863
170527142
519777375
512946108
834547528
328449287
443192399
318081999
849237602
636864226
765584619
631319902
223525151
948357490
974529589
196213967
481674137
938274492
605028412
291957851
656084951
612147381
955554129
804801853
508976490
672520850
639351042
539486426
405055129
441933284
870826309
513453615
86860750
181403744
814568966
688985656
235410441
536988555
509916117
664868367
790190171
117107700
618884801
114443534
151054525
262437756
779614787
528488114
432680163
415822694
333289427
385350426
177321214
702613450
137121228
820612480
214973011
714975521
3969617
162026677
689098244
903705972
913026868
407304317
766037916
252131004
544459151
42121407
133788524
285543933
960803525
944685580
428358375
940160044
501767679
538977250
993262579
841110595
653747328
246538734
892906062
110862927
106806262
989232433
108643857
485475882
336132400
384247299
44282515
993956484
474012644
520434919
533018937
347889439
975770121
886484197
204080831
211580483
348405617
898923519
717978603
737493380
394699590
147136229
455019167
388603845
956992050
237161168
200845770
598143976
827349900
373862415
61228192
757430882
269120614
578235317
796899709
923794433
298660460
280562034
915998602
160211851
997838890
139832038
811531287
440368606
411666642
80468936
964389922
615283480
334896419
781682095
492704977
754823807
528560129
155412682
716163335
959670031
534213266
720040010
528483831
98971232
183401528
446138538
166606583
100150228
459206726
775588054
78768825
397534804
89584487
280286396
912920021
67843583
982924915
557766752
739654488
254867551
335604941
14650561
976937202
876523113
272771244
585562289
263247557
45667805
881157437
306404384
228870752
113707932
862071980
837229677
389581167
578620449
752078202
817027370
976810322
551700352
973225454
711381058
981161878
636078586
1700111
566855118
525698992
54610023
868762072
424861394
771898890
970793376
415758192
461295784
624065090
519562704
743102807
651960716
826199986
597839238
182890980
120938778
218992790
152802342
546717302
965060891
535462822
252354809
890705227
334299572
315765380
165897545
580956428
187954136
281642096
624223881
33488682
340858615
874823002
705916125
59863296
208637534
176905731
456296043
534505492
258077374
697949738
400776196
213164586
870018462
835517641
100117485
990827382
378971083
368809371
852286675
492388268
828359535
89361284
36639218
31392295
273344182
163904794
534462500
109096013
606001345
389836947
227804056
179653687
999841208
486074021
402244191
777137712
120283861
537975941
974253445
944033045
762696746
618296849
288639927
267111153
134686626
39190223
20686764
498781930
215647894
175070162
201985345
819144763
429355419
131835613
205129145
251497330
838183784
674523830
786519113
44732739
642443230
347200029
928504146
868240426
470145681
221122508
213323377
383944440
433273449
322979772
870543520
840995141
394555924
908253629
729691520
210062686
800721356
769528063
896705667
234153959
143218030
35680569
893448118
430931182
187851602
408659292
750298267
868005594
280944876
150746861
938953927
445760030
751456827
929520706
301589815
415496716
689792702
420399499
796965471
913564117
825866844
636742322
65508481
892668121
304526641
360990202
424588838
521101789
402144091
995066457
450775972
68655720
777818161
552365153
901514708
606762660
453751909
497572963
680388823
61486389
470824239
345317781
102999564
282526587
384025844
424783489
89538313
465035217
606663813
314194803
520269983
380321856
972562591
983141548
408287113
506475706
970172087
779997
126404541
826861398
984070452
229196478
465861503
285878417
699970887
870298206
667941867
199091673
28005998
694827153
961744806
192219738
740010675
735479081
442739877
480549063
533742758
782981892
508642276
879743150
271451888
959553620
914437974
87949287
474796474
70454115
96093128
794676611
144078040
395039001
636590572
452971912
371168422
853527423
77415936
241627761
879456277
817121146
582555699
513727636
756841620
890446639
437029218
911836659
352449996
328050245
640311180
237083509
540401671
927738049
972732947
187190195
492137719
246661389
555409509
24516831
314758502
377912215
811081942
629516771
774205077
873265255
55013633
632966995
58236581
508772894
821051314
886483250
658063145
201112115
601092784
716621610
200426192
994914639
122901529
381005248
522524402
2601314
735499289
146746228
430142934
859009617
254274940
216339990
422306053
449400376
960834191
124507033
298117914
52899104
926869258
501544061
6039204
953038926
739522557
883576364
835433005
804062221
853600078
843677101
506998929
753827929
579020363
339289555
326645264
256111336
986764001
497223079
123759860
174404261
501992428
312157187
642412924
664335713
199373837
915195459
618990314
838673641
210660942
608836203
547938701
696544281
588365336
605164040
274242856
99548723
710582406
247387265
255392081
239325163
545572241
718462179
149001235
891822187
639747297
676315003
279989254
914985383
889694725
166194717
462636374
463611112
747173
123713653
550906675
614712070
859131135
341703489
753665089
824327097
264586049
996759362
593401279
244763874
295738400
810454647
165462593
973856321
65046699
227096541
545528928
739376736
241830997
884434695
628832018
783530247
163155952
750590736
24588415
523058832
635206205
704004929
948978915
44466224
146199829
84327589
695797108
464651683
54257365
659530785
240417586
368878917
493722174
431064983
974739112
548812878
125060900
904237359
596083786
829292649
510852410
306132931
849938684
662598183
620665787
723259636
221780114
116312476
494881633
767376426
451556117
108540399
317115074
230606256
189120891
560581118
47780447
548935054
98564045
211410811
114657539
700810909
919598955
405515913
986678954
176650011
245654561
810766013
909695581
80019140
658469347
258918591
154506949
195295764
12206422
329073273
854066244
286380731
423800436
422940191
862547473
579484631
969770048
286880938
207974667
131877186
51763842
263115918
241944091
414157993
501032430
576125844
805673314
384672975
714635110
810041499
386533974
444422771
675919228
444015776
477605075
411014099
206616894
414862493
108907078
192637526
954033448
121819309
218399833
860047617
706514873
761399714
125134618
675623852
348863336
535172906
731040860
632718016
197541246
854801767
124886168
982538641
568821922
495537587
578986708
82343503
453245276
769833972
480660653
202164921
942539297
409643472
610461502
979784658
945335115
451533374
372867737
554907554
177973860
15337140
177843736
929944532
44716084
381896473
707643119
739632715
450991226
130049461
35809639
179462203
79000639
753815956
246881525
821117460
319129607
495066432
842192175
711079305
835875784
26563575
739392248
184199476
641158654
16234911
917508318
296871400
150938212
145349958
730288736
897329960
162305169
176133305
454744156
182204105
676958030
194941635
937822557
186925449
787894467
839353991
631352276
