560451187
459287370
854066384
753805339
172465830
857005449
938136194
88763532
20992729
379631993
18317736
638881874
451972568
193787782
142024895
5752439
917778437
729471760
711943224
579024760
474130556
76776728
890640609
975913518
565927223
205169686
695292078
12245568
670768730
950329644
155656766
314662518
499543910
444339102
941575159
184283011
137624819
174103665
499349320
304159045
625337291
899825732
22808991
621062670
452550756
803572222
467281350
891272042
717915144
444811408
72588877
387316614
934446059
209937277
335197554
483674458
568646759
878152864
187878115
967296142
161713370
925890626
417994800
70663084
223975227
703655216
139337964
7633465
252212622
957741882
868127618
743674771
230122439
407784178
953687468
574304822
53967736
269577939
523362762
762355000
737888335
804020035
294330423
225957322
877740767
768340150
380216458
289606632
109141548
457900700
615636251
259471954
986225549
532053177
142445675
699446664
481830931
952145906
397087442
748895538
664234257
459647884
639059420
760173260
576683788
328914104
157194174
526661880
256249808
760892730
429706722
299068819
354790101
425523113
229407806
357693334
631560203
192037478
192922315
455635075
323438758
849731331
898491916
794311920
342105631
608655664
757449221
698069261
265338503
254240803
92473891
101821829
872490496
774467222
98120743
278240450
164960614
534157161
649273533
548826662
611145976
853554577
33356823
348248816
28193978
316567431
904681851
560702435
302645371
784752340
67886461
289793453
759223590
941452365
425456780
814502925
561155967
844747499
418067629
968028122
571464882
459124912
261323377
2009004
668418839
327884893
426578322
580322877
327402370
951167355
192732719
97403041
542763944
644095652
844489098
469884180
816374507
550243100
766117941
25538200
703973812
196746786
395423889
480586162
186354342
802680437
342598237
931038129
349010442
283617817
717084482
320213114
116089532
681245409
977361779
152021064
592231199
31347819
679829976
700309084
889989108
324358973
233300065
351478014
592019620
970483418
747029507
115127938
96963267
955572599
998128416
10912866
78629557
392529429
264054310
374718096
63701022
780737214
815654661
865738400
985286654
495540191
231312434
43784553
234082872
872519603
981313508
861518533
666733872
692468033
877652979
785026688
870413123
65808857
135549090
379614838
963446719
43945874
888566540
215870923
55650929
227470299
834074861
393437842
285489399
706171615
241583557
723560101
417191099
602643682
88320041
811493984
215693157
814091574
715022428
394448916
93046538
189515511
117395142
719500015
989169908
885510972
448394065
404495232
77919619
213101728
140499742
12820700
256980338
884439471
411271375
19755147
892170672
599783737
810087470
757816355
661465328
837874591
758295152
527911256
630936046
257753406
444327434
64090189
604147991
66158994
569333531
56321548
350786427
741100173
286568299
773931208
926550731
169066524
226701014
170139956
779076233
429579628
315518223
72387670
565671872
228762857
466579763
532751626
191372307
68564894
919323310
615909418
4004103
957206071
732983586
255171946
431220358
589483884
88563968
731416501
441183537
384303875
800347240
11760624
643768196
84178193
662034271
515880164
597871171
637340166
93204414
723104147
373082722
639947514
978740121
231885699
522356368
685907482
962239382
402173189
791173642
911575806
872717881
535583097
146835683
953424111
52317445
393580355
8116586
31396352
342710850
337066847
80502556
495284512
728956417
394772357
629232387
303757598
428619473
481493679
566728584
950699598
934880454
554032140
975360479
196219162
242826695
364056587
978465949
501097887
732815577
745312874
627244501
686390778
940242857
529607730
511585993
264764143
864924940
690344084
31860748
268453916
507763578
566474819
294629316
756137566
642601591
877798209
910991096
583967764
602653311
218598769
257288009
480745703
835444604
840474043
976695351
318685740
560222617
950616519
710597415
688260856
415114404
507018698
298580774
597397974
709822344
394111776
555041653
199348687
883186363
364468244
438832657
738275387
449632930
298274668
442936019
368405634
259402823
219222912
553617570
365028485
453065490
394498185
898444574
514216807
488024865
146498798
850946173
99768814
552912377
192900252
704541524
914308419
979746667
343599891
853339510
744880
267894044
697231340
46315221
248489814
322756555
711642409
700781399
238185066
779766111
519012620
31112772
537169935
397538023
608289716
59282917
340999704
396998949
345568930
235195365
20616219
608574122
784363966
109373108
563323546
543165602
455272839
646436308
690286110
659926718
524524236
758528719
106033038
444935156
442191139
100511589
562171482
172907691
305127755
42271929
741423080
693716784
660259508
734450694
969012244
115386025
313776237
702230789
944622659
133617335
363541820
517309470
634177737
108404525
832723290
392170756
483530077
587858231
482991674
705324210
867483715
65206100
10495289
578258346
255241875
760483900
925079733
92234779
955346883
507778126
497111433
168092012
91871193
303297000
493772284
326899434
948314613
49913271
140360863
447937520
229389365
753042049
701813648
556668775
296384897
7214765
124350981
997628511
612211865
50020382
616981511
974313249
689916016
599803543
174788213
676216979
683221494
82001161
479208819
208528343
190306291
221541458
746883905
436844532
636505900
195449808
425438277
330880737
614632240
505823855
443856142
433616806
447497368
35054153
475934845
114441665
363392451
453826512
281873449
248027109
636132918
927451220
480022913
905326500
890796614
522798183
478175995
492067648
128508786
817555303
643677938
866313451
570704450
931832518
257631229
7847907
6158144
264969115
920162873
100935089
581776487
793470243
382996271
106388009
606164239
183364704
526815881
654861862
123868698
60346547
312824528
229394981
800127711
231181709
572395424
262855070
741518544
841557403
546047916
113707716
717273811
933370627
202371950
797076935
862145916
577542689
862912354
515664848
777422922
468086937
108283521
98423336
533663638
180938359
666250621
842662673
544454949
373634903
299162261
707431910
995982301
823314131
368198950
68162238
504730775
414282956
66185740
339522741
359437094
994776158
266329362
164600739
718921197
806455156
383661277
648405858
591098292
585919334
244242091
28621549
320452349
11151032
877438939
655781759
952063025
214401191
695731342
619189351
564931086
729732749
718400119
367883640
542395142
838616005
117725414
893959678
565171677
134209711
292346160
447862959
511356949
523389612
156227753
782646763
201757575
943682780
379502137
727208480
797277080
17844762
251564381
958535613
129392811
270540712
386979561
984831268
945875191
712417189
116099212
290329583
718551613
446996387
774591653
629704343
276376038
898445721
622205596
880305191
688729742
489701597
83234181
456888580
293573174
796379131
517264599
797062735
854923278
94792175
454024184
8380244
834899053
968522861
821912270
547086324
478168368
759864504
238490828
271854429
451636444
132894145
948084486
852754487
18110499
2016576
729311345
64360561
748797958
526523409
506270724
303311853
321477184
499196945
38478738
307575483
934610580
794675799
664962439
333013679
753276112
589916824
129907990
851083015
258393004
107718967
455430529
750028750
625084116
227505329
151535975
516511532
659954893
350351166
428668746
555835596
541617110
230479693
438778081
291556597
67067786
452904037
48264776
328399868
588521450
150712331
686903059
335702108
930044123
514336786
612475743
683492568
94902065
905477147
518578316
861719618
2986154
97001470
594361482
910391530
546586046
979282593
439276443
521292628
374987433
989759190
643356958
971126016
70528198
482643140
765958371
704130886
355897717
373405842
265945892
300372074
541652048
801508120
262561565
107680672
420815907
119728421
819984626
110747329
615029585
468043405
421609467
754477744
831772848
566949126
552849441
444615639
636118209
528386549
744970550
87785191
13627594
526972146
953412434
598762258
507355371
715777041
265173909
447400983
748378414
908344855
327594850
721496221
639531255
218206242
320067570
201478033
834439904
486680810
489575623
426857624
159297967
328529113
906263042
906944027
568149723
888879213
139353167
503579070
929793697
321342731
68012677
827511167
628435291
178160700
286744479
14679901
848095685
663799305
600325300
705038865
854554511
372583642
362368914
706684728
140448555
700113244
114946488
613566606
246881556
351371408
610175734
149437399
38810926
318112925
928487223
685098479
620709103
46468406
30612535
618476156
576423873
761594837
517607284
427035682
840332178
500083681
93060930
461370554
931461761
305387669
353382347
170640598
886355509
784536757
572303112
786714323
966160198
199578313
766495471
868036477
773932725
525786560
256697514
578422289
711166996
918575276
788700241
310322365
249673476
601645999
393970797
801627278
633186770
981849142
128614991
92959674
854976356
935333230
866352549
640364872
607052314
653575933
682104843
941493886
997989059
439535135
263081889
254274167
745809811
141772899
718938280
421130789
279972934
162576056
844543430
50637313
504897322
939184994
715868685
921756900
711383439
782738564
211697077
329815762
911416870
551755068
537453827
904506365
655921765
479343438
931737965
30826967
333225763
126130599
260984163
120356792
843681715
315203626
580433228
271631860
655493387
534426073
564512552
107900577
882707717
972840006
521654344
470610713
137305711
77977677
588062350
915791361
219464545
944595647
928981432
824313749
441878855
352289081
30077015
446233991
902081307
358575522
598352401
266466372
210034932
688111313
87905025
153842334
901591892
724186638
206955597
189693695
358751766
444236824
266263513
176957365
218226011
103796500
447108043
938576863
30100723
66843114
767200653
577944087
891281087
15946604
811362420
388630115
197149166
436670413
678477935
491392634
285126611
134199236
369550552
296917864
936073671
298046179
897865644
194596404
884934981
367812009
569018819
