296313609
542928513
551854242
212613552
85783900
747089715
554874135
165974624
816574705
553346678
613596444
967204322
638979905
358624591
655471544
395125221
377999075
359800999
840811887
611830670
762571792
950700290
645137849
638598446
330919578
888661329
304177347
405534965
491748151
530337394
263211572
394313741
118881659
832282959
522359955
113601067
477761858
235422825
675991339
251289277
993954319
551376272
137456157
928400772
8979608
443311845
606314840
680008033
578186023
417079870
719781688
913819741
129266963
722958613
635988206
345613317
897790662
913255794
881693973
197122570
442912367
149339170
674226471
286237310
290135105
219282702
848322663
806696944
836264634
541870477
917363361
142576250
683809659
589522609
617876350
211195520
813244133
716737075
629618838
887607731
282346489
624169312
827348940
74668280
810555705
349391829
265046778
395923045
196294753
176746638
215810403
564506063
353728851
478868769
808376908
844615149
877149799
851218845
638265666
789696904
594989181
799617894
843743398
36315546
499716507
577205437
230010082
539744352
105082263
424792686
532369183
181053587
283636956
994086240
914776079
818743054
321990228
599558191
475681604
940743275
954235923
452399617
610402191
659517996
326060074
352857298
788847398
204940890
781145699
773261199
334045719
962025286
78471409
839921932
292618550
482728593
780425913
791033394
574951771
233350267
119381747
725302424
290840781
771502065
644377454
34756815
280869107
359642609
564092688
989633853
522624920
277591608
375537241
697522390
835460980
142589563
189215703
184225402
710255471
146859209
788358037
25069192
758598651
331821062
90746967
570343895
102582178
443715023
701467689
432047486
38317141
530956833
24606419
242331336
821361528
228933498
161558836
838900124
15140541
291303258
71988191
429204788
640848200
791511845
250636278
56454110
586488045
380949017
4460951
150028987
293512889
596200511
80777923
428092562
444992229
94312555
966703772
959019717
680755097
74033558
932174636
837154082
658174919
132045201
951316712
991668086
252985189
133205904
876160860
606527481
981030726
350315578
169084860
418952212
74871018
359153249
384220990
967086805
81184783
34292857
983855849
721633159
439254071
551438702
138534597
442116629
450178910
596513855
797339106
727048973
262229725
202539117
158145026
941106982
359128620
234834107
771029868
508802999
840195131
258968191
803468919
453282140
504788155
397933468
168998259
943197310
427115650
661825709
353221544
85838979
710091563
999616965
877834933
646462240
90177708
210541477
397900011
106736216
993510603
509200083
541489176
656471332
335866797
149111887
344297756
778491608
192170551
227977877
59823592
840036909
588123379
875417990
126891673
822216591
230823936
530573708
216845003
41320602
382440442
195337285
15000978
788353200
243292311
711500126
16957409
262612758
324704182
511682784
850929273
148587142
836934094
664293652
515292394
330995048
717479014
146997587
117415343
355676268
53635712
390506650
751026758
199137773
602002116
513184633
497715599
834673572
872725292
55618342
415638304
559603999
993696473
356579409
724295773
798173318
494199104
753135975
413179021
624366669
132154478
81684997
453787426
680487765
377048603
911236449
3102814
923829726
360125595
795896623
104737576
83826349
413158364
861168734
987684888
991933791
444310525
815863204
186351083
730107676
213784526
182283835
389887465
269085840
96044480
291325273
154890668
480354685
939997877
717119074
836795942
964343038
733818565
493048673
223521789
971950714
936719222
70538993
822089169
690765666
510081818
573885872
474547976
76828668
950880764
331811955
146445635
132527739
368894519
732361980
353862792
678335899
566784891
683071343
410582142
949870642
691797530
184701586
584443285
85723329
756345781
522748128
983831847
643006520
959100679
140394537
350007782
920109690
637646944
15734174
55214568
373771532
993774034
495585416
220025857
639898653
707735857
313058797
318205074
764232523
144879638
22362928
111460165
207635897
363256282
158460043
397558146
50747221
82466530
273651146
280153184
752017636
486095707
736365839
934419884
987333689
590054023
831541455
117727987
810486226
981804171
226335944
494880793
353160345
677147412
980091259
684561864
71199475
463045485
770683487
242134784
378738732
866496510
820210760
940843689
733982852
411287962
776195950
279750237
800640636
742836389
299260561
837643159
363995798
735580989
303196930
887675824
257408194
561165530
232692167
49844630
876194400
195330810
507718846
782428351
918543693
527482134
758299819
530488483
383165022
473898177
326358671
587701735
311783041
31516361
901414450
885521125
665884945
795522149
200437032
576045727
813858072
551791218
317087349
67649837
682543610
388692783
130884994
617579355
373950481
92415435
427153670
510033943
230353318
720838857
365940382
183407922
358777663
37782409
22299996
206500717
652988141
245707466
896585214
326742458
416477718
711558824
525860117
332479437
834166537
417675804
221790878
461886043
360728498
656646438
235986556
324403182
878243459
440069009
99884740
529850910
396597139
140720464
156538002
290749586
46744507
816324727
357348416
590944182
665575977
718006527
526743462
628102536
773222153
993936313
923057584
568150605
655206002
990344889
651172117
970984784
862832664
798405556
783412816
956274676
870624555
965267625
149305444
573706878
484852301
41537200
305164462
918708652
937897667
492449084
809903577
512267676
89169464
605835627
279997951
600152989
354210408
934915934
666903458
116160010
890932341
593688341
688663889
366792184
733588852
667835950
669197178
887898568
788896890
128899955
667018244
598191582
357307647
200263324
420125030
81476880
667019282
783641536
106091881
624038776
412842065
608034808
690204868
280773068
184032736
410789908
478981141
49370375
710346938
51019127
616774376
927916729
131502097
667252805
65342335
276936214
276603735
782513259
840118025
817016350
372340020
417265892
129811761
808997711
825430839
211711994
154960029
888906138
185710597
198521071
933133706
570568870
828824052
42864681
703317944
282897532
903483471
407890821
182759448
322798944
188854808
619826803
177551630
737877762
512125578
739101514
466689484
690054840
134920989
143188815
804873143
884506022
943523510
289075530
251698755
995576171
478223046
881207155
455342227
972320740
255829878
590075001
863659777
511825867
117885420
46205505
99092676
88637416
963934860
782444801
373452741
868712913
599753810
517319081
628161541
752513216
239714262
391933997
296872133
86329325
745022509
464905187
753985149
42521781
393647926
48627683
627045359
539748522
791165924
707741771
804674485
22276316
952548592
210438706
66969065
598779806
756167024
665725762
619992342
465920072
640008837
378052068
726119979
352476186
769736072
936160229
284752211
426204429
660913988
499185538
755861909
86289048
584335022
369012902
227298231
790924690
836089850
821137995
118177941
69257736
419160145
559344153
297471490
256193089
977770315
351176425
916164319
389315103
450350015
29381734
996346190
573988499
771941654
830952059
446320486
366970441
738785206
401508963
272785708
457487695
763875471
200840929
878834533
291980386
951879861
718385436
437941292
583535690
983140474
276044373
762689955
935029028
547547821
550734605
46759927
80664684
80580577
469926890
374705869
418559646
19995910
895437106
975854412
631532253
502839346
181873409
314347393
753382961
922692415
860327789
52139483
434580886
548352287
660690244
305382264
218319215
680509619
5491103
304313226
259384878
913235131
332628629
406174628
174305641
266691778
61317162
26440678
221207048
784192132
365655802
286389863
268858316
26803093
854226060
437491785
868438363
224986516
247302279
789141039
770006451
404038043
684558330
660843273
122812685
223904889
328109068
386676741
886857575
245352341
828440710
400155063
75089473
165613663
115320991
505324514
687367279
489262478
801548770
364840474
441522183
155432731
93140344
969190828
557036612
573937925
783281166
407777793
694126226
223198458
436943900
993332698
433207339
216350063
534306774
855346834
228676801
671785354
283361942
950400751
938582709
674640420
139583101
975854706
955751420
965500737
211300389
103244653
911482101
348901545
750124504
379175884
423437744
882461803
347618855
614573719
310897698
715367500
103806660
548874758
440623722
920331273
692550513
663659116
808408439
835108011
966947722
858739409
631306887
259974155
276647712
15581924
205900535
851148018
426257764
766881762
15849630
117285637
13439407
591535873
362637535
680036512
496295691
345224680
473073953
57768016
569894953
550745534
868731206
919733053
544449135
513309299
567978693
734487182
509777028
18251435
982089905
475923983
167446266
120643409
998553014
352560979
471937764
651507945
72253833
734542579
173275348
572289724
456204039
580737092
598724089
193612061
701928093
512270786
186237222
760587208
424035582
347325833
190585163
750640423
265213057
416202187
990008201
711573832
715525019
763338412
447603230
471413351
341370990
408006328
784791855
539925645
949839369
892795996
592982858
10076556
208098748
844787744
272970847
738531372
884492666
997605227
94541495
287994114
321008964
350837073
811381205
55707907
548249960
749189818
594215852
634764071
285338819
416805842
855430351
582350826
362552777
760363930
935982924
308915419
286939349
701861995
230918734
48197711
795945236
58798443
243772691
809132095
919287926
176160666
552488460
579247836
74354986
452053790
866147756
267607828
321660692
702014087
390564868
364687945
951957205
391895322
923163390
592181170
813790475
150027783
254586825
533033527
37365645
10632032
647523778
447734816
908804818
964055426
451592022
182630670
766686493
46343783
492048877
262210521
107064382
2249110
136419980
372089293
196701357
14968015
560409085
833285028
550658085
587822523
260690133
660538688
369799062
571294978
356958213
895044026
778698604
638737562
234407235
645917452
804211616
710739163
771766450
908655894
528636887
104753644
670443016
110299559
