903213500
560672437
270438293
820780848
439305535
825757796
293133659
955017523
255986313
393901345
932364073
15480962
951462783
834883128
527271191
444917815
432670179
909576617
143831799
108751350
635451113
694578278
8504708
237232767
878680080
889506624
572176910
31325908
117536387
657034641
470610733
941699463
361489374
626923706
305843892
805229648
130309747
408386434
124460092
544712713
755100419
920115833
165855648
156305236
252060010
87154595
90592255
814189478
217078637
423600744
271721741
296524095
686167396
714551745
978886686
208635221
552167728
33205525
942100766
549798910
253580886
261807750
837481136
598951670
923290610
990664608
653991586
324539077
529039236
722041542
314608068
24283744
785116524
599119084
353650930
715335279
528722630
852199471
985172755
791525485
798914368
757987430
814247270
693935642
385312899
174086638
255532067
646937628
648037018
97208670
253061919
97104221
466285667
574661181
291131827
493292669
82634697
566903976
233014624
261395401
433163007
766053176
285150241
495037093
108992675
247437997
511407569
87048312
360900814
263551406
679912590
699968255
48032768
150575281
750884540
495593454
447560479
143545494
213638771
749203972
735132541
7053958
676502057
431830565
468979622
217503846
557998076
210455343
307987257
860358259
632700582
961818652
619184846
723777354
358362477
32861192
472837188
319210176
584942966
137874902
662679067
168483754
286036813
384485611
417296079
553093663
49071452
315710385
823776639
795538371
45732190
939089201
353265205
483810651
526262859
426109049
89551118
853319675
26057471
891488827
689439919
300952225
779061053
500542554
630850823
718093937
80783409
324255413
792212803
718023348
22756265
128350302
558602526
75763868
86524904
566648786
721017143
292016445
14534486
915885958
168432394
242287691
386678703
512448884
814626069
693611379
608553446
135374194
197514495
932253426
943310072
619517512
293152705
693454137
448434982
361726841
389422700
785494258
753634787
699202140
472310254
724816038
523497581
105753290
772782106
917381886
380486674
277501337
397285747
959614071
705091904
797534671
838785188
110171511
723056433
447152228
914273520
266612169
685916483
937239443
109540490
945409213
126740917
859959376
774713275
403238751
835197596
865148388
627328885
724798061
177226086
935522884
538381657
315332344
443575704
443616355
718790108
280925413
739666776
897244181
313124704
331052109
738088446
237900422
227161521
145775400
780732322
182981193
970397703
1282753
447453319
122810530
99577774
816395342
589661650
526901039
598075120
663538204
331040014
369543354
82184289
515338285
650172450
672487684
782387985
769569019
259153013
523452844
666595805
279440078
728362118
633348107
526945391
788672301
624114738
778488380
207320766
888840493
632797854
628937874
622506427
652216402
894750684
626046131
277344742
54415555
835945110
721986313
725670693
916674663
845541233
55251904
949885398
370123422
815059892
797786417
680879657
65600762
455512435
457592501
886622386
257279478
516385387
690957625
272920634
814105211
595865137
310905472
192280603
811173268
319580273
709234626
30740349
702102139
747036926
429967885
620587600
24126319
395142941
727972430
933623908
537166699
797782149
749921140
433898844
673110213
683462708
156821969
973612407
826328319
97608722
141720003
433328057
175205353
742315487
365226948
135831015
203793058
353125497
463239529
458550417
525039638
529705709
914497423
597094390
136306607
24511555
247783258
623086494
385092006
177198817
656753338
670457819
727540004
523968592
349455687
459497328
766464245
257058780
599810419
130642502
439043167
337293063
365952282
713564545
177860269
275906568
855534994
959786651
381809977
294136870
416794541
671000821
931903411
269422013
408584269
7460989
883284724
152826750
297592236
648598658
435679449
533735473
588520400
649129502
440855383
471262183
705788052
651236760
392859800
905729619
369366769
946734277
753315076
332597026
19507249
187746574
163753427
200932877
419234120
860400037
168976559
287996606
241276517
90955136
760404274
985752516
738554407
458117991
115384322
341994697
576212602
613637494
959466543
951211760
694963052
905307692
748772661
716822779
272709162
706598085
570118514
204298234
566926851
476080356
924770100
470060263
917685743
599306384
249914763
220837695
843707561
682351846
733592629
437192198
479622099
147682842
292458955
497565264
888725226
455102865
732707774
247670060
535852438
50865102
329517017
755729273
987267733
802103315
637633973
114199555
438973911
446930646
928223714
712636034
290281522
964678323
721069754
765196160
166185035
290344011
68066772
139248023
208203227
894546625
498287135
893860754
880044864
522274344
471589660
547280209
612848736
251207397
828097551
817606295
973890309
322448454
668445794
516061749
146563338
169040826
482792529
115582428
961672409
135715208
781863782
396776914
754128131
20956594
146910675
514943774
426613087
527262794
331380228
598381215
387036093
593459751
39466833
641305811
552577965
435656261
875684407
464993388
330513654
90353763
501350817
187766514
618833094
110617418
738745723
967833067
296232528
205008005
618632821
997144207
807551480
952484342
177575612
72488019
112682843
101510221
139732622
859088270
375363669
956645885
120667122
85585942
919827168
229716336
430570202
380430558
282981620
27139983
963483782
710907076
293356418
17799141
785068773
871318646
634364389
594097268
777943819
643510713
282210870
179077606
218711245
221605081
908629972
334236019
790829733
434551749
415884139
966978813
528622968
451067743
295923638
16596137
89629718
373867767
969686639
415764875
267939344
389116757
680047214
358315165
684851446
269092545
241524221
907725744
703787788
789752339
167415568
306256965
438123628
518585573
323566401
496221908
576877399
196286063
737934639
899062040
176955969
585591148
438886601
996018452
964546417
316002806
498517013
512416039
414983437
276760281
928169421
411201006
901632005
218599514
326157923
388827061
963463497
923895704
494226158
949618698
980080858
904227
630448229
1077394
267136180
109627174
528855184
10037395
127501342
799701729
439718736
893343654
635933126
70624599
238808905
682348195
950230155
684028761
393768746
368848639
770575531
729108181
492742307
427027506
861582916
756214561
404624958
219524113
192427649
934739338
532758409
652981694
702059903
788315939
918981180
176051741
955142917
437809207
728882271
854919243
787147621
488479618
384914696
615281706
837041544
34825767
775267878
831007405
979790608
643809727
438596905
279434736
530126957
125377518
179043167
250972677
508161919
203420722
139494476
510921617
705002214
309331071
817609744
192762002
266943319
786737041
191283751
847617186
151643418
62757163
727205276
512420947
955146489
538849502
581701017
282095913
344193484
877460599
589985961
826757149
980946682
573617552
239733504
548617921
496142433
253323673
122854737
576682384
609272772
668008503
667889821
751722195
298314731
217960653
149917029
477816549
670869873
192152694
348338387
50304503
843542015
927650690
679363987
917033444
916604450
926175957
324288246
991277454
543676500
896947253
906779191
630701318
613434760
312737325
529974933
131384662
69597567
268991822
696619568
13619645
663882304
614601365
238344414
483634914
394867341
975483079
214106215
737185835
388932472
103884467
611226039
152040790
529122212
539681458
983215133
53295991
894253563
322700058
632013470
569966475
929035426
131577281
33005883
712325517
761229310
37188502
138287435
985577404
687985718
18532366
408218982
401878050
495533124
334718741
386422198
228940649
689306276
195729073
522166103
941121369
712069741
587102409
602344981
439792032
285721214
754738401
101579106
73753301
329522191
476678942
237131097
746897507
636978351
126653093
84584218
532305022
581595481
526018895
722405602
357678838
837195644
228528810
49200116
370400105
695665484
209347988
656507664
194403470
153259260
754274483
363989713
698524490
800533954
690892099
857896733
341933016
529232299
593213850
426604303
6490908
935609394
64534133
656055212
211306776
781401268
661321473
764899697
368880031
250134522
854117174
647345166
163287381
473323469
164487264
103925724
483540930
537902292
231944875
744126547
76373225
98230737
907175634
920494039
575247707
112689228
538606606
946363552
946086251
268756359
742651200
3072723
988381630
99414592
715914694
422069443
772661510
572473596
837893338
588998836
34344010
444448290
287627633
944268946
299142084
106929317
200702332
225201020
636046689
586966374
374355802
804030722
297287423
849087302
350231077
908260170
28433759
144040092
80807505
98617548
242794661
714957919
818813445
100123672
507483321
851044451
658963534
63872789
757408774
742417820
331264213
911067332
700008953
642946038
709782536
631924934
810603103
962906687
621351955
468318389
911986894
313405586
310316863
359119876
894400555
938620476
705785298
139294328
749183513
807654522
393635683
628621418
491666091
739275790
346204174
319386090
625634843
187503960
436785625
448097632
447965781
136829542
467792244
893628868
255702161
463288468
104021769
654341384
139304765
718306142
97657067
65527071
522688136
612489115
186630652
929389074
404641056
459693568
205723115
568862843
145259152
519669206
314689275
949754250
348782136
702642793
419401241
960733161
296741863
390396445
6290090
623099142
526121061
173254322
20352607
775157352
845613340
416687994
103417715
431112086
834598706
51443914
999989561
30877370
709997455
328108611
105933281
879176975
552645137
416815099
914745033
165941274
981780844
867922780
302838479
928296574
822140266
518037993
544846731
553059366
43887227
143288607
357599521
748908319
712016051
474557923
539406009
349433813
592136507
411473299
83775734
987953061
356275853
774611027
734264136
93815238
519679643
283811904
239756794
20673525
596709512
540224265
408088024
879926762
475651411
840348815
641318297
658198279
870415841
92056031
953017084
327575347
871841261
550358347
387224858
691310099
693844392
251081242
318861318
235439531
