421797939
537829329
571938495
282285432
157264923
162796141
74974364
215150147
342593876
204900355
296165931
92544928
475096675
553033677
987191250
494414323
900161360
702454930
548299256
770671129
693359293
534286157
809765964
36814140
41516747
483733798
857013917
371132185
49996450
19111857
287224926
511562350
934260239
728601195
698701587
423884749
172014903
288707271
132819506
922227807
495714634
609666125
898072668
379691812
490328921
947622605
575004981
344957960
170965883
89542834
505937932
867789386
423061572
602338871
1902940
887511780
728063364
535124355
240768685
673531123
305782222
703842178
165153697
323482019
917675428
784603580
158284688
746495478
854332088
563306500
322399420
611454088
569635423
626071448
274956495
83693167
636213488
430074152
546485218
93894140
908728816
512055956
200166302
960453614
513173923
419435539
88500778
331921368
726698255
811189805
695821383
636890547
47938586
459288381
616445584
791872455
444512428
574590649
462016382
705725339
789337917
828509501
490625870
607659381
767143413
894483842
298153962
796990122
327382375
918209771
251298292
297989212
988639135
146874544
764802306
793726265
503675875
204700081
810308094
498239889
696102802
826363319
19797223
43142283
867485116
685508872
563515502
110347042
9625864
483084039
639180738
61622838
968057768
840759877
304556222
80219314
21430085
592506919
193310201
618690079
121281576
291510654
4538992
808488482
559891513
397832171
648251410
901064041
694486074
822719317
288196579
239812346
764282553
963776492
9622537
962974597
808712278
447483587
740174264
81634541
330968340
187806920
787364258
844298335
279029033
189675453
329931442
147879258
842318321
684582992
772296179
911168955
11389880
191618014
376958312
404592147
821824326
211308739
483250769
469652944
37257461
662451460
415860967
186906545
194887459
399368391
297340283
4281275
831137340
341581624
271507035
573946497
852332654
111675659
287721738
933474654
504146394
160240655
529459449
370216059
67900728
500372152
58745719
9903082
50423138
377027623
228422465
572664539
586818180
605030388
141150270
597403538
964232817
270521319
44377079
668516879
771945952
600457713
649410876
879660640
892335169
325650167
316741917
500736696
413075956
198349682
58836300
899714220
903896274
443483656
900445751
661583670
681849289
113034709
401752216
536885308
603705740
405957884
136483407
817859835
170945926
724675743
417463094
226106951
200431353
674103496
609713679
581811335
67298579
619204858
161528702
903688680
510829778
649798807
477880888
742250559
183630234
558009022
596827124
852073455
318191322
328708244
668768263
143334523
704584635
479566598
915554247
851198107
868769101
507491769
64811139
365988067
463974306
831551039
708714714
167659426
908187072
90634965
300305343
738972459
588636001
477024964
832415640
284691416
281954954
996757070
150753892
32050482
635153819
659501655
353255073
45696718
809130759
284409950
499668513
842237680
55907480
274128571
521522314
720864754
758549247
758515570
713042232
559806808
554393719
795540633
439714374
679278737
941084091
310221462
834063486
92995269
257703679
857854663
263437453
841166356
496292602
384076846
861379567
707827564
328812706
883503764
216044287
209267446
154236696
19114421
556857307
179564355
331882526
866477033
111751945
634058501
569112650
579440587
980423210
830120429
763982731
272608831
730297696
486414320
557042695
471475153
90966389
324932357
825438167
260259804
787993038
951276094
20972497
658502155
345945077
671830632
412749002
813694748
392052048
875045482
542471283
503774786
405570112
535279297
238683326
260150019
347396211
74607058
198469517
200004985
523882617
678263090
877431452
433317022
77183625
223683771
653779149
374965247
150784869
857337551
792537374
891111929
383829277
893976890
231121382
605581211
158591858
673380369
520531955
439921311
221309498
755417900
187388539
105377728
287649146
260207945
867038717
195018398
247730993
296892675
124078941
16359331
126462839
625433182
736377185
109729947
73844642
587655473
581318530
122261306
18051483
37783754
662909878
534714495
82508107
651359352
119945508
511593221
304157915
633102113
101558161
674015840
554075102
758548204
978695485
768464716
490874550
772053723
145667876
816975678
356645053
458760750
127234253
853892192
733258609
776178043
764649089
758396093
157599704
121391434
531736569
570936383
92061839
398270649
421869828
183525743
92508021
652674043
22869621
636289792
140262436
355445496
890860481
614628878
195334514
450063100
462284228
367914634
646737695
967912468
618855396
301790917
441987597
764342850
765616252
559290731
910549500
809017685
801455884
306330062
886710262
361549414
353993516
182766481
101365544
530621777
581954001
155804452
336678376
795169741
675956694
838200506
749184102
509378082
676713242
1199556
567900268
512605374
658557678
283195509
313893814
396734454
111658398
189687235
502536036
229945651
128948785
327718987
632654396
862579095
272976242
283490335
851218157
716539557
749579529
778713021
1451979
708093999
513263333
664712736
868109098
306479775
31236258
851567952
291955774
780654889
552606814
932609514
87629608
764416695
991390462
397944125
150460007
518260375
992436246
489975807
249891016
164306281
680230443
871419892
401672991
254235013
523150055
474099280
522193499
392466359
986982347
32644544
759798551
898000219
999747576
859806267
999342039
993844940
415086410
7414039
365498196
260090444
897731460
721881146
677338836
196339270
240089379
868237699
871188631
875032116
133030328
332957782
724103309
259603721
528822005
837145696
27863556
641843440
263039745
613874084
783329718
557136977
329374453
899489413
793672540
519962269
172810962
189629387
764669117
131584195
398602084
156615065
103173965
985022207
124477610
989800570
266574820
958349296
194081055
205333720
14145633
654912355
602910647
647161381
259436030
654024565
308541233
500194830
369178214
162601879
831942711
357498599
730805195
801212324
224084319
808361218
930715989
998242045
928208605
157376566
23528308
50459992
103568582
739604435
476430031
976415262
229783817
739081101
135126111
539021433
570570876
69514258
447762384
57706024
599728451
128417363
954226328
682213070
640053383
139647974
211421035
672616131
820451172
602067237
299641483
41103485
425809868
301961639
760937888
316116391
59084581
268332774
30140690
36704489
181805412
963685640
551343772
863306211
170731350
283020767
424240748
569460131
365068719
830156779
592031002
762428452
909736213
673099171
201483873
95666955
854134888
248502918
358188662
788560630
945955530
350912175
230008819
501501343
439962951
435326545
550605393
927822176
978143211
819009718
479936851
302238102
39373567
411057895
875900610
636042809
577073590
90920117
511481720
357032615
715407224
641960902
307547412
990294391
10036235
537213030
131367271
752710696
100477766
665270932
461981501
810581662
910144111
241580059
90748957
830893235
733676821
49842429
423343259
735404804
732415373
496418571
591316918
546058999
350219928
289792899
723054884
498678317
797198559
565441062
518593364
763214771
737021197
1156046
73153405
303994627
43364763
239714426
491465107
902749920
303959273
797894695
827344409
312872279
357028216
669355188
392093990
797793507
320308937
45007375
902365987
527231160
667576856
776076914
624617240
218988653
50643983
761488411
640074463
720243334
814158144
632688953
955512136
535036703
146677568
698766728
73560465
908988064
168426653
786754329
787528472
493962394
558377320
520593338
431445530
934520677
669074160
278444639
189030782
680864738
897698908
925261375
178369379
752191184
663075074
991362202
95637915
960944281
376538804
854164751
253350643
281876351
599639962
771221771
88591775
671270319
842382557
292307706
166194711
658261486
595794723
483105924
629366854
533554607
257478901
408403592
968853839
146983518
344631383
690096562
549914492
772199343
572457628
959209723
822544425
888896767
454319573
203320952
871961628
155315364
603128813
112616182
532449260
314261901
533403685
505652120
894322431
787155547
432001563
760175210
92138119
376766454
112249928
530769294
85070014
414592983
295894521
644814770
494712282
254671481
22508363
948654395
616312897
686442240
304250259
481151299
709418721
640430237
948677345
199695006
216950745
639061605
420346077
10879347
55132673
483178540
950656663
315104953
150922
751826779
514081160
181698291
714981954
584456172
597958443
173148037
659949414
41688334
874139708
407951441
593002246
809504801
708608669
617290146
132807000
654474416
496303284
846007018
10011641
52252385
796233398
253892193
838478201
232306556
543224464
453076513
956420375
101370581
475636621
601891473
463936319
980789567
644663848
742885501
740590320
840810071
233672441
31856724
88483797
131102221
821201884
667730386
766290527
540725904
606692758
407445942
930452934
803055929
878072345
400658255
986875255
104649645
305093311
947898535
955593380
260188966
343220089
482675397
41231707
144881930
216727660
558578833
566051711
272248235
944015121
612212678
164840953
965723167
876699824
291996928
420801975
464446559
757523221
878909419
231050500
128503011
487601664
297752296
625613796
135778522
522623577
153364445
223298234
74978366
615016216
359286674
675696255
696765312
787292120
480401353
497589981
750997043
990625016
943601866
914374559
262623051
101678675
494042291
596710782
994480079
242604989
964729766
926356104
586075417
979856279
522428696
347126423
426183891
716848034
827090368
772587301
45467792
857061599
905453184
622258351
63363214
335280598
491073345
657232018
584728446
936516421
468075640
178431047
396298471
794406945
669804930
473821541
813921353
964534858
968427448
26824336
993559371
701041513
631133715
893173531
557893809
227008340
637222816
95122086
92587520
12160250
249512364
979917276
960201750
707814051
452122189
893935442
85171831
321343514
851011344
927342451
610605329
836810272
11982335
57963658
774529348
786298719
530057633
791668470
310051348
48607154
533205068
461649031
748420585
