80616192
128360432
592031714
182250483
71036434
547705921
264203251
43249253
856741721
610344721
555127362
705742469
943266965
559985959
727367994
259062923
477019977
329355448
337655531
109444693
293277287
298220697
413774185
400885970
884769003
136251418
759062490
599106619
643409165
391882641
18290610
681875968
514799270
711993984
868481550
480345449
651702304
656303666
772959390
782052273
202654812
245998808
386272760
382006063
796880170
882508498
550486723
905894184
506371817
820568464
173295448
243589781
486529875
923462170
884532492
782395494
714586245
191145744
297481478
934785015
788643429
665096630
399840086
464859080
592054110
873251393
190943199
231272981
691504408
247022545
607360617
820716310
556396056
555603257
906789880
47278478
911947936
31768121
604005798
2260505
585764693
853168305
92734802
822840699
218587193
774700828
195346093
591337099
827461490
86086056
765759202
460556560
358822188
838174374
993408842
537558180
846158721
921413679
789951952
923628776
691565299
319213741
214389776
259349271
213207846
352579137
687193723
930926616
16672289
837254013
870447556
682818124
587139944
295220972
349020321
935475123
572361827
576999385
246271887
817353280
677905300
599606098
403811489
605418352
481263342
146804056
461894122
718221681
562194413
369231699
201119756
990534256
241816167
680377021
310695205
266550951
638778528
833385529
609632853
866008054
87507104
264419475
574664809
990207476
215638498
82941077
873416615
63601215
489154052
57933719
965196351
269159335
675141791
972598670
245723476
91959200
915402250
608971423
778085928
66403789
890685013
968972041
368732203
647440589
636134256
879913299
441001957
906762922
984525766
82469369
296696594
738976297
967366531
380263831
729846176
413485824
24941289
413604012
389779853
398322264
273387440
398292906
229067628
504260694
404035346
931960420
315392464
269217495
434653545
218736005
351148700
29807105
55299600
543229063
975323039
118535061
895687271
927224218
354073219
335725197
641939119
966653691
79075448
406684682
761237123
226220054
301792803
294877960
242752494
832237650
67017910
501798238
219191569
379763664
793016348
492392107
739904413
864471507
243405243
704173835
564520835
171784461
472109377
765789760
731320668
266889489
683676696
424137468
404940790
611311114
517798552
97717069
59530792
54054656
756383143
306733748
319217458
822382944
743023569
177815291
630167617
20514503
26465001
602415893
151718094
849350460
810615535
675535935
750212714
482930932
378630647
31215763
683818975
649899383
771204360
470154658
494544313
313285686
675364013
494347634
542543356
877655333
889937169
631441379
314439097
969300840
442267445
165136912
623380519
486282599
173174648
917521467
121447937
65589951
74006218
544006331
145319460
869693482
614071666
881970206
456273952
8140761
673924753
922009856
232680466
486582788
413898092
409631408
282850294
286228485
812189433
5931772
147018931
248675935
635271934
752512282
130577333
395023620
287976796
182417252
407083015
645478622
52155415
263930114
309756284
461109179
909767824
618229024
575893164
227198028
324835197
624850830
699214018
793393805
38073681
534402594
203730580
967927311
398760912
827856307
555402747
32636037
882286617
337152033
674093165
167242876
770502536
872772001
430318015
321493935
413428998
750295838
581716686
431654413
474887191
810795329
955985345
409994638
612253571
771571286
576814963
795669067
833738242
55652265
961393286
187338603
306717752
353625124
210602253
100869339
548781701
162650020
996262707
460120487
627014504
374446978
763192004
715003380
589836947
142513408
690606642
36995823
187911008
254399229
813769029
574539358
43134143
267559605
318506614
227278351
578417248
793735940
355673739
627189624
251041344
759733678
198897793
826634351
375758745
486754562
860525122
416877411
662169748
329448676
772712232
250778978
754033129
121596199
804639908
100440213
47603324
240981964
820157690
469740163
80964644
539819140
607758059
579339013
241883235
386853928
144204459
39158146
35118510
983323900
522452090
755045759
806976279
369073082
209079142
867280824
175549184
936557652
339244634
103082385
281988284
273729230
374826073
858462331
481686996
562990050
820506227
921537943
462919696
218066400
179675027
337435283
973578249
885933575
546224980
711222203
151975619
619558779
584751115
988904816
342550102
821366976
381758901
678845846
806996584
17666473
443802698
384960046
912517055
937359082
924891027
111045671
901737329
717075304
187751879
807235412
164993066
749295726
97652017
678893184
566347699
222666515
576238449
817052108
803648873
185016807
781467508
921042703
822848101
497856938
715305205
555990404
351806537
350339817
760532281
460621307
891970328
695980226
51465746
464020522
119187352
435546180
9020887
525560612
293175372
68629356
435697953
256502945
698181695
738989566
546229137
402679891
521906762
905857929
422557116
119883587
245128526
564706791
875196971
621979777
236198963
522759994
562111944
414660117
222053877
368900622
759239133
551397511
956543022
727130570
915265083
469012838
697829980
633631493
559705832
130801518
213645628
50677836
523876736
735019517
749318852
524964563
222861007
83858535
951627799
312625313
34083642
445948606
927782699
640648693
215492780
327263537
820783254
429485968
227821559
596427356
873434235
594360768
303506735
924274748
309390222
884300440
299959922
971051123
823724482
77216298
704849910
888275268
346152097
291755597
906237958
194450690
40830054
140177453
872660923
711234399
299898987
478253409
463032317
909428562
334816980
313290526
623614811
315894328
511637790
588001546
648229583
268344011
405809933
963278474
257367282
619284858
747171099
599601987
425629295
865018411
225004641
251809882
260134051
874411500
607775401
145808373
99796508
636027101
734410734
21042090
286433482
680605800
556825043
516587159
296528369
395180826
131328451
394078171
589457767
996099694
260685629
984065592
459413333
235722936
428986714
436505899
482465334
382873622
34388315
286953099
447279589
441228066
714548157
7642512
486229757
48089104
218119357
588620815
301653161
189008606
213494018
987587708
581483592
490595699
301568063
967623781
711518966
889222773
666750104
862186454
487956407
353092928
10144219
429529600
604332782
240939047
792396547
24411115
445424786
171269502
663343038
716922884
601638785
447457634
573762499
845205415
966057642
549182531
30357401
248439265
177061469
542707635
92425010
400449160
782605675
273097919
402581999
968817632
934154871
461362931
724986931
593242560
716123517
172201860
798996691
94186661
431083846
285018556
403309729
245290710
255692555
193708241
143196028
130383658
525665567
496571132
385948923
134025958
916833199
456362647
1566139
162336435
858865371
418310838
685124984
945248770
260667917
609695057
646923923
331234862
838357046
823578914
90256243
984061853
446282570
70100477
799367
429436925
648460941
479575838
414121568
681039085
145872801
785066689
992746708
983353227
399511606
962041351
874783591
286034542
887148994
268556041
51984433
477792223
459796792
562650495
734377187
297812678
487076875
853747919
833518742
821388787
638094631
72074866
406933662
432113640
103451997
159134173
684101086
455565090
495771764
956511997
485565015
437257360
42241079
320527052
16463634
73798682
425564129
701771756
545737164
298626565
734911465
360889381
444085866
569801005
771594480
612464018
524265061
883632073
335723289
702986688
942360049
794713021
646057095
592732779
42944454
73797934
378133027
560633067
879901229
240377433
277940264
419218501
790262776
930636996
782991025
614727072
435551144
139269739
546186861
660578505
872248547
785305117
308010755
534892177
86477322
277205250
627988998
837132656
660519159
490987978
634869110
800469012
119841800
792785075
14151948
690851993
791200264
449508298
277582598
942665698
695665653
864931060
821870525
305359731
20686300
315692963
570626603
513448869
786809979
156867408
176912874
384995322
337445211
675144783
830738139
157054931
486702265
111164917
506255457
765739202
445808934
541000369
900113907
388913251
605508321
477471251
299376701
997477700
916485048
92139032
823526806
986042845
861687139
603521162
964912850
7317486
963434590
2651024
514205876
770784358
706578646
114540129
50322677
503651750
314075103
249873788
463023800
444697016
962046934
857097015
204149727
680035346
943252840
511843395
496856763
154665284
964817152
432957274
699851409
543215047
16316262
573148901
596963819
694670946
333340600
190870028
523308181
733924048
710231931
823420653
193620339
484051241
596959039
735471098
59160556
331268804
490677692
396462157
74838147
355634532
14447451
854679684
35430765
59388033
887989304
143491459
42790004
349843744
106664398
810247566
42500333
530477316
302799613
970990828
754468096
133429744
517576309
355651729
170311149
123205075
726565605
729099750
734465083
138626281
663476676
720098484
83076307
207781741
452682838
165587958
663987591
568354995
358119127
344216876
528767596
161636576
537718136
537575786
806681641
189849140
148080023
173464437
627259649
899984364
780920319
663143022
181251627
625968210
981003001
925730810
813692494
135025962
226151007
951633071
629068926
285347699
120214600
896804483
395911355
167890819
60415152
835008262
897160904
941076438
146259975
474145337
172358189
958582736
442223232
592831519
595711607
980000522
548970086
980462007
975125051
553101168
101840100
834480717
357705960
333654
538846856
457108095
226778739
526952027
351895463
528961628
342203987
406486055
715147949
243419896
41421975
640913651
141664430
638790822
129433988
313071760
276303531
686183210
753724389
306774982
490784832
222668890
183744978
388171482
330019202
833691970
586055874
245688998
976508018
75967757
183507599
285733882
539098522
395577701
629043962
603307056
608229522
370208876
589180975
617298345
131941349
765872133
243434787
198803335
551409543
954797954
838336091
910179263
851028019
662053290
276797636
415656889
80756327
50930978
509548820
316177966
273363116
838607256
