449076436
188405554
915560875
544706642
320380613
253248657
816091781
172778226
347333346
491320813
718693659
116791859
567713882
835984010
964509180
390937252
115739718
358761195
394740344
429249327
827546003
307142252
47844439
249164828
625844405
251463080
487583915
251888388
775080735
608221765
284050113
893825962
70241963
332562684
811536411
124655600
311710161
697538717
663513940
621501253
173912163
513281080
685823978
665264794
611702141
455352245
875712918
512214322
189881134
292405583
476488255
769475663
543667261
616561775
274008673
141934183
140561114
666396047
918862236
68917533
765664740
564203393
397697490
739111580
207270699
824867696
46549896
235151198
24447598
839853580
79227090
418201000
695247254
773239090
255337164
314264922
621318272
382579644
637462685
170492159
375750160
975369592
62007253
482675151
131733510
514574449
350158700
453680186
58554010
669602227
984094484
645314112
778676480
594596406
855836512
609708768
115583590
946712397
457994094
786834444
408802349
640561720
487766723
350027553
213178492
58287255
74228408
770428170
361224611
959743750
520615910
757981469
28933362
748370076
693167372
790295147
502196139
915022337
607378069
692696249
474708995
592869708
176597187
354845370
855759094
433912976
639524518
100650847
917402577
645628394
198681332
674605873
924585548
850628239
761689809
735188439
487602868
711979699
269496658
73446254
440346040
579730529
92455575
98810259
148986317
226113014
616380750
30306403
901429033
65541364
107512629
200561251
339334328
765297844
312125449
815932639
463964532
132921353
494268458
779265515
418762735
973577559
853025591
715596216
761062417
846010035
833395920
178305121
986680266
957978932
302692279
790216438
645525679
533931815
252350208
894978464
500414133
77786928
205859053
629646079
817532225
609218114
199221813
851861212
538115764
998120080
335271545
159287703
538502789
945757168
271223906
354681514
217711241
490231142
654683517
466768480
726704937
376859357
337747840
302976280
392717093
438075629
43626136
943450100
762849084
317296189
555035571
805402511
512947636
417146984
315518506
386177604
927062299
864622377
961733289
809544620
774355746
1164379
177480451
762942336
510738490
674108217
639802330
40923098
686755025
948010763
572505197
155294536
879248296
785581727
168273527
123554775
740039086
902882772
236928986
379456595
565591978
255771712
89012127
220819575
443084508
529869032
646340066
121355805
630238661
885046300
427619214
353088863
528497852
845138896
692412732
725540557
199378906
574805502
792237788
718608874
798273297
2703038
256695074
814838320
744790990
399741034
926154214
727365908
248873457
191963731
646138516
24179527
627693390
582276693
243952642
518584034
912152250
956660875
319857827
980869456
27768150
518446525
410684435
801708723
520391548
219416334
626796682
34109399
93168994
442732968
924175868
165233584
110644983
518320110
581183297
562888939
999076636
274173806
476028583
43343474
603714817
918974156
872482346
438274930
238907784
403439687
725395471
946221158
601186254
173828698
813388305
242718029
254947675
811368331
690840724
279826771
592018602
454986349
294446772
525374656
772944350
892044814
634196913
806140488
267787861
480904932
913534542
109373279
1093395
681063701
519507396
637978444
480632292
276514353
377154639
108793992
645964178
972409503
562800939
116951860
494020862
680575523
432923143
919340294
629344661
681457838
910285907
299276650
827479385
301356525
970870336
544090287
979727033
950653925
270399122
711670001
284777243
66341858
170487068
758002851
489905143
616022191
945127762
920122552
654321301
175409861
762085736
978433320
434213692
582046731
633862592
619609097
892185409
177494911
31353794
92368827
459121670
714856618
176795826
586330022
570619023
614257892
281893892
699736869
710193364
975417107
658251410
529978365
6115231
665484636
824016748
579622320
801922435
804798087
627046715
877998669
735447760
512800590
265018993
453934800
919372101
931852586
865062957
245432654
667493932
351261239
651904877
802232121
919300131
178030295
252548330
569920623
889546031
584157045
187383827
875647250
334128298
245390892
209929188
678904192
517158449
232107370
972318089
768729054
758029981
54240272
817686660
87387321
550448195
153355123
356921065
946321079
449837624
722861024
666957920
638766436
749194933
36461238
32242937
358932124
323512230
856019288
610678232
828084934
412936305
254096125
690076287
217765390
617414259
751399464
543870371
490056867
302871402
586114799
936776349
687264730
959534495
96333903
487402672
613253659
533574577
564517555
251783925
765945008
821109228
306227250
120082999
166685006
917199124
548617390
126452316
297667060
213147955
850997062
355391962
661139160
621429137
144233154
355792748
503933855
364163983
599921270
469973061
799048730
609484751
866864197
643449676
863722824
786084673
979693188
679231939
652861030
549058564
418989276
825357546
758994673
604235362
844733222
6975706
106709055
134013126
523391281
300566265
68796869
624947147
246203310
276908912
451874339
230722837
275637189
65835592
815301341
740541153
983468815
249089676
933653306
94544494
452735194
156460257
954245029
662777573
256360174
380600331
937505934
869385449
473591285
748608494
794158677
25639516
596397287
56903798
776695913
137257447
249083693
369920729
840772700
299355005
401176192
174101583
363281440
589955285
191575337
632999986
510447484
913857595
863930597
912319875
565589748
169899600
891704238
664450179
151500167
688272965
52730675
443931480
877652951
142790949
363060329
199411419
151355861
497594814
482750233
426234822
634325549
218733391
289139678
678043893
491457460
613548085
408316974
634298300
693368300
278633611
793178815
364289744
471202236
623360186
870152845
23648338
5454851
561271408
183018746
624259077
133935276
931947106
905403629
88422947
84526772
805152211
492267777
697981751
936294674
201764773
22745721
865686624
107205051
765340513
998674436
291714093
624717917
185886704
420862415
952041661
761582625
257405937
971081878
872866555
895094149
688440930
972729243
254292764
272638102
339411991
193956567
590084451
314576068
858491155
292299546
702378441
313329760
200716730
593517121
686305247
121280307
710335222
698003625
491603527
255887890
927492189
257084692
705861722
624685749
578438752
398930419
819568145
140408993
230977084
862676450
876529337
960865227
32537074
193328797
396085840
832422967
237975013
425343648
596882682
7808205
432661268
551110556
248713895
473040966
296295994
978384331
424001187
592369582
734557167
830761353
51247402
559402311
479478350
616978665
967601958
431356237
266867521
629607014
694199349
940481570
374388421
449675458
83598983
995814703
415770208
741513213
280792686
7387932
197431280
853882278
883305293
284991573
101120942
483795322
823226620
376381633
8370797
232820755
328389754
600054419
974929230
227198562
405851824
400215729
811429047
317127025
481386877
415558408
225726838
964729602
565555446
608367997
731144297
656401110
633419782
982985808
467511572
252899191
57270758
554782780
697591645
416613255
394938302
880674887
947456059
766255828
458281368
995683026
793752043
591220325
422985440
34046765
301217260
94144929
965552339
147189858
43823633
683383253
184385655
98643182
260126335
865234277
781661093
232701676
288326832
274937295
553847274
444719830
850375538
840240810
908870059
755471604
175549997
773606972
902462773
558315975
832260259
525176936
452759669
45173219
858845656
485703849
621806363
634506511
541744162
531508681
307150737
636999368
690848770
486229924
939162175
784128318
68513535
958627575
294656444
832357367
634952161
162236625
592348055
672518763
212408553
13561537
145307487
953511232
682350264
667513834
858496767
527610286
191682155
407236363
314929597
518646696
230623583
139212435
239797524
774422484
243427913
147154581
690957513
756818150
967786556
916847905
753871059
364145614
901078634
124741740
686958069
216922421
478950528
70105406
923363813
670023633
932828880
780240905
832764665
845284118
340396362
668295130
952156245
874230326
673011913
779540450
445317213
283612406
171300326
420515478
553504735
929301099
718830050
520233958
588929453
487797579
471279110
835529903
704732205
295560646
259690477
781161872
52432597
557608524
980555764
641574345
48659758
121576748
483872549
644905963
585817814
450382676
306447768
394513405
434026122
575132781
194998334
816727186
83806237
188246106
471530692
470258652
192845287
480563155
571237004
757656968
498092370
958716568
481175951
435566233
198744522
97298976
75508700
537204018
585593640
559234488
615862533
394547721
893674561
31437567
730880692
323740464
799739855
526394362
834697662
103122058
622853330
324316644
86207835
13796671
292799244
654551923
751723666
516486098
824029953
789431824
588316585
571869441
986371518
222898795
143481975
89943188
640400795
48306316
446161440
488518838
374873976
769243748
808919764
874791633
959270247
800450612
923052623
52368669
457365413
147790227
670518795
666450923
645865491
468114945
134803638
173775725
872508732
467379280
142766989
544192597
345575308
559022600
713174064
796161815
970917901
43993092
408176202
670775765
887955591
640937503
683339667
751433539
80232922
346178824
728248081
853609580
515396879
211416201
54526423
492348631
731499299
699354996
59120685
676239725
118913028
921865661
926003948
518256572
88095157
969706248
217434455
173021515
905539325
901968841
142943529
815851375
56069684
12757949
903873730
915277155
392274410
252276858
164413077
816427908
464450559
919085254
586218001
299686667
739866863
281194056
658378845
661092531
412852857
650418357
812693297
646220310
499901915
36934339
677248786
49052240
117989142
889919628
582680608
918249341
423503048
510318151
845894212
178264079
203235294
912396705
797539896
502638930
307542470
139249266
100074220
479222440
534941919
242692775
211789165
199827772
335647660
626317280
778389708
806901099
311327402
556341923
760168657
255120968
89275543
496723218
315949459
19135344
335509161
854821489
