66943671
205524648
87135428
381430682
498279644
626824681
177235145
615838185
38441505
950441484
23862098
786729317
621145565
764274729
6856438
120599610
513474239
12449668
943164317
411829065
585173673
251184193
692205802
716491900
236561917
527531415
208169733
458321802
752882244
46279889
176521296
515124906
511770967
73749589
553140244
613645168
474746695
529648540
880597844
844934034
566303779
484832952
433847190
884972304
485430423
826641722
681290362
571790428
391259593
921583426
829108248
219512224
131364274
745060491
21352748
815759476
513318845
370643526
144868764
970748227
418654947
718913342
862955939
992161615
773920188
508737190
274958350
547395976
211134484
393211268
645852913
983825698
131851823
98230283
845525285
100340721
817337002
807233497
231061477
409920193
846241052
636379304
67062208
831298816
217171639
957009070
383760632
766710474
52396840
737380766
100326323
104103168
384779775
909849615
426279086
847390435
621877011
441685573
111052115
976693232
551683371
133894385
360655943
998048324
275730512
845282549
87660400
33133990
899535205
921012026
998422473
706085347
139582049
734948569
124507175
782275641
651851134
31657123
774989976
816911116
124976558
508247875
494999136
473753717
292884945
541749744
599045923
222002207
671951196
998134849
478463709
375651428
696181381
254368244
858236821
712346667
275723361
69013883
555568303
371889088
869348670
350626642
867175268
131384812
738958291
394240975
964521118
649831204
785342440
644003443
195539300
590219887
666695596
294140997
851716673
43435496
638895248
886902224
705163378
733980767
246236626
865658192
361182793
901400354
442548317
622771045
9903965
885213804
876711747
412160507
506552280
582837251
476088818
403100888
947562445
774349914
641072606
363614323
734795424
898643969
577228625
949214717
436659766
27947752
802595548
888243820
708955830
402040384
402651569
814801325
73451418
388821135
363850503
821587535
125652462
3690477
989443847
965774912
688836494
116187246
384337009
79307313
773119455
373181932
137451163
612702048
114131068
263594708
346578551
77366759
402362888
275280925
152106800
806519408
156752141
297021907
428998426
333235040
98804805
554304496
913815213
607863580
482562235
61910422
338709088
117731144
218986747
654501282
277448425
943871967
784906066
675297692
674777828
618608178
514306959
497921311
176095262
63477833
890496588
189893500
774112751
445361122
55461832
325284810
412438436
798170492
236714335
557331093
664835394
828630553
574692050
656208807
866970106
134531998
202372032
776473428
596745077
711209033
34472844
19720019
393715300
459629785
986146281
402706582
292460691
727065194
600503096
533498620
292212449
658830829
120926645
365520593
442738451
908911304
780191743
468454090
552401747
157277425
649471985
540538595
881016807
661655652
989665887
448817871
369179916
128697258
808327585
540245830
416236146
737833530
901176232
464886227
29004989
870776569
796178198
314482966
459214840
652755248
32824118
685373240
197667396
703215714
265118644
6004564
707703908
209171457
213470355
958058800
354340253
733917940
224071680
439467652
61737047
493934247
138703211
732059646
469963897
537328410
33526665
163763433
918737608
60257265
117262474
554378918
757654595
656040416
336515603
571961881
112733106
465708777
9239250
899646497
124453307
964098744
342871199
177801092
396537008
983661322
741113962
160008459
915226901
850268783
185905576
682318204
513761849
461708580
403149179
535070740
732073357
64118551
844519068
921886429
619228582
869060683
766635630
137410130
585953239
710739725
248349968
51663491
872655852
641508473
845325694
888631475
724678690
324425181
315014345
97638302
151063047
960902117
335522638
486302573
796214446
873518205
248536530
68468824
874351688
434944269
40617068
295946014
252891236
801444862
839888522
48614554
621189708
87352820
280417914
255392622
197463113
205461069
591847852
685797282
735311353
689450470
287352605
273718428
4943088
297274099
957639513
189336668
146694234
305510877
384007693
771171239
728595912
358216494
125671982
745710376
620524153
698166805
263058441
151008970
670122657
952403952
798772253
71210990
801619950
796711140
267441767
637325869
44007266
59621723
900175188
945601977
369054264
649725355
750991219
106763976
586165600
974818101
63525736
577077588
477304754
851280399
149251779
947380358
417437169
68717282
320018641
262973213
961680836
534707537
634868467
499296306
942402627
440838881
15674625
782907399
890678216
216141614
472098476
208231947
29832332
320313643
145329401
87072511
405335687
438405714
402116975
78870556
607225273
18908006
159544776
645706051
634641069
685980851
673704214
818842256
803152172
851391893
653773820
732902667
476692498
4468553
675645032
509299728
424753254
400878882
3199350
928215381
634050730
968083818
216085758
370023985
502719624
855293788
547245255
156991111
705950997
62179268
542044671
979031453
666600306
241148084
655747939
942772830
375162761
989162414
864655235
256421775
767134666
196832367
979755225
39286322
562367793
739195808
731539447
25363778
644668610
636029672
662319255
4456805
435206364
473901592
444819825
639141454
802822246
789520789
142986427
779347280
138735596
516713103
112891259
740972904
309347222
674742366
66302360
235544414
348720613
732872200
134136966
435590839
536223645
746777573
161080715
437218363
988328591
176799436
807656190
763523814
123754340
521881477
512322499
69921325
399860011
537587866
543825088
192698714
796328258
16606484
139950584
585641970
846175987
85307955
117686179
250421562
83941108
238782321
729939099
887625426
672893447
495995033
676643164
911796409
501892705
226728416
468233158
688428789
312820876
7601462
650812862
626022809
981864598
379462611
655592939
616854117
4390604
42969933
341112892
771759355
130917277
873603645
439216154
332114129
592921615
548494995
589414850
450915690
629091394
910659152
353277255
749546269
446860336
920030763
90630367
627759306
845238312
600526089
568028619
173131595
69354707
855396297
879877836
788726795
365793621
513927773
603777371
466713375
429715014
500832060
246030957
40971174
897669427
958179742
756708148
799289800
56778878
344529034
318874793
953397708
637313564
17317468
59337395
402161723
654324206
901266591
179162473
61833834
288832244
27833633
771615804
403864513
474941312
167981297
702404647
275520978
993725808
650489357
966320506
78993841
944717622
122701475
21200675
128259333
664628194
312306080
851876841
488680592
163322615
291340565
570980427
500709277
281651296
614630909
535818029
52037239
796058902
477716113
134402589
464527029
334765300
541943537
177881131
401881380
729216254
842166442
566029861
729688129
255775095
481187169
805563991
406289519
378208527
239880951
8680086
514612089
996116791
931078060
737533527
342018125
49389749
690481879
898511217
997491677
456853204
270906527
122213217
860310401
632163266
650367407
479462075
516009695
516086768
501793477
744228540
402774085
944820343
619319294
399043077
822461750
746276218
122188711
232905496
682135444
485776573
164690908
122500750
41770344
605950823
21205940
55920447
864980840
740182584
792384462
415137279
644283419
643432318
180389452
945028175
458309727
719953225
705719458
97524863
605407687
1725093
289554296
890202750
876415048
495652409
605905999
569791745
376797497
532034983
915071775
595741906
927201037
457576383
216375773
511715104
292162296
148405777
80442873
254359578
610957326
594446960
614481234
775827109
723702304
86656197
99945120
759341766
764430890
674291118
940733349
102508525
40556759
24663848
627497808
680410350
196222276
274488156
246085700
546117933
44824
451414194
679122949
332945857
825110808
196642556
487936241
186707036
427056545
668674347
652865878
309903950
639510351
451359880
486567536
10960726
387243858
513727185
166500446
789758850
395707289
846564232
805360853
702506377
591301632
812563249
555185147
902537188
830078573
535965421
315492827
17674139
902320075
534324938
254314754
159543131
915324010
281535377
950716300
527059748
598719955
913238083
332285221
95756543
21425239
630829399
462998172
589196878
538096311
616537082
293166492
682495089
107987710
456326848
150410644
153480590
646053339
976616570
741644223
12547558
641457407
585399051
356628462
891091122
353181519
635191739
407583873
105185413
197045126
327024404
95636715
105708480
563010884
639440697
191038895
482469204
514279011
709604310
681081138
960472232
349565076
965988268
364440877
213541491
242798928
632997736
909686427
445993227
383914293
100834163
513489790
938707439
539891153
938168742
885602339
13320904
556609621
441194097
742575022
386233498
223245525
357812759
392151751
211071906
520900367
187458011
119484205
468547012
265287953
667941439
639201578
936449028
295535431
781171989
662982480
675469138
220958173
143086970
648292193
720183781
725505311
961590645
721271118
96210963
813534613
156929274
565817326
624842141
753838357
177717991
925859582
73084914
967029286
294847640
737226707
991752316
573836516
153368971
692641123
55340917
513513531
441139415
180705273
715972853
461632583
577040760
643172007
758719162
275186261
210133200
792362729
413522650
792901902
22391241
660728186
261654879
636541640
295940788
397537292
363971092
621640684
494642062
714708654
87569962
742081855
566116664
969419741
687791
43945282
671230163
101632622
67589202
450445846
592951276
206670249
284365895
780885371
5298264
634578378
236493852
513757266
807098162
349655879
543705156
385355260
512336931
280183010
944638044
634119452
475571827
355210675
277895727
755831677
328670031
433700232
18871468
726430759
93135311
973890996
895515918
607621018
642484216
714773879
603956097
108500577
724773527
963076803
199950626
815720990
376362290
480769506
631243376
661362409
161043439
850213824
814542520
144986183
171003497
702214700
229744924
285933653
24781696
366568337
568373453
316019487
823736893
311757523
121775815
159251044
187798780
557935135
687750059
31407266
739062458
628872832
871273049
92324282
