672654567
831455022
439890285
136896308
369865002
226536975
134268020
92754214
559239781
180530719
596462430
641739416
54585604
91167314
148039281
265297894
710601095
594376042
788761160
549698895
924064093
466405676
954195000
356701308
743126839
757892864
830093801
396219584
319505467
447921221
872864791
573858905
631925926
445805501
733034447
616207079
924795444
92451534
780545644
314449194
805030186
193623265
519528082
242284749
543912802
432929503
914643388
79033398
445058061
705847286
780995457
440629097
771673513
363344842
681932038
206248890
877260020
83188976
393769468
611972137
396443173
738048435
773248745
111318559
307665926
22603524
9813490
608780102
358132866
531832200
340502449
618149561
813830396
474311966
744668708
730440827
946877593
711910251
812788505
310197335
843249475
751060402
951161522
613658180
666925762
432235694
802185391
268581083
763873461
526785556
738947057
841606467
698682064
168573507
918006019
66981751
420374518
408209522
934618821
521309277
423116012
305863285
720900531
913225859
365344837
162845896
626798700
297361547
618676133
951491210
259371296
165349769
270400469
83572132
768722660
645382769
786886911
159590565
444392795
875430231
220418132
741232405
844906639
831347308
792885141
498895981
919467495
645256888
556305945
677686956
310066308
538668070
777291429
291479227
887081321
537386189
30159871
37935662
248313343
504079866
805436993
504823843
649904949
812382250
267414260
573597288
571205997
615109931
399850846
272623249
280094838
260783953
963816726
59188589
300891145
681883605
460956644
889553222
120340717
866448855
243378400
981541810
741055600
940989175
641424901
720703225
388058339
978921241
196490810
231336471
615222898
748951248
911277221
940312928
69993238
715594287
91327456
32524389
563933047
219287853
927689982
304357563
245406042
283682695
397592118
49282355
574851343
718102839
990588081
205197716
76429544
140606647
917594944
381864486
260701466
823895181
763768241
708915773
170957349
546711034
185538949
592284755
418619121
168514374
657400349
531143588
349506730
23503797
989195350
585296856
590556149
428432255
325620174
901052862
938758871
939020835
736135768
457372904
543397057
592142546
145851882
669955498
988333158
991293093
154906927
474616251
831356303
529412734
679611462
246098056
951826044
382411681
861567039
17222013
33748904
335405227
885738440
76891667
626282345
866448528
699775623
551347545
728907487
405291224
614641565
647997287
814986472
16542081
443105614
321680629
87759412
306395336
165518716
578814801
400859152
515583449
603951595
427326027
13607447
182784098
699787284
820093995
343892334
743097294
633470811
208144467
566865215
308398161
867303958
603353644
53282394
659244101
831090558
676948527
892366921
594504335
941048009
583041933
376651527
506909638
659629778
814814221
86307119
357930832
158338643
645430707
216892965
282752237
616362860
518165453
731453630
458412413
63284220
443498246
166661244
879681626
207455211
985810192
771820412
406497097
81132071
506588310
149238122
839751969
268398234
428515310
475304777
488570187
686447878
806354815
574535438
20909661
50674499
506697808
523154319
884973061
733786875
985961500
584758650
988040102
991251501
284112978
692035300
349138505
871900013
594869980
595959881
387592312
510287283
12685295
387049124
955237816
811221520
970154428
425777566
153041467
665576099
246555149
89532598
729823332
170125930
728322776
596304357
810008043
943630013
710543968
407737913
556586411
920343926
281688181
145894751
221493709
401051542
783780309
415245595
797019092
814553009
800099615
967851954
673528252
832555428
87712464
978282903
673762583
419305691
619297621
209688140
80520070
80920241
370112851
219396962
487231725
896428902
854935316
817914171
262928724
687808620
882027255
405508490
161356044
187132067
39373469
467248385
228599101
866790542
165555414
554186273
27441211
554908833
628758472
338488457
865476482
278703193
416004344
897267903
82413466
750039871
922541772
390702352
324332391
500855827
327217843
475666169
550231074
62291219
658663024
325064806
546116225
965866137
152316871
109210472
932525752
394591125
806495910
486396185
793181958
620464078
749683802
806972039
253750276
65111348
182246929
525611235
452161767
31624394
353920478
208528531
480424557
957667411
735500705
512888851
765266846
491324903
81176098
660500215
859914223
563707299
917017309
166307882
208127518
840490607
8070048
61575072
402591962
519548000
405962703
470885357
472207282
929608158
104085945
461949386
356069
115569732
136952075
259221043
318608898
801606606
23504401
518606679
708370739
450134493
844640248
588448812
230365432
639428018
343943624
441200848
313415026
145995694
626481961
229474658
703446767
583375919
598844521
413259668
57041299
120671856
123019273
932613765
625661690
883035120
736321247
550816398
853581466
273551318
512532782
649697114
354372828
821955054
341891317
58307616
540202898
398410630
457937141
757993023
995850358
419621235
831209639
763163942
175604376
964761853
157470330
326211588
303126197
874611285
758502617
416980149
516725209
723692406
202179743
197937041
678587332
90890634
892944987
825335618
713813244
293823849
734867345
956814112
126895236
694246508
86828020
491459971
804104375
568174344
689271759
305036137
125438778
840851496
417409309
637420063
289462216
359855329
757009388
660899835
725564790
410109658
247690201
978970179
515048700
95552632
132971904
630680421
619775311
143954275
379720283
449312263
505465641
632601522
44179779
702026508
684753888
874395526
636268706
481357867
877933832
666010358
522107212
734951851
185339526
453466480
291541370
675873711
306283096
564759678
908474824
318732002
333881244
232045152
99770828
303703585
46133648
755897164
441765412
31342603
561274604
456147598
871684658
660150100
188454060
239959495
799570494
492837254
796671717
715382800
952666174
415066689
723586622
275651521
782966001
59554431
888002445
512738348
793630652
61582219
804011261
457098191
324397324
55015632
235479449
60988280
115431018
273420489
532830694
740476192
655892859
928856722
432630113
604926103
920083262
421786234
794325698
861957110
546497791
945380029
653895984
798704115
879201993
590900295
612093503
493408135
595145379
58229722
449079149
40216396
415701138
533395299
962266511
380183192
227331341
104176412
131750274
816669025
424670650
127465779
124528477
526150004
960006559
56195524
59489940
23809451
982436574
118660518
355568258
361179767
265228731
26045334
966240555
848250621
407686233
5307145
577896197
733497027
442922128
742071312
465842900
57201295
824341339
492614297
324775054
122497560
966590210
52446920
377594762
815906849
290035959
977656671
437286460
419032011
820851552
127745980
838697555
823006468
531410355
588284052
510971560
476484860
702661463
87899381
774987663
389655803
567154742
114015889
972496957
222024195
526280213
398253245
373746897
682599336
661622878
67327181
701808664
467392261
731420469
936992378
57219239
929989653
741065755
539661408
71143808
287572059
588758873
547208544
27399069
279940253
166609589
754889727
202086672
854638075
231099752
989358039
354539831
736441958
717626633
935119249
555342816
852574321
79949961
155570567
289626635
891782713
603909774
754687123
757409132
753524370
425937315
371305293
91585999
594417975
531064812
580981905
735419103
163000055
16755572
487415604
800896929
19946197
86616819
692556704
55414605
771390485
196166572
519108820
451499583
672264838
712787349
965366704
749765627
796301218
381649561
204644916
850039691
585495188
250034772
179361094
683662283
834071749
789799411
273874698
854002937
795304295
663303727
607668696
323573262
650117845
253938935
191539776
719686385
230211028
134222320
535396618
765957501
387393256
100155961
518236149
695616140
84800953
303187539
85144293
40737021
460570609
621539665
295284780
212768413
326419895
730942213
149923915
912965281
837394477
803753319
966825178
230146785
812742120
838553766
260110309
108086757
588497875
195535558
801381737
418325903
521247572
245680319
519554598
662078897
846252942
438687414
462646435
485339226
731798621
483744953
598861330
530884210
704655117
233137676
393432327
173764629
368018947
394900282
997153365
919175631
104015019
278574493
882291906
426457708
167397140
305249833
953215380
548839489
840045651
410149392
107118264
889265394
501805801
666818389
519489447
214890289
101985067
633205881
366515470
887732480
268295777
664584687
181166660
353649524
204891989
435940968
525491667
579604443
445121438
86345679
740067808
193597593
198382191
882206104
314310883
242673079
363388411
93096890
494681756
541003108
485472033
913806945
645293574
321649228
376626688
709595935
29078409
37836727
713648228
178542037
71779562
734813064
28384812
109420885
650879853
439430331
97407833
528642381
221565718
731456171
779758165
373610936
103718050
753699971
670081582
913520670
690883203
619599695
352507506
276816367
851501876
8888176
138524125
825512360
402260447
354488831
19291113
859517430
977022834
495296053
406862559
487654939
865956214
266579400
14566116
5254744
165212781
88961305
231326250
874880551
145265246
834746029
871531170
763225584
761244942
111861096
810088894
891593601
651567645
463106017
18712731
409478712
685329220
436831860
327040159
62891385
596288939
202872450
707160436
296391022
420139217
237890401
551619545
726269664
324593611
292103225
507654721
837138649
739133854
664826837
748307888
601921897
388273445
477626953
131551121
16755847
137357004
375298539
64267418
290399351
544399936
127697510
207949784
513916817
476583321
997383846
802325718
429124353
939539239
951674730
408965804
962340329
381800868
934935227
454741333
907374843
283126483
145261506
438631972
469141716
604206374
972950244
152459746
986740806
714798127
416790833
21205266
207702266
305280738
310284312
925534380
220990399
138605032
416761085
751991084
292441707
29940616
37702728
249686342
327209764
489777506
78530367
897599408
787459123
255861033
785967558
220121028
453338217
22885620
224176277
