78835931
541052235
424365277
461358021
415117618
578161551
152927602
304406040
795177098
873506396
211144443
11711614
803707016
536180370
458355936
653707655
794253308
748431227
111207869
150224835
213139343
928855449
648518906
768749990
13037945
742691569
536692564
30169252
694248618
536098359
803963647
11887349
647997225
444730227
823754176
99270913
872937180
275089765
248750132
436926356
182183890
59427353
386548842
909338218
364195210
363195066
719836097
282354599
127213401
980165275
168800510
987430980
190432734
748888596
774469671
149980480
892533328
655615286
448320076
672426048
41468987
122758350
610157420
259078738
69542748
199257094
363714387
358976789
712426192
359085023
780770474
519163543
499681094
674281511
968040944
153711989
542306607
739180686
404554779
649842877
22855471
254337965
902955849
714083342
367297848
816532665
821454613
899108627
670260555
673773695
206737583
217321894
826769687
576324083
395457369
59425539
449269931
127470103
839795469
164938116
999480678
360859308
569928405
768128376
199394800
649636966
487749885
516151222
780847651
620757681
607673872
153352641
251060506
798477198
649570576
787131020
219802499
896074077
891780888
253010081
377802479
464605758
688716232
38652496
152347439
563448580
692393854
923357010
278824142
908615404
704442057
414836503
899385216
239616663
650362198
661996162
684409558
134827472
514688541
717660881
328782779
305303391
118260975
49502873
66099823
53384942
966261386
28292489
926753505
608326347
839623039
553195852
235689213
586785388
787135635
534874919
672143074
531275908
615780937
635946218
957243110
564392874
237327080
872232246
916315623
192837368
253967424
11443842
148114999
987574413
102721461
84975026
381385535
174120006
924227300
72499088
346344782
639213359
972552672
98962497
597187192
664101365
996603504
670497793
68992365
151246204
179147289
312599827
452481026
115487278
989853087
153133650
519046534
878742321
760417770
764389904
67976311
246028728
133187249
873262453
799417517
954817544
880177489
939179090
505604885
754648012
171810317
61569206
662558086
714636547
188530136
32929715
558723235
516818439
38759026
293141745
567789368
566829285
803239881
765069418
13690078
941367595
558962814
32627720
997721325
949587810
565928491
502643212
413702235
159837395
4522777
100316054
506026109
99290218
299544979
642369647
783923875
57424413
164892907
314344351
979435886
117578083
650041740
737844478
926957141
956923372
594410414
2228094
839983295
467276024
196600536
501147024
442788845
368117830
859572375
858049920
395854729
847549768
941457764
556017073
188719520
669167103
647866970
502720690
710113769
88214082
526903604
459433016
217273460
396389377
509217869
510364954
401936378
488895529
785633531
896111994
291325855
821118334
105670578
40797953
355177396
563700396
662659916
946426209
963236858
503375751
657527207
137908279
239717842
441495057
246514918
936374105
115966648
608875832
125624831
310268782
469711112
147321049
27730708
838743058
430019767
134977397
784954633
443593918
958058154
686235580
99210646
953893315
582484297
963460379
566724065
574736393
741879189
900659811
200839677
625019122
6507187
701440759
539483831
206738018
430686873
388995325
219715174
775778402
149874459
572843762
394398306
793060544
363270698
475364748
426400882
144004806
793387625
266927518
610778184
220199999
778745762
219065998
988368054
277001277
404165105
703633891
555423980
276257461
874770991
671778523
194494916
215306835
408036155
500605707
303761595
768270351
607837216
820992689
408056185
41024441
915262222
9176230
293719458
385214392
291837274
306150100
590622616
107119549
537059497
422719259
781348766
474951670
289881626
980639676
846273359
787441188
713072703
262482553
802572912
727052980
833571343
943457711
901007410
478095934
378348845
179091470
385024389
862664990
171603152
658130529
536167588
972394935
858871331
569753742
304937776
769569531
925346538
603153661
985164002
98015004
113011275
448304431
739197963
452051731
890429755
719543244
925425207
427396477
654332346
516320406
55197648
345354663
18419777
681003204
207453097
971804509
108168819
815623522
6865546
112745803
921125710
727957625
935516395
878928966
886551669
808953830
616080337
720127882
675701900
76703827
862094648
109919041
277318550
704557907
614041704
385266911
204259747
448955678
587666178
658805600
253666262
957627910
208332643
655282745
602932881
190812925
953975157
177868127
362300645
333133265
661400711
109723015
596288115
872418198
176889292
385053648
512788035
860268995
565500061
81475925
103462906
205297324
751694575
577628519
654225756
945278605
68036112
313861868
66961499
822186184
767544761
659213140
227957344
348059945
859079540
963497799
519624982
280233649
275996085
695738743
854978671
438212210
357827237
342568635
415303115
752371633
513630925
404900350
527668615
228988055
872478875
343990751
883455615
506190253
555342693
48368937
205933335
630704123
1056988
657654274
122776812
640113289
110906627
540114460
565588502
2187571
881765670
248228169
13338658
213391492
865428665
232554385
584272910
869761317
226497252
665250695
847470086
409125939
162325404
901854122
431647680
663135761
786193252
837973442
949707307
423554010
775757524
721767090
792717251
810710603
757564464
888920858
279176661
618341809
572961930
214865382
327305583
817712775
776980132
413115544
870605961
265402755
391561692
314277123
363559389
639924489
759717840
13694298
279693000
890091996
200898849
796807394
468378719
99202864
226006594
459641050
853920036
272933183
590407151
142034491
226430045
159998579
455510917
202628053
455827026
976507806
953377723
965931099
296799386
11631869
337945112
29757311
632145806
749209859
31248161
166244924
271574069
471916128
474414053
309782818
663836169
762063225
442074089
902625253
609811753
960757068
420542138
179973797
392335214
113320880
360945345
54372399
227305623
634945640
186685498
710607382
809891837
188933638
858450095
387051581
686546765
793786739
716894911
268061131
552146884
171141538
164661588
719168859
67954703
59761670
188066981
382003907
798519128
280624333
478198321
464366818
717924489
552885662
592816298
495069957
555965667
773403925
573595884
183478505
650686523
283572712
802451686
997200164
562524360
320640777
356353086
82640430
613466031
87362471
623236051
870049428
45168314
174012958
350478369
438670214
796095480
701373278
112019094
332573544
925253898
978941437
255853269
946681288
156747318
722318678
992682891
257006174
596117338
363380138
831085912
913142838
220190855
533416405
617374607
268574171
368689851
167461422
156644498
747313924
703408583
105426550
768537874
711156657
657388280
608148892
419198504
543911530
202407292
154146084
698974475
854592388
661384831
241022339
258224606
671745084
27719443
855770396
840452846
840205681
327957885
99346911
486523090
250085893
256276558
710093212
649858572
511751908
556638350
81904197
69980363
628634058
544728780
364705168
629164960
819827347
210403562
544696611
289293008
548598425
303120173
448771361
54598881
441971254
664405662
976493523
251758006
979168514
275191799
945629521
240854728
512919453
327008575
316438815
419356039
604061671
618903459
518451980
454880099
947295067
958290318
907446595
987273179
120503094
84165720
70340416
309863607
296679662
611857378
438397257
461341521
483022830
566477388
291854420
537085507
879186523
44748029
44551835
585680230
279783033
458335205
670690056
236560108
611008828
841049468
557060909
301625483
228289964
945349128
25103288
200923888
691951580
89816512
341997939
590308105
395673577
461498180
934095785
357805534
594065245
666629916
955078342
367311136
836794540
484287999
757831896
946442064
35154154
779353307
540169514
559313642
574351623
932771749
175097065
488959861
287600261
670886486
376264351
279453625
527104810
768714932
81573643
351330532
586754089
237473369
769389940
393206318
224479448
701546314
141411930
417688342
110652242
686746300
991614983
613153115
503256861
303378920
399765567
126720828
83217571
610618843
266471329
448936656
405179613
465789645
626572264
759179830
914719445
853038077
302707843
724787090
85233829
654642160
830700723
825350312
585056272
603747809
780557045
599321170
714898058
364625578
721962615
333607838
637941376
122481172
448661399
887605322
941156764
561943948
985702998
984221340
271120918
249543522
196236053
916485965
502243602
632636985
946150917
120964444
610901104
10210109
478486871
371441370
398838471
416624839
332454513
456010081
856045575
166264671
28096843
899509050
522821874
800444395
411822769
718591992
888656226
932863490
810995278
282698441
17128246
738966940
818023064
352775496
867335077
318486502
453666171
835690306
458406107
914214757
323106709
952419286
657596890
659592601
988420065
704687948
886138705
350521245
934769365
221316537
790026658
992651317
31559746
774892093
533847105
86193948
461399465
470676521
837720751
477644060
27829738
569380111
821641706
663452476
103836197
871934162
192187044
125711374
504106291
80351969
962958666
496764206
997603972
941830817
843157961
75677555
241912159
863229272
812024329
707134820
832453285
538134981
998094123
589678740
492671782
24476928
707407194
43130971
818928389
781141129
857087035
982989648
997969553
980762046
886385018
753726596
130777579
994144413
555756403
116485902
512500903
760427331
846414953
854417396
258357869
293262452
995047343
89728927
931734130
458169549
844281787
598170192
658652191
130585931
645190773
489694756
571285987
231962965
170780694
79359269
164526967
149056073
306782984
722965161
223264932
979969017
498794651
16841926
55445798
89431364
944899975
247767745
307472869
695538426
194633916
72025954
691720027
143676726
331320870
199409330
29429583
617678267
111396839
360758839
936859341
258916843
324337456
867383621
335571272
396690262
182440609
898814612
823363719
476397133
951958934
363444830
453644347
123449791
631152464
278388851
794467799
978205416
34283129
842302765
513269573
596514041
290697323
963113764
935952014
573164819
797974728
