217298495
190486810
933522947
521492848
369476278
797241290
588608862
313527056
609522547
951085740
747619627
239900071
624169786
667597211
222440518
800173320
350815935
36171975
925982021
176868853
529062072
738729658
994700986
311937652
182818012
876547858
619205486
848219314
575335262
64456211
483469699
33081827
80952098
284302754
969878817
936151479
17556487
694644607
136615053
668170330
609686499
332707488
857478821
821851979
404266617
637695558
637301474
350846230
103353864
714043750
786005949
245443795
901265731
25821286
123613655
478568835
195785822
621585295
338674835
492928418
178035803
740389546
738191792
545066335
467616040
714537799
158947973
339867031
697718392
286289038
782616833
656171327
899556921
257811691
567182353
196354583
881250835
172849007
907671034
545122453
239246384
268359256
744865450
861291510
278450261
238025904
131816094
55130811
160689099
491309981
740365656
395971190
355969771
643686633
490134526
869296951
594515694
312412485
354235938
689728816
478747584
297434442
653127837
817064825
931426916
129834622
345886872
643454040
458638931
927259070
597317998
22936814
713914259
793552381
253682034
909676546
995524095
876900280
266616074
229590135
582721704
103817162
179177932
206408410
545923380
386645642
300201555
255870288
767677163
697885401
601838887
568838350
818613068
217942217
66374868
941811941
615231418
927800624
929864593
148615639
892139030
488362053
596491878
233430028
893991982
717428841
682056930
562417389
390004598
580457979
873772855
717615413
45796411
124645802
107007111
374930422
118256509
446719426
271141444
544781273
829633065
90016584
875776875
760753529
325420182
28479648
204323745
495972042
727177512
311870092
294445128
67723471
947035686
118000434
337451104
94359651
507325282
945747903
312416427
828494538
704588711
737784165
865865688
187219184
824112544
884223473
523041939
693967265
110935105
691444445
823555431
168511991
656659179
385083319
318982573
802122445
612585176
835738347
908009844
865512333
513105096
186084887
835239875
78134505
286012851
806049384
770579726
927795975
787194697
12647460
867605138
172508605
134302999
442646905
840192561
91848900
224150895
688557691
936640983
441196707
505437707
510356479
385036936
35733067
488314660
125933136
411064290
561952366
799017860
535328657
481774474
671586934
37738058
446904092
315389442
518503823
902544289
787731183
901206331
18063160
113643747
595245963
906772567
98287645
823839306
651046825
34208991
214012274
544890757
227133673
577971550
924027483
899097362
466813137
360074626
2748616
801047950
799506807
589819844
160079714
394985093
208627359
128778114
251866039
530872984
196018203
134770547
687398906
127257462
321688738
189304609
436419710
787351358
918577823
327552960
910191743
603583910
286749290
211893760
837267833
91724145
197052015
17061608
571884187
957357105
557746989
772489570
570924920
86829466
312640825
717455871
103037481
197911339
741126617
623078065
905016386
466467848
654906527
567414659
627821102
516276278
346810084
86754811
223202019
37829063
141551840
136676125
980519538
139260176
449882881
399164705
514298659
587613047
752552009
68355569
197933078
191565750
556893926
294508932
973125994
423528632
563845626
600569440
814616636
604232865
86267128
238508371
46224741
295499757
422536572
443723895
948677381
719334629
584072656
320991555
744914060
110297203
793859588
534055124
815805265
421070864
791970030
431664743
636946583
913476118
203157212
515424432
445359328
672771047
425144986
713450635
909573920
360397594
594288664
204292469
952430651
746240642
272138174
618969153
951561934
903043467
90451383
685019780
716723603
6158986
450487322
794964029
3540391
431560453
323441508
87635875
397706161
22838802
478703666
552055130
631558601
132180883
963622855
901140517
401075653
570842694
793149041
373453693
870354769
709085935
534149973
588279787
125045965
379780187
368560903
998673416
838159028
174890435
582493188
912761797
330619480
106950249
714941138
630787597
462988796
408193181
511884041
13798875
349329538
337509111
315744474
886735118
881693927
42233533
572733867
820249768
782617786
370997655
217893500
380719240
109894426
716997689
814665010
7637668
472009011
862207534
669918063
623760203
62999550
324768091
249476845
222815726
440345612
565941868
221435649
524608351
417239743
332835257
438151720
992882470
58958652
779350166
24124154
532845657
393341460
647414853
706585858
82812432
807046318
548311134
216055629
467161372
956996933
201773948
802867371
613621790
292285238
707303470
158778585
600781261
738275117
888123837
950799324
24561447
88032266
92928748
446389506
315752059
820797883
48125515
403010024
449782528
932845934
225011029
321760587
330544258
692873534
281819352
614296206
824594157
155621675
587105631
816713883
514688414
108712461
782315472
265818791
238571663
763074495
607813858
232323113
709936272
174056671
837370458
254607352
170834813
828550841
999562705
444813391
300412712
201025346
390833799
262014548
758920803
145301110
766273099
534315437
731985904
880013360
472323112
920748254
10465885
93007263
334184427
445159585
151169486
71409954
436110909
915848984
305716792
827109955
207817843
552677562
212984024
815802400
693073751
275725856
95475475
970403675
150925774
501993416
693310828
837005959
313883493
623568810
764787875
325091082
57793079
369387304
342439360
248000034
533832885
358558302
290751383
687065602
221857227
616929008
839872243
392210873
103437865
99424858
392439931
83713720
139096598
473302756
993207502
838156235
49030523
943118402
452227357
490547243
438839961
761582227
729087586
970329694
227437426
173459925
779123769
710615615
680371708
826078402
13616875
66723604
573409624
57716757
293277070
849259540
261926179
525918421
593945172
76144742
435853612
703264601
866965810
51500915
109553484
609597107
697909360
840580736
630361307
926631639
276060559
114674676
917159945
851892116
809160072
772250656
629470714
320421687
459628175
48397302
837805238
129256627
711839163
277359461
85807983
325716327
510304095
81379841
180025685
143947961
576230056
523112100
349173229
376082615
54693630
735575358
894616416
677586671
860776210
617840318
475550564
938543031
80254308
753740068
550017843
898942198
149563657
721517506
248556684
521026412
219788825
941504490
66290245
545547870
238339502
306596984
991425437
589606348
965692930
783837156
99293011
616529519
660555050
486413345
350401582
752948457
765501445
541077329
797198485
73584713
877634238
951884042
459645476
841787856
572846736
899262205
49002319
958099093
727341617
186865784
176152669
788786588
832823155
658999272
924159135
634725564
456821854
803625357
137743113
748096644
744149920
305010068
711893739
76939053
518547307
859021043
277987981
593840961
403338485
797069384
133440752
608486327
924319019
174971971
643392172
267904781
481859014
224502388
972701132
339077296
257594665
33326343
862264730
778827145
607684487
310506421
783706362
1555778
562254209
715676017
296126602
961876086
403334216
49101840
329434791
572624170
239990303
382706422
323240548
713825692
621274224
455161356
554760608
930272232
53425032
567666341
864467567
657851184
15607099
656254353
152866550
232319466
830924224
798665816
490501979
710823576
442745337
933066592
469254565
208040885
75314681
276432203
31586751
687662467
500942781
171564664
205152110
875217179
845537178
70768001
27914478
99152591
901261839
258875440
717803070
802433308
478565734
931992496
725402113
40018145
446038853
125855178
985948677
905999855
562809466
63807136
130951862
604668399
558599860
618611213
129878833
306923709
913451855
115199663
638511011
344842020
423574604
867098139
429329450
881860366
362514231
989250387
812314005
944839096
628339875
53713959
331057626
572048783
80862745
688068669
232257842
510752839
207664479
429236419
762002030
949459501
290483524
125586895
124853000
437135644
40612801
600483709
316617318
226925964
940889167
720990768
185700734
786062175
620364428
372961050
378858703
611467593
502663045
843541746
677503913
456788465
313541172
41109580
277659979
509095507
732749509
558903078
523805654
870531189
386353371
619125993
99259229
484215436
353197631
689051508
54358495
297987709
742245138
992193805
841247564
762030521
672633068
585388040
3949929
907349105
868013223
544995449
951684353
707901693
309209966
620790247
8089793
364122732
751732504
305213565
635918329
249373943
847926914
615757492
704386133
481709722
76678054
446086128
840572591
321763173
621731538
701485297
432864544
931312919
318602554
80870994
869222454
510469239
2294181
915473391
784155396
728153130
37159651
370310873
641082282
187754060
607218723
815903959
561321223
765563122
611036200
735136496
732482930
47984065
53133179
804984550
450060793
126487646
287807671
359537842
685352466
226546940
744815447
682186754
285617567
166527926
112130904
20371434
389299139
228338972
751567792
497620552
361828550
836259112
521058167
907765197
212214292
477616041
974675208
516632073
874490998
260774093
884764903
75009468
710726972
886595041
969002366
384880478
878179739
513618002
630810199
742734808
222661567
642756338
230120925
557608456
983337681
354972895
84693305
474554356
75623155
586847288
426604820
332982251
13995330
113415647
373307945
896223817
526925896
145367980
592770258
972444750
151812436
771175597
485046842
424578373
341782035
669805978
971459781
399022525
197525559
727250424
142191694
875681136
597528771
8832984
274958985
719072211
606138187
963449710
924427514
857241395
392922736
500120852
441008917
287643709
834169272
551782652
61014138
597311325
513287095
72778549
857954580
732811758
920847742
658365448
590922371
451485969
157709495
805542551
215826420
313531702
383513112
685670779
277028797
348372730
444655594
550923682
735453479
5162346
838456660
654235732
290085629
563476185
220940464
735528861
579522014
651691583
330166680
197403133
590409099
789999382
608791840
374148456
885735428
124747010
869295842
409379934
954833392
939163322
417910611
823473014
561362716
800595635
