71860078
790906447
46638136
322855648
980992331
433523469
143635607
441954526
467122824
665175421
480795618
204240568
208573018
615960700
787390820
292571302
720739217
773172890
10829134
259037337
766433436
271836041
999871129
472519993
564217819
451003841
679194517
942816758
195677857
405606822
958396516
297276202
131153767
579362572
884562874
206146492
255320295
832198439
434240314
147885541
788447283
131031973
667146660
538594966
220420131
656305303
821787129
985350944
408091017
968497767
294866318
190868706
676538331
89033703
982918683
800024036
791035316
574118142
758637828
529988489
754328950
200818847
246276668
61516001
706778904
183519415
73086800
629210444
731397824
581244327
37251007
888540776
338932575
862943592
470590052
635401463
604689379
461276163
252099861
907912514
629216710
693843572
534725741
227180089
110740504
767527809
620737870
42120063
596443887
84538838
415111175
681202151
73560611
904251823
393556589
587628436
884755304
605630659
831816060
36900715
583218502
192576684
253953119
826846689
931246759
406325540
851936129
813594738
618443650
347517220
195334656
329759152
322018280
850725312
900771778
60485378
666093105
19096579
950775495
939251093
562781544
30966737
32766557
646858986
166133151
356048854
814980165
434680751
469387002
882961614
750646158
999058718
629460102
215199145
324694012
436640025
439890452
707879050
295933328
704414962
915591679
807143130
423676412
248926666
889204180
85352022
359183871
222835297
3480045
333071211
921535330
865658724
654855162
892564965
474119170
552251765
159810127
607094132
660713537
575197904
591345374
417255378
344207736
735482034
596871061
196275937
700299049
106819134
526031300
464131752
620594925
958214053
723163249
246360532
23659414
755638412
607290323
783839889
757654805
80781129
996864982
592144867
431200705
136315790
961426283
884987432
344203555
736895135
741079974
772442245
276829898
832796319
47165513
720735422
113069588
498336301
462935394
688194376
652055604
692928243
385052971
252364736
696803995
539348292
712476284
963321275
142495474
408494630
868905551
718480757
944961440
375970237
849439325
579932408
578332921
999200506
986054671
207891945
774055749
711883627
852072380
963403913
365739159
753589053
187301854
787798604
911048540
2427827
133290944
525323111
292703017
919095945
131784284
64726562
695728156
744500245
895340870
891852412
423839505
998105006
742491957
935708924
867989582
22599216
827480804
900859659
983356992
467233103
142402500
113869081
512281628
255043448
914138626
940171975
840855861
421649057
886625576
943214941
352046438
924677678
52272735
140067647
275203685
343582439
425777739
25865494
244185952
784712763
884204251
833832675
103859635
94202259
784052439
775950742
969391669
916363454
95414331
343139943
926108248
286442193
804441611
443815436
860025325
19421863
13041482
37659569
4957319
191612308
223870699
274079099
857874668
952125928
539805974
499161825
945832271
602424310
660505239
524407142
596821475
801615310
656673707
198644229
583028851
308569824
10009445
418079369
470991008
138187884
970780305
924492405
326234726
543485633
17106693
65604245
120236067
608457297
280042320
255781822
330540957
388118170
20908174
52573644
560842063
610125152
975958005
151733706
554396283
284890614
830118469
366967358
255858215
571007187
746318466
124492937
629768484
605797382
860786584
551455501
9412417
594962111
566668559
866769434
220832001
299378292
947844372
314389034
935019235
474201728
378925757
337374973
322381990
404723416
193866185
208703305
780707135
604100063
637802164
972903698
332611817
858275738
863683084
186100393
308069413
603812947
668634189
755227537
797167166
892613754
435835759
514438684
747670712
728586818
246369404
735578844
821449609
154138739
831741641
261463770
662280778
661568970
216714470
80194555
905964855
492743496
44585368
851134798
377141002
537615160
343785800
25668420
967995217
887882885
218843683
151136678
731279025
380568166
558700021
617019053
630744102
192616834
517221867
42405480
38365968
864487072
589704260
593795171
158354012
458287339
387253694
626568396
772358421
376338393
310622919
671042845
641561268
783488529
280135537
815325915
559227578
817499390
378086535
259552005
548827953
410167339
546443466
859787825
509743134
95232726
4299818
440881443
595438717
214722587
630719667
469663944
144347103
174308989
41828586
41477783
903039235
450790195
692780785
918853661
150361465
717217403
253309998
591656823
577259966
547800836
509575408
947790495
100432628
743374104
57791474
813244710
814530298
257669862
493577525
628198628
318043606
729916433
84052036
63121285
453987521
946372250
31129679
557635833
745618724
840958973
526695742
467252278
741659943
238657754
912286679
108437383
124718605
459232872
109190539
831610549
156857340
954786641
282527859
961942296
585657316
56509322
340448814
852064611
156931112
817474956
655133644
886677240
680731462
413629956
723434175
173122801
366738159
629659500
464866140
203989214
686087723
695674163
846038098
736300991
21105094
42323129
206130551
861774873
831087423
949354090
688526105
355297426
148479322
661966974
471341288
363256963
447388574
122109738
477463967
397478198
605923435
179065066
400704720
928143766
185825329
640018501
786520815
328029987
515223577
739163878
741699222
495059103
994366731
905201324
145522826
461183175
108748543
546226866
940837202
543334187
850378769
478673940
20977188
207577021
128948851
299836218
738197917
18764487
942288666
360177212
725734225
244628420
152195532
67387941
598065777
507022656
294969443
917894330
550475662
381086591
255802313
878100563
346551296
91923545
207654868
193467001
360930693
243277996
516444148
10158112
254508420
901161706
181272535
934129779
547099427
127249495
158087878
193127699
799194915
885989109
901820582
767756327
385741319
155046365
13429652
497070801
342863571
926978790
307135547
638500168
166213732
190854211
995751203
559750610
287531873
972278205
132122644
929053642
999922152
935481849
938905524
494919921
502320338
932130554
105668791
824572517
63355885
218065751
520288512
470816281
348934778
101841743
118699415
664486551
479266008
488045985
492359244
191504930
78493892
710584065
850603428
433951902
936142448
877943979
843944379
63654209
905410502
621521923
646597906
574821221
995126850
229034235
193205546
863713065
947083584
406900661
265435988
453610764
49377573
188857134
433714915
124797820
406690277
836319264
289565390
64371989
72154795
331264651
80484602
799485886
479918961
940617712
850559750
289338086
84878420
504953621
558777471
624376358
88186175
42014582
919162014
441833961
571467844
945467289
475689430
119900543
908636196
254986349
717402966
72365346
222609996
38748479
142127357
889636756
276869149
725805608
27261624
99823183
588378588
779572390
991499412
574145850
541037320
847112018
94902259
54509138
378474483
903867458
778834644
442129962
848123189
641059629
365424589
7362991
269695119
991880953
553329974
461222986
360629834
169664847
155735792
817168445
613861684
8119256
576875890
441170481
798490354
960922992
12468936
359072810
477691997
458954287
35997769
308613783
50515168
345016163
900796639
724355825
850565030
421180292
741426058
4768737
476151703
275273003
224242156
581550365
673323889
134764365
619941637
284988195
172475634
566038636
739193348
418713741
623836598
174330967
960284165
532918064
270236127
653731776
256018782
417551490
891398522
419761833
964437964
389168901
605061860
56810805
956847822
924678955
91084313
828974148
610657955
939449540
428238787
150967054
341016741
338588680
783877098
995325523
767846590
663725989
340981354
727480740
186597176
911653359
719760938
617284026
684777184
876184199
384731996
367878575
454119697
196833253
165161509
323874567
113370214
56389869
310835037
835073254
976488504
616513084
177916542
695262681
193903881
343501484
955380679
799743806
990474952
472869543
833314224
621695484
749040964
274910603
885885185
592292792
76570135
163917781
233164657
52784605
669407961
987777832
372033619
80663622
539946958
723205737
374854450
413824702
774288030
104364220
37596840
284626872
27753643
948803843
18837018
151333506
485809446
645718672
533576858
843095690
956272678
920017130
626809072
211907641
42869975
763036510
618837609
179209093
310948067
572868716
247304431
949452431
823225211
258050432
165665292
988710670
244479465
97252920
155315722
470698143
968647032
541555977
25455776
886110732
435272702
548687352
593941841
800237119
256073584
734551678
106483345
430851462
630340922
390068965
96511925
749390830
360968760
160125977
37793647
776910446
104368127
195645356
102876635
201419314
857059787
88144408
461401659
769703209
783138551
30126347
906854039
388556526
490402949
62878714
874448657
414716700
894561354
740698339
776634938
494182621
169094669
818600488
923135508
576396387
466385370
816452967
319111509
433156246
161538506
416274460
627741910
84353488
59459273
378405275
366330015
773001676
438679342
824036460
29050944
347128293
87285692
824238630
17098567
225947237
827697638
717926818
940448511
567462207
515620307
681795224
854829475
620270419
383491037
543611024
607815777
285767637
272509847
526480246
735033942
40606820
769032898
28245413
608164703
366864091
402384435
822500551
329097253
111997674
696548698
101446981
976037357
70524893
711647395
429506644
406896929
344856038
801501920
697188270
748698747
748458551
876004455
751649300
917535937
479743281
561444983
7471491
700862449
515848247
770589496
80562377
500491828
912199094
89002518
988444123
578095394
59040279
216073926
650234475
823562800
5197087
388829565
828450837
870913508
414173326
705757865
784304582
908623023
953984391
136714095
262959739
484265716
575321575
777781498
986575390
164602363
17383597
110709474
128421422
805419107
394912944
121638101
813249004
341408176
615986320
600955151
63838263
981522373
723203270
851411249
347856649
128782111
151267445
873625468
743501660
359628985
47553617
880735791
503362611
773985414
777140399
98848466
746878056
