790304388
327854132
499715034
525009844
699639105
977450448
332212053
410621638
546735215
658259866
600821519
34916118
601412258
490292676
530923597
891930088
644926573
658784255
533172742
78220575
852455893
887937465
439150945
298048264
637133174
954713964
352933965
178233312
90159722
933006849
532183829
688549351
607473407
561932587
838459365
847079680
243544076
453814085
619258922
512111330
517298717
533926244
436151500
179369779
5781885
679931438
668013283
835149067
442385007
403847709
95242513
531421175
721733942
555927751
406723957
902366922
888703186
201666770
887876668
744925140
624516482
153978740
320461915
613728365
126076036
912272166
427442709
39479670
651833310
683843916
648386011
191112487
39525332
21061412
560921857
318529648
451785964
259781165
292266378
957201735
286700681
517784896
735848304
686312012
837764335
762654
966815408
51545656
155208630
936092441
958376492
41877306
565937415
874333781
887594846
363319976
213464328
822423134
53293743
93509717
252488728
628533613
183315757
758541090
755461696
904130024
491895843
700672530
995005892
88194308
450580958
628922021
909400390
930674932
458224458
106731585
418130434
634149902
775964028
125313382
945456757
375897053
884271039
715740867
725467422
606508705
625175071
165191550
133466564
197601880
105065319
629362829
206487422
198756661
704713006
658167067
334469139
977307213
930850315
933634310
508866809
266142877
56539762
67014321
485511483
329454471
132476914
635262481
416109322
780863260
945189541
579314425
46459105
927980359
148052958
876591674
744262572
467574888
33073667
148952990
278954952
326704292
567205966
797404012
983128988
821218127
422434598
710643728
225961926
800057390
772262445
440823220
703299585
842329717
616446571
679313880
319357291
817256717
230229384
396012950
474031791
989912589
749082227
352603302
252412338
525750892
582903724
278507061
50703702
828121331
913904493
866894249
944233545
781897325
654679357
182162517
698936910
259135748
83885332
664293354
907019871
421833184
409300555
616051930
8600815
504366320
876014838
204129387
311533788
468739077
557234382
927005854
237345503
637060715
674921197
289042362
577622064
214602663
544991674
457378095
238314403
143927537
659940025
397840593
886152896
905368194
496589673
921402259
187650359
434284053
980376968
60221542
733371384
565936028
488993078
52198606
580612033
133030296
344002486
748046016
649736052
378774337
966973272
581964624
270886948
986898637
629548745
307172830
106976127
365636994
604540452
484334246
714144073
626507236
425978951
763092334
761893157
11459961
729899033
103232620
7776647
954612578
16479027
877249733
488362108
497012840
193634469
671409474
148067637
622722591
708430328
444591767
870600175
796945657
807642041
859540064
176954263
77975401
126953645
899254257
275819448
189416842
814426132
822013363
829743600
496042721
346077468
106864148
139957076
725900742
290305447
569152072
403131262
240769866
740269369
695123473
362295309
89723539
93602516
773874107
793264168
958139270
159105193
484253534
657206665
159948685
613734070
917198414
818865194
566438886
586138070
683917756
884506315
830644774
827413170
818359803
140186445
194465662
47506132
992319385
150935371
86770320
531452397
422166893
332417143
139278255
41460504
629830308
56676288
112518567
497244755
87230724
984372884
353079536
105990089
317680177
30311649
330172597
164806697
669794915
882308650
428879052
287998953
573518189
139762672
606387690
684645755
572486487
413356695
921909564
554937028
167829647
42217406
101283129
622938735
706493847
426686872
736938298
151836390
517928410
118488180
983903760
860522126
706346626
69194131
498907346
699544870
531426778
724654684
509732993
788048153
810013846
29658964
377711216
110010735
722056318
798771366
957934206
282404221
726029452
454632499
468974016
216473613
134766722
557581538
329415107
45013317
883089754
730140800
399496240
890993303
293373349
178336206
646878286
551306734
898404888
568356924
581652326
504324058
640855324
906842818
153218977
847831801
903623700
133861410
744923180
138170682
664506189
991272393
900882416
907722480
468752665
454534077
425806937
63295911
649514163
767430146
725755404
148765087
739779022
453894029
816455115
801285977
325158444
618739689
494674803
631677640
382780676
826404480
211605845
153699393
217119039
453610148
641548895
819186633
301413521
621142213
312849912
905311
812658357
191244425
380507126
891817360
829258382
491773759
422240637
838839271
752529268
583582375
901792570
130974742
842601519
432887238
764545035
186961295
90387703
351932998
522673357
284884011
639186605
113245539
755390004
838101708
779666548
747183023
690603440
15142517
812985180
606620303
761882388
28371949
454580234
724850092
336106729
548534596
73386902
924637753
972027593
833384683
196499051
655835531
879148371
799198300
924611908
80631103
311097872
784231800
689065111
454587600
728798929
949480522
98468856
27965900
361718704
699412817
435854420
542405417
112150811
82075359
801170317
407098120
25854091
145908964
821699986
873420621
676394506
117751426
96780508
216010439
113574393
165749948
379905403
689288672
88384959
983351073
234097167
956191703
913489798
699035444
436085150
906371639
326077404
358397580
877821372
812401864
929903091
426614333
363131387
636693910
112680176
530981484
812486941
889952233
32214366
789400929
629981440
733239406
977498312
51191286
404236595
193346445
687451291
473054672
341013207
563048981
569575118
409180182
939580940
378367630
465315649
479662716
628915617
413115366
645990208
894798677
81020716
667456510
268087590
9298122
943517528
249780172
754620038
460086596
103330262
582592907
353263005
489953168
657074306
298984029
353369633
500857760
978693389
862298512
294798848
242738704
218920347
853022731
17384372
314772391
242826746
520722909
487033392
984763756
171378260
633017459
902065865
399371575
243962025
137415687
708380213
962524929
465151815
968200190
107673756
154456423
438726406
227364695
369724409
758420298
209785975
79621949
752105875
640596910
24997996
964457888
500969325
766617104
118316517
403251503
675878330
227997983
650072137
953315198
766471374
422794619
762746779
769856280
288708336
470312802
680527041
953891428
245991143
519658618
590603814
390844703
35705944
10493199
754624755
140342425
804012296
991555651
483298321
258964073
104986415
163204796
768617032
846436480
959765760
206920371
132048133
135448761
281055058
840710520
461537356
480382229
312452791
511836616
201728815
684879135
391709642
668870125
938656358
899411605
77893257
255894546
833630805
232447257
49993096
634153292
928751943
490476126
11992348
977974090
599239206
684322678
744699660
391108064
848328782
603266578
654177586
916310297
810090519
81787964
338264669
545078279
672836369
405280621
58121261
110221584
78391911
523869327
808764382
69745619
748632782
135142171
52899293
583886715
181070816
849091868
329573990
536169775
796443384
325612468
278168426
641572006
123456413
303080967
241471314
777214677
735682568
921344726
663507832
598462236
30701549
475399343
858779605
856868393
561146936
532814976
583058175
428350183
174325995
939771510
555761380
404882615
681711742
942246727
229341307
464097034
631423385
160812945
210037248
999236913
273692588
118007810
119866913
484478051
803619537
696692661
421621866
369755402
163809306
280906583
374539015
157047184
860361494
210302146
39044070
273233438
276362564
196030898
22739778
648255838
266033693
901223805
361843779
856671872
769851086
873285809
959860263
181209684
73739659
777374278
145791292
574869622
711307478
664270917
324769648
912693737
355532430
374301554
53248856
864454274
111193110
213302772
264540877
893419411
565232495
398714195
544521120
471409595
903202657
956107868
187734470
435392486
138073166
561781408
733203220
372468781
756164029
263195040
714626963
930333726
736832397
240412181
296015743
386435027
135115290
799669391
445739705
196090576
885532497
126350331
917701006
902061009
142782042
158285503
537062728
52730920
636682928
468424367
291439377
371136890
328764689
488450667
278007026
117631789
589639808
710398805
436796455
149526069
931067696
952300865
156529708
92337390
659674590
122915129
127621876
870780927
917287028
878105849
758304121
765563102
952974489
348430543
585877097
776852326
38406861
285673459
292610443
979787662
24718679
680472300
735785852
287739662
971755661
343490072
601569036
248381729
962405154
178383953
796795217
424716484
362872936
296213635
265022878
933231631
969820621
825363616
242386419
19866913
30663626
666281799
135443890
758577078
710120245
525876274
418162400
980334145
902573569
501154698
79224927
303966348
417788361
457008792
124807389
250595396
216515012
868790044
120581727
316184517
521346091
879240146
908375772
738903075
81310631
333587636
402690165
656760853
83407664
652645465
807031703
213043244
43287040
272743529
949124035
358436879
545028409
977208773
577619415
445879386
925327670
621234889
345808159
461250455
99159025
492828868
6928122
905864142
171406245
14427482
716716618
101030576
704781888
926201900
498520820
151423479
757906026
396540813
677266446
376532608
123186108
761401545
896926480
249928104
694122993
866181682
260679308
145044831
507884756
766370509
705566986
239306237
291170629
674702339
390856846
900111201
533431986
447125316
639744049
588481762
326659514
496826022
485354608
68980182
935928845
706001126
508261354
117085139
774222708
797700556
600530851
148487595
299942327
201086807
322693278
163926124
724308407
95880055
767127460
232977342
232149560
861883289
397979385
405035734
308860495
477410380
809859946
30079548
535345054
598409618
617991491
310780710
756796762
88784684
49873093
626360084
276046937
827946298
313999257
988121866
357920327
143594168
370822122
710184199
165839658
557079390
939363909
90083821
352009061
226930721
175802793
437551931
679997854
406766707
356332201
464776224
98846636
80318873
760119686
458518464
896141178
478181806
581740083
175813089
179709064
289750140
391690831
211157642
151213713
