531047854
395916792
525185109
108449875
464262500
170827946
610055643
709472613
430171124
480409166
315405976
847998556
714969842
928650477
654337645
141571387
279310218
289185791
946532356
329469044
301068893
149255419
603117907
499240536
490421274
834804147
689102280
860563118
734814365
652043167
85157911
570368784
752767602
222092977
822754239
910830242
49186839
769497419
790449342
982451202
799899874
121142544
245004310
571726931
879637780
474926416
369852939
803256257
319178534
365878993
442299577
823446864
755762066
922329798
749485601
381792435
792798884
25944573
618028599
629458351
481725665
749492523
974658247
778127956
395251255
745037191
95230954
492876865
105896238
743507402
92384547
509812798
498736447
964081153
529569169
179926349
904251108
31390975
619602755
15494857
464951208
885846021
541384584
368935371
209743590
261711045
814606716
830437802
472607374
440961804
118031357
23242265
151468819
160990991
500725536
50407350
146484295
466876352
176475676
134600588
379695462
876976073
697360019
575671130
273494446
932486777
324710416
791680912
392760629
569559252
477541325
761407908
406341817
602533741
164507143
595879642
208107938
605722875
568384365
133540210
930430473
264793150
20269490
664934432
625476044
69142281
358343978
337745456
463355616
479161818
33442053
437374755
854915298
485002166
635799394
587975133
188486002
965713452
95440925
277256811
937000627
22925804
437677173
903048121
963420477
356623448
616900447
548935077
996483846
904845892
842299411
540761418
898491986
42935465
204170113
114902312
856706582
32425586
950195085
204352164
574142798
986964959
328325295
913598809
536117199
40166570
906492609
921339649
966734346
576532008
407393640
242394485
510281950
291127553
196539581
907504668
827115975
117221367
701513954
268852596
452241833
809408900
341261609
558509722
636862406
492680633
538882768
811979832
280832053
520897081
731268549
156060415
15518367
891088760
703114011
950035667
694600508
524078362
366930922
923253907
450130838
695560797
582200729
419951837
497452252
599904925
30479468
607364432
846395883
296665443
287786335
739485215
330911631
681342488
752110329
764733897
645703349
769815572
276736403
43436565
501283800
94512776
640507596
445837264
845263457
251333224
226876118
619193188
588013541
246503913
212904160
303037613
750290444
778260045
818721757
756681034
227208170
921309770
61057470
36957480
462201165
931518335
965583948
984166608
233110746
991783333
825148783
334175877
138978430
938380113
304332317
924784935
247341959
323494356
421970106
355618061
55053201
136363465
574688378
246119027
373028807
411286278
19350890
599891970
83761283
984748721
989194769
552651584
862620730
995429294
537525727
724393578
708758101
239778923
581235399
569765464
128928827
656340987
212726518
853480122
426184440
892700239
480214758
649633426
942171594
288119224
55695653
426796087
356289939
463103695
701627832
90844705
346621391
814938441
663928671
50914886
912167444
365691978
900405324
248362023
2588564
272497198
471555146
143549134
400854386
579938738
216026833
7563035
742258956
852204640
226689234
398712213
923636945
721208254
819934585
480328567
931071518
369717463
657720374
795642057
929053067
562398681
196361645
399517034
293801461
446681021
377772186
893819659
575850250
530320512
657598019
763236847
755935661
964364493
850891558
153687242
421145093
336665623
248779040
362232856
72092391
48132617
684537130
504085297
236414460
302915619
167207758
625413135
995003855
183600104
119843366
542449981
707971602
104763267
319308955
440189881
76135552
72038111
849747672
954173363
202166551
322207173
431712784
211938444
194606621
463452385
642776551
959272451
870316695
666247343
59183473
594405895
120938422
295487518
723549665
880920449
877861550
692276347
163102574
990885841
279473263
752359049
898815802
392250145
410477145
115148038
55265244
651172393
645055538
410701676
77551689
349106982
486917950
294605676
160066304
749885217
616419832
472598685
309478675
772962073
660139067
207935306
755096439
328756511
124416631
525437470
421511558
412484084
381213600
438388504
562328330
383859204
908935536
858861830
674700099
449807500
423391369
39462638
801461298
79458583
408187140
991604156
314216912
459615018
588695653
710076490
107487944
826332745
135421213
973664447
264500617
405262864
382797671
390140499
330746773
71537957
997262609
570059290
267833514
885039673
693636478
642781159
269958793
206667034
848373345
693692483
440171445
628056119
619905575
710258802
326493847
576957193
671137386
230020092
364774932
668534909
893718392
295481420
740060857
414340139
417949525
595178812
277062870
407549151
173887886
157065465
1061533
518795036
528115056
603162142
452544890
853332077
771629123
916421623
385822104
765405980
721645363
107549878
611241672
895003169
269905045
479431824
206427169
425162409
647170599
687543423
734125477
152777579
25365566
662211863
177819563
701781189
829998432
853493373
467090147
98457666
365718288
862409640
32779147
691307879
692630949
921376407
99941063
16743433
257713912
473161769
805328068
754715762
844197987
599368951
946889544
786168514
684239746
845057686
144435094
938517700
388751643
851900460
760378551
486344462
422939987
848283953
493429470
865903191
425342578
750763699
23333644
918135748
449331475
287364438
399687691
859235722
74770730
919933792
202372219
348528637
379490761
189683735
167448496
174008830
882215353
979409714
308579590
425996613
715322317
391651048
17541442
984940744
709058279
528572446
709706022
513817827
102031088
546434683
268367892
844346995
427946936
234037870
591400854
506950211
449828124
887192319
305384286
556833549
199681259
87653822
711397783
764305953
642685467
795906455
559026939
199067907
684451963
586369720
604129108
443530271
539704362
67432856
150580874
33691529
733222257
38392899
209077468
920759028
577658414
885869863
757204633
528336046
651565899
358025222
920581699
145452890
598282880
660498283
724180704
995023033
674025427
751746040
226315354
627668495
680253264
253235488
342255277
913151822
969545506
510638114
829365863
515661366
942305573
824837619
304642632
360514079
83456996
557709324
773727953
411435225
678114850
384625257
979175133
313811395
330449187
183061737
112740053
284660244
875324754
413574048
600785026
23953679
862189014
609106074
769504843
787958320
841117501
522912377
353438264
479986769
696137620
295925644
951213520
67020300
56504000
241543266
586030471
826728279
53382589
560067619
61995894
40573555
886770329
312745479
316908182
289400170
772570906
912503958
297219307
497191527
140495434
57595032
37827067
555971458
909853087
805412183
653472351
333199498
55332776
516684311
519396577
560544617
204271060
293741184
715297603
382189205
433411735
912154832
257307394
88905920
597031264
286011773
231277654
315257135
351578153
560211470
137183349
549443535
292197891
480104672
15387414
928613542
225693069
856246736
339491335
638542587
258098577
395242062
157167211
251091815
588070914
252830972
771395503
536698277
40671042
501451275
836302494
593029145
597447875
934718976
855988434
860416072
655196563
208313387
900160261
854483659
826317376
722569931
204393304
349641617
668228834
104028815
41001607
575228102
501296897
590783034
334851547
348024322
954249848
76755015
124090628
38169672
754987621
6215578
500835004
344200291
514616269
694579376
274586092
850126876
723908975
544154202
951995659
357478914
624116237
154971340
273416978
17379682
956086473
485007674
812225210
535528644
190848757
807525593
582862980
484042098
211829365
196167400
35401380
449888006
166599728
488278171
638779296
520692859
810628348
817818761
105428451
648980984
707478381
555959970
339867390
131738000
447983838
354266427
625732640
124074631
152033155
683522692
951111863
346325557
317366055
317471865
391937848
469242173
264529804
588561982
847320913
947462026
423352597
16792905
132370925
318448868
659177995
824698085
683527148
235630804
905374905
431302799
546850564
806297475
49542888
624435993
309901300
400126503
145140283
680487209
87544805
836582329
181792952
458788348
332008943
528306672
245055536
689075822
132521950
849127861
96340322
169537122
256163054
222066365
970497846
157966423
225628387
690685475
423589044
21418522
472560004
623285752
670739277
390101836
218699725
720730355
136672127
144814387
296782668
692930061
7570565
991811344
324101890
584042594
501017177
10738584
765669074
964564247
684783961
604064252
73393331
970102171
692176134
834399285
139290481
735837783
175139744
324784199
835799627
891576463
398807605
619215823
976537457
123721761
207927204
464259051
165843051
791691114
240088623
611278587
391634545
100241148
392293154
439591887
841557296
104528977
845435231
672120459
721049186
959759262
392297348
261064138
5901513
819524791
948025189
502457831
931109616
836339991
250811355
482861940
545590610
811887927
309014758
405206203
294122455
388354740
15273886
200380128
376115389
36758125
844895531
973977958
724475624
73505374
212429707
973152182
577809017
252584247
992841988
34761503
890402551
503019284
603735011
876040364
499279115
137743467
613314310
157012666
175696571
705469371
533149434
329503059
540879759
757226681
65687976
579746616
791226388
987086949
145469431
453202556
89255090
645055102
296005069
684291061
114863730
418319388
536588512
932396138
607095083
974873006
924648812
678525369
843498001
216049851
592459388
42571326
208152916
432974393
905927087
156378988
775040429
858261219
24683557
670646017
503608690
515392471
433098199
967248942
7817397
632683089
181925793
590722067
107114815
539639432
945506412
245347448
207014214
919443949
761176633
80959727
601154954
680918171
549917581
200823563
780820557
854624064
486005056
324829907
164767292
23116650
371593700
358251995
81159862
989090442
678162125
230993870
620371544
625359051
180682370
599471258
985221187
569339569
924578740
974411993
792947213
333926745
571410553
303858569
270543438
347111939
835557110
288708966
671797758
824967360
555224032
94122257
308343637
823859992
