153413352
490296227
765656407
559241132
876434988
587121522
891095047
728492340
332445450
479948748
786092211
350788857
445379189
154128047
689235564
648532208
675636176
28478657
214092410
957381452
418108161
341274929
882975762
914639156
756873880
781010231
564926276
654571490
75654369
318431382
841089110
702749457
174824131
851991748
215556577
898245366
327950947
397096824
757937207
994832814
175671908
37248846
138845945
478180866
970436429
433992239
514649438
165084577
271705559
526470488
973651790
224326720
441862382
228130434
580996274
812138422
607320463
851017249
802367251
95424757
22195246
236523556
652837970
14014068
638859636
83342754
175964726
593387439
938571469
790990197
320581260
278539352
270541448
219259594
781709543
380859314
202428983
404794896
944202726
322881640
266360792
399841699
382865930
549183880
344779591
616762389
260887075
946693696
270995474
403418153
290924902
476933696
594729571
662512450
972637568
939148350
384410875
124831877
839321228
887093675
258027513
921261997
226513106
480715361
205889227
695112438
953785270
222602787
446420889
200136959
609709438
202525567
906814522
479485611
829063964
622353545
853657625
103654089
669234475
22097247
822455678
229271028
322391965
535153315
500065294
843647562
683809780
608028997
246622025
842561192
996448438
77597106
565473666
57109050
64854126
345098793
173328592
902150568
343294652
649667152
662977117
38284287
500272806
70858515
793708714
88399334
570119173
115243959
833448484
350284022
85490725
280756785
455597400
817223981
64637997
28756484
598870032
691359790
980650065
362241664
11302657
345756273
975980760
603859696
203688519
532112332
637051900
849705471
414631485
483965171
449024953
951507056
760359435
19567323
359120128
784171390
728998221
251533449
741444600
411665959
273528389
568565820
774580512
896338002
757070466
715691653
621999704
748249684
992471052
36097641
746228759
481968801
921500501
981052987
638364494
317220844
62303526
896413109
867169994
261596381
451347433
720413700
700612473
349483313
901259067
133983668
520397348
436030077
458103853
280466605
299758262
347336582
949915188
568984105
88713275
442736836
571175759
79642757
846789228
487996865
910112626
888802214
857234417
378533843
737736410
967056151
30006554
779306447
381202827
41899283
721867864
832585111
384363454
479848218
960318525
553114687
867953346
425097198
995078934
623086798
195294304
185969626
290145831
712004446
736339378
398892177
532053611
352516395
892339712
195627658
746045083
982660767
49623880
379173128
351483754
562545217
863179281
322078629
611746901
934202915
103977113
741090900
54827249
416204569
558598740
467173150
962973127
470066970
608665579
535598586
574783489
146078560
84563822
223702429
292702561
724142999
598656383
145229970
642194464
338844233
435002540
677490158
886966733
185575169
295854199
739207095
782961230
5190325
128364464
397773307
689935404
545874716
813350296
60876019
519109685
454203403
131142377
873941260
153405706
269166228
435919048
61986640
743850814
356741125
620844167
599966522
898096945
825921450
86470567
627340753
963888832
717949310
679884164
272902668
499200375
426486953
854124165
869252078
120350370
819391644
684211918
957782801
341702506
210892272
845663181
28908772
332728263
23687803
704592743
838499156
593000622
724715122
991824263
373028236
902925183
373015899
933639342
530225608
564731001
695887675
841110149
957039779
918719757
501023709
433884473
971986092
865990551
540447627
561675643
92622731
600079236
261890297
753590890
334014061
584954308
478136246
720284133
532958542
511077942
591935394
267238259
874409141
121328706
247971409
34340130
239173710
726125046
306855927
369977483
126184476
492847610
323898557
304521077
424462693
978281493
727172138
39063043
840678795
777007797
873677087
162918220
792280634
462012158
611970012
238419920
331110324
971124230
657810202
788073926
424788936
652731764
400680800
19147665
972795605
428649415
966701006
835711072
670748347
466683579
194710763
245861046
559134623
170470144
435491167
599775120
276180679
957369219
329128196
355732566
857782168
439073202
879605337
755950744
637400854
429017174
474957623
412396983
509358693
9551489
703229804
268049479
68314843
518782000
945188546
473452710
92166809
304750892
331725471
995813277
11580487
891461065
368314695
373995215
582297034
627816041
603783596
621810490
26520991
12194891
962239239
373741104
641996033
302077635
930291756
985715732
773126425
644730054
381746810
543778430
953691791
554304023
326352378
661196857
763453773
926661282
177546202
40352622
225281596
962038455
507608310
971429786
625643747
333314918
344152079
966321102
70758507
505610121
173653710
9584812
825233576
853147131
385875991
497163801
47312248
329488699
626053444
766237206
588490242
959472812
700326284
447436753
923004080
787947039
42121485
457276462
565108686
707117836
610541441
655635750
450269839
563430973
396528893
64482535
504586580
990809452
748097356
308681114
957925555
963970653
914957225
267516304
471076344
372161997
718544853
100544660
168428032
829188575
613884608
433965074
300607838
411308994
451862379
265808783
261712171
60171556
48425705
837696706
291193433
886875615
401212415
363640670
895068679
518017958
559314972
261802603
456618237
321393456
992577220
56502795
581391342
317372329
808311650
624519587
44515586
432809979
976360408
550842083
69402186
941576824
288848430
735920109
93233227
176576367
355027912
38960844
111568593
130720110
802770362
444415023
942383747
910400648
17487681
71049940
562758238
551316555
372447623
953058385
812847024
456742249
643926421
847034574
836611354
557381813
852573730
983235507
602997343
827342791
221293196
828902190
83811147
497583620
768294520
349616608
598027184
665292304
270407442
718492312
162990046
520354128
150234009
325898127
518623092
548162196
114119046
670990692
299884648
737261709
61761349
493199030
60362356
23302022
737995057
612659935
297650402
441813854
899308754
535851413
324002635
371792404
435963499
284225801
909426912
973868171
360603876
444800126
142106128
667871072
473022754
897465932
280909112
653955310
790068339
292492896
306508240
318028294
328411482
288449158
443262766
181583038
683350858
865735632
765581441
728094165
768539834
60509124
759588562
155634584
51966206
156213330
765983549
734556028
394489677
791197640
84390628
866008206
416471214
544754920
187558320
669318919
528884564
632013575
264238955
164295415
212289917
406407044
233233682
445502161
306151695
979622106
113402372
610859595
92588646
142419596
688441544
570227865
518644359
181332746
205328336
300094751
685211563
986471543
615904865
316809424
131482383
546353083
259465632
998870697
208102267
440500032
901557079
783656561
100890838
773943846
652698473
51337283
601496677
601286025
515804247
362132789
827275441
314086400
849482887
72344098
42810957
155123953
641967381
252070080
102756096
514162761
347363847
235138467
339426583
887463567
984107354
542413020
16108709
947429529
32813032
665936832
146941412
234362984
237399894
865651662
78065027
329745809
509968757
318644798
489721122
637104260
968731187
917358332
665528498
843195546
472819309
371125163
136988655
543560767
273998466
976358428
904385700
7395552
896114600
693939504
93136184
666418611
444229977
213427269
789836491
110285452
35228574
654067146
568472993
849867413
215191377
592912456
76686506
983831223
994279069
713065147
645155194
323322583
762348957
465651834
545431573
430005514
569609968
496231035
414644258
612982191
405424364
472547940
673431063
56454603
761551131
139545860
338248382
543460388
772515477
411646415
885515830
296541488
528808306
379435669
601875686
314664040
348885339
815661083
628004169
879906851
294438657
153157430
549281697
560933318
331203233
581063117
245046593
430462766
148507931
663130669
96808643
947998940
798783009
176854299
704861087
562680632
980636082
512018390
88316282
75645517
254664074
533226116
211315746
582632654
827549315
348613706
794514275
382913287
863776146
230767533
81120175
753948883
868226865
534737405
318543534
252266934
923266242
112497744
725251368
180488013
894499265
907785615
394952457
109384808
314837771
937516889
497758477
351954006
674574581
39195054
334027956
836866947
727344800
552358652
625242777
761212539
941841683
966649042
733384002
982589526
786548840
862133304
566686618
917740397
582010494
342859758
79772075
264045604
858310764
452594153
639414389
868138337
786767020
907828268
181146250
346878457
138273659
101930938
267794882
890032425
850855227
442560268
708338705
824581092
896739575
244253226
26604082
315868213
909494626
557330993
310425249
956617198
379113741
742661840
393939171
32365960
341098997
477212059
527374312
971978011
857744813
233712873
493643241
221980427
399780663
465889618
50099926
819516531
371212401
278364320
622938879
839910745
698854160
843351576
131734298
343988572
153794598
742105524
21000822
337757267
316255675
763903860
354550976
300979771
142168903
682797189
489024596
44105180
513889096
148780289
5779460
661061599
574556624
295816869
32287611
617142354
948917026
486358278
424800428
430849957
194153299
207087550
944655810
631130306
934392112
470514503
257763038
535762163
610927541
49950599
878571361
598993471
456211236
189617045
655722336
93840953
879161895
192663470
79811524
716983473
976865020
5994746
305627435
222432112
272584859
961877279
265354120
403037290
811063965
514591943
395071544
667436319
317305095
590150864
143603968
109168125
819248048
723420668
366587657
671654399
425034150
953262432
433177637
463938496
270208927
406785988
204850362
384939579
640094532
938446656
737980457
756253556
406546754
707816954
453984935
188158552
901460113
722223698
358545447
972514832
205160382
854725746
724698197
96335598
654879054
211135041
281688375
866060371
46013076
546554210
274592903
155741226
826075811
408157123
291949322
23602587
572817108
841688937
952223184
865798870
757026916
880414540
762942757
872617307
776611485
638817987
260889565
609488140
136165928
955445414
207708010
