460533204
823010444
423297346
84251911
7573487
980999716
632319624
209521162
94047785
259588993
139104002
599961523
501912712
920937254
552618319
24191421
18414796
954361991
636704952
708808356
101067120
188284939
708319037
770830921
141931270
930728071
975708518
469104410
116865004
54715584
147991275
467311132
300626071
15932381
419789497
714974127
247842314
959308576
590716231
896918207
994362472
560152329
353552438
54884577
394571988
430068903
709749068
534330306
832356139
888251819
303084159
474097141
25378600
608858115
663360000
272248264
114691406
652466423
942320639
76845414
5291197
163215214
92656157
39332200
111597717
671792869
299335451
485980331
501147756
837644191
776349105
59106218
363645759
739786743
714445882
540914789
834732500
653434460
376258933
711862365
220979002
441378211
636748269
228613184
751631424
673894133
441932531
691767955
352572379
147541233
600282720
595375889
16987937
513870816
891627009
831147258
467496172
314220237
943286858
722779118
130733452
223768737
33182550
994711947
111902713
243977940
110451381
285591855
894412231
122445211
437515762
461256945
276207490
230458273
855866411
563912985
526466943
864042971
287700775
437703583
229860337
607567494
133407951
353606522
237361470
180973216
42118281
849774941
848159733
883298623
73418617
520512262
710147600
653479813
581128913
997210264
408195660
642036321
116710471
507653483
563442751
156340675
797355723
230127168
710025469
139025775
319168398
786529662
658004404
327714023
304680314
603453199
26519462
505583275
492918781
523165957
90360785
679576027
757350477
930929495
201859658
260676438
437432121
11113608
49026594
917003499
751109344
622727675
649329359
858656146
155717324
884430621
747332500
780047290
874260830
73519661
810211770
903280782
643581051
98335694
861804816
255588618
191770537
520445709
578618308
469965416
493992800
204564324
160561032
57962955
906849478
728619632
884685842
185780974
305793824
302766313
718908553
786242114
181100574
793021969
387916430
696440721
137200302
799348257
171996699
420249692
856120698
246472170
631322444
419399119
712954185
187080002
35994975
659014782
69124679
946271039
68905901
916986411
432495298
579061176
423010699
546545019
462166643
591366403
951806666
427097691
999744777
561551525
474253465
571494517
354611107
23969655
722180208
850559080
710419262
165364094
118388316
392422278
348449010
158368616
613844717
247520629
573241878
741161911
345008768
719769476
692624656
225671059
116656294
359522784
233860411
801922140
353746816
602039396
370011270
841371410
234274078
545833897
847541589
744899006
420504913
294569172
772218704
59827927
64788012
688984530
464899793
185435893
948595519
903760584
827882723
676483621
568537401
274126682
965216457
175490070
973303139
721004730
246357634
232037190
734473033
774073717
444895230
114730681
337634105
552688965
670222838
120140811
480547810
869047851
931090014
572554417
544880687
603550002
737863701
319275545
475301923
513413951
676373899
656024237
254869683
507188762
277075539
212895709
531640059
557376788
233384739
79620134
636822938
194521200
868068269
513269346
299476262
615504399
10425972
646431195
849673940
657488023
722193820
512099045
18761692
344758981
704888082
79547667
972670568
255328305
131602934
964987397
536262979
645940912
700188145
459889188
44630831
590333396
977167506
227284271
496998178
231999521
583090620
780257315
319304226
590602704
483317872
286026610
979582
417820668
273078155
929376287
593124029
91432506
469601603
817813899
791220129
164274854
637262544
910110700
802300679
197527872
240225140
276311754
425773854
268397340
543357153
990882024
494333054
408179081
468638515
709142864
638336891
783141700
149433017
617674419
74397402
941936504
192794819
428158987
861441108
418861471
78568085
554849900
982250149
202226645
371863367
444830473
176339308
882374244
668669057
880355976
953070850
67056806
424983590
299470305
991774379
306778866
354483461
50906885
47245550
492435846
791693555
592800500
949182151
563935289
291039396
809982328
941999488
851927183
743416497
849283624
971480033
209103557
48669591
383439207
118959787
685375239
294061603
223547209
896533972
98526679
814542715
611958808
739510022
588282538
756072012
571280085
358158109
849962710
625900039
767618535
587453042
141887933
380913436
369005261
627167915
485767584
605667747
418314860
911187247
561881038
502830984
324412124
138957747
819385432
908875941
743967293
18387214
41544382
180510518
306399139
12717262
130936251
154372912
948718870
677893129
179734746
853290476
360899612
807863275
719759310
451824218
92036777
226027144
975797960
261830581
829592099
828190119
679664329
756271291
633192202
79707492
875746741
312359960
334652933
595695693
490130591
473001061
920124589
679406596
12104718
552892870
316613727
669452191
319500899
754901272
456516790
987515020
432194565
691112130
447433169
632477106
244768135
610451583
191427937
110056820
410794207
98384979
163159785
557554850
79283841
915777173
338722884
285273090
547318315
226691647
136970519
818576290
819719977
353023176
187762537
706733683
933165885
681493015
795758556
166866439
135210491
422584584
906526243
220896687
805313789
842077078
395995554
988552197
308838121
715095
834939355
265295157
120932022
224596113
184901486
391745612
309841275
362569738
600122755
96327544
214169986
31340636
122133876
92809252
617930752
637940499
167795042
79171388
503349593
740699484
699311219
563275118
814693026
24561498
974846328
988209621
191858734
942263096
752241059
237206762
519781619
350170685
976434967
546603219
391752290
871675360
697644267
595123864
168121690
796016924
396892407
570596147
81370260
699431012
952696451
103869854
300450708
813716991
602965933
167373290
674282035
316824165
485202604
568138636
301403874
271664236
450602130
96370524
249749784
196691864
199886877
367578177
610328678
362915993
576545924
863999300
54905667
575530655
701056961
746255390
940296231
572671177
911049697
707332667
343807076
128715072
481904858
115262014
71865045
870976473
687758913
378141742
339297163
584867769
562924725
202957453
864968080
408296331
245199344
120088053
421073230
601273742
345374080
971429825
596130047
29314229
960267467
718454266
122885087
88697151
48964187
724920051
112660030
856710542
227077057
101610857
405774467
777869935
224331559
172688802
789759377
335340116
24505478
378773310
508932949
821745133
28281014
25460908
799991266
373588471
999031218
646609334
330331310
580968907
325182160
339022488
227297097
939619870
111202620
314492847
168447603
763450591
992376925
983167893
822012285
962838861
265481712
482586620
357790711
461313867
797182984
87098144
183964772
72510542
330328675
85733113
576768263
966600769
462496875
774384912
1033214
934806559
918462998
749296614
89665931
402354851
394588740
531691121
531528381
888054568
874313759
466154596
666667315
909838711
4241198
26308785
342963189
41337584
556761023
546094087
556263421
545694393
667670196
338677398
576405486
911933073
462644562
257820768
250640232
239449046
762254223
260696327
477122995
336817707
313459632
233641043
844987592
243080310
893501962
419657434
568250120
733790589
951058237
469736142
587000107
331028388
420430828
274126059
68269344
304019890
742769923
535430679
409839745
916402786
218121490
455338820
267136363
579785599
172891128
177732856
939710287
136767972
281050889
292079334
125800344
613617432
989031599
329849608
596379079
770600153
181321191
99882878
147835621
137103589
977843965
822472831
594636154
197934053
751677290
245377098
491502245
188518503
189551423
946620341
496679122
226823544
850856580
560720207
118696216
858120811
966504679
265201992
70189182
715769105
479947145
431482148
452739700
658978903
343935797
973382673
341996787
90581220
677746979
297669189
122698698
642887044
387595058
272736156
938558820
395648658
860702664
69202309
828108308
927514029
686230610
751191784
947216547
334430546
795400210
898976799
762760851
428311392
211153391
738258266
804095473
916119198
29693696
432066514
657156442
546361817
369733130
935657250
853998254
778294615
903380309
400921024
510771522
891882232
823921643
853792077
839228484
578120423
622161386
723047557
997418146
897302370
437093682
142675151
29538494
728755359
484265600
118309153
863578691
444958997
210621822
913685393
879427828
939488711
493573715
206579498
613193347
955528542
615579712
392197002
25915527
925045412
215204053
49813692
24133719
285309586
240420262
55334314
510508902
941608132
59748315
184640427
806150005
488105832
740840119
906793102
479025515
887018544
402528020
928401082
62096217
251423977
72078559
409039257
567672793
989694914
521493195
571282809
398308517
617342144
240598729
883699940
962540709
229964383
697132030
72372733
682098316
387279990
118541431
744228907
488335097
428931285
607800250
921970558
385210681
25981395
107535388
391321996
198648591
586780612
727553981
726174802
553000522
687178629
330100785
774491549
852966853
806164794
482140897
34438804
763816389
669137451
657025796
893166756
701009402
176048373
222099716
576185621
790973800
668467386
224694785
91745525
768477112
658299111
440065984
633164930
643623726
150107999
23828575
541691398
882159525
130171199
372634217
811527903
889788162
514423926
330699418
275362080
899863596
922640480
219405879
875933520
905139091
84102627
980412516
819197644
771905487
714633492
220961155
209162308
803881677
531349765
600348194
530181204
362085826
635808455
957697689
894701409
247112644
696935854
130867822
702858853
782336218
940449498
152279277
633645190
296503233
845497891
3378594
186585476
845348954
946737635
676322024
868333319
449061507
348761263
186606433
684374485
677886594
620868338
861259441
928990232
929146843
814666266
737809720
350809760
529823003
842453012
449442076
253979706
556726236
435998007
28249435
202927742
791772657
516547024
93597302
964689591
931823349
346767326
522694411
926407595
711254898
34375679
363813352
857144040
855027740
732014874
81119697
13324563
449202022
273323203
216814815
