597442116
76415093
244002342
857807016
528611124
324955249
855681545
706040537
808069977
424973552
675402507
426644634
80773976
69963907
582590415
192240127
75164177
421663586
289666409
150269269
827697660
836116694
9527210
110502180
931989939
561289791
664642323
430850957
660451443
562242732
571357363
886507279
142150263
870857416
763697421
341094782
263230882
843070530
337072862
259201038
608637181
576567027
689918269
266055765
111034864
541128358
743685469
520731009
283408067
935177297
58324667
433575716
401192660
460420860
135551546
761325420
66887882
133500161
925817076
967321332
660312924
424830587
45589094
245827245
853616188
788895227
284494371
209916558
306266484
241495632
929009243
232093646
84590724
30465371
541632086
251130632
146198425
743471443
999467315
390861580
817604320
143911314
147442889
725274144
503918064
137781646
485314619
681729401
735305869
2372000
274206899
129730720
917253453
369751528
598888112
183806593
530977933
444091023
412439576
322139635
256633987
533768910
214464524
41912435
6168053
826231019
348984991
370727288
918788772
884420912
615126995
323416437
134032845
534955495
149717011
516401609
277387698
320314949
741909179
715834542
303580608
602764968
474610688
303894483
967288732
799278522
314840192
714839194
431577258
357825492
720152698
702107401
331031867
677327679
134227593
283835409
929446788
105530454
719106090
677687044
788796653
114587330
762940627
850884955
387245004
950790461
995697874
382297958
220034516
82486503
906418894
210662984
702181842
696605032
18559027
653869017
59158222
910570039
74623702
206889530
511390827
634145795
939150029
560963280
164268214
913019593
992384569
456705164
400727901
865881600
586954819
171857244
601208857
64222135
927037887
188993277
839824340
623725731
916649478
16498270
803580647
932542233
494804678
349090754
451406597
509489714
999925557
634426833
658768651
480358575
224677187
18876749
30906752
512216560
166296217
154650857
175437300
201977347
686616741
474225410
958405890
538992709
981570055
354152914
495531682
734561650
609454125
637959706
769567144
829565749
814044675
435432489
993920560
58125431
403308881
578848593
139341117
590059274
109556682
654778498
913094034
357957735
797936512
920369324
641204413
568078070
140950492
88992297
897925917
772387030
13555977
637846992
937108988
442424068
58092378
264587937
950972176
140651763
853559071
716844946
900035588
361965851
864859688
829202901
666313898
789244697
24956187
972781320
108907678
587447622
15309739
585378024
92420664
31838242
561131374
600448155
741056196
61200730
712948500
927453611
593611158
520461827
740033788
997180113
816009772
176197682
498323499
551496491
33052
138720943
627876415
998689353
736500202
392711735
754742909
551128183
493098045
968733610
254055425
851959715
543121882
168169170
980084618
310478294
757077290
428177951
545426328
905270745
881292692
457644222
523531740
889771445
427703261
926105459
123233788
379573760
621932061
867679574
13193128
490116215
290921197
473459694
972748267
970186733
959571206
16620385
848877821
699708927
277095332
10003191
107350109
772322585
807145304
860988784
384331728
425441987
540377208
429555493
240102822
387831821
630771353
593052752
670203798
542388828
615189202
738104968
570986091
810394742
269477947
375169149
929196120
625418470
955540481
763939208
561038518
69662188
195420902
9897884
350907087
740456904
579300128
845717399
628175413
871289501
350294112
751209153
82626141
566714476
541773731
697791799
839196550
192376568
627576751
625361306
859344861
697868443
803255895
430359439
354997530
221466237
445634292
38483079
430230980
901926181
80807070
481931638
816782102
43206095
299950266
314669539
230021085
530479324
78648406
499645916
808531691
785053953
964877338
798914295
192094715
863980047
655478827
4271615
268621011
571686146
535972597
736819551
997841717
330179175
904594346
863170073
266406291
765061461
654900352
129440849
294822612
540817049
415486418
726249231
790482431
868362473
934427049
39420046
266764209
227104191
467770714
308717226
113728161
127930834
816829613
74290908
732991104
4341599
238264723
491017481
565987409
441362676
769862067
858544833
365953584
343987517
484089919
486602927
138611747
436780191
48263248
464959622
875578970
949207555
204823304
267714642
369567534
238628106
8431864
323732240
929552996
616058780
737507405
41516819
103915431
227255371
623091390
869910882
513349560
830303438
130178969
262064691
526796738
163882870
563453439
853459934
770954980
556941584
360295647
446494913
384272554
447824122
900808297
829984016
178840942
2811092
433138254
164520604
923107529
549114970
704723373
494362997
995909734
914532481
561464484
949928627
703855270
728345247
754629401
138698212
720896126
614179035
973253366
308308308
306601221
786198556
938162882
711696100
385754116
351363369
496759661
812625948
878332458
561936949
939459685
481728874
715250482
907523387
862675876
101104338
794117115
458570785
946803352
964234589
125580064
635815971
266154955
612264255
602418385
613524811
149604663
42609733
802312182
221597434
725598786
770093517
474570755
592499988
523382794
392642385
64648209
721442153
778766487
571744159
52355309
892097423
616030537
433972785
975072795
79735609
234678144
796331882
865669370
653525062
344581096
262325341
667375682
9018776
182728243
670785249
520043600
325898627
109277714
772229304
201758705
454149928
10313766
656735024
836338161
169366168
7158119
122750493
384140592
470033490
36456129
72674961
679804296
375059193
911879279
233482640
19785434
832182169
637191459
522682776
378846666
353272780
176940361
148787119
877016337
463273445
102717835
465551978
409771744
852597544
872598784
738749580
612164439
6537182
369985453
598205380
881783657
959295511
597634622
805706626
72577489
111927651
412191289
395635879
617068933
271906134
582521043
292316488
97139496
949245602
650999814
687861429
688707166
586594937
393382638
848485924
277209566
861526645
779718686
373064716
66648332
541606140
712978747
531543047
597434705
297706547
460510521
673267114
5073739
313673899
351698981
60489921
234547547
831484831
450105286
266919014
941081490
781304481
531718184
605110202
880752400
810401345
368412481
460526141
201597729
184737355
50042414
25569502
613154543
521499528
320995813
20257011
179576825
224569905
739058293
530971348
398948902
880648240
798201173
319362385
811395612
909253928
287242749
783465595
597546621
590509893
453313881
857222333
136489650
126463623
907404432
495905083
329808460
174608483
492312314
256246986
173193658
252452606
329945317
412697349
247664132
434941019
60112570
483574210
992678084
331441969
880913095
9977642
92426537
919133937
867970111
60433249
983103307
212355798
793714589
971498471
523158596
584946884
862979518
611087835
731423473
192820079
889079851
486690919
614095094
825090729
690448550
4968341
732257589
482811307
357777689
146496295
550702923
385503823
71698253
376454592
849141357
803668537
790787510
266104651
709596796
443336238
764795795
217355711
258493511
846971183
512801775
117452661
380893893
520813842
733088388
588246772
389473086
718857481
681273875
54844052
545861167
573421650
869479115
167587355
640993418
875944754
277720051
609615229
561356248
721473815
509730325
597599484
140657545
417259996
122357114
719490057
794159373
596874866
901491038
288087234
428024283
671724139
228197408
767123909
312288953
572995888
624074447
211443747
749722918
769530915
757023207
831845440
704229946
16854200
830593424
275719707
934189421
623200155
625111232
833652041
165616187
155180566
655999461
537019694
337240858
915202290
976795114
963633895
398456727
13598330
794087398
792598219
817366442
393186641
626819768
874137026
345224242
102355205
855298400
67997530
251870307
66276303
859892310
791825331
964450606
677884883
893369536
123803345
586666570
846637405
785300635
170959217
971763633
67838996
122471047
272843716
15724678
691177712
429883051
397086662
596200772
660440550
812987018
736124587
975443516
964424987
14478998
311043304
390034430
956456397
930495464
831834216
767901754
557113702
581781734
99339883
295288255
864174128
572569087
659355973
21832753
852991769
376967325
551819320
228297694
623128180
820834585
749527445
270715594
353976051
858412348
654046528
672472152
458211737
471796756
591429755
253289284
123767722
816381814
25618
663405884
582326232
733768914
630210172
916141940
953466418
403057462
414649930
486057261
23131163
977555460
151550548
118608625
770527076
375253909
743209002
283473225
261167697
507826892
352315335
143590402
264951552
40327710
36058378
98044049
276448935
159362063
309690016
85316945
990351977
846050598
171520532
47792314
572543468
995950088
439506520
119222854
746757152
635677379
274831275
220070717
406184654
263470184
247584430
376420589
706861800
535437903
901945075
82957828
728587753
307956530
992121585
615940828
464066478
856435215
398454332
541998522
697710535
532166122
639693005
794104354
93367446
329332984
495705282
177080564
806034928
103758233
546065155
774576987
935747387
623986147
536716072
625490317
232995617
132244618
737405747
1481367
792743278
659637787
391182248
741011031
257416986
226732187
356729191
682395447
853929012
555579702
583725834
716108252
597495755
897507997
421512318
214591029
995984373
480726919
126703271
76851669
767764900
70503866
570385660
603103566
989372746
127368088
147210440
104601606
771240457
366631267
382945211
331821860
119029467
396972964
749255242
38072747
140983874
898681973
536687368
866635258
972603792
813309834
323151551
250455225
520032397
829956902
177081231
38239390
202473829
322125042
629505943
752268697
5541346
660554077
233716465
722239411
89252127
788078680
751638283
130048898
79521747
252127584
911154988
487297744
172634491
251903974
597078784
200522791
148252754
383439570
73607155
97302399
944039550
260068011
104247875
954455065
747352313
319930434
83071168
159415844
950286855
108971049
902127775
449115414
737125322
630676513
326280513
458475389
163256498
