219409652
228952080
184961595
310752517
515258880
513870256
612245460
181396939
845427757
90568288
403211200
13169840
276333727
821641048
765623378
52829472
109491861
684577382
242552823
703558378
959559418
667408010
330431362
271381613
508263783
536944030
7486455
652958136
282284943
216518750
802553313
991000817
661996346
173422311
138830941
450365279
422283225
613619447
439350696
773553
560452962
813316109
845790811
881867211
800236978
76008457
214242859
596816145
941546772
190344039
114332897
653520673
217473287
253150395
576116388
552001641
898520717
913579981
802488733
978314848
506383801
959287322
899111994
628909006
288014973
412210382
351173492
102911415
682810107
315258099
630546245
495872413
245226685
241779270
143105416
146243308
821617197
448564150
471144633
432255326
322701171
410670308
711411363
91940904
102185852
149032640
773527530
408845950
597305921
586829298
551844560
508703243
811130713
461035847
494389751
601165639
914204113
216881804
593852237
388026595
724834963
111331443
914006037
626288673
559797792
618460483
408293987
975694015
110044979
429873080
730384442
449956567
442435348
370233406
655613677
95713492
247875959
807171090
526723154
138982332
638682851
942327541
505605492
95980809
763413537
121843002
684741698
784190837
747389518
541939775
232039193
604735392
854711911
83118037
707420362
211369727
496664270
85122689
532143110
483725368
740738652
797833513
298800970
167432841
856444855
101887993
66267895
440897306
805422169
398676258
353289679
107033023
690158649
454869905
749343743
782507421
605725949
818025228
862875135
437954790
933718783
624103149
228304497
568105203
197833886
125649049
595244655
359317310
662813043
444243949
599049221
162753269
275027979
42997785
398243679
840849337
643526570
338172651
239535952
661525543
55575107
243844392
978768667
348713259
188650095
125006170
914576741
399842005
333774293
924912940
605643776
678639040
222247553
94188319
550006583
116635503
569529016
730695766
969598954
730795805
506643337
706950583
778084262
361178219
799627035
190536409
832005042
647160864
56626225
908494404
138980850
267553298
578489275
201349591
382379683
689874391
645334480
879591236
379455107
72827715
211072306
195402649
25543016
737900102
838600171
920410179
940505715
180839660
492991201
281608176
271320320
912830803
368573695
508740146
154882206
348624522
465760128
617590447
549086223
998113684
293001127
267415877
343215780
425279887
785932089
338090478
100149765
20897962
711808635
860132190
471301021
689937778
351240658
896771239
519723498
311240688
681407566
40184160
522578046
879216854
250030693
651165382
154169662
775018048
637174083
226150046
898979601
69749128
46467384
33755160
224114262
27744033
330505012
381341421
779826586
943656428
852186867
600263128
951968011
500509693
820260414
919607753
469031023
632859009
810307153
581382541
561590144
471802455
989016646
843641517
667216954
425575968
95012400
669869368
748082991
641835744
113246214
568197730
788105802
559782043
439110875
30400636
974430576
678053474
636017928
443556987
359432766
969899236
116944652
576067069
459053819
81144438
88216147
22068353
58956440
330422939
182134358
521310652
964710893
55791542
664559901
427177146
80732481
202825866
366538204
798538293
932731631
660635643
633258429
137990842
830410213
283989137
812157324
392185968
61398818
789859777
945177175
790977547
996841080
366750166
221949775
591690906
354857803
412949577
384587697
586072516
337359820
72944047
610912928
417660052
459701386
591935561
603486836
732314259
895222140
11933729
949668154
771604709
311515269
837479633
510825355
698797121
336640806
978953809
745656855
175064681
268987113
696030178
960669534
269096661
385245762
391156809
524469570
597960727
833841766
72868994
72319343
667782902
818238167
780465687
461178472
859787584
49722715
215598377
678289454
238474651
680502300
79843064
496963826
49465089
840191622
173572466
479462278
159361446
855924809
523152652
255050100
375903992
667292721
209523016
317085403
641329641
112274512
341816266
32414290
68544576
67465990
5526108
898472492
822353146
939614384
281885252
953366541
531049580
376301161
651037769
649074405
121042429
300664354
507182203
494562380
189144048
199066352
911204445
428905037
211673295
911694530
365108124
742035916
310689113
817818893
696415349
490180
608715151
463380284
819848830
747513072
707906447
183184087
609744878
171008660
674976191
181370571
674610678
109850703
558306370
220205923
948412696
783060284
204887039
874078246
134007670
75239638
160110518
714960634
127941355
442263288
201070065
912911227
820740993
156850044
702357865
263490191
587783378
4534253
243199035
281395071
344651389
67669296
556452329
903524696
941167956
937858341
690919474
336173542
819586188
7773476
524455672
801353741
870598666
991467371
963281833
582047838
537148876
436610866
683811222
621175711
840379661
893754516
335438929
377585541
546443006
794995219
362443093
452894833
468650794
411486000
593587192
670076425
866651666
276911298
875554533
880743399
226607954
301362342
932910288
196149328
384320162
823936974
895374445
120167878
917807614
399716323
42312561
829273621
193568210
120310026
726341313
151172511
320723030
622023323
441015409
450896872
732230366
178866788
357081690
146172737
575415248
238024641
867522747
408100187
414186283
854379246
934702074
593687368
115912837
82538433
355439884
235786534
503700576
487661893
236855548
16442686
998380070
215271050
459777925
146726683
752682657
533169470
259326622
348340767
685144686
442414680
349353395
244628343
835895888
424657660
148513033
47741166
944280650
786737551
620734079
146295521
956414226
487274257
705981594
63428368
465014247
448625191
713360783
111029777
764870141
490554778
647471933
833061135
385167774
424572722
452516801
516959315
719088861
210355007
393490078
42245777
978698017
519181979
722955500
971771601
505025851
690073730
757791478
691255176
934025398
307698718
291505883
716963024
866927813
90560027
60028459
511105812
509289455
396349557
681712434
304057466
819808686
148296845
583470625
194589907
794942745
516292258
859460568
411323166
972140858
631553717
328652303
733925642
393247472
578488302
167597502
437232246
764318756
734209991
558402516
774940516
690833712
22105607
177004377
457171423
199048895
930508907
966133321
294607747
364544262
941410988
7669859
322739303
528642572
89432612
222437089
830401172
935711353
528365592
176828855
988733591
830613161
346468312
719114316
302471681
979046413
557580239
323715552
288439511
922962523
622796211
746787054
775079463
837947040
906771916
613223753
797703079
971292466
126299202
995541011
864433837
550158936
564852820
46778903
30729870
623883857
5913000
205283070
303814859
356051212
337196329
501520892
235953163
557381136
569668923
944327353
344365399
302991289
874532694
478125008
641468654
606793355
677693809
371645222
741748050
194623933
232590395
484792262
621870654
476208858
424734009
859108705
809412150
532824580
312395017
438574654
265760340
299689409
688384446
678587823
973133413
352297168
19900692
932388297
585766194
121275318
510833891
217698327
268278116
962444561
268858353
494711789
96759771
648174192
354072356
257640481
872465125
193207598
305030851
836105936
391293462
521120736
583412415
827606000
931317202
478087623
692108741
703128582
244986118
131094268
678567013
44675990
614606842
195944871
504991594
289171486
586892662
745305511
785879027
620472731
683790040
14892068
216514145
659426091
207350504
930022218
762348933
161237958
178752223
54754535
566109527
72552742
994658556
852278509
287294361
452012676
768884752
192294691
1071095
107678570
429166576
807705307
972712207
137183847
283877548
224182363
880104946
900814898
143182597
64900869
670747818
127159614
407328569
684558119
152315895
376401393
304606590
923986323
620255495
1294984
715738688
530870782
524376358
190231582
564984739
606014270
50017433
762328331
908650509
52978918
520286733
394597971
744234415
678200456
191306155
876084731
42179859
79330298
375548542
983168140
49917271
861534033
18055360
113851353
384006716
438949913
665224171
310100436
699962613
910892966
147406085
844898427
572039194
999776110
391939881
898295792
283328949
782480624
572199106
677863276
174164929
117776615
992164388
90203679
544614135
276149846
382925197
729128111
493251964
276231162
334221534
225276292
548437780
637087353
951377711
854204653
512815422
410525004
806224865
126034826
940790098
739916995
62365718
997757542
905572831
675388304
822558776
744458304
286260575
293010361
592755782
259699234
507131190
697685265
809003211
932140655
869369644
927851680
569237217
107856870
56024715
936096059
816848471
423731451
576671431
922129792
296460647
934951839
48398398
537735226
385480370
872803943
976255758
446164280
737073177
434247933
55410896
994406844
184630846
869225829
453591069
638466892
442867535
200241602
683475379
74522300
718145101
850752514
828084141
19237056
984835008
584963740
841287786
698367995
70010110
4694038
923068522
638634265
421086110
983443038
378927657
887606935
696059905
748525348
907529989
719951837
283443474
60966909
960612086
374755277
876729758
874962798
743220834
700011386
654265799
417557822
493228523
616606868
740256071
502149131
203984690
445708132
106867698
29161342
552900217
800516629
31516157
277887762
376154169
732379138
511179410
416776629
573320734
201187807
490298172
565984133
942406985
694342186
292711612
963523540
791078824
657178191
890140426
453328863
142507296
109872209
841742905
141276399
44102195
652452287
511465514
306461653
898378193
918936977
779458347
933219524
780739236
666898563
195625131
107013360
688435680
5555712
684812739
228232947
863575866
459953128
301642064
542033027
209713213
88281666
475150835
798886335
323895256
776732530
711070306
546806498
555567704
653538833
886654044
443028007
958773722
890239757
233785567
723701881
220913623
204717756
518398435
654383755
421729458
557078647
785244895
275508422
498717054
185698251
275087859
785523111
972365451
661907478
