660670080
628462535
480548086
257468575
60087989
530406337
778591987
421013004
552840915
604543938
89201925
375452471
772670653
926213758
898347603
831554971
350591199
75817583
99838538
391515633
741205905
348016597
733971037
126988541
989959690
731969917
649432107
865342454
18868077
432926879
235031419
203754301
912264021
760924808
620078646
7812354
399378327
794958297
149321385
217949859
808858771
276276839
128476038
303395067
984599825
329615488
945922393
481820523
306809180
434615070
900144906
14998651
936815032
57986856
160553937
312653483
894491497
353559545
267508883
328118071
880974228
913249531
402144927
119914036
369512518
885447623
463188449
11745844
306135111
890535248
432176644
555632901
926496196
881888678
582656860
464929065
219540558
430575969
142388714
660344202
786047522
167611584
558533274
584253006
532781971
220032768
266939268
854277164
600370871
307425163
113320855
45818782
527449413
821203313
336975630
895609238
874131910
8562001
933882547
99152202
866427037
934176548
175685411
416273930
2438426
344512005
88502453
54926353
475329994
695624870
93112924
463915528
211170830
607164680
542070547
713362643
354716257
817891920
587132063
149479749
618508354
608911283
411374972
998709947
777214393
386357861
28183487
105292883
544913048
687047621
590797153
210978556
496693420
43236512
793917163
851870973
991926172
142259343
581814580
188269966
131530315
212012914
378947170
904745999
214312238
649405326
834647951
920284732
279132766
623612985
540892981
56239990
421429937
784402797
480643846
257515754
522801575
176975462
639059536
616080563
316328517
983209569
510013304
788282372
104827716
882134366
967222107
167934317
813247515
690199573
721436469
212456914
236077339
398862097
17949434
406495440
229964113
506628972
784397708
127809066
551709909
107898754
826160116
921300061
146154640
534557162
789548618
712290621
562592664
536401409
329069397
814950709
503199805
965734016
871941448
148320744
701999608
590664797
799918282
332177871
682183218
666713633
107037216
588933191
902176514
328436067
820162650
22567839
766453363
74148406
27551641
16172603
392577753
511250470
64370653
208429762
157049453
588713242
642127731
570270552
92585748
254931485
605341652
276846106
361130175
906485759
709257107
270343322
526920648
869628689
704495831
639299315
706710689
452219837
445625847
884996275
861537
237226924
19123546
817718572
714394511
766980778
945837257
488444258
508849768
312896794
422372956
991949334
901363362
663511685
991271290
113286366
948537064
229647729
239592123
427251732
61371980
830191109
227803015
995690754
619178958
549819327
495647190
896824672
369652574
388252325
309461912
940357915
65624622
179374377
207568225
919822528
569589695
824409158
855876040
325604968
309094227
116897394
767996336
48233381
484112803
717307771
368979959
863408961
878357397
591209464
690762249
477062959
212627713
18374114
823624294
170670426
9423908
23432791
198539613
164575184
271333588
49012584
118791683
120597443
3434881
482015039
926324712
721988985
455943459
71448762
543696669
124127905
373771688
913987154
118157505
944474585
62194772
179569634
511577951
901871186
180839368
632238228
18467274
778443108
697490074
832398952
727730201
47250507
355750081
36897798
910398619
546156904
625869545
691300856
54271379
260081642
998105709
647398893
44798500
2097763
790983058
646990972
407465501
806908635
47512795
566634344
103291271
298640558
900216608
879149708
108475653
829854273
511854838
296668425
983735814
639095359
30545309
340348574
423107367
171035928
754284836
879074204
366238903
419045661
161050141
997539764
498258358
682470831
859715774
858075861
946368874
414795878
134771133
509480187
110888127
533848394
224772726
211558638
730930313
130855729
729107680
429089642
147033898
476600371
928422143
80544346
34302065
329201119
707565040
415176019
229536332
657757134
224291526
873762571
247812925
911908853
280752068
988419839
645858493
49973030
68375986
420820439
438924783
42140746
932780832
693679774
695083140
2374650
185780298
449887419
414322633
818986670
609418260
292251637
441928246
325195194
732040305
889638531
490623516
80505795
963237698
169057238
974905789
444539754
628539528
288611740
190504351
261008560
261667262
198979273
253096326
236352885
565700143
680957282
62479743
308287240
990164858
104893152
543819538
234742368
385461205
31927414
143420821
257677620
853386
410549661
48338874
932039887
431834324
922617730
179868547
391113536
497796322
565352698
86735330
899318746
445914648
994385028
413601216
644169092
503175422
434074579
740707387
986801023
196791093
177969747
253286526
928460976
229771894
133641005
335030334
627147153
345818992
255881147
695044588
931310283
25636417
717228169
443686367
217989866
240272865
258464463
829174234
339049530
19110725
861982788
738556561
347445
594221952
163160996
862372591
995779829
691291934
899650445
731566945
951386624
291220025
156619796
60886526
822883638
157263135
119877896
702267992
298193319
587587395
552721392
45294544
241915175
870308108
155425045
873682328
728686478
550698660
195611349
403896226
244710958
604900343
401657857
967690298
334808304
439413184
252939081
334239024
66610897
271268413
339250504
935855218
446168546
524314201
743657962
640090257
869016619
656341642
620802728
60726731
120394969
556196469
530980915
751462133
466389331
816688244
496641386
130039335
438796906
289478666
133686112
445081168
495680584
495754218
486855986
346486280
889562167
188929497
726078221
383470453
904324053
785638871
635657095
26924905
248336891
616866173
599125996
717600972
126650145
515334786
4665709
72344836
929895930
134884618
283501257
688514487
73919428
650195722
501300966
518120059
942771797
122899745
895442116
777132230
137582301
894169335
440174633
950414326
37458215
397171682
750528089
680087122
930263419
237332275
156402677
334756096
920539373
504056010
503125242
849523156
217562247
779040413
3389189
923462119
284812957
61341276
515185236
360795966
212252961
798341497
272566852
239366445
687628529
207958162
440698654
781424307
890196754
858524863
889342603
354167554
176691540
648711669
680142757
729478462
764806696
324578585
142081415
692563655
978481939
948745159
767975112
569863417
147070479
651777808
300557811
163731384
119510555
971979995
492319273
76241024
378984098
79378666
738161364
239116717
124604829
511161644
992458592
722305256
796633619
374978368
444559341
62014510
614713405
148957687
672831616
568850577
98897655
273910726
158655423
960234370
919259859
822621580
382314025
263507801
30366384
702703434
92295965
35850720
907400350
276967270
661913752
918216757
366205590
813101578
975183455
97312873
910550303
441026040
604873633
253645052
332119992
419776157
895930034
603503571
504185818
705960602
955150010
998112791
978946191
731707233
64833728
845599828
813324572
532084901
156981164
556362517
697064640
474653563
208750332
421901394
418865679
956607871
814904905
519666349
713064615
526342582
695808918
801611826
173774231
575518742
658300272
657871614
669037092
905010370
628114378
499483701
926691544
778810453
759321982
324405780
747553422
94183172
56904528
175693116
212133541
816313922
104892185
834120688
656120414
418820937
400248232
435896740
232275707
182972238
834779371
375512120
604871250
376263684
890438955
977843235
10151683
153538184
824338559
403427448
73406961
406962112
176562736
908314201
903970521
657497461
629670971
918254185
715331580
884344550
674347970
324682506
899703342
639211789
307532808
896750691
421450396
861688229
145491411
754953292
175270510
222403531
425595907
486064853
70230998
252602258
894612450
550427859
888371496
781478745
314254097
594015238
269844612
653477079
102286155
805171427
639751186
196577982
930150166
998622952
789149965
481994045
720565159
347931155
508624267
510096865
475808776
965659460
68730876
993688262
556392838
148463453
8046772
69385266
228156938
851003428
981366204
690497881
838083203
651368262
762885009
79243111
29882688
933852833
570090453
80332732
54837893
246226263
536925634
502361379
256999504
224872413
931538062
146868458
965803326
693276463
501838371
77664751
977440585
560134131
776793480
928952988
481696983
894683232
225085907
165790643
585968466
200459345
425320141
251282725
823805222
949253303
358494778
278781903
235737942
709906853
452111356
786712325
777840700
428291534
455258972
229582513
428733826
566369496
736688758
331520424
216925390
861178312
103581939
534880473
349165057
903701452
713057295
277949072
874574780
833932020
597546127
135199455
708766925
404299810
494364265
854378547
820906120
285642908
678556155
307746199
866377634
652756158
911130514
255896473
241165106
715126045
299824049
549149050
104875158
547210967
500219162
915327485
157994474
893565481
948865252
724790152
96877406
890439666
902117667
920103768
236196008
80545706
404207121
401805921
112360725
316911901
77945399
373540890
933927268
600880424
408676391
143090918
887813339
428942558
465142789
564169230
950047797
847685465
293715366
634039010
603877403
163908244
173073913
327363813
333712857
682218641
977204979
815201442
455434557
769574111
757501140
930466453
383525239
758452386
71550191
785831928
248549037
509324593
143535747
924253204
637180645
926283157
615221780
503994733
138534575
357128244
27514146
729051915
428422692
384696021
774742354
249191940
596724300
268078656
316226364
72287763
907471791
76843307
68093063
430142083
339706921
262743955
918106332
164353156
843379282
478209937
759565677
129360952
357392367
679310859
315620193
440723203
704149717
369462161
996858364
677594244
548686463
669079178
188829237
976584612
654704494
248153064
386778749
70738535
994831756
508309200
333742152
115446582
442226021
999262426
878360135
171705729
441231530
713393663
584546283
374436689
8176825
450868624
660615450
660324636
597562565
898153192
371659547
749111832
69075828
334019150
545042221
227262139
271220291
638632119
523601299
238392613
888014068
91508449
775437587
91553857
875965205
847367796
169521399
