639119747
16649065
589562759
663194587
499101384
129047586
894035140
102969351
393637084
319006207
903058156
882620702
400765253
462903767
829820490
653464908
720549603
114867589
319495226
380234705
37450632
391961138
519058400
88482733
745266803
770665907
808520412
4973395
686797655
656965927
268224410
668584580
738129197
576701746
999099628
48867011
181537846
579702154
79072208
156589301
597571929
97415700
255923366
206672927
915902310
87878629
832887454
241004712
699614350
331957846
449572051
403169137
874453869
376460459
921328165
247158609
497590663
501080026
917927782
728435476
320527173
889061745
416171695
736671155
50781797
234473576
144491504
824063505
463804138
780953479
471927062
140847449
35795381
162905924
782662774
940034931
136037771
312385473
172580422
657388173
937778451
567515699
305359043
354839808
207393876
865055271
794130709
361668738
655373580
751941018
551276347
680457818
661774370
350636730
836062127
708510182
681244004
519252209
155891130
681428733
943387124
8823949
777200572
918660870
860030783
308724602
367373755
711547944
593797683
981293233
111120837
185205189
328499603
260539609
790657023
753011472
583702701
61331886
529277279
185726524
440342865
782822765
168689924
711863119
229677131
791469242
479073077
685158650
326843796
74152592
258790926
616785561
156494343
491151687
714001047
928954502
790315126
386698172
494809024
898669272
497681516
82582765
767871053
674080346
640820180
366071157
351958215
401234760
559979706
83050654
124807481
619912117
989974928
970164604
241085868
160564358
840134024
65337453
688983738
68561540
829651523
682215104
384704147
519645091
722502306
494335274
28710846
837347914
546538560
861702519
962696345
197004529
566522861
630608006
688045006
357760099
14951711
494609576
71042938
863605973
439511026
77838316
125178943
243793141
949345109
638878808
626810632
186329737
250065819
553436689
88820478
724977672
697714433
426247483
69017748
815466410
697878616
248225962
951578039
146484905
337360311
514610300
854696198
698277185
120354308
927802951
53389255
359366922
282119598
883325768
145612647
345524447
994294513
825377764
629050512
751813206
557036160
140911005
570299980
83623497
867524641
842381107
587282095
993101870
772882041
237718672
499290094
140275378
561590257
872578594
659881481
766725747
543031535
924558031
526245662
924900725
223142117
426901757
123438833
21542158
585489552
267443709
904210138
366740050
407824042
743296029
730683157
872336667
797196969
317204540
258430250
556967611
677925981
867954541
278960263
494979202
927328203
861594327
925395142
882635634
428512856
913113876
797776664
409541002
223444286
378886898
802492911
69736482
299132102
704149786
528671089
130134403
17472172
548757821
498133944
600080931
938170968
220542045
585277828
29586011
507035514
626953425
343078407
244385716
614148344
102913870
88799766
675076992
645597768
31266459
997572521
361547788
501506613
240803198
593029301
672375674
469667044
494669136
143295763
28937143
940803117
660946675
573204565
93047183
788533450
128295847
539495438
129168159
369820597
678879330
556808233
706786158
276316498
895809130
375600120
801559429
570035468
553390947
795392656
120530416
290087131
127415918
424138712
267865642
706577263
167123300
628627788
776668972
955728518
825758268
130413887
443501831
77246281
556340684
88782893
846088837
53748859
250031224
455852265
485852497
563418430
959631605
305256394
966718437
474458225
290786362
85231290
605697482
865203076
791469871
102340205
916276095
699276478
22765347
738850011
813387199
236807963
305338923
386469918
621410149
499668057
762826465
173439639
544062328
548465443
113306401
629539876
719975812
807026237
529511281
747810569
320004244
97538682
309540159
557111984
330455524
822159522
457420274
793407416
415790901
81892010
22930306
911465894
164258647
723418062
214137790
744225352
54480934
817490672
275395693
609280874
748409935
863561304
834442114
986184438
800591964
786191965
761194065
418252993
361151823
661246484
365255476
798671243
335691795
43659302
782335960
818737413
389736319
465653361
408394486
991227676
779387687
511931506
970679016
539518138
476737751
851360569
9180992
820644265
334327653
369081048
575058942
902485139
531630544
920230406
999400632
456442938
263096566
323355719
756520019
544263557
60965456
39167280
432255592
754544415
716636533
224259061
575774099
120599344
941082100
395400375
354489032
588827571
409096186
284168016
829893185
236478428
892882287
294923976
509446687
949231394
777010973
940549798
83925340
992070774
86187542
462770336
267040699
415461387
44258668
325893021
555640846
66380599
709133341
864130927
930262219
740220407
79675914
216134600
822881604
252478689
275586469
888581647
879562163
938927276
14592015
986231369
493388952
247462528
90337221
762922204
563560650
968172589
813909031
807288624
767252583
120415657
955241939
440184817
668356873
253866197
957218361
160312712
76340676
615189079
839759528
288108433
879694229
544965257
353905795
89672778
156802514
676747686
472042371
256967997
673644924
888429325
60987635
144998062
977478758
99956171
969381382
19578171
325124165
281336463
762332370
587468256
252471566
901844715
96878344
809846561
784978466
639491095
547777726
569015406
295260327
115273756
812240970
264373084
99167748
726483581
106537139
948423694
893556731
664443
606119689
886812962
496130217
556941033
133643699
878823257
59428022
810243876
462706058
568400701
284484814
937640189
835188545
795004211
852856708
252291271
35636866
977849513
448086913
544059232
304694310
517311417
128969960
903026963
961707668
558371167
76188354
796614549
45830314
250995177
993419031
20957687
126021439
324459722
675216772
875519406
91338038
695530532
768201015
218055085
750418539
974734588
176785037
979377024
284530592
357620137
280085210
17236758
411516375
846876475
690846714
128687625
500336780
349497498
695970131
88808271
757843002
593103253
595233364
575272530
802634903
262813471
764413562
211710880
574981668
263527126
811618750
510728823
119787439
977337300
160953233
340106333
209648497
230031827
793640692
329959720
340526379
149592935
618496371
604087531
278285957
58951595
385098174
198953837
560148461
864731406
520620905
776523939
628489589
586408500
117676404
498234783
100297167
192928485
415420181
487605068
210321026
965074155
404395355
21003466
546001385
769356385
897449318
434179073
685923242
350740381
919039126
270304953
555856804
366010410
748281891
608250067
974606881
991145831
296986573
743683307
877715296
565459724
651562418
710250261
742906219
35094810
882239232
533378937
859660896
662718448
239809165
16720012
814611645
306035624
119638693
375452223
745197578
597492905
58086146
508929570
161502275
950919100
513030594
209408080
945692278
250315952
220667134
262479178
838126608
509426335
523627901
109151335
895941910
671736872
609889770
644861301
313511737
694145093
278097245
510906574
887117152
364070381
574518175
23204793
110931215
902319114
455693306
249821180
246371717
372829668
863052487
377113976
933059685
788057001
582181032
926796195
52429129
442154338
764557981
492590266
814427674
619760053
695252327
350234560
139090546
130657830
120778100
142874773
696145852
474777391
61940485
51052485
319395659
547179570
621812417
797431893
376400924
489825801
98476864
43373163
794622645
970845953
16107461
465296940
646373847
146513925
176091649
107884909
89555839
683093574
592432172
871357398
929587110
785506978
696478899
267357099
668818052
224283615
884114245
980273384
781541014
312818533
553675327
771594324
310889182
812000002
57718316
385880115
166244584
784749138
550395270
562603327
343677474
721184818
697967620
843581720
603652591
229955387
703860712
992576620
954566180
12893191
53318933
13052277
882345218
190583086
121465373
533888680
850700669
354455318
128613840
152117308
605711554
118203478
261832148
481804111
417170625
244513136
154407758
834373843
88795608
790211532
941640324
304806700
132698303
29828845
527679924
208402292
87539358
852897177
663704506
438862665
520422902
891537624
25707204
768647823
259499600
540623050
889249105
120306095
690534629
523829635
535179444
811789264
656135297
398277962
956891771
225473995
459352669
216163508
426411095
359139455
75547628
869486867
903781012
164354647
71252865
748512231
880353972
852516373
662903161
913063080
446349322
997803491
690750810
689751174
631694405
714173928
92496274
493184324
222304511
876547574
355264029
34101662
143839214
564965971
255032088
129851059
648671402
734420340
72937072
302205928
749049621
871375848
426486082
304565051
363315036
650936033
987756611
861352555
697394957
510987368
660269077
36732732
457402933
777471547
77480313
537375951
121038454
966384122
766583555
242717842
132977720
966168343
993858996
549863520
3875425
41445966
725647653
338815040
909322557
941401805
99840829
145933631
779579300
360697232
164013458
574973472
571317409
386185759
326436138
980758371
726417316
231143717
795789366
711317142
216278497
318531297
576698727
366367665
487485657
717656135
8812604
682287279
967836783
830219228
169228208
782881276
877516851
876622560
300689625
321869069
925288378
648941570
952029996
755993151
411146539
514335445
257153430
96705701
613458088
502506840
966058541
734852694
639947984
785825183
516300525
901834002
170378977
282541854
333585023
685344127
464747238
359279987
851329382
191666422
932589200
417553548
178096847
949360071
191469024
381132181
697456620
694694847
85496133
4567068
55469992
77475746
279113719
39796214
300170603
701943050
61377867
479993026
752909576
984978816
751597593
273959909
42339295
182011600
313918703
267394204
612502298
594974997
543037537
615345497
857121830
566008391
797612187
760363574
823403949
993592989
336238598
307793357
905236675
232325907
805050218
271363694
649356561
635380915
730355191
438824779
622720282
130582762
982371250
631641971
623966260
984754210
606370410
866350564
440068828
658629290
375214253
996085246
635441368
924074818
768629881
102481623
151657309
