266267763
440741528
696880897
267873104
70223705
592915295
349262234
564276004
221024157
929639918
595942434
911279740
330446301
125141243
403212411
839768017
507700146
831676479
155852041
427354886
290873653
171493961
708202809
91329907
505374536
961859687
308373683
703807888
547846653
404690187
447499927
543021153
227502679
85843288
56883016
139949852
502879429
180492544
55844304
231568045
231150269
629966877
214405531
172893192
247996818
625101076
92958599
593532321
966087046
442069810
403512202
74042792
228818562
562245033
745339374
94773801
732538717
605550989
762498567
108364016
284541611
645454344
16429351
816333969
482139991
52921281
683777061
244603013
68258227
263262558
336888587
327207602
775832175
924283994
196204617
660906775
957088428
535309617
843333088
880273459
868901087
714841361
737720840
105776843
1177984
373457134
314202591
665257644
340503913
962109213
407411134
897328439
417993976
947480286
947026432
585695924
613537525
398071561
690753200
195075536
941324013
848355585
525274093
702824488
105181222
76304600
298210615
304534566
366040416
84432599
137685372
197229100
762217900
882225106
239462927
569700249
907733502
910652507
815155984
108682856
738718689
18519416
904099098
106149013
855851423
439560147
909213625
828351888
977257560
610508691
47369249
559016866
844556415
648257551
938949444
20545502
189567267
34896351
595620
924873383
75246519
9668024
299217227
256071314
824423840
210182033
135110538
535768868
708017358
377326183
677962420
702885017
582915576
582070343
456356846
922804596
944256486
419125080
846973064
665621074
167090973
469858726
327277004
755531724
37063349
578668504
352672683
113960348
943275661
218917425
380132982
872837150
910056886
890282599
33436337
729050664
719302188
648027783
281725171
645669389
304449608
373444757
120334529
599931377
932546270
344484230
976101289
262486072
191900704
16144847
76289014
770442185
187923286
334974544
757782409
605387792
682391019
543685502
219007964
245755336
857509348
21150189
592493205
489099933
997193199
805125268
792828130
692632975
548634006
727306181
203502408
296228702
137399909
201303675
361171466
793646215
349524196
727345625
822985453
692579118
602567214
90186611
922059643
927130813
142628410
609690795
684913864
575082341
132500189
428048543
46659645
175616685
429019819
35969835
788160040
283299418
780951550
631234595
602738176
127421001
551656099
283468313
713852064
464594521
812642438
780060311
633042276
986619609
973803077
964136193
255863595
955045392
720700048
526428844
643188120
767322736
99090545
665362391
346471522
387502404
120211403
217745788
560132785
120585462
680646536
27885722
867208882
101430074
413143634
77872047
12694665
718289599
124607449
695564451
140923019
319098900
376334546
457465121
114488374
362568098
976648518
698294254
601279263
168363995
172184948
91614251
454916636
902590973
392781713
20837303
184208873
115589158
284763073
215235772
7209597
333910310
723335526
593266601
783947984
784756715
912851428
531612201
573475975
895931030
951441528
537573994
830437942
25135596
385505825
324089220
390988190
641625422
550874016
983903422
410853884
421917148
616466524
391768790
948400513
589032284
572969085
964617907
708648359
392306330
893663173
897105505
433526526
909371675
688354854
807012707
595763372
783067944
673517136
329731658
449716669
445036316
124818278
705348231
216922466
634610952
261176308
429781039
517085147
68692492
629849111
542583449
564715140
300859649
804381886
585292447
717443785
331566736
644866086
194915699
211787629
948233519
822963840
181169644
2267856
54336022
104047468
921066265
336780741
578493117
728325847
607920245
968108285
221142358
534186753
965817566
297098870
911118291
174846324
313789561
327855976
143188046
447532760
639955867
762457218
351079724
332390365
132666876
104989788
103062406
89568921
264196636
138201857
478601436
117944028
501483149
622072475
943648632
703080375
162586443
530563484
340110041
93000297
938592029
340366644
21928866
574475163
343572782
766672894
838564319
288193577
806325493
156720411
331076525
867059722
68599583
500700758
183007973
418712425
651188131
721945656
971380590
816076477
233718335
488924195
464129211
469718388
489506848
103198329
32703604
343745091
353450236
208037915
12259881
783226076
987745934
50187748
508940729
299589222
740528351
776604559
988817581
365993981
266425468
814868827
283243427
107476224
807125330
611541713
49344445
782390
439064501
524936206
51892243
440640785
559182892
524033562
859281961
449667834
876237432
552210477
84968314
240374452
733969290
494819228
934743340
598287577
144460530
547850448
879313786
18411835
991760028
883418750
678184073
874583570
733128073
605386609
549651008
418849507
205680767
356652986
662593056
877965133
53853884
31921214
904680588
828514028
156145672
571619094
224043183
463712371
190905786
59272895
423351789
188317874
691636244
748443129
632024689
771606239
880125486
684955848
963015692
259274882
732227926
30932609
9022360
555645750
846752132
177308672
707512711
953796282
974382553
440432454
243987066
519584445
889617420
207003180
186520567
702048075
590138638
106229311
442141905
572841435
323807264
415601414
827506048
932487133
460066960
489866198
182947325
984684943
973361918
778044768
538724019
520724917
393637293
403318173
145737207
22921274
22898853
349034838
981761895
978836999
864106381
270246900
489329817
750473330
815285827
903767342
298700453
484633064
561922562
929976612
181467600
773896175
242813943
390174256
935467616
316626511
203426560
76535226
95578789
356885934
994361345
722827767
980434362
196337784
901708433
723262147
125947151
486299246
61265972
163599292
679149222
241103800
124467415
463304904
708735053
53560364
926271596
77032717
117201305
556299617
191165745
698314260
422762381
43385305
596577168
764827843
277910974
3463037
467850555
829110695
819494713
946363626
253456048
624875961
984475653
141278614
289812536
292992032
848764896
92023679
777820190
812401205
423367091
398323269
250827390
940363799
649428759
779509037
681439202
881907251
390354913
126393843
959333919
539279171
165720188
296047084
300065385
937049056
599760615
136880589
445351173
122484114
18448690
232155276
344104578
732785594
987647750
499591453
478829250
567456438
763747827
633279563
228267819
25177625
778479425
378764539
274947168
24439111
792557914
656213367
115399083
498401935
322023833
585943303
438755781
693100869
987029706
714176876
459155772
688428568
841213227
352763478
693231416
711884306
646672505
655336076
793952514
191211814
54218690
518041794
952716047
149837306
300679786
113982764
118159423
757075349
898126022
934156293
760799745
786955648
21099916
275626274
144491142
943547246
21481505
946949236
800460279
432505386
793399494
651003707
745755887
273470874
40435680
790400681
726243209
410984349
940048146
516383512
378505119
123143348
584812023
83735353
970220419
274516119
703497319
965561776
197722148
208041069
467783879
681680430
794974846
52873412
953377129
672200123
667328652
565586953
208272335
749684169
690402801
699723267
854875796
361447127
397812319
403214982
772285906
679245172
109401625
510279104
387739553
707175073
817027202
381742510
555651174
637656396
202143624
937364561
305405853
869975022
240049926
55919728
749227088
592419209
964721506
111719063
856028860
692882475
320093743
368235556
123072029
160656256
202712013
190363977
825980709
678781850
268267551
223364896
685923033
567005437
502230212
24252146
856160150
687443043
820301515
760608804
864653227
413232336
497222237
315720733
470056499
729964089
260181100
338297312
509634242
634483073
950496178
262456586
396725620
286093255
547186120
79403431
359151428
741166068
387207074
227083297
504463060
626663225
555761799
876869322
369388844
978778727
251441527
738400414
367744809
215797779
199759576
61784045
772117693
204112701
247065835
442796524
195660237
4373010
898179056
393107938
900475154
864414699
680729733
191497636
728285671
5810965
826639274
399829778
19819317
422826781
665100717
114994081
300235968
593218218
256145743
237990002
857470535
620352914
946331887
491277770
478522561
521780685
970552502
293836462
434723496
888712132
490338892
192612918
39027419
104389596
883743192
354778418
842987011
994099134
326608141
640048360
945933490
364264162
148583650
363577879
152139452
851611748
718581096
944918027
550697061
84765495
761548075
178899474
947966956
9075833
585325987
575307322
58041121
406901285
914585376
378694469
893862196
386893271
756774139
839573537
515472071
634026356
360802358
915429720
539083587
310322298
272007068
306136832
266610076
616097382
292056510
493206373
471769263
582754008
339138318
626910811
803199587
25634474
743139399
349958000
127164056
311439417
244645960
29951586
519063607
308435870
296737297
436085726
79513758
947913671
746186162
559040218
607490021
309010111
848105806
518113095
490809390
803151375
405834439
240374763
812758425
455411243
912289397
331869574
717019321
92119614
103538058
475287111
67762967
287674564
575494880
868227721
643753871
406816138
712409481
204032654
389380395
330850771
396366112
230647717
13585001
835921341
226623073
318696404
869911218
733016290
885716350
162759152
734648201
821025221
136101421
48211
619800033
502764635
537199574
671752812
399150019
912776385
312932263
426943992
204897811
821450184
368322759
791839193
372418790
877958440
915286346
200673883
596600629
644073152
128732699
159958618
406785262
175186722
226789762
976837082
228788169
593592993
461958354
984003030
206403263
940778905
740638909
246737744
151573142
575446669
248427688
140989235
869616562
40656668
804882634
476604009
17918508
969422118
25749905
192134815
467598582
434783878
946277612
991952777
817729943
685042467
566158521
90575049
692292521
976142801
593262947
444613311
275974873
560362490
442964642
805557025
450818031
328929232
220540729
264118905
80811275
121585014
640266050
796972120
629530752
774297110
331057319
555943960
839190517
652128689
142040110
437363143
149436816
