724892402
574200766
265444478
987972355
328049278
116017152
988858273
972510934
444186733
817367575
373426440
566630094
615442742
355933232
377498606
454359
526403808
145272254
454205358
184723297
500648238
51937277
853798804
413441232
648914516
734498078
52266142
834336362
998197600
896926738
847509971
879443146
903820569
768374022
970737090
585893626
961015570
368362902
246224594
554184979
130980954
523855861
769526473
451740751
233551392
854345083
507046474
458761435
839468600
619113568
236552640
547285259
606750368
779351391
694403647
672955124
720401961
852003244
339057839
593551198
63751010
154521910
974313332
547259994
969857602
493983293
662809523
847068719
385196140
791604978
39438788
158040906
899047658
900020378
53742343
976792375
282410803
402058053
179889839
794569431
227451604
593504705
994867761
379084031
660374097
300224711
272692777
124469177
73970375
297781966
865491664
109012325
29305062
652673395
490433968
976459042
549542527
222266479
481883147
739568098
191535559
659977754
73565294
47863622
579674780
78511734
648237599
706729989
725609048
717611270
390544321
318343908
672113404
544488406
366099594
470246304
159654148
595229300
886885895
669632890
221290515
538340346
773098343
87414174
926113313
930426461
128735843
246374263
409586409
77283299
427249848
60144323
920174904
440321740
603033871
567473848
519939410
947004138
799409250
581862363
651987111
565962786
398860127
356359104
907237644
547147755
436898919
484816655
286573800
20187664
816804893
954313225
335380582
812250255
518277582
653195212
886879409
986151119
121750307
649248317
949775889
401863335
297143580
648325749
290361421
330399997
398169002
231791664
941454533
798625744
950306892
212650008
795820049
305023532
17645779
655327727
139480219
416739239
180176529
378965557
493527541
643919187
959800462
389398744
260478404
472936621
724763740
107924648
922044156
949838658
680594438
533788290
825253831
150160932
632086472
250123775
268819206
750534377
65997682
576837646
148978752
205107255
543362120
487948055
69880771
604154884
158493176
30357049
794604476
862949854
513714993
470140170
805974590
742784748
155720776
305856702
442062872
907744834
387847344
817424799
605636255
290244353
309747506
991615873
118031306
416518602
387396176
645659117
672937059
767522003
386508520
388945841
350741556
603338881
229986804
288420285
100557066
471852407
319517973
656323518
314443444
694406690
313320171
59094302
436123665
210454267
727813698
82469082
994440155
326229769
808060901
361074371
362687032
248572881
971201389
858734398
895359748
551746246
369916748
653362168
216758708
512834058
357419989
27082473
476441333
124769152
119398613
202635709
512797943
867300489
205299636
970210464
588226861
731523824
502981355
911229564
976924180
250653204
555492208
907577037
688704902
304927094
651218961
346707289
959461100
25434149
26258808
102168674
632137490
371252405
393060536
548810819
101935658
666155804
439564810
801609385
336986701
286237698
582652968
311354513
91055653
525177988
569671137
127139665
120930133
837850436
772847508
631163206
745591525
59971825
881810216
644706543
996254037
462339710
964657264
911831613
861615096
10712699
67621371
451007183
98510343
17229938
570498218
141545538
474239952
656488815
868274806
922071056
291959014
701371968
574242863
690686482
668000235
244137694
816521383
163526913
735255955
524079295
225777156
121610664
252586640
395095601
356577148
572165664
489442188
748353992
552556781
639595946
701498538
527733196
939994288
326274001
218616327
131645784
212844170
73825715
954679769
428125599
652899711
464441316
969575628
850776451
339204191
44219556
485728961
191123734
976706307
752116342
645818326
801130350
176575657
337535800
784935541
946010706
198420543
703414741
660652789
998332553
652103348
725885959
103932034
228678860
220572517
764225817
761377679
247968861
472070154
536354450
31293524
742695668
208847143
307130356
871179582
761335839
152035034
401810188
55891409
312357591
86436702
298318454
771647683
800440437
993777619
900368187
351157538
602458487
541338458
272605619
933225240
509429427
413172924
956347215
776022249
927013751
360509281
740896768
630203933
574978373
282841875
237760100
719053578
440351856
720822818
903122656
592283206
869445299
466356217
23599702
793975671
796610354
647523332
348295197
911895850
353784894
954238274
303491595
234901239
320204329
413068278
158919192
706630401
199464535
603129209
521864095
329522743
252499927
531108106
944165829
400826557
411138265
771606253
480913034
29515715
848676601
579264875
331295827
79617619
90654962
308084980
481712238
136102270
517738755
478629946
136614886
861906094
64877727
44451365
422237355
972775475
57017685
505995528
309999604
161910095
123922683
531129697
519589042
837222646
198958722
573599913
339783279
338337193
522190386
622773144
382837406
25004100
166610298
318779481
63219248
774520018
622942447
223873976
144246277
12119348
931356039
22816922
188891645
720834587
466514322
659958000
264645016
208048561
108870751
971390352
343808871
905142735
461606648
319002939
905593031
317546903
59675832
494073179
880658896
517055047
968301700
143375044
613911883
894965610
95792540
111610785
695295795
746098244
981232115
647717335
349833028
833143708
361749250
297880256
230554054
101105761
342238052
798754454
370708323
539000720
308954896
131734717
229466442
550800032
278964273
477694669
563397450
847607357
413186449
745672344
714844185
128869267
343215079
627191228
43817646
787980994
408905037
293926033
625042047
354903536
964662203
518546771
226816445
461153414
621557324
510665162
543393484
163726392
88448884
804487269
975308849
260921376
123364855
341658175
208100151
836566982
913908601
63111850
616001337
618097869
548213334
847688436
332911794
235559771
932873148
220963761
489928628
734558020
254062609
442573059
692200722
48312018
173712407
15804787
574338515
790408124
904918271
768313027
929242706
768299109
934301183
399671057
759158473
608699179
770363493
453922809
5504411
1556903
419091077
207250662
874072392
345793186
677924695
6944177
806690201
116973766
185634977
991256673
528280264
400593563
20736533
808835463
909663781
645875824
112286546
926996831
87208969
107560068
767319659
417692025
931648710
145595574
133869143
847702226
683796684
148542276
88529963
724212613
465196276
478950339
215459349
488371725
315466943
46811946
568500665
346407535
370387322
166768229
209114584
457364748
604773147
913661596
240032762
528649143
747562576
125465720
490007274
113282649
496412632
843366661
366713840
897944341
234237243
1399051
275601951
728476818
211924043
830222467
323147492
658147924
28443803
461422362
526060396
49329924
185134213
532364806
493368520
862851835
77375158
765879009
556609509
920440738
898445482
309954910
812918877
17987113
905562810
605219998
100139649
558330963
658535000
975247313
227799981
621829614
112236499
317515006
254134482
314067891
771209994
840023846
134483491
540164853
843620736
550966659
428920944
143350785
387601200
190702837
343514929
215197769
632097199
627155438
35907490
730533621
286757151
446273101
999498858
924282331
188480173
257614837
822914006
606704044
730082817
764816527
999612923
53196489
233622380
904230780
937093424
867619206
278230324
179300628
91641840
237351311
631395517
16444656
76820001
347478823
881033964
669568092
630385912
714859972
261705068
884941879
926233762
31379561
939339822
497266358
335072462
665963397
318016147
329852149
125587718
513595157
17109839
527779446
810082034
78804208
551353735
375724455
909728403
483370418
253609412
475895722
936967444
452796570
535513597
798556178
99138103
270312495
369453099
652020034
43248366
518912079
627228923
108054033
344998975
845140937
838582763
968233361
113856665
736356021
569158318
271130027
549603058
948378174
53712910
578046682
220241471
103616071
206362620
998015791
796125087
505309509
759839688
147015494
461250560
785809345
947974434
473437192
495865963
140783644
398128254
64759966
296510297
665996112
286603783
606675637
886366232
909055804
182780471
964941095
240221443
583120372
261867789
173372381
914212099
982479383
926292662
988589269
399083659
957466913
578314706
995522031
63949875
371437307
855894946
537938856
759072389
480213429
646803472
559189629
897166502
365145571
472367398
973073020
338227766
504398351
974619729
883606945
661774390
447037272
691680449
311185665
920835599
241421524
757794347
213004714
243441719
586467306
232803393
478771175
859516681
959385164
74353532
538399048
562468936
402606222
810091
925072988
810101165
748664925
847603246
406152802
262252332
623590840
67774592
875075871
110752974
288794768
835144613
409813747
7859654
42685717
326814878
952046386
265786464
267129041
74686432
822528349
613642958
642890231
294497136
172605083
247410035
168032296
699672947
937781337
290792039
933968348
410604084
935621543
503588259
49546740
73505780
913109464
599434024
285527646
48933333
297244758
173646931
882718475
102251740
954646950
751322691
822989644
470911521
816830963
632570285
122307144
272612584
295339895
327919789
178281741
311430030
167210933
454167789
674998163
158742767
94220036
923917892
129993254
584283831
176784624
878190683
899523069
906225487
958312912
969179935
413705413
352612361
980258816
218195707
777441672
648881418
730924482
540638491
339850185
421282390
424420389
697120773
882841982
305211051
168484894
661355764
115264188
607701753
325306518
738116709
906294845
458941675
924435860
126784879
954713296
373326865
43653677
298434643
925467114
76456266
851799621
916764156
512598607
847651027
218864872
769694782
292353766
77144187
550478116
529400321
580505547
626572441
114317603
253715772
734322376
397099261
41075909
824782201
415798937
515428858
762926494
291821315
580918969
220196203
62885089
954763736
428176500
853473936
263482410
404114807
605227741
432489838
615171375
263393918
569482767
507656232
184522165
35190955
86346178
398790111
369001997
38120001
57223637
795906195
157611161
279722404
344624071
670720087
