456526140
816946963
463898248
752383126
144013857
337487171
120936431
915286715
505582998
134308188
261442676
98037561
843380942
510256026
379864776
528216469
191347239
94001418
329829063
211535819
170584485
326247188
575348648
253127464
883506342
787758075
558001155
505154114
465320523
758056521
673043113
616475328
64265754
785404995
775964202
996371162
258141910
685358598
111516971
539658651
388610441
235285740
121315829
317033285
384554008
44317026
256375401
843541147
22453547
785927622
534463376
880494162
307312485
241708026
844722121
130278951
241598315
210770783
868876782
356255781
779486015
615782316
449966192
747526475
461265073
644967347
33771807
57975947
734291823
383493612
270074559
505988640
982484446
790170410
822925377
935298744
204931359
258315362
868573455
839189316
531382674
714460006
482700566
679392899
223593145
792548949
309162842
822557726
940682873
645685250
754772847
47371126
816481814
755261188
760172635
772828123
785319547
373789352
855768210
739586660
10545218
198399453
109249324
638959934
515853062
28474736
898009714
517142073
418782647
909423375
925347591
983282951
342197327
29687466
824873106
65026008
133081749
770573291
523933330
668716122
335804504
211214079
117293072
88606572
628720764
222703432
689506824
227223258
29997774
50097254
149979196
831142005
402547151
128986794
828644098
332983220
605210682
843740631
163539837
195118409
894539234
792020768
403775079
31259497
720337657
771489894
705173797
786794348
930388080
695146627
639746373
14746256
849856021
187052087
403782156
799331137
81106380
20642751
10239169
293149630
338967910
670786456
487144298
368685393
759444179
94205586
580735800
213210532
201043366
491889886
459815324
289341117
607033454
328814920
774176887
543783734
807438999
86033575
368268913
857230869
517529633
902712475
296835176
334851146
410350879
135232939
981285983
215495063
725204637
29312960
251876839
584567931
833501461
870390205
856150498
223752777
304876469
35089686
271815317
626132071
190754094
491963265
585750981
438498194
235331303
350405256
407712801
521041100
412875199
859998420
991892137
995072804
652373836
153008299
775619995
436255434
373951279
152293152
958334512
624211239
112919602
365240737
488005893
171730406
240013046
875247391
455839654
736643247
472664421
550424109
238907264
772349313
814218257
742136841
666476775
25566368
316961493
858336980
99519842
59945623
727520137
460244882
802619863
865206216
37420822
256804033
932194094
680493162
94770209
419895063
849801497
152583317
76755172
647604076
513212469
825513355
3957371
414020575
198485147
360083911
894565600
671069553
48376678
862451088
621091155
219542823
180854547
910236994
486531523
750053627
119293941
515614297
52773310
898388889
896691101
652674718
562620872
622799676
134309583
983209012
943053296
775346491
641873037
52769357
700622611
86323947
695594141
166614180
228924371
840963418
21608997
902940916
659851833
739435929
165380021
56450583
411868203
940168774
244115060
817877998
75949485
21957099
193961639
344716581
300601122
334187199
99810006
178366281
750912973
860537750
262892483
381157693
279710992
215276134
417030614
119219109
29196515
995607320
161828476
534767207
523948681
14240366
681312622
645568104
728444630
216353023
855762463
313337379
733008867
840240517
240806514
622452097
378684615
316431584
907259526
921096196
581384851
297156456
752168234
366435412
986513939
517227859
415701206
368386620
578070935
640451302
623229923
444575699
322405315
46160912
27254068
416260882
778340297
709347852
293929316
61709118
340644476
548393534
616271949
84248098
478424734
786472626
445357412
910672455
619731235
640440384
2473078
963279407
308016606
495934416
537834256
732040058
243439086
795393062
548253267
6720821
598539159
312926002
67497169
87993327
593123098
411186764
990932062
686847955
812986449
824545631
844111798
669336762
22502267
845550407
580451720
32991317
680884505
667920135
888010676
200041313
71870447
505028750
748655384
937630549
637978224
659950515
136559092
826470898
508326654
295214008
172821796
982947234
161094584
287208495
463169958
27718474
480896365
528278622
491124998
67237970
795540562
758509456
97686005
795185603
796328584
333136314
940777140
462466197
915482695
504842939
51155553
575518950
907382384
348211954
934850373
93510409
564270617
129866618
450015102
933172582
274627671
164461164
178521300
517772440
651723834
861164563
508242177
735293770
382380449
552733245
552094951
152605883
176795136
820772706
404500749
313360989
407342744
953469779
141301964
304841909
719173374
674092894
910988201
3483715
244058455
597302845
75564849
812882629
352358121
369659548
463447856
351029746
78263519
557952415
792610297
631079398
579988156
579913564
143461768
935164019
824894136
205483369
80085748
362749449
952747986
898549668
398723813
86609678
943711203
621489383
686167664
610800836
988564652
145173193
213999208
600534776
253472962
175037584
273713984
54420989
785599714
695359546
382935649
12720901
89285389
201065204
74342363
618842719
28162408
773421349
733372831
827429179
810008011
206137943
479947772
513690004
594007145
548238751
50735728
345508785
198579031
988955169
869171424
730868736
683491882
852647018
362465092
933090324
343953206
192075521
377606435
404950572
306199579
89040778
149564305
129534589
822547718
67364847
273464059
751682781
824207305
779881093
58447269
170289853
888116551
858738484
800792824
782426708
665225420
700309202
6527630
705234209
124301855
928205198
855841957
796644543
826188121
652066912
329229017
236638370
838600111
141252037
274889512
836086886
395814914
328422259
521229599
720967232
56573638
350413182
691142284
526642298
274774691
299052945
521301479
418697937
930507900
698881570
842752184
824753397
51854194
580038382
267864904
643644003
185547890
672372225
280648716
377994380
233198820
352919760
303346467
170480806
738135829
36825689
913082669
682955267
504991580
222360382
774474938
559694291
337508884
79825591
725853070
314812237
9166917
479885331
430459517
825248909
406903718
437144019
866136642
127306550
809314726
504475618
184784175
258561728
873387132
631245508
650538995
723442687
47773542
143235219
487768411
703653877
47066715
520661478
788506468
237949002
385970275
838346211
913706355
708147517
924406630
283057892
487244513
972028601
854185311
953052665
634477085
705662558
241912707
455399806
971090660
796054800
486783116
176039917
361166078
233660210
852041512
654520941
809568133
873746071
571821386
51032251
511920748
194273664
592057179
22199193
267745522
488505438
691378861
192510515
439278634
568557505
523437663
157989125
202899918
526256834
17231105
212755572
404376415
920334465
996768421
944876435
481529980
592373735
172144557
691713610
216870760
871026796
159495399
554846257
385907488
731449333
28778078
39960284
136326130
873374379
771137142
292970848
379971422
831986118
685307143
145971646
14283697
49402192
16121172
402533155
272617136
328793991
973139997
834909243
216429105
639285939
250144525
889233667
876977648
626944950
569502270
919547012
22129107
900343568
805328431
396718724
329010039
136532604
806603025
707829299
539779427
483477378
21662994
329525537
755119690
724260256
832784149
572390296
235027321
850796774
930592738
432127787
576252563
769611401
419096473
888076767
897886797
324586154
338417152
746621547
481304807
139544409
162982635
509381179
303872109
851590129
270841740
479627853
26657687
288588418
816961606
877751091
242799165
308291871
862753726
789139757
307130997
643614460
79789552
492168848
806501789
677754228
654206345
26180873
696352211
137374482
343294449
252517704
481247094
917251662
498831926
4423884
798115450
59981477
226524492
400235018
320494742
512281813
25653427
903529560
453418515
353156295
545732609
946438902
33835168
52841646
189328622
267960691
906857673
629956714
580945770
254272337
244796601
846248303
940119757
803550578
485338063
136801762
813028967
166497627
508295679
18324036
998380757
109406023
789756491
812537721
79635641
182817687
81767379
462518708
468645014
794849182
617961032
176259991
38750332
453345493
132021618
707767441
992345703
643510565
948045858
75333757
345660029
851290378
336305892
244559588
759627281
951867146
119861719
422973912
914896953
183692980
699252845
859155799
395233880
435094479
354775537
436326585
156682411
221297445
973206004
6510934
186193312
444338965
161311700
786096586
636311303
68536610
807497970
486774263
671528959
777570620
144456057
169518401
218451768
432961921
672664005
147090379
773100129
545196902
52910440
127768493
62955968
658793465
547621753
284952034
95596336
758805232
781026109
603655852
98569956
695695031
551085030
771048258
670304560
941534923
889140444
901321063
689978678
550209304
608248283
691090670
144369176
633087454
751444951
137326333
39236922
529734444
640704031
962271958
762430472
207685158
663226455
611485507
168387005
845437510
943554965
527399845
896717210
876359665
690500250
877506070
287510500
203842117
388204307
975833926
226485589
373407798
499213840
276916843
543821476
771342941
457111699
222890825
936948617
361819768
983399315
429868512
907348513
410295420
245715111
565861891
118101200
818754150
841225378
890884797
32468576
939599522
602661252
824867048
997979957
361740598
4603852
813619012
859709053
730742211
403580170
940527057
244883147
775611023
910840743
665829123
30520603
363787188
418450481
991087530
750573457
440335629
674536888
806567236
862038194
513686453
620051331
486421790
630644553
124638358
759404869
468756349
362616738
497319508
943365349
286886066
770746544
674346791
278936885
182080877
766739088
643492686
363181771
206206405
958239596
42872257
184985364
131737489
499454675
579885987
535341288
754314011
400303668
850137847
140311340
592132946
265062633
796094015
962828853
484293503
741689266
518182060
182974458
735070694
971337341
934823819
577910319
747563638
832245673
623954677
895082577
356173811
84850302
236369603
224348442
107080770
77153858
468330482
848327638
819165936
