547517367
994638882
973325032
315011355
904088704
375554328
984072722
159998307
551401118
539458155
635823885
966733604
537555082
951242001
105574001
148888027
357503080
401438822
501558486
566457874
346619169
178486441
373628934
279982800
506243388
268292242
225833683
111034643
397563807
237702206
897256840
717392578
689304856
561827446
690834390
443609682
265133186
348484783
443066925
803652554
787438760
620471864
530663033
367022542
128582639
488211437
685722578
285032499
464135833
919888491
986354350
525329977
240960439
970099512
777105782
369030926
621009947
693342232
808767966
635796461
149720644
873038079
762434498
313698912
642201313
918431305
277428747
975727634
260407611
661964318
883754840
9018296
958371895
697905931
779019113
726147304
647823406
6606392
151400161
18031951
582569662
940801182
646898808
477675314
251347854
371926863
476432139
719205342
784721663
321803463
822599733
571790952
539716816
807270463
653931909
914400680
858037364
216964121
724821227
210151332
210782689
709994942
24624888
802171513
36133651
977336054
566958081
543054506
191080399
50958478
721207518
614403555
541942070
790736014
53226799
208919460
226139270
284759184
62351058
270274450
441999166
558223403
191005971
938604146
839364584
311963887
469301478
151101432
43974021
864618431
868109938
430859285
281785164
941248828
807249260
872574718
916176294
844727293
441541663
274011798
804968780
933377631
528124943
733763184
600595944
208196177
29848881
748980800
754043663
445012449
688261409
573278180
154613063
454546776
768152165
652559285
518988971
86020740
962806928
724169762
508034575
415856649
499080485
326461966
182848538
290348233
332618390
600693241
983486753
180652079
292743165
381411975
843217519
788339258
465305669
508621533
30098460
457242785
338008202
631168406
282115005
720320676
397057767
598961571
176357021
294831758
276246222
827238386
173096662
154689975
353585747
830155553
881920364
717371900
765977221
389112130
434297146
201662976
550914646
310247710
875577786
429155639
765494045
573391584
152269283
306849433
730060659
366273803
989241105
259530632
622460824
61746185
748012537
331638521
442054756
787713897
18798882
900118913
150104944
888016779
14102011
505380002
427596579
828796778
827066331
462587610
499491610
125845619
22362037
76193538
74324386
828435483
906328138
27760491
755590619
852959365
954826630
823666181
446692287
869507587
564771097
909972417
837997280
913566029
532229149
291839561
82143016
550281842
275317143
978263322
370313248
534178232
51558031
662897865
296145699
370197783
1559060
936697266
746325252
689681672
807357822
604215040
343911766
913047567
185206245
794025340
155418046
720252045
576047901
589095390
832887266
195132699
453426625
280597356
323245682
104129592
667382721
514030548
296567629
535226769
380444593
949209767
850528474
44098713
705880288
540146153
776877452
243430272
731614791
385392836
851400305
18129364
77340929
757010614
62149764
960556055
566060651
924949711
728359784
738203808
136421515
361890970
974233940
686221752
145376055
175180549
80751607
770960673
339652183
192016106
702815060
487528510
640129636
211098482
309237078
858148053
753686564
299813052
207167278
645060091
17147887
911987772
988637253
190655064
737695083
814757902
117791769
696416009
218447591
362689625
538068940
742433009
785670763
558363820
398805253
18553623
974975826
164306722
898722656
530699738
459394545
5916778
903778087
539598684
682577775
363871794
377999726
866242446
447773536
204001710
206869491
266247598
717782432
83299692
721055920
224433741
373253715
783578875
948526667
330618152
57388780
384335596
552513081
976962557
653947164
960382049
701857746
81765816
812293227
290683454
883172226
589379842
401090395
676467538
185665545
11231109
8209684
449038568
508077288
373823288
436758176
251549322
248642473
14445881
155820134
271821342
24650576
702371070
837307898
174371512
645299906
191396950
215780053
568104504
473310958
75058949
453403696
926815529
885651519
722195724
662014047
296233909
53949218
157090082
320829482
617489648
865157201
41314893
897634146
709824811
216224057
924215146
275501587
574703379
893859975
805839456
135693123
538067199
821142423
382125822
935731473
999486674
244457916
637921715
645383546
691775275
373599788
832985890
203156580
110606595
557827411
81394154
563387048
785881562
711809239
140524266
197600104
91552391
693616398
538330484
406664139
983335681
804736923
127483087
958147454
721084759
915895362
641076673
674244528
667471501
939365825
915336496
105673105
503525696
786464250
662527372
51775993
416027501
511706534
629054205
243889859
32171311
838158312
787027550
151997399
134829902
360828098
489620023
862894138
753335708
608239352
44140731
844450800
282811938
975461682
952395790
194749751
116974829
679774260
924298786
775879912
732523114
158741361
535685077
171240769
642490914
975721047
59861351
999417311
49281867
88748272
781572601
579845855
64562192
294440625
374492827
145177368
17709373
975485686
823317551
360256660
426275338
778182534
920908818
59232148
895225093
70885695
822861166
528064013
834068458
467777621
934801163
736253239
587407747
853174292
511366744
873429948
302473234
615786781
509506484
159108853
300966746
490202711
813612270
664587435
826666749
464294875
779888607
988371312
600968854
807218421
177040378
141489141
856456708
564042125
349604573
954340578
237832542
476452929
276015674
571605218
152859881
531797337
165348852
581504245
153947108
45319362
992438106
211387899
783073879
501062877
842704133
401922590
465979201
664208697
59289913
936072626
964570262
256321382
232565398
430930217
290997087
834489852
927095157
26850036
290737243
793312021
879796530
23365622
503569718
557026164
635597406
826020304
339771106
937901265
6248972
769169408
324853858
232108025
510640327
781347387
471856768
568500708
205297433
99905976
964514287
775117786
675509938
192248010
504752211
413531946
989770315
981511158
243887530
845085455
280608130
318370027
604702178
138498816
290767002
360635086
165522830
969072483
707818180
226047714
865465470
16683828
62151484
528077935
657959725
290120504
611218768
732462237
745681054
451218009
959073448
722496378
629192419
827189180
62335748
515619456
117802082
687548520
518613409
90037771
567255848
654086246
582132773
494685650
657293134
687878943
164467229
186355042
941341021
150005240
615824557
502784283
860682526
979249717
234440505
947830459
712966302
147432003
534288284
214631707
802313176
257308078
235830104
792669520
886012006
558111751
689177607
777512997
76163067
775147545
242833003
477974309
450459074
617780408
658791865
211379223
434551053
567465833
870784800
970080780
125653274
424863726
791121214
595675813
835393451
456289164
861813850
649942700
592748674
114505288
802653152
970370078
153260236
303981701
287724593
309947769
418256142
789463252
608673642
99181382
998701335
386954230
110191974
166193476
907172236
137850247
52325209
242902118
320457852
23061282
513279405
145500468
276647202
564207502
88978433
377449450
466186863
640154289
957276067
429722841
696297899
39234906
184764322
961657778
972494391
272462923
324714073
146477372
330055814
348844095
793123079
645087800
958792189
771603417
971379444
738699042
314671751
624927737
688503576
697543203
403963955
618911732
329484848
569687392
601225881
657152684
693722876
589052732
215003268
910275142
843760905
778101851
832187183
178950801
402883481
959466428
202189908
148534194
193699084
634709313
813136173
905847835
912846302
971613755
229938201
868191603
186708278
505043783
592828056
350279389
62777698
841259124
951650712
259732863
25758885
77386167
709750056
615076929
360431896
315341707
578740045
735661339
931474103
419780671
505083188
15021228
812900615
779841387
368719935
11913015
536509134
166137557
431228652
53794262
884407029
498116119
706065428
357871091
339749190
733034277
470444405
188679092
996224674
864723878
847497443
2501781
826451138
572454319
153191916
325497314
249716372
587112977
788102296
878357376
55969267
77474833
974373731
493065631
466530567
214916973
55290987
406866890
136323848
580915041
813770253
896640140
410030471
897856449
375325833
527642764
371320737
351878965
275327738
627397618
844897300
390060952
739436663
66750224
572283227
502581407
188570089
240446295
626649470
43222620
762196642
949396155
378035259
552871275
997824994
806932195
523742387
212999797
891340523
124832217
677743289
63577514
52355244
415309633
50953624
950857301
592471308
928594687
197128486
625549150
954176576
897837406
311785239
160704678
33460075
665908313
338038169
907623506
920782403
963949158
26346884
814844690
780217418
93101228
818718398
864374096
518604880
857159195
900031454
568393636
3900377
158320939
460538440
150495521
949654327
781319786
337705708
324127030
15796599
621425924
910110098
259975400
43317809
1100319
89046043
864359235
637610916
217330581
519411199
331916680
468894026
616118879
292217393
927391363
98485333
862898597
283360094
959254015
596591234
186579526
432252420
735312111
28563233
628734849
621648773
795855636
437298965
161289717
211050349
252140288
328202605
13911138
891826906
299356478
53839060
766371482
771526881
779117099
4055184
954359161
226763180
301274299
337747995
568114773
99499610
387781496
866103544
533147075
52010187
86755729
497959691
378451692
727535795
829217072
189173503
174797986
231412167
414582959
379451545
293190405
427060269
476321198
6280231
267270911
3714074
454982887
724291971
992860914
873552303
332113849
91371716
504242994
955198830
642232071
959816345
130978121
397564116
460448458
529235238
233867276
929752090
904151888
109279530
124294619
754180595
949750912
286375342
62609834
110182974
879041072
534959315
356943922
399665553
710864778
527298891
750441980
294994067
70477083
564400699
644516721
663489523
873242629
659594771
719896337
995384012
993716696
423252860
85303723
869400725
58195382
777233869
770963708
885347719
145584269
363438313
522908380
367041668
881985610
513090315
53963161
168607544
