949551853
181079393
124712695
450283833
789449149
291224670
820962877
506929151
665088898
897623503
326146079
763115387
582157195
937982758
901515147
975204231
571012174
601837686
529798068
347262864
35635322
259925791
747080522
98402192
384157669
448851185
99195572
22395979
525722391
408471324
10977857
629706423
546891101
121965529
334503583
526625812
341140710
727106055
504114987
576971573
912209411
544658220
347042126
590257867
695409040
153589603
952162479
973782640
382039607
164921850
590474258
49425763
421049266
400739636
630264671
689626062
433998869
26310503
66126164
340597964
192029097
798566897
981206758
256617573
886645646
696439654
216224285
460191665
603479175
374889334
634063521
843906117
97722699
952826493
435053452
490977100
912883663
156822654
402993150
230568065
496688705
125412930
640356371
360800540
817997064
961552093
208657156
146151464
491700857
644877520
92626942
314830207
660979891
163517022
384942475
113642513
563451460
90424552
703612220
998969385
937365316
491970813
370303465
7150272
530858328
746568140
951703062
468222771
965686182
139287570
776742397
277176215
623317351
835558097
843909258
66616167
158210526
620406218
438620507
925093552
487782498
70072820
968490806
958601653
282262392
319233313
182926226
934205675
567884017
321410938
927525639
822459111
453210432
404023763
293202747
4717891
755109463
633206098
829942211
71428924
9849030
740434383
180465280
352413287
868135121
815450725
691512854
825421792
319607763
318326308
955431986
943045241
651804043
778518667
511186887
867292495
523480005
411701810
724887878
211625015
563641913
17497387
900338753
644275243
211761930
954283284
823965781
219293587
542355349
839191366
311506702
525004426
790464005
367191583
915244521
747348113
889607538
616077519
90466532
466811666
627720457
357504432
614597911
249557709
365978951
984480396
170655067
674691764
892836875
425910250
481237884
343407653
908318219
618317195
507787009
992351642
840095629
536190035
140651356
913851835
991484942
472219267
283066442
480416396
6819606
430427560
152581235
284612460
863274144
763838772
977684955
907402485
321235278
258076212
583904556
206137481
402899474
650781043
278296292
227281533
783628216
149274017
326456710
116445098
357953481
968099048
616686205
172146810
859404572
922892878
907252483
353417502
475426162
176614695
475326722
155501190
74437990
134181515
242738102
935551390
831899160
886042606
811417618
128998103
448225294
573835398
22172374
650242006
34412639
301649528
589452167
189314585
257893743
913369822
130223618
842210925
145762556
166621343
122462914
38720556
813741353
980434424
425207887
940381265
856586288
624267452
431976322
144620582
782749489
428403366
131699490
268717959
408042941
342744901
395382371
897585609
337856398
197458607
668219803
784118081
945926673
966444198
137734170
557755043
333440710
717937897
95523759
562056339
46391076
633115796
9738634
907816645
11718600
204017545
121810036
851464734
460834719
871036351
272411813
823957840
141859076
877551790
867492516
606009272
169950038
320734208
781271643
915148840
517987451
232638008
504354526
948303947
498401538
338344831
92793882
847297153
842700253
867452842
606940555
138648391
528743693
869919982
98229506
149633693
418664731
223882844
256999358
204025395
220934864
543917635
436750889
466820045
925046793
844261962
642259005
68374882
98951682
531724897
387805005
12706502
936666252
180374917
44068887
813753067
128761269
61434686
409415107
673373767
111223663
274512881
8764481
593381875
264095796
133763422
295214146
271939093
779322284
717858822
187344540
946067193
63734849
577246248
694213975
974069814
795887117
37534481
23257153
654139574
696085825
24418999
748345471
310975355
479647837
594234052
201982137
348368775
825851094
284476437
20872424
357230045
814467736
583625590
92801731
946421982
535153154
843369013
202724248
791283371
549047816
370319912
289052597
381092858
344380357
441737811
948971651
359420004
486160941
69999072
17865950
91226787
38177532
755275531
977287941
86804664
526167409
697789124
113734038
669861742
931781284
946845370
446087997
494845847
696986398
830114493
131599456
480109258
484444516
747791992
438916660
952518103
834810231
231973781
105091758
325765912
735366401
367252612
966594997
37910026
645262399
842562131
862207833
755852022
266610487
929645635
319052513
59192204
606337647
5997067
420254573
837364029
729634974
532862505
859502086
602202444
924231913
794206748
684106459
514265862
310138354
468862393
874975486
738368947
631082411
65347846
256416555
806203750
650183772
651522028
351438261
158914796
731194126
75824012
24599343
89219152
84637537
690235974
228235360
767340761
511061980
72407252
873771609
478447449
327537419
601552629
222883128
301947726
372471693
502889312
401533997
941159651
683146152
452329134
727771670
176400006
967586643
123838885
124769611
201262641
673229080
512848761
409008431
954815617
654558804
261339776
106169903
653810962
508263162
770282934
517564907
233995939
565971388
916765696
3203882
237731102
595090782
396528037
410831528
29529781
842464716
954468828
433732056
147294460
249988030
410278609
475768643
278864991
348052340
848199335
121632507
960798650
565466363
26972718
94111681
998213217
663398820
918955991
823888644
66197643
495382726
569072165
793684563
602188758
985324403
167538058
375188262
766380454
449125251
490040568
581309222
571058606
713007356
95239830
358797923
718760251
79116704
261713970
704827586
244280195
785571132
827304910
305758621
660063825
648650426
556766256
668529575
538998669
822654015
4990663
574332281
676134790
572639391
344633885
534147053
273392551
160784264
831543297
161970055
82449972
35090346
709388187
829739738
858011771
266890113
550573899
247791293
470226532
668174794
375351429
919096513
401684849
214128404
579608448
280626509
668077815
263313543
133620737
953538331
428558147
499008482
836189592
943726438
444134588
915708286
905174430
998419213
368373471
561092775
85405372
557975986
247573406
99743915
622377614
209189848
76182944
997565170
447746848
393173711
98076526
308974962
198303042
870823874
447302586
85894149
172647431
462006386
993030941
64007375
866069236
10079007
27163526
878004964
733411907
583441489
198900753
765661748
385605150
942303484
361715682
552154684
879417821
909133756
582769422
817375442
671523106
301940934
591750789
370418600
204443564
670512643
815566693
740447025
855461804
119583184
300705439
965365717
496423851
358240439
743060854
443168043
5388271
304366096
695023538
75326364
530812459
369568440
366332006
38936124
10289095
310521195
611960020
505443363
31458029
545921841
429557140
289169285
288054451
629927143
414371041
870706496
870255596
622612341
859563809
195556593
194512312
286716500
22543160
613828722
282736049
233535034
269237896
27364710
199242629
918547637
546766412
575051725
214110217
507443058
286562982
301954665
935608926
552814664
360129504
893922368
58552623
310123330
708988995
309539962
690026043
11536154
677311265
866496707
943869396
872354356
572912446
382775929
444802285
499466945
880814050
244095958
347025280
752503283
756200073
776754059
41283298
584595309
306200733
112910391
999155427
854505414
75059067
780611392
343364160
112416376
935097569
317440931
262482837
965641439
137003969
884388981
577727503
713003196
923802677
271199895
556223768
402741187
83495313
326888272
345635190
163990483
130249439
714643271
626629006
42467024
954929384
183105642
796614589
583375443
852639070
473957312
3922596
596078604
310384534
835520628
936477086
896699871
523132547
831453020
937256786
255471514
120293091
479160845
362462975
996425068
666368453
634022082
828700604
485000178
220530291
638542109
501099996
979312460
767275199
835164944
724255974
360415794
153982386
300897136
157486990
751991926
520826341
679107393
113002368
663046656
880466384
981648898
402618662
88282049
334722808
659523895
879608639
252042292
389631485
90163676
43697392
651088592
352180296
630203936
376098569
320907302
354405037
311614411
362845151
214096961
972857315
24610135
828803404
475219588
111264653
576061291
742717485
222235411
673966029
185264859
734645172
441185697
366158476
699416318
115958683
684719554
231403419
740418554
150277370
561006394
758933468
249057704
589680974
677111522
791467552
73167382
8235498
523778448
924798565
836579687
397586889
209211930
316262241
898905406
690189340
855856249
152845493
927399072
977017395
758661516
916806409
657373228
578076261
204366626
355518503
602511693
284930115
652763977
514245253
691379013
89503882
613986481
161337041
801838756
455163491
723799610
434929159
151691881
683752035
38097271
567825792
218939036
297436844
837386340
787677968
525433242
124923455
467253069
9226977
260102433
531874060
304004345
763401158
391615852
644199984
101560240
670981441
385314348
321593019
188955858
788237265
355471520
9533195
233419552
747075805
783600406
47874888
514423484
443741914
966389728
420927090
1153612
243647036
938920123
190835723
697867372
359936383
740689920
416688656
830085260
477588237
817677045
643536999
254142820
159504952
785499535
850585321
769721187
157638771
353603251
52818168
49614810
830098860
494796177
249860004
212354272
209405841
64017292
90310534
4077562
477558353
610499970
23511155
42837248
839175341
530720448
60357308
824481033
200780129
946332611
741623855
930291520
968625691
491507758
711367619
970560219
711934519
755390374
73914599
961576268
933015083
278153700
356784712
90138663
913571559
371312279
171054750
748850858
689060119
978481449
488461530
295919091
650379385
412611094
352526907
867088266
794165890
600699751
414967477
628784503
725142226
26104288
568941057
211306158
611979394
122526647
80989117
338591102
783428557
279299784
500419752
454015466
990102691
128734264
71062477
199404652
253715257
933372490
129265687
467863061
359665697
311506449
135420914
222298679
457871081
445704763
279912134
556014597
138980850
844279352
176394328
111234768
340422896
445130095
236434042
906910795
709212642
