711033298
481741361
318320560
372961775
391465856
134176676
128599456
467352679
954024696
258664990
692204866
236401589
232775301
46577972
308860137
727876993
554743186
758166048
953362301
890407288
347085512
963405379
648677348
815401513
471337137
675951811
316716114
481581015
248930411
950389547
759802429
462090788
169095347
316872381
597067176
296057353
483007176
151100979
243987005
396559822
452137953
326406205
451003147
493901144
675158433
596459605
732090700
409934891
266326266
357092538
314810680
580702103
56640168
318513671
268289396
747627918
833064012
502919046
901624637
715514043
817460560
647018440
218422267
3635148
498862559
230114077
67306242
915902918
449510795
12802783
244869816
403642207
514179043
556802479
438269335
20679306
512402231
154776203
140243079
874877530
943861110
906781222
215254748
891837871
635578867
179100325
405450620
850581674
48582985
849439257
462993340
980088129
249476340
528472960
579099260
805119512
107983937
447367999
995038584
445044356
529153363
816187780
960424095
253523482
112222722
911168472
66523060
499837687
880244335
247610089
235225686
678287808
362675966
26747107
771652931
910679337
431763692
326584395
368056280
319762233
824663456
216724566
867319933
600071536
549809442
264781685
154165866
985706082
977703217
633149821
912695367
65034232
159737618
695198722
345724167
127673330
946357125
961731264
779615149
724410393
112577265
905612931
970337338
800972894
614213570
784705530
617412162
222729233
756820027
668419922
373355820
781399541
79311719
675276350
620380898
312428796
948867846
360352558
703714039
847441035
757002605
80816977
522134469
247094513
334914720
170191454
518550189
667477243
681022938
643979601
964322210
470032426
546969244
643645885
207184968
919050524
246387227
66347038
985857965
765103910
647369522
931436632
228886054
309283295
259794001
131295826
985722511
484461267
74817823
33295371
178805482
586004567
258017225
932174113
967407787
31760288
383478462
723242824
466058173
444022116
266155341
949934917
541706293
112840426
704097711
903323392
234430296
435665832
468091381
701330373
66041569
882520807
374494591
938610127
200071513
825565972
851930921
212851174
987300510
203618894
184468941
34088922
592659420
647727567
465174118
378317642
212015200
614795130
676238097
175424680
535572062
523144401
600288863
541835849
498948569
697434603
389730338
116045628
605185582
356470607
896865528
550056679
16369885
373487449
967253800
296284674
211509975
319407096
732102600
141841814
179829365
170627287
735942312
262439279
259553174
232066418
357275497
893978725
647666306
325780068
691308192
619635164
759427734
292666701
165758310
542897166
282231944
832658741
439661558
502636908
435835634
735885293
607665590
630829902
306753365
634412261
17719037
219171970
680473765
168889444
166807667
892608102
882692529
534396282
995595313
364944774
787202088
337849584
282282674
266882151
340159105
495751611
468379320
279405513
665162414
277230363
790628944
723703182
207729138
424356634
14052729
378851232
879745537
229465691
706006179
443944070
562961696
105112409
955685913
625140912
214347381
138103527
213504960
478776861
158972401
798700088
736942634
225031451
297071387
800813535
755695077
944382359
550376066
172779406
162477803
940084021
267505972
328260076
965667487
29523001
843783316
294015853
11442831
256117130
154836715
787956433
12862564
653226838
828390101
551651242
801983077
682089678
382163670
657141761
52534770
202055578
282246651
989602458
120433112
866462325
540287728
565597492
426631795
406915602
668661556
69670369
828475165
706966131
66987887
765922157
176438097
234701619
139444921
926162911
781357594
920331526
126660695
957387828
323940146
371015967
785837523
83715795
396641348
745420143
998830457
73605398
562218689
893234303
120244636
960422224
657837370
277903513
207826964
99205161
489235271
278185823
867384057
604527228
587455573
85166345
959481267
305896432
586238950
62467944
375213145
567281457
542644757
456000757
875784166
132203243
75394882
324858822
665662311
749417143
80624802
456571933
168956143
681211650
408085144
595056157
507451679
935240860
586721494
106565662
108084787
898534582
26874654
40239760
436927639
503171771
52947468
522133466
369932254
238773800
411534698
479941090
497476843
334173403
370206998
431548999
530960640
106217931
17450137
988041392
885027342
332978547
612241201
458409819
18580358
32663338
109229680
186172407
196442083
992399414
577714665
24240406
719174937
479673288
954383156
476678561
540406803
502404996
19073117
372612395
79255775
553261414
954926566
426888510
337882445
600683711
959095088
834782738
311004652
976536143
64095517
401233747
917790723
598680101
221538319
775106238
286293381
568464833
21659401
404264300
393942090
866775059
325691382
377532838
661059134
387294292
760766151
17803555
379790246
893528436
891142195
28555643
87144813
644837741
908785617
331765927
378051980
185352690
120527374
417896646
73568249
274446940
875167754
219905938
928303897
176480917
106449682
120494836
258134968
179276918
190385179
971941968
480745595
614808816
978670303
212480714
227570032
577393727
765829375
950588151
839917558
941291532
454992492
417476214
85393948
35539873
314088934
272952981
689894482
889772391
397054258
100940691
447937458
603762753
330696051
119495150
991607304
105785443
449228939
484578216
280844609
640271315
759668586
200513327
703143256
919200225
547810047
472335996
666167437
696304902
104195895
800658251
419523313
169939222
577979087
132276716
819454446
457691539
134511989
892764024
862391982
833496700
430600352
368362576
782222659
89444488
524004510
876982841
284112764
859175152
220873409
121784588
128164788
281251158
669743542
199646242
181622946
254479164
714332956
166193722
487729825
841752937
606785543
993589578
785576496
596396005
681417376
277998236
25783665
198419335
300040702
533915764
971273452
556464914
622186233
447347908
209670962
391306010
418290667
613698768
395195714
670827204
188223231
806992283
475431493
982411305
672493463
138272155
500195678
378332844
950653769
564975282
743358581
968318266
405034199
20639045
226711156
437010773
582786078
185826653
408027110
246006273
851199175
85693429
559134449
686957643
150511134
571699872
659064924
222395633
989975279
790316934
836188496
100634188
770998006
816902619
653529705
799793258
518158084
803165189
923902541
543145221
777802556
647450820
247765565
735065419
790557181
2955186
151430715
601547188
220636751
772660188
808519930
232464013
205671657
149189440
819628028
102529801
247857833
788473848
831900171
100793590
479207229
277800045
388357564
160336834
728786785
642724393
197320259
588131578
367109338
426917896
918852687
779620888
261924110
864881888
468203716
203748355
837927863
824069029
896400461
147555947
420269157
57517736
1758881
217315090
981797003
603724482
894962529
621808565
997274589
550999903
551935425
729684235
971265017
823108951
63937991
500002511
259093255
87428730
6278634
147832787
805634926
563299135
234437849
793718854
853807500
28899042
970539902
340789768
680985723
615879673
264601937
423788802
892073386
684344223
680524431
421689493
276041163
171042473
178539830
125062303
747761862
575511692
590856988
816109433
874982470
189168452
808355870
438815158
800943896
968201204
944655098
750499132
817790395
748567673
341921020
856970021
823079885
208040026
363507589
952897960
633184578
554172761
940822841
381394916
286397966
128146622
837610847
286920793
142584519
642248497
223961347
88050781
908888899
881216329
400070924
230123233
972442146
418328414
918736382
664639047
220543171
531724744
539845870
712784517
671224574
514102803
605998406
143505712
342423203
823554409
598609606
68001136
807534883
225641868
491877723
193589101
634688850
209462072
529711467
746835848
351557603
521435077
296230638
158695399
744239857
856604316
841610231
936574064
348496749
111797787
884527873
404751470
289303643
698868540
732354789
101459834
14326890
228038323
710170340
772295161
522148214
694105134
944497588
319030109
43638890
155960210
280515897
683247031
389338606
206481822
595434382
762980074
888616946
171900533
313081444
699108093
235494105
381150471
968544659
814620256
672492570
669424340
795008962
230625416
939026534
193858136
778697492
108666342
493287077
390417888
179262210
406650526
499291730
757416304
224687633
657452467
576937487
977200528
115056508
588279646
576088419
158363200
547235457
142014926
516363403
121547799
516134523
117403109
385787096
33246696
865965727
633176418
259493663
895550083
99802590
852723873
899096171
713872172
380003573
849780753
377262717
171849554
189959953
998920717
27219612
188783856
263688343
131200641
947212899
655628976
122170606
258293576
266093962
380265013
238531837
514129370
122188882
652994035
714262011
817478735
677723612
661294382
722879245
460040381
524452159
546085790
147156862
603741645
657613713
371963759
758356295
863065313
597196954
265275754
211016928
404238864
968403246
548314739
114795314
327579547
857859454
384933881
170190208
730158119
911076089
607672150
367082455
879228648
657018246
585673219
730534990
246102135
999610160
562524836
172057140
715968334
448970308
729919571
474468557
481133820
41626993
659946696
473586926
575249140
897272679
259105292
661096620
818208
169248085
834292971
545726122
573874142
538198721
386682463
959619279
292789731
491104173
992721125
548964291
916780007
179003334
267928213
946723398
71940494
641428767
512254159
863455151
34672118
93218613
495048592
955268555
238483675
73846182
633661493
285952554
197912757
911346953
594941067
832885438
651970797
946575528
366264247
709980563
822725273
39947096
156660848
707903413
612927697
602905555
879267408
224864160
456249181
180955279
557688548
302130485
773698778
713223297
401646432
933820371
385018520
395650139
626424502
907599593
674199491
879024415
307242447
500027959
904537226
100729908
761706522
381442776
896163105
159835687
896993492
970204478
812739086
557947648
123998125
31993397
484767919
804350745
250527453
431766561
213951203
