912918604
509171534
5034352
907887400
944101633
780082264
821395038
978071659
826335842
687043693
59765845
148335481
201400524
714441100
838116486
507943352
427636640
683671405
166530012
663389473
530526729
327819317
974204426
522022625
474255745
714740430
632750738
730192905
542876091
465519362
975031983
535115832
786330045
113121989
138536736
499278643
588713657
729490363
346627456
758597505
806037782
912166971
45478821
833667300
972434144
734414505
588148782
530937923
857901733
252711317
920723642
200402722
475512346
769176126
947176902
585099287
534967106
483011725
433631654
229361203
147331525
91202133
435195568
360816479
712011709
524650011
362005435
88278535
575904363
338837842
919229694
698146275
337043948
407932505
857351690
618359757
282340496
140537125
549588480
739841238
126591647
101812814
872291170
290164773
544795719
774629260
59603486
17153919
165945085
553437448
964311535
105701932
295858708
117266253
611265979
714835649
476971403
684662340
121655591
447784133
372409070
499870247
955033559
519063891
333481622
222577366
863358772
67579841
911824434
328817145
302758790
394429981
933423244
693790414
102769555
45518711
218910961
145030794
816020759
937382447
465046525
344851515
922333448
22466914
374526305
813527761
402287566
219777694
796666524
142516040
141388353
597678154
18881534
101804347
367432168
626721399
146779254
353227278
956683149
322218353
911270487
992023643
105329483
837127938
250678657
569881554
172278686
602068293
14496697
565747268
495924687
331940608
868641579
184273142
982737606
27557555
577536797
932566644
144537586
519953859
820289798
643581078
270913315
769308394
187428791
705080635
375548446
831618897
326358246
476048155
898739456
865683681
188347643
493802406
26111960
473022880
239522031
85205509
771788255
804644749
641249075
800219272
205280997
230919256
646591351
809447743
729036573
834608390
119066739
339874612
49184601
214212608
208689692
436729290
501928553
267689409
721110328
336021088
649699146
545598021
194333108
340659788
275710046
538448540
667007810
630241004
143592965
374839173
158161182
509714726
788035522
492331288
160778388
339892835
878704783
20070525
438300080
39994059
122717042
377981046
976044060
540940054
712552157
986483632
426863554
684526848
656993989
751618352
991873851
758422550
751912551
903500942
435506361
226190233
610311641
300589286
524509226
666832455
563911444
16350347
665854778
354197399
676447208
609352011
551839089
556853312
53434219
868796856
558024505
481858027
829389327
681116268
213304045
271718100
569553960
653393053
628107629
289226412
111584986
982480961
973247014
391974611
382965321
399738630
757802174
884534578
56824926
934588153
729581193
578115496
495561298
771467624
476082613
106366695
712126267
621846660
864492844
103200145
434644543
870010241
631092628
788197131
193593846
510015823
929033222
70796282
690196896
163788261
656636272
956918586
672481655
235282814
555247469
581430482
43103331
273880166
971232077
276708577
851549836
667304509
500028385
118846064
139215662
979909007
986296728
57921702
205033654
106937350
559591831
947707299
788900207
524907483
854581867
241574743
351388332
185049882
198380765
872949496
470705407
687005892
194337682
893036663
277951881
772662605
905633840
260278483
216220154
894652130
63263364
438246100
650614581
587784267
251650308
767340032
369981855
512246563
648981469
213684837
523719093
871111519
865762626
583259545
604196428
708928971
168018379
147574171
380700945
313672725
230042149
858053447
75499401
98282580
806003168
164543944
472966827
606991721
840894182
366553055
74275167
726018244
841701547
310381523
43673986
121345731
297092717
201115940
273257175
87241835
871592887
839141767
536068412
984695926
349230402
599593887
821243264
611078135
288840234
569022908
604644226
758059668
879577537
902547427
664609980
205209915
362746699
552332000
781781097
87106364
294373204
762990132
671352380
282428413
139409670
797700848
29409972
555381103
539585559
482850697
411836253
966902438
874316995
293459110
442079837
390900380
321985034
90803473
749052176
206409281
343300679
861888691
318151486
271871273
761908828
316215498
846440706
939154118
645771541
838464069
758599031
744760715
419334841
186150811
792868629
108602754
167789387
253639999
845286256
551529553
570183915
265862160
71492576
805989536
157186655
637741786
883742671
586118426
460467590
273709600
883224880
271943225
803279823
575371816
743805684
432484512
444838646
399481107
520519583
823194170
951260140
90255852
909609561
701121488
724251665
667075536
547567596
688166184
500590479
333477083
223110993
68345035
245517216
197522622
636225364
77438518
790396115
512161949
114684618
124167042
432472825
260322280
478686528
372061941
955239188
486655805
941480891
843963024
442345125
360384117
663764107
768308279
733120414
22092085
600269412
479928062
356252598
370371086
81737870
490111117
90174189
195576487
85527947
126990506
50598606
814879844
26426009
605757200
939146451
666367165
642088396
932676695
284796489
396352541
390721345
690937860
611569323
537547620
745882299
237595859
725594644
703604571
245821058
140206362
669712975
454802713
335224619
223425130
597253209
156297301
721185918
420025028
430424079
624573499
33992852
236896337
174794332
351696021
321463334
140359343
460229796
335723691
904816572
775977958
718295720
731087410
483511789
336767873
631370739
909331551
868358738
818704977
624488785
844142010
764516472
386569617
949755427
945321583
457277530
595795892
479655225
803000878
8503991
782849149
945181245
222063367
502252616
660222988
362359688
153825007
516143527
259873302
216084285
605522955
777366061
389870952
798787998
469843098
421910641
938625563
971290922
998456745
592054390
687921656
287938562
902480940
795536242
586282067
860057026
647423234
287140908
229472748
894418489
725667440
660704117
657228917
327219700
121967422
830796712
496232352
228834794
823288800
974408183
477545731
393188024
608485435
602620691
18965830
66775948
374645519
587781617
479912329
523410942
518651966
624504969
481198478
210946488
320582333
494910587
42700305
426527124
915970547
800165961
714936453
866684097
286670778
365454811
490416844
944818837
120137144
62651252
676820576
639046385
925678287
709790768
148002121
24048562
114508658
294733631
679453125
299860249
776570411
519506118
485411506
59641616
807228578
706061805
375766523
101162470
179505639
446282429
6637366
627056833
788096407
69705228
312864246
23122838
259471729
610861632
106517245
243030623
112203846
74146991
946638803
311994267
910961040
840865942
597732653
808861196
476502847
457149915
96437829
25848702
815457461
742840054
649956711
396464428
314754455
655294836
59455519
580608972
989688287
389254373
765313198
673854713
56013885
49763742
850949977
855973058
396926522
124879283
764576831
503647024
188216385
436422501
187656402
702423420
572867314
173417238
148680575
966362635
108329151
566905325
624659622
722355722
349844599
980788663
811599371
45256352
419748516
916399816
708368382
604176892
551406113
525908272
253342335
722949471
308833792
272784089
255980381
861197297
989915964
741759593
411934674
351623564
692573082
592790803
837632315
379034959
555183651
947533289
823597113
141337216
506614261
93092882
472279820
422782961
764594750
42957475
324010114
75225221
238164370
805693625
436224542
480526705
416510899
160399939
952240910
662308112
183080166
464706930
393589628
300083224
917436856
287483277
976446669
366569557
154970651
273036057
29782639
757053795
143156348
432564411
490072699
472215225
92802703
567031166
97562631
458313230
53628451
830559372
958354720
265876316
948773974
180755160
623032926
184222339
305535051
931407968
935112663
532173142
640549892
175324202
195954793
90476721
553943661
523513888
223900359
219130983
116646211
105710263
267812309
491558692
13174836
566956317
932068872
805599958
315620925
964009315
387724001
849479732
62837308
493927679
608679660
352520792
506352208
127713311
351309249
736681696
664450349
792224330
61034505
223562682
337923393
497609495
116503903
967832144
236609617
399595978
918271562
569288814
343130807
878431646
341667018
947918186
562747063
466796027
252701480
381817656
248686286
817432967
868601412
341525734
543683966
85632930
469335834
146622212
566644541
843434000
584124511
426230349
172204638
487218661
554680633
324421880
44675758
44249626
153635299
515565339
450452414
964236726
568990341
916024945
45737752
818435186
506348925
184405661
152260661
660761472
789773727
39556181
875011830
969491591
487995409
847017381
923622916
719508770
679878715
252290462
28273661
969881689
401187603
393175615
815471465
492041213
397084175
855912144
323751012
17245138
903242428
518497436
313160728
737136140
931365241
284449559
248442625
952576466
295787982
725248778
579284004
284930172
994361550
905883067
53660273
544568330
551218518
202713046
999223251
707663251
400798962
325166987
364370910
901344835
487291677
480570723
563049123
175814726
100553479
553696538
421351011
650436780
860654647
135015522
757519043
271276291
726395451
137875690
38126350
203545850
598574755
971046449
423720787
954629935
673006456
743343487
975520138
495304534
339515342
270903135
940822693
194371129
856688891
616087760
616446175
578075441
154126526
411815891
249844462
450794517
721400434
72627899
852022986
742091442
303897767
928847223
424275523
859346027
148364024
782383980
818172878
413342827
164586695
795677401
109088495
429752511
901446198
409740973
228338378
743948188
505050584
67744588
836299383
829650343
612873843
226979881
793747887
244566887
518569346
179443601
117149765
314579559
888031227
587331832
482145414
525946856
119023463
681629344
650732168
744159232
319067964
116174110
346940510
557131360
452730255
527479866
29784433
61011489
506999265
186693663
676629242
744385551
183477512
505896272
945743931
653655845
236328515
22372642
129217598
76917885
135099335
179708636
340776681
968920421
665234215
503593318
525311599
577254862
313531986
583141637
310729048
219816853
759008804
