88235702
589508039
482535366
999533105
400717335
432309510
817986999
349104879
475773142
65943357
373681392
519621479
594649642
793100636
692370156
938519339
101013742
11884589
176138009
27469384
180043994
566115683
719964661
372522395
822543649
514594847
567212589
435342387
920516928
322590424
126817608
367339418
261581092
234305952
795384695
415093233
788897167
939760358
324157512
894050269
423585755
176887139
599947211
673759559
928985280
788424054
619679942
770600225
23714523
943420839
35679059
222047597
879561980
978600765
904363211
522120017
869543376
110012970
176989455
886122487
865096919
382644611
428587950
153182717
939125747
6341974
258040387
360343689
997715939
277276923
149622172
161253383
687727076
282087738
603883628
3156854
966168471
46205101
443537113
34119595
894914903
796612363
411627864
977096087
286911365
904770009
487777436
282980325
329942740
273264678
545549855
678884196
762770902
438035023
28953350
40941143
748299188
446764494
734633810
922643306
530383667
259336253
772884285
746437599
793798666
874425674
534320519
597474242
374717137
901206356
555951545
823338274
666475856
142869859
991207583
68484556
971016745
451491861
866271351
34355738
518564536
975060060
30400949
724451261
731727066
470737974
398482479
249692052
253134388
562942485
254857665
519403977
311571290
520893805
503735927
635578650
23728078
665190264
183297420
412485689
370449489
890303193
908263187
428736382
717313131
722211579
12408340
619901043
446827439
960468792
69924396
296807327
580493142
700278072
404078770
555323606
228935303
48433023
14710532
323060692
475943194
284628467
344339853
811774651
646348691
36547568
511766984
145582050
639133930
355628933
44756478
305826481
268194440
453785661
663906247
628261341
66796872
601664565
7138129
9515487
458329634
778581435
802864612
292665594
493018088
958050337
938910833
611293217
116815035
948412320
406643346
975295053
650479732
860236727
936542493
85821022
545963339
96488536
782387690
680765562
210444595
866826288
980767111
91198506
915712314
764097914
28612886
126707480
36371824
775817427
488526733
627270736
41294894
5195044
864731056
697361758
481763853
51674259
318756562
688298353
97636733
900473766
28767014
690721609
948985585
69461423
655346747
407957711
517243166
578085224
82298002
970308334
819276873
326372565
799070891
591503344
797814322
711666106
376953278
728920173
929437450
812203353
574921392
340997607
459885586
779372608
934000159
645284688
995505670
239180735
604057168
494289080
777731973
94089337
583128829
309970828
838059274
290045502
142212919
846250890
108751166
620655173
609464313
458286599
693519425
518218398
807993861
714922327
206124151
273227711
899547434
770097746
674720979
589836388
758860901
285433379
325552373
687769406
230836022
169612976
135461263
10062059
412452040
278062431
974028055
588008920
192576361
725187536
743243735
489100063
753444069
507768820
569453186
530702387
620169006
308782276
202739040
116634793
647478181
941667187
971378745
219077831
439160536
722277958
339633299
833959421
819568099
187895585
335228435
297695449
984418453
150289867
59209479
972599942
710789627
98689107
208203132
331401881
484258542
105510504
325642037
82806325
971678590
717024087
519783641
391778614
200644559
144018592
969667380
450078624
82694339
208917579
40291225
289168834
198234229
916383430
570901522
690174081
938429131
140068634
768440819
4680776
389959101
445548285
504681608
603154202
448559340
596853243
819912759
521479899
100579144
871337157
632376250
541967676
616025150
888572420
247399240
722136447
202494316
947854683
633314861
675549507
218228204
885149809
215001110
775500873
109998641
770040644
774365712
794406195
527787584
518029049
392972749
344189908
337069683
320961260
692847223
526130304
212342478
916629438
943219273
603791315
324105832
448187480
349499480
211357180
576541328
498323547
673143682
309661808
668984190
848765073
487679765
990574446
506753771
92891312
786452570
504809290
230547175
729180734
493155560
678518694
822487529
25506563
993692314
582550093
478364408
288186341
204897993
295063889
195725197
721268935
509793969
285864877
4635410
29523546
351443675
770040722
535650329
3643930
198959544
611675093
96896962
464703904
125422005
679022509
30349284
402398302
837436135
244178371
534508689
188037932
295583129
483161743
423473878
264700578
781303784
298599268
454495164
766949385
732992771
288354987
293425554
378079793
113936610
947715253
338971104
201814887
985939036
477230225
741447635
16411848
969158960
226903244
530221189
881480466
581621732
357783625
900084557
314669804
552200809
75966106
450750205
960719620
760555199
7687265
425685805
26632225
862390998
739934830
248219760
52844407
315545557
768700942
270651158
910604556
318249538
718817167
350767293
177706750
340051405
828534395
416459264
360205909
502730734
518096840
218878970
68679884
952940552
541993410
683078845
423520158
398514709
139825359
214748576
657026664
837604780
332705932
617524592
106249345
522029448
312338878
339423888
246004205
229010464
688603228
700866289
200458017
956252085
619616632
563230927
862804563
7016332
722377807
974618398
723666412
659506840
90544295
457988885
242458358
788808293
357005921
73691671
320397587
56855984
824699601
654329697
175720197
553952366
613624492
72999775
985543604
101292575
244517947
655677300
27712526
489110506
170455059
131195445
814127505
817230550
18420953
112427798
333323920
978762482
820274281
416503826
676136900
165206960
491082162
997519823
747060485
874717046
375066234
317441051
165023526
238647207
19026301
189148220
404310862
34273530
525146091
646505649
342627593
546616856
577687322
761511988
762498383
66700506
946905871
234555906
489051780
959348848
643861379
425227807
770387339
244578123
740367749
341635104
236581702
408195774
978192795
10513237
62870204
616104667
325939289
110826558
726226340
927076894
490653774
789065318
470084205
981306837
726884582
779853974
292084458
371915302
769800203
786707063
401075159
58762293
654005441
609436393
218301087
256526256
508468042
787711635
230855666
949838425
547053710
920445402
498279456
677391196
952566517
996115086
56080733
514632853
583635445
726522924
220677566
466860763
35285647
835421488
576046731
157840553
764471699
507744942
232464266
864007403
133143349
398472037
474777918
953660685
940559943
177819409
754190332
368756402
792212149
806343947
107636624
538227653
879970890
776387913
380023184
570208371
290785862
792693008
28740320
730769494
723773241
777451603
788279856
43277279
566029497
934214394
23476645
818583952
33389661
60460534
492054555
723100
555247368
366848262
816695076
148581673
445667483
544618770
736831252
774747107
241924754
687324330
722420703
777291497
618886299
682449912
586889872
258897733
455398304
5838360
867054689
971778690
479004621
501694771
140234162
355691744
610192180
431500639
387631187
6345548
154342763
935606379
335366740
731751614
314289391
106913524
982980283
513122627
959692836
231441510
124540887
746167091
55861756
253993212
488844740
36448910
55030900
10988358
424390978
883579583
347324522
764578911
363185648
27551301
193405843
520275864
521718478
53552597
226614100
461003332
538389492
14166844
156987582
730485703
620404343
306318374
351957589
990669087
463002105
511972775
699469627
73767244
299204896
223956793
881297471
120887598
915916934
225011409
12850030
103785251
300660844
599203821
7109660
504051603
659021024
389763851
572420730
307815438
538345771
794013525
585195044
929427686
286508526
498689504
693052017
110374043
589179509
325376051
633588867
182526366
684491320
64361811
547986251
912418202
184109956
273557277
465374015
139228854
146253829
72518245
604358929
296707069
40702566
122828849
160342487
939185669
7057184
652935978
71464679
230640491
733897642
44142150
452323316
668988579
926777729
770041939
787258716
800515390
530904774
770923428
531708088
590540882
591422540
830323663
419293930
236299033
51217569
94691456
319941646
385463746
924389835
433191876
161561609
465827525
189654596
288487975
888725120
163679677
338347016
753866347
103316858
936243529
253911372
402948375
448628722
640349169
612038493
878997671
985640471
414068015
486298559
664858623
608324078
375330399
540810155
13818046
705284527
210378901
703534918
924043453
887968100
912365726
332994331
686000931
306250654
300705766
882580540
986495790
479333982
638289754
881316818
623579039
462168374
777038426
667606569
595464557
336629510
188474165
381694940
778944759
624260538
172219896
109050983
905873630
899165186
259531212
824867796
786231208
925017368
175836549
583203446
678346218
460144757
414303561
865898245
190951131
603249198
567910439
96697720
147922956
757768628
625542702
399663689
347350717
532751195
862719519
202690248
831285651
707723829
945345597
677188534
516810362
828683960
924590157
299782914
715748203
803314742
427120700
786835744
46719442
475837968
96349331
61478421
303497432
55086307
202970600
163434281
47864813
911140179
476655438
992215358
768719069
91776444
233771983
21176131
998717835
772556206
761700265
373122434
36445666
56840964
993582143
78507379
979671770
498648014
66393084
849662256
535554599
114520646
150150042
387636387
176128498
781074694
49978278
672084986
661419296
564064281
96166256
292264409
329780595
699285238
154825434
920145470
231068391
953130238
908469464
425033917
594911976
903414026
301065078
943191996
41614477
53998265
750390077
989878476
482255824
17841952
81806649
804849417
988693222
353308342
627879681
933344165
760990137
89019050
816086859
987644373
41798165
561686996
359756833
434653554
676389949
469435855
43341839
337160427
902015528
73436673
847438986
26541532
590178548
641359165
254750280
632140571
813455567
206958045
346021910
122130232
30684617
60099801
189829162
643577344
482257631
291316838
303571186
976472251
71405556
221481268
159155333
142049340
137043378
920825089
383235751
33224980
543657192
866411522
266802046
572178620
10656426
413229650
87862947
408819150
