866425334
315178188
212983084
935029723
597971932
773743493
809257284
237678412
974662933
402414564
150989578
499592497
670657111
58125919
276108398
645376347
557194437
453608853
220146769
263264092
440221517
177341555
276604095
971279844
74900153
482731970
777890994
645656889
537499680
16252029
447592671
810902123
177115478
858363208
292400204
222067602
938804297
992952928
566166885
568659921
185266264
978908993
593914720
421922408
920040397
159742416
266707566
341841014
419682498
997243229
708279797
442509268
493368202
987142712
923559342
689083779
38574092
241703239
860129569
115239961
995852497
163600394
700178730
958410903
954821892
340087454
322477018
812293901
765725713
54040796
706572048
564241507
887441966
651486846
77997827
461312522
583426833
854681686
51239446
915157736
216024403
436049979
225974391
540256450
307972230
5083403
317533920
189972765
934803865
603316424
183493510
697101058
132823359
450926923
572807422
21665870
278730262
635503816
467100515
579952943
837265396
454413664
576115300
365641702
290671180
144038290
555067300
841881354
909144885
462246819
105656946
183892405
190463793
944971832
899215557
559802518
937626002
159922280
650438672
949738488
22553533
132504253
877490034
162409288
870547284
9470990
431418148
436515042
78679423
56331957
182582260
947923016
387581171
471286501
77892339
761610738
859934677
860332687
249585269
163933940
450016102
475652564
280827878
472557046
497659478
999601104
506637264
187851525
551711365
13004904
84039866
118807982
985065142
517362025
557399410
704761143
576923628
413706011
495094416
281200190
712620140
118552257
763201931
852812928
279664559
157733928
796311232
719177290
867079493
137604819
699867839
77293314
910337009
486504732
499722386
546900967
851676373
404932988
664749809
870946179
502833724
243566622
884803676
65674519
972292089
63774277
962857873
870219144
913887090
373131194
184687109
446228665
365238270
968385078
451313799
331463844
712450632
428014949
192892487
339925549
203289871
787459972
320772031
414106545
313137064
6746551
208470972
498560409
17639639
10498443
853084768
171990640
748956201
624148236
778366464
469053517
233748580
697527411
880520837
215890281
194876054
926092087
805290199
493948298
952917708
253639173
712055043
941951930
35190933
168258542
834450333
423661424
212040500
324824259
667656308
715373750
922794590
470697130
752537454
965545537
855303304
464297463
852579505
903388646
520046425
12696469
697272463
741090033
190018613
982260280
97715264
14923220
547494110
977002204
145049495
277197783
982169771
826823732
461188835
59497890
294691507
266519041
463369476
849381096
176048108
429423344
959950138
424131942
956491927
62992713
546258926
763051448
944989956
914975299
360586976
730578590
73512582
901901551
973901872
940221239
556366709
970965009
751933316
52930652
70543277
819527112
876167312
235038294
179774764
390458524
733203977
95970857
9508294
693039563
670854029
588784263
927987
3198408
727340538
90623080
52746329
273140521
784598105
127025899
436001353
334663814
69933263
632518810
616415228
414470903
203685201
80268220
852921859
520967595
503131180
323726497
514585723
410438824
778837818
356520995
553256031
724911843
244357177
566033402
329788734
450288068
753543153
251950393
244121269
771802712
729650603
70314173
174561013
883278791
887474910
283226188
186366903
624907416
616929297
735879462
749593849
243648501
618623065
765303859
186773323
652935757
243048997
488540698
189908383
347127532
74198539
590489161
224360589
370819542
537367048
327834484
28783343
218564703
797237163
985713283
581120660
817982868
388397540
844612515
684820299
133371028
905707205
969643067
633492683
219904992
137359593
889678306
793509525
42958355
606927144
309607529
106288778
479053317
379260078
676852976
207239071
265002454
62042009
896993736
697604172
139161441
845953582
803741470
345911742
559640425
254442844
967802199
827670251
631216012
154758802
931610979
855250960
774010549
80483559
53402295
747228551
273405929
855048014
970003390
209767938
184520231
796979635
181402233
763892396
227759519
221545705
549730024
839304623
120384187
778474212
316118205
755940858
491403803
147008342
545658858
287417444
101965735
623731324
73852257
965462146
169557392
62008054
162293513
888199552
675316164
454356568
332278228
398569757
325857782
929624423
933833140
409954439
92038618
687225797
513083941
342181805
664551348
39849073
118152223
338094719
704712818
128497576
707286063
852741798
838640595
175670120
363847156
627002207
534824700
765984850
645262816
649674604
781195756
4541243
40210546
122512177
634686121
293202679
88576232
773402949
889267476
151160267
513446841
190759763
844641070
906163765
663902239
804178005
633924400
203477052
622866095
62116662
505579100
735757536
260749327
41059816
354721990
309551713
49558957
499646043
90509411
705276019
863745055
559872931
284361606
284158536
628758681
87497374
647015250
390571763
707495682
371348668
951272839
344749273
448827242
553552551
615050734
516526300
8100728
932476828
511767879
559669150
993077806
331347647
143118754
583146154
144095504
45438219
743791915
999150729
767790185
325134408
243643722
588930187
682893538
183991456
287415210
953573908
906398155
560482534
277405083
576404865
157162754
243352636
495981369
251517426
110843821
160829827
286930294
707196774
426009081
838195689
301450985
117082127
987878162
530840259
712198212
532397407
416754176
701215451
140063032
583320461
343705458
647864520
622781577
382361274
127704946
362342651
661855733
264835785
266137340
661476824
610128143
447618192
655071744
935363013
402506396
749725170
835366277
891601327
472302333
983265676
758507924
36595140
573141648
929594495
23683423
126561594
601052024
152053278
471793242
755017802
536819731
205182704
420419501
694084621
232699406
509298232
620571057
113620095
123812480
748501168
498974092
22094509
441059434
764532255
228067545
853832791
462010381
52515149
128333863
962473041
697031129
525152848
228913118
156797355
824812536
307110317
74722872
693187080
358677850
1143351
761290626
509802454
793042541
511119537
124657092
404945438
27198690
960987122
702663607
893208162
129154112
721746182
767788847
723801163
484291583
736413415
595535705
808609391
701526950
169850630
664551211
548536874
23719415
509320200
57986672
11666883
976269585
263622146
869272083
925589087
434575360
927383976
754942243
122669128
987210540
989171636
229051966
929939896
639875162
823122105
826634100
501023258
349851541
235125699
833318929
975284946
757364000
505111953
672505770
88399121
711574611
266113479
991660129
188827220
336592139
212753751
486083039
283722341
453132864
112990208
428675852
763576543
91715039
777074518
458632802
201770134
966803937
645119718
736590621
495119945
507361448
665595807
168734228
878404843
343216528
163527953
198685333
788593715
676001269
82701725
254302882
471157632
591116374
780872962
214014476
168461880
935723846
566115023
786076988
774456789
503088597
945329624
476807031
526884954
394446253
63057557
409308219
572777021
776492895
631548795
8481008
112244281
768521330
177385825
581037671
45978804
97379251
113255285
845610690
173064185
14068417
697489323
607721070
370431138
858687325
957518219
172460168
310842076
563060042
290170922
266046287
400688914
859042728
962133831
992031347
562031823
188788775
641849273
483958590
280158971
754219733
625908311
12100819
44452474
74220717
142058600
702636300
413730549
199835290
168035671
71082628
822468560
720504331
613012802
760388371
805599273
337608553
106375893
668197627
436928032
890597387
98466142
9716979
486321972
365502507
607792093
253201552
806387498
185354476
19005848
857190027
455529976
629296694
565451718
418844451
388160105
685388503
563268596
296210421
716628724
254881919
758729618
111006786
395024370
219088293
443577725
680184581
246029925
201745459
186432074
224423270
82412882
973651644
47030557
389561583
655753590
616191331
525778845
678949965
466428623
888857047
896248800
228376072
180829441
310845643
615552650
193171866
155052613
194168351
372228266
120210769
774339955
810165471
951568901
182046113
131867768
987459355
614692608
267233678
921924781
927607510
7171626
604642038
998922401
794582577
774777145
481878331
582266136
175890135
763090860
771968773
159609658
884318629
829781796
827771676
358633117
530353545
930177343
84178726
603535642
250405859
525131968
51861574
829517192
66221304
450083313
272247409
22082742
864984443
257693814
668294233
1498722
258545166
757025183
538821111
881685421
291606761
229453670
386246863
536068497
133674319
610905729
979162477
431077490
600259491
960601110
890021325
980383673
123797225
823412994
601514221
57282012
530513881
663698035
671518921
402475542
955310050
775124845
932701096
344499264
502529735
459795588
717281691
918196319
94796626
770470050
901064490
127293446
290960685
946086253
67026355
300899875
543930480
548110228
469861322
639500128
545969489
620784083
229257700
105620193
560061987
291863735
898285516
41571448
656179592
611012220
470984840
594847129
85506261
136345568
926375369
516481915
296752572
41747598
33538761
673878730
893624036
60966158
336280863
829789440
59536620
762727879
689422988
177710970
756386639
300614346
513351530
982403652
193836713
32018793
856506051
334525967
545867144
827080903
784437276
210666000
561510071
675710243
262016726
483784404
299485210
306217360
41787184
154615116
19710884
550544439
4147303
502182881
514571466
795982590
745876091
485003331
284503219
399468259
46083573
797334107
602440745
720574545
285184808
355565246
97660690
488581186
401010416
53487468
279839516
591849401
970614770
469671667
257310321
822872760
112368659
217913793
798949430
852496457
530304230
753319258
720940694
534807872
158000086
205842200
296467042
11168649
467832186
397854121
286142701
371502720
50022748
146398885
780997330
987103167
608225253
840935525
390525434
906451479
386123714
810904022
905206943
988299714
874775599
427861481
579929667
534475634
244872559
