558844881
820816415
745190148
798421844
265364681
126456251
13406816
297913473
521877952
489907152
647726174
142096024
189027646
217162858
547029941
499823910
551237381
713258594
457152288
685125542
123364466
157702228
119489201
855237498
778171404
777092401
339894217
654604719
641085919
176383011
949190789
28440431
305877968
295231860
26051288
593860623
273945262
426646977
747121330
981215443
885302190
815006933
302874909
945760333
180452975
837034466
147175468
191551647
158634961
446806394
78467489
409786399
207072129
542046700
553434299
401142653
701327214
889952649
20250440
488272279
786562033
358802096
656827553
345494940
540716362
619285743
836218054
893795784
191111569
953169316
225878648
124590403
966137263
475936843
799823351
308357531
854827318
173728866
674784522
941136936
629916933
148342569
495969757
194279524
97915521
539404389
821368300
763831267
741797559
624908634
892533408
383992611
406396537
258849051
194653410
526500094
158179379
957379967
405043971
561167231
816412
253379682
440078
205465644
220927745
953877084
443649135
731135285
742223348
245076768
546315333
527598347
215168126
79113502
858355345
638219463
862832337
462548028
247579418
1311972
797917441
72386787
151998224
566202934
60635908
841886035
718193864
707288212
281283432
273323256
150178151
897447349
768684894
113617291
940320524
376537250
147902490
290504113
973351777
144038435
95755254
90233015
21607918
496720791
78593300
364935060
168824484
327283035
400493704
556433946
663667755
695631350
709800548
403731998
763249788
928429624
101381458
434237142
144829735
379041709
235683219
736360922
449851852
468900091
94898616
648867983
758913451
101550835
138792977
481818095
490316972
572328224
489196249
103540982
905556717
707684425
50778868
655277432
487609634
695700847
673061550
390910829
306794507
724849485
609655500
454546800
187646801
364952895
350367501
11890900
275155791
713665347
145674378
594310068
908355215
359394331
640381162
552707825
401822174
429725316
606021607
67273649
188490058
918675608
66116973
91339531
206435100
606259565
498175280
55565363
877650755
446104025
946627507
449128886
705980157
844772389
429566414
725002366
859244590
640351815
461221181
393960556
751183333
126902076
206662303
776651624
426653845
894886180
195185766
546162386
67303263
498071041
253455257
57884318
89679239
605787901
202420771
388118897
658732512
518315968
248111700
581387235
866777614
294802137
134240143
829051765
767037838
696545490
888329910
63582825
929827915
915378794
693463234
761470358
968504133
212061051
316090314
61587981
712013305
289465347
664685685
311548918
411073798
952012893
988262098
379579713
192648767
888743189
359449647
100192256
642351617
41447517
66269854
340928622
392240114
879833945
527182941
456381195
992661931
377610536
9613785
730108353
6556270
131602941
616334469
151924467
804607806
491984897
89380183
877618186
289697586
140832790
676105590
369267164
853630281
936562780
170313436
914764719
306540038
754660429
636402997
878294648
337095842
788137653
421231207
888380398
849108940
352534611
369230243
88670188
684878109
859709118
68926048
334402769
279851561
934577330
304992648
279470857
335678423
836337631
574971906
700663868
799363005
481831460
810494668
501518827
365341925
697002688
487298339
455677333
709520509
612418220
149841157
238001502
741207537
131319136
393012510
218418615
710371732
727954070
302815525
452073194
122754654
709995
192740077
429988466
71906741
341702821
89415602
919052950
631570132
890842577
579086296
470202406
179688522
935739127
78931643
855264381
977642984
919712378
523038472
152106252
865236271
913552909
379149677
72459889
709867961
830924544
593195230
148532425
541564819
86574033
569099123
607724351
533522105
122898712
577909214
798653009
289091382
380506201
429612085
23639104
607587085
568245387
824107199
818677930
33331923
679638750
58312980
805468408
52387493
537748127
240775630
790659353
204915598
150709273
586836921
209201743
621560316
120280187
720120504
240982196
748507590
940883176
377488130
544996098
321743454
971361943
936680299
56789810
357829913
280278632
566172999
597136782
490100292
499399367
544519165
296990883
89445709
560471746
39127965
30229211
772611564
787726820
96144932
3816691
845798402
778439769
402808753
382812832
536061789
368707470
177092693
168811195
660385696
188629889
275131513
666703908
190757256
279111101
496934476
61969979
742958449
1523170
447638495
772108859
971575127
643638847
300559060
705516229
606190106
289846037
119756034
61088569
81152221
689891293
468370631
960780768
844738244
373671439
699197695
543303683
568553189
553867467
520728019
989122441
103185939
397361803
936751084
301470402
224267854
877815256
106233627
810334607
63537270
977157985
287270760
771088393
340088324
324036071
32241562
202159555
477880709
697292523
776622724
246215751
248951436
116004123
87658973
970494402
720259257
314350743
821965663
817085816
579913404
953630791
493416788
189090981
480795149
458516053
668922920
574213324
706887761
999088656
481248374
728374849
183612410
309421425
997551298
103994234
402620532
697282236
620692443
520702172
341429876
497038140
65422974
871260665
777244741
274512267
740171004
987181814
309702829
966256681
581211144
909917110
55849593
289147809
230421203
109906478
483741197
98179778
290293244
881572270
655113149
458028237
495271792
478792051
216044148
48247875
62603340
939530010
118452824
983664737
567873869
22977021
693658298
301263490
475655940
82875263
888207816
622156121
411846239
206282881
718345047
681741105
264510494
740631078
417877512
571331263
672525256
894464600
79000222
887644819
620253036
304440753
406988991
739120171
865589022
883401637
1766347
586630921
655216517
728996865
211908927
800640993
868728990
326038090
398382812
558234122
216258811
754586101
813491868
147545939
221698660
861585075
686333538
84010363
163227223
973372043
193517743
754640713
60914539
644712883
375722618
168138739
860529787
230808003
363411701
263433116
615988028
954538125
435674467
592254301
81108916
301576895
966939602
682849372
994373953
917704053
813012113
938472402
342248266
859643388
355072452
917939153
80972732
931454282
665946159
758667960
618107213
322978628
575892948
892216977
689883894
247125633
525716382
10503633
353274247
43770187
940111204
637920987
962626388
134949695
942246092
261720684
318911634
221237567
66437023
920121764
894645471
3484166
89636408
245523169
160359930
255045339
412392447
201271149
289640431
457783464
87166007
929075504
564861842
604743740
645325901
293009400
378645177
543457488
902370405
833983281
775860511
956435969
329575124
950603765
977592847
175091125
975846013
207298570
917397294
93351768
599027519
859735163
865017259
745824394
864022488
614623047
233342219
330369779
731857047
434838555
834733185
324445233
720863201
895490782
956604178
11035699
73059144
357882648
489623793
649236692
883075505
775454144
318867160
232453740
144261252
938209501
673909040
139032641
267930320
985268803
279199324
205093876
283873854
196288662
858755943
227430842
64058245
819037447
740721250
30702854
59667180
48275397
811600440
467531849
999250095
451415278
235572767
434084341
993999585
966557147
102031981
617963365
717674776
268160601
210276261
823573373
540868003
632563518
601563141
925812986
940714006
94309578
62439459
746588243
155639230
629639309
40571378
524574538
36734838
729173336
946977453
254021696
617161396
458920939
589569512
834800108
963853703
851335309
233203644
692845973
702636733
239824698
145033054
301373171
883236822
661235958
487419098
15713252
986012400
35182570
686562838
431494726
217474305
814908263
89988846
965357601
985835937
65012196
311892619
369610786
410843899
710998227
397349503
264826249
19579694
848010283
801969
258753837
678591088
375476151
859719669
689532692
399359874
908717166
223176252
700889307
949276522
761066286
863351420
494403271
142220210
24858126
538562137
1552268
42610497
515482727
36547390
802253131
368932092
624211910
848964170
898841506
539442690
863592857
282002074
991638505
842475194
880206804
281793476
35226538
660433989
228665261
337122162
610536248
175462899
997030145
32134851
308757138
591732011
389099538
16081078
224769650
201660775
817489346
227390576
385985772
172436090
395797234
222215751
504096966
811462892
198548836
889821744
54379178
526511980
960878162
150090001
535767016
626715092
231537746
858414112
69069717
479272810
828124881
833969281
913554947
687735963
928025887
826089367
45580351
483347875
727790251
210521119
979832553
608130831
624194519
697180730
721953342
636202281
896016301
819202415
446677959
657991052
777696509
223763645
461885152
338843516
282742984
84024267
214584736
846940143
496367834
682042045
360194265
530685424
947011359
745496839
373535893
983520064
313835627
698249808
244410201
569707865
176635400
20749091
83672641
988027715
909989189
446248345
902317460
263697431
428136657
899564734
730698790
412335329
411736152
411078664
701576299
604361236
372084128
574711431
404992978
844001620
611504631
198640206
986980039
45748206
850326853
449147128
661119470
878697679
323644836
738433276
322366653
197766492
574792213
876970092
481355651
756947418
140091003
473857435
428854325
836494637
181706806
950887303
418803486
596803099
951343254
947858934
118949272
535932695
43920539
769174656
611435935
739124194
293256829
400408580
958203233
977995193
33769050
37924434
137700862
460842061
785128874
23619780
940052594
689703379
577198080
532932297
837543115
534766058
929723012
944628880
464270232
898226692
145857105
568498340
662294813
660617326
779836718
390176940
94404951
902467918
330197855
125186775
834777139
554470179
126997340
583242457
904509662
174383633
918766858
503360456
723178367
102166568
336156572
968012263
51365763
158087025
10834709
729100105
19605019
418410957
110315819
584183212
606209681
99291658
304904423
713209242
593267088
724758488
738113765
297585907
198158474
643592109
943519482
235232942
130644205
659942099
188842640
