351598649
35948609
161155519
562329739
123112427
201383327
308799420
731582657
89310737
448355208
328159844
291722037
387466615
365908221
808757172
404298275
799033705
327037362
732496009
558938834
13041051
716918951
651126186
572812813
827522385
654884453
253713447
824266149
504526961
952569315
906616326
811140366
865278845
616578072
608255527
302531779
151235866
761746419
706375847
355784558
170027671
405928374
995644852
204979841
595693368
594659363
467684786
192305222
466489954
957828711
956883771
380323573
98573511
342441207
119070615
634679697
384822422
588342704
734807352
468227973
947669878
484533270
227055695
136741420
541738880
517019476
426443191
770888541
757652693
506225393
253062409
37287286
620661514
376711450
388911162
607112676
721274097
446146344
977119444
232863021
187199666
61408225
357776195
546698249
995685543
526292753
712566855
522837638
497507457
973575829
917709355
562893160
26939066
238147873
408114679
685494400
178872678
858903431
663240959
78673891
168216172
696796244
434652528
960264559
704766301
919596484
759662057
721862059
953530043
511957938
913405598
938676076
611223259
501944330
281028307
886261653
126757075
680357445
141055876
15446127
804452620
903605552
273381084
784076862
588516036
690169247
10348219
382513641
968596770
703416761
428239997
862370665
782905384
898445553
64646849
490403421
626755695
397511634
841931946
76089058
766630694
990704794
569307593
985549517
60170231
979033278
951669899
524994734
957119564
521853025
558737325
498515232
717847555
647794831
274221269
264610618
423415160
650575664
371748523
14597054
909248264
377148416
753265288
250113282
83717941
51034932
155770691
712777705
437297480
790624884
259505957
729245439
838425497
64966817
248815431
813747824
334297958
287831565
723906631
609482757
738499347
485353484
425394075
446743745
144679435
929724763
144523109
135110553
624224283
800036230
66988261
976180029
25763111
827334892
166840792
389482278
237439506
319194311
901831576
9135298
823262586
238892194
87697253
166494680
262347068
829491884
660089734
652880737
398979400
460473444
930312659
135583594
926669032
762265764
276097705
423894780
951754340
306521543
105433846
153993176
906511822
20660138
88553422
637261249
723636623
283325926
703482328
11090605
898126024
859333152
576308318
15103647
385999987
714771332
786220169
499607152
397656230
258899395
184396677
315187549
269635029
491642371
736131152
163750839
869723570
931404665
49510997
263497345
551237186
742946010
437727936
930917962
213760464
747838399
102623475
802602448
150338772
450436003
442858055
979021140
126009556
648999129
754754712
539646246
884165124
915209012
749583606
211897699
976045594
776490551
26238550
692854945
122124866
790246296
884358146
414869451
284528985
924802581
767537678
792231957
233814929
439984983
459853417
155180013
421605215
645390354
801343181
638161586
612147857
983617720
349268380
947220225
816041338
205375535
189177993
620635899
736887657
196484905
279585713
954514556
181821059
837613296
287451750
774746633
716707459
744872990
808793096
423514167
863480252
687754022
518073463
225536189
682898323
650626097
745206211
686024572
189145711
599574698
118041030
238774770
113865830
111422019
599749841
992427872
427222171
79018324
876813605
916749329
601068303
263722246
677981792
88044079
645216868
813023120
610410897
396201631
152533232
685106782
438472552
676732224
836597257
377829013
774681333
924393833
465544256
123732191
264321902
165415241
460169322
503153419
431490187
137312958
78443874
40810943
840648726
70399039
237863454
295023876
347524462
637689135
868059384
892043765
822445863
599758005
9772230
430029384
580319320
869875201
40215199
349004579
533491339
504038927
161102145
441308805
402177511
736036816
336740685
675356006
526883616
303489979
814696420
711398364
456580007
97914883
832232058
540668833
9600204
604405925
972374393
540011857
158338176
857509355
337582320
800783416
808672838
944553490
555383149
174923327
914621603
35514872
543412870
394446699
125200041
111164742
969662079
927451258
976210812
637135067
638633430
104611909
733658353
562507447
768140259
44034482
822992713
156661020
435463758
724530980
767525946
469103395
420429179
975913393
897500807
500203340
190666403
675981983
166456607
360318728
632635966
457624020
180653666
161817358
760734402
491368743
760077108
420249721
586198322
345415264
128252803
904780798
564458020
372465136
965772494
867762483
806353503
595830728
89369095
293547837
977790701
652011818
509089732
830852168
407397379
445518207
615085692
567499475
496945890
624996699
920498338
293680095
760994651
615892083
4499101
181009409
923958241
571840995
801773043
276771515
283957373
402742991
570462696
90048493
596278176
862745147
904645374
47964042
10140899
29738323
693849836
594835673
586612887
872908769
382528025
980624146
948534287
349801497
754419977
315216195
876283050
192577632
923303829
961201622
424916925
834572706
143786146
948565936
367966034
784763084
943804240
234512508
794057684
812597579
9590463
575047709
81549122
419041238
234573991
544652230
540872832
567121649
557358576
467207567
931146861
325662665
707067206
888085881
233364057
23874954
232475121
574156744
817421016
486556848
400488463
91379741
479439160
609261073
665131567
761705468
718959000
956079436
679998007
225377814
85934082
459337328
800777987
774015307
863318305
807480315
899075023
529493048
115227506
209767747
774343361
309161401
635219055
456096262
30054760
99254259
127505500
255700264
715201878
344091080
552287962
369647496
417091490
307500836
412109115
918210721
95608548
472288048
753909669
472868521
825693228
584793394
887123641
331980761
381273485
471809533
524884676
933051898
24767575
425883741
124799929
702982072
458929237
607653269
712213485
91327062
456160684
23342898
579206313
565877307
634199968
463258736
240877558
335906926
673089850
716286584
42245837
493277151
361906192
945107582
711871766
426786975
775583377
642358983
384074517
189549967
422037759
303238293
74822777
558245225
574369582
194453601
230932688
289318137
219291150
849305889
910718257
809438220
595287349
320782052
462050036
72265650
893081733
188032362
838668551
362434492
343915836
551216714
658890910
664986899
429563696
31607525
571145706
79659991
714011973
698012952
927398693
816570252
223578751
522663518
669289302
152922391
948520119
20961087
991507724
439746367
232326047
951559420
116615775
823783960
805568325
232807615
897989800
41124139
483057546
639606115
533705240
587551015
803690431
21640025
845634129
870821043
644347382
409835877
128681529
542762056
623307894
151272696
575306162
521278197
921907194
94148005
585859468
72623831
651492748
309127645
123745530
872120646
196524636
398922184
130108444
392356415
434600938
835106948
859418573
196756080
133617723
530021566
596602444
74405857
164307712
339847678
12879821
201938726
677029387
798468257
508575007
538684242
892279557
448745668
816438472
81053351
376253257
595337577
901876765
711420320
646948145
825365969
389631389
173929900
515860585
661584593
391026379
404768246
891531579
453277714
436220105
809240432
550417302
931925447
409144332
93286327
554670251
500900304
356970485
582059516
81268183
383920741
395594442
853024490
800552636
585061287
979841087
747778967
582483710
49055093
16103157
839263359
933230182
147998253
549807933
308251753
140390177
422672543
558545271
502723117
948821297
608111573
310407146
223751672
362248152
699334574
988266938
960354108
39601335
723152144
526383098
875352952
238367092
319817249
630152136
263027403
429771526
536606898
373377263
930799297
681743504
643247411
822284535
842476486
437174557
596956744
876010249
402419049
382117513
100892579
952896149
131997707
942355032
854247366
633238217
473156609
73513595
171842769
490776337
101218062
596794347
19486979
708177631
859331564
522671993
140750204
600896266
613412933
517846116
286780529
878480225
603783277
49295280
627745972
820979611
305573886
785827037
467930658
786577114
765291406
823324323
585847888
578236594
938708754
770255994
394385391
932997918
384119725
686579030
156995526
189513808
257928757
45830560
272159200
334004949
662256525
935069778
962952969
319804492
296424353
996060477
262597316
884572932
95336983
222412353
349112871
82702426
314609059
33267754
327664330
687329570
605582935
385265654
725484930
277893738
10946459
441250383
769468876
89075570
128286601
207752284
216776541
926833901
360850589
97266721
620551468
557952717
777136078
293741023
158723086
370504107
822874067
148126166
490152761
769230928
560727006
701274955
482899611
716296401
421143123
311682964
618388858
350851970
358914699
469665955
583930871
872663102
320345628
994265461
323058490
221006142
165600902
873877398
191517890
88672068
779283935
335763414
523722343
998070260
601860884
791160152
305566347
20868036
874544667
957160222
864455502
457456769
895112892
956254001
717166730
309671502
958350771
53172474
667932446
816603635
589363424
865924570
567919201
891184633
513335849
747888364
237607088
782870615
970682531
937716943
204903204
948996667
956608274
401480692
989946992
224963592
177552611
484829349
114435517
629982969
6116617
597520821
476307302
401754475
605210451
126474101
977550208
364091626
277098730
13386987
262655370
112428427
205944952
374914253
499308643
913359364
767844211
632537709
484734411
853972518
553553064
522695730
50185504
936827722
752257017
915458833
500848494
493632199
966307008
492203138
132118890
473521421
938736956
37949476
810487017
991842601
389617267
166164725
285974181
386861748
770338154
873515461
505771884
957295543
675061572
92474777
743051715
581694020
902172048
76587628
457119379
545014901
94938
260462997
76429905
483420886
547335317
539479578
649497456
689751616
625625606
483918009
397784617
784895591
881268095
789133947
173691470
167995475
564427234
507466040
523742096
601679485
346563527
97872662
83634363
680037601
16923845
92889959
261766149
659782240
172407118
919154472
591460150
889719380
35083758
587103988
473426483
