901259622
226423362
285707415
493236445
639744257
288914022
585518771
887471778
119792700
240645550
714000143
399289364
362572890
562675822
482767764
827685218
939070280
800287148
374606414
513429215
694966459
342143427
758082349
357733406
534260214
220462872
17954913
297344666
623155301
356032073
358462007
155881745
263347952
544646956
73687605
969202868
400777144
751180361
107267616
86855204
403352801
461708337
333843238
53739068
392312817
675511981
45626013
992368120
180103445
564961340
215333481
103105766
152908237
260149597
313877536
559116195
468341011
927974008
958976230
419281384
270959108
288174105
264316477
763760626
882183541
558118398
135941412
817925932
488988217
513564895
426908074
187889918
693019531
287751210
110076414
233258121
8300188
704343281
965420588
858748231
174836859
25586792
117241221
58193960
140698591
255356241
2973508
3198354
230769419
514571408
500861856
472803134
792204130
687986231
815896094
115178695
197391860
570082611
171555525
834194418
539570569
227700079
503379902
666538548
138053266
27443563
410086233
865157025
150073182
80619415
550816006
763997728
962553419
100227998
244444524
245372316
170932883
206122516
623062034
626827300
555144889
132743057
587156512
974416807
12703039
954104938
395685787
5033300
471855114
994897718
35866260
438217576
532787756
131226170
319177662
947136779
522206888
450702671
920140692
113255028
845270006
137816481
853125170
150150004
963755401
736864126
510249714
691976131
443541707
570523778
944245811
991269343
947020575
544728224
279049528
406827511
640543566
528963093
653835509
183948327
631757774
405052933
393301911
155175463
44753154
112598429
231209972
831327248
781050335
297307743
723165426
720230211
285981822
509807006
781557292
417328407
279617885
437006507
10661405
275838911
443855223
703709655
561491592
901331335
50651906
44596916
491196999
988059530
852176640
912350149
306593213
993243793
796867161
736192365
481497253
440217072
744514569
697949707
105396850
851156971
505654153
678922464
910925794
146233963
847358350
224015599
705287520
437213569
763170930
861721119
127209625
203537058
518301687
377996597
740093102
928048117
843561340
491970575
104523556
156237
621401429
243150440
979150607
868700184
990714529
729921632
923363049
549789455
28309753
341340219
672813837
581668177
331609657
159504433
770184757
764932758
792783860
415257628
53972985
826636306
339309395
53983429
224888600
990455519
785140524
103056154
474942106
418870563
996099262
553449134
596655731
252543994
593426150
105240613
229755542
262503712
699771856
42225609
155519432
117436718
300652549
155498064
408903816
421830710
188907282
545541446
871927400
358797254
607811839
975160343
135264257
428303711
437997590
277887249
660846840
567417999
18261840
988695086
83559660
887658375
254979526
504492485
553690192
474860618
744684487
420269843
988242026
226369044
929748889
507681044
65160901
750558250
259738196
936536265
525983756
183811331
645079612
803057888
801548237
239599077
231128753
116144851
811058722
20938919
418184876
168352019
814546403
315538900
444393771
662337542
244241872
711076769
958665947
267861055
862457191
796160063
601807871
934043197
677146222
768637437
557299419
645558355
429048364
100130794
909999441
384706006
168565515
501461323
751903492
477035509
922338386
215203950
187146848
843960582
656529621
138834674
693433761
532751273
56675741
576332468
605723439
672703125
781975271
267411347
263439172
354084131
791892301
991877139
74079074
729823691
582003459
711036413
125911666
32910799
682299656
585570396
687096485
710927927
110939477
33478870
999786503
313085079
563635407
967358260
739999155
29037921
523929920
114705365
611331433
723622516
102726301
69056597
877367455
100813753
162913998
884596292
863583083
161637016
836691621
555915309
592813703
176688374
427382248
22079800
895032049
211301972
89292284
154236049
161660925
70959225
451738187
982505832
421811796
23196871
576545964
292638359
109067718
814617009
527412191
234401251
830154210
677186936
380545706
350456557
627097390
512946861
833668957
25097912
869996800
797703363
721987312
525459469
874236305
555024166
440665165
823098128
885702830
541555606
72326211
528697183
939745635
369693870
953044439
540372207
271884328
120220467
647244800
854170583
524267788
870275638
775528574
48966073
634224824
602290370
725761098
915626766
796142667
76925690
394982409
382085188
377633013
64194371
284239248
363957561
348971911
926278717
108269527
866787628
582531705
753447834
406935527
567512110
742290798
998715007
294655614
460460339
724142496
840173497
78572228
506876922
865702059
979498372
500830122
999721161
22174788
673021238
891234643
271945934
829263066
525038398
26955460
808777140
146573197
690241021
151064169
875551263
85454622
589086877
191400295
345605609
11950940
780457171
271638878
770819952
463340110
208016463
306675273
635509816
307634756
265300758
191484270
955969169
998353460
888105486
516383128
398134639
563364247
284518086
341782772
675950672
35044074
836323591
37524561
57493306
726492374
598158386
420938913
52049776
847650837
419104349
375005716
135055618
648773201
732966618
494925982
85244887
707859494
730010169
536381050
814158324
366345965
255724826
964311177
563962307
333554128
70986290
810423678
258467709
173857893
752929528
312187015
800936535
247304105
515449622
310561535
175627347
742932609
214145571
44327578
865181722
787077548
254625496
787858977
888530405
890295041
56428651
307195967
265386842
393179503
431138240
690275144
833354077
748137034
527624447
309604707
779319246
872012413
473562252
723939177
655506083
787734707
162471203
878191882
94721308
106917333
574069180
887751512
133323578
422405082
319298634
342312277
493713922
685682590
671199326
27080775
111720468
467865847
75780771
673667265
277125476
763790321
545036835
865288204
742719651
62654384
478832937
52799500
719679656
205844915
531242287
303614932
269370356
490206393
388821493
77447015
624606344
376433613
693137669
781613071
316225861
168677138
173872389
842981758
73880869
88825962
196561221
147671487
76937707
500543671
197884238
311453399
796231641
799894986
446813700
891715761
242697871
297182997
135472231
32066924
628084395
521269679
168071855
927478661
891162794
15683701
72941921
3507528
296861097
593752311
402474430
735286854
774728177
294167698
357441404
108448338
589917932
702055076
791407335
653893688
866093161
331161449
975861792
219135984
7960677
219788888
507383289
469475369
43392693
497105731
834749142
327423346
240961382
661070744
153528676
794956180
605282
246393726
951818963
58197167
15884041
193053692
850810389
483185394
98069241
462597383
536725220
502063943
442453581
338365362
301797828
540642794
505775661
481578541
165973761
296922945
545407885
948935870
919517984
671373906
508300410
603466550
960114834
799755364
759003168
75051083
494325472
113657433
140639022
562485222
107843055
343524205
750236112
733210167
638009647
673039468
480351059
492676397
121066742
545363292
683063666
5319346
27021787
705027329
195307902
294106348
821647684
759382839
495096982
856605729
249548294
51669411
326875740
280445056
549896755
412417489
232938857
51055024
724182225
23018158
968271910
423067787
361424920
879968357
230522306
958273622
790406681
772565492
843568893
492934292
816571884
52731488
827869127
374154691
988310238
502981064
576444763
255087504
604447462
464896819
253403398
734942631
618560449
284033291
312936927
56173643
16648464
469791055
183313412
225592157
440100611
429296035
768494170
98048584
577091381
259995879
643894424
147053428
474505022
237034279
503699666
49082191
915813945
2162690
40033844
196816806
223800283
952721048
292134817
46915691
835972725
977851351
446607561
259285406
769614758
233329278
804507337
77391629
567031429
174348663
941625157
320615625
589252080
617976735
52833680
387275849
284237316
729820542
797063309
728314358
859086638
429391334
780582481
367413183
961197152
204321206
819128684
616397759
243999447
116120121
832373358
63927415
177656237
136397720
389619430
462249259
982688473
509208764
328433825
343762102
455488541
566502795
580021998
300156359
295409120
183084040
459830110
297837209
949329008
652757994
912579488
493979740
155657738
563820457
187829052
406581390
197268870
79194378
298088252
565293551
414200593
188109577
833392180
450911308
341975303
877697741
142959387
452854360
228357305
590584420
404587374
775028551
401386716
453301206
272825817
292583842
849369335
480426121
72004062
778113112
744491095
521291474
667068749
591241451
203540631
338393618
908269675
613835779
948568666
983038038
264980389
903494095
211120512
763140272
929561508
267378963
733110613
129110689
958181054
417711378
40124652
6975749
69479904
358744587
248170619
137550937
92593023
702356531
290994640
895245208
557212054
716842747
7190315
519975139
820802454
892909117
521040827
242150729
247370676
3581685
969428064
529123607
504285692
245319265
325604031
501093278
563908038
638246442
523739696
5446854
559473227
720258645
522245065
654292682
737988459
737515345
451811570
308324162
343070831
65989693
245800594
205913144
322841138
53323457
425825984
548137640
896303779
691145372
942337817
36652391
746338135
490959884
881740011
954599369
448283312
511001043
502690056
824160638
33140555
747077340
573642898
454346580
178616834
285547786
335771980
836953407
194597681
352897632
781986678
83287109
441097546
212716665
899079896
181380983
757781090
763514920
206282468
450962234
819493279
777466389
604789497
872762665
695908624
487087304
259108717
68513343
838518633
567645695
206009370
226987416
234825289
627650931
275183606
595993490
492346794
791454013
27296309
37293352
717551475
588872575
353539959
543406147
909158693
859050707
595554844
533621470
591879986
700359028
196818278
684768391
304718574
51727822
4667358
255674165
142287842
700880231
758437954
691529528
26439068
267258637
998434773
626951984
146888262
554999261
848461818
813446614
937533057
303086405
689034187
966327076
736218610
