785741850
622844453
154552187
586196859
586700699
713464811
48489604
567721207
145373619
546298656
938800496
462789410
24423407
722174194
4839248
921869596
214419225
854801102
407813259
94605095
718400790
623689881
198241662
484042491
431128958
592244580
270848582
820702810
827774593
839039817
982738021
975946889
357649253
391523230
862844429
901003885
964346572
277003660
479004686
202705524
895452485
512750046
746435916
708238716
208263102
842590430
625825578
632221480
19876513
652925597
598528647
995240535
370782592
679007148
741679230
162051969
424602791
670509694
155067901
994456118
442616228
227786792
739946613
306333801
563560634
962853606
105140156
632900176
859329763
103835361
957523023
937415563
375796415
205107734
199152608
205650743
877253963
490002944
275779389
588538527
966419000
638627101
800826297
174848996
240511169
987497485
605164296
678642103
649843998
700792460
476401094
293836877
121935759
484548567
760089295
667665693
772803432
440102115
144678081
245409495
737450274
992925401
772891715
916041150
695402572
661113082
619444119
165674858
479854540
536028486
284798004
934599845
394730304
566529372
28037118
803989125
426960493
565097617
65822631
576063148
357689309
426498051
983056176
158537303
627434265
663686145
815479803
891247847
445018437
531486914
432847310
437151848
345324863
30369894
851088251
973493598
865735385
884785145
479446422
579398086
368053365
439489438
198787563
113815511
415994455
541801247
899106572
555406385
456511448
956100169
240705199
207705815
374279484
568614932
887720184
310952222
9869224
614354411
288606884
31716426
845633277
728196270
720656419
948367624
103181176
847646155
589274982
364360410
715441119
54543518
938253738
542175346
85651194
486424543
208009782
918199870
227710488
869240664
742542847
85633018
764579572
260073418
434736398
488918267
290781714
225141495
62872363
776709929
142649709
540136029
963624373
251380973
596178261
447729995
733764807
639857093
718833018
250419937
10634335
568348298
952526264
534746162
839965264
401967929
17846430
698529852
122054620
887854939
360605149
969520313
83241733
140628559
871811563
202973866
267136853
585559859
293459872
231738151
657585910
878039679
784773792
812565051
221710700
175305090
90919144
686872765
945997084
637921197
752659734
568152687
199366852
977290550
858606328
174194548
133106752
229833409
420108152
32768468
471071837
592251861
103086874
175017422
416104779
173129395
456894295
822995814
379569409
393204394
180593142
148204948
346397221
487094866
592834025
132594654
783574505
139961212
313035461
664660174
311048785
330973664
752532766
484133421
135195204
792452461
770153461
105951182
282022229
697617014
69867114
37303443
165451707
260691403
760666312
65334049
774952805
609756369
396460272
48581305
718410793
267923329
307303355
552792689
457328055
604454786
221755465
712271984
384456524
726011673
390620042
993145539
916797947
755447976
721719682
140098173
839719093
618953452
39822217
623652317
402975932
350943113
540973584
681952393
323337280
143289698
982753239
85705818
726428553
527499976
357641848
173818136
743500939
264454155
946249380
43125456
23670308
199740076
26805365
530740417
570696995
57881476
721494657
556010554
306996972
76721573
120505494
410003729
538971719
620568139
225614955
155999353
569934151
772807953
645605371
367467679
726949744
625350961
229455409
314038357
621701545
136049647
985843430
856956547
368369825
216801906
249644600
652343792
809198595
678594226
116427865
639979016
592148086
509081799
52955322
345094456
629448455
984963028
374955420
246615706
22784203
572749510
546734097
105860413
301885021
201642495
603883983
970692984
618848782
578781700
316175711
398319345
970284666
712767007
909038870
434647348
72038045
864538108
187640729
90195066
827076972
468161701
600805132
860377492
504140273
585635937
563851265
60852351
719852631
300510915
738019223
741986714
250395540
982839701
291254153
48952035
589315548
879983016
555071525
166727329
612917921
278951614
33495009
230416895
362418514
718108518
669694349
879381077
600042928
618307973
273056410
764910345
797322299
284760354
419538733
554622500
971944376
686356603
601720139
716249082
637791228
543031632
250840353
318337866
840762475
574188995
147923804
987444963
421512854
860086835
845331798
192055028
309466583
20913399
477277143
548125358
434666692
370388237
497958977
786031754
915941587
684470187
460809422
101544657
27454505
973108876
944664414
965635185
563300968
736631651
77007657
902958943
278262877
838822442
528936100
69886289
28111260
715157141
389654418
788229518
570184713
682249384
457868222
739956091
772976174
81001382
455443762
776408900
807483209
871413374
119955808
601556139
188397625
815688383
800307494
953321040
82222209
149295695
290883361
867653598
629524580
182288618
424143995
684881202
783079178
942372853
913792150
470644139
491977297
407390854
520014097
719509549
980733818
709729458
215847040
233692202
226601964
720853329
328568482
946453121
517665114
168255513
158151975
691887592
616675843
475451517
714561318
462574492
38514947
575615059
987664078
878815563
424273779
522000819
158704937
387896095
258105389
772987019
956876912
830603319
167209231
984799621
284431602
400092355
351399277
400446257
620822319
478668166
599841343
566615292
726719075
361368879
820727212
344430238
349988483
461269066
24136642
732256401
68205358
307627660
227811535
451217657
432129192
916362237
419726774
641198532
295235770
458732999
551024521
827950943
975586812
453614943
763976416
497965161
779243890
532865491
883823910
758059619
340488315
216229585
854629196
235893152
862733148
471899654
848895982
626295199
58088351
79843541
172012335
697435869
363759453
525848986
704781660
649249251
602791784
715991572
552670429
368069363
980365580
710200743
105210487
162089320
927643643
771890398
591028478
273104131
597392461
322762050
565186347
817122990
577445155
266077022
391768085
851975772
452998463
991918382
588484508
960229536
67466254
793431573
583110180
215392229
286720663
853588650
464191490
449737825
748833281
114727164
895173376
63252318
980195061
515754547
777694037
630287571
111019098
692539875
308249507
90842749
880871174
575791851
28902737
735326299
514657193
354889343
119990714
97682430
134080901
852805887
196250787
610873401
127507063
592440891
300603108
186934006
127090562
889818257
875368656
74054992
307698908
141290652
524270848
482665297
427588673
501934028
836927928
61690608
488382983
761480513
740956673
760458587
683668874
497641759
79358362
491674402
764528835
847783879
700735034
931831318
733597936
366509059
315656924
896027393
918476375
284299975
935745253
387754170
215151438
590760030
503197008
221200840
817171218
234194514
783143840
739580521
51521002
546237439
307737626
12723164
517961414
58300106
609299446
372600386
111849214
435792199
927204525
629865303
513082529
808928705
422405170
279306682
189083222
943537336
340457055
941189847
825633727
628243454
564188920
143288697
566188774
449173757
846539168
897622951
258283505
519755833
943287367
449474360
714497917
339777839
440153399
218291396
540046252
688011870
413869904
675297830
757209612
943056536
784178178
482684176
357095448
305879949
874671640
406222732
168354860
223890325
32117618
873633881
893737458
841953991
913946793
423277547
982048517
164448928
446534388
68787657
211760936
711676493
114316881
592093380
492504830
477730165
915367384
173304689
368775305
204113773
739260428
501071350
529667432
665159223
183980234
882577189
844065274
81504744
786193248
260308825
574502116
440316436
729268090
34393179
487638214
69653486
555736900
872543924
425831044
16875852
236242877
375597324
241477482
345082246
463536893
45533119
828739655
192084798
990179344
879365282
390512563
701366950
37447426
964241085
484629896
531046266
343966448
228578234
657973757
31369603
579212271
900543773
378255679
186225563
494285539
771444499
982408401
79923701
104455165
422851343
921993263
42823459
747473644
351899453
967870895
363663104
259593868
184585185
201622330
138447115
53837534
651980476
91325398
906827965
869796260
873135164
402869010
765027003
549763282
956591946
725687036
327158665
214570167
394461441
437663579
335699102
997341643
55251919
850796706
692092393
63124716
748815954
87629632
567328000
957372017
347689103
953893305
685547972
996370189
120966792
271452398
159381263
26955904
519526641
977532068
927231794
809218374
471427713
316429301
621150374
368575488
217381397
530160418
147863217
697164306
594834598
828253291
353012203
914235872
632171793
366321459
204341948
333788478
509529935
75322398
305021578
564350843
523997397
949455947
522107157
919241858
717321036
768656813
428796489
685139548
566305773
300202760
695043525
416929371
510431783
526480727
525913930
738822616
229646331
323516904
845743318
218655535
939766414
870163693
362537418
519435811
600881102
771312098
364198396
754645331
67110449
825592784
517425968
444204242
672510489
362880951
285220977
521971765
794322143
701908514
651254451
448724583
101363928
462723668
130858533
294631837
133209765
936082830
403804088
105691065
840407528
465519331
104142146
186013030
229579079
86366042
624584427
653833702
586918528
2671345
318360756
946008937
404458417
674151156
618029098
740712987
782776791
250839282
744418880
147550832
241259749
3942165
944500472
527737816
672262452
397018735
117291606
477042746
739305160
67905581
386226045
664798270
367508009
258507330
914237802
601591117
721450638
331412937
214625162
586144447
738296522
631387273
935053235
791650797
383547758
705245512
44266165
427212771
844694569
390145544
511855045
882370482
191663950
256253256
864431315
836465363
521018857
576404328
513750577
832560343
969074435
147541681
914528541
519012947
616445298
653562484
578500927
145951087
759913353
16437980
19262348
451363853
36214119
158274433
409254308
609872475
68888928
152849674
144190058
967016939
352752569
690078834
632348175
349159615
556050534
503855562
473134320
111254753
394076014
77772438
80572260
145046309
817662359
