333635716
703038032
191565574
231614467
207772713
278574181
19479202
382748705
600821379
374571694
712133356
3228274
313401591
843083449
509119819
997868533
925153217
736778447
214357490
537908070
801269069
881619966
342528598
482434154
729260626
60152856
629580912
230865472
945995919
646886107
477048038
556469254
96532138
965046646
462009213
9903946
297183404
669926493
692092295
818936473
841717900
730866565
715491421
95423121
542437705
973861537
36831555
9549692
713868693
573398096
538467263
516701183
469890082
113342028
336801288
452015749
360509434
709131418
502353840
147619857
648993267
788613728
436752784
953935271
897523655
155664102
906696134
348354943
381074235
499215872
700685129
255226724
44686151
395421016
696190169
70402503
166128545
247105476
939996447
755399087
23321300
620031220
516996778
372597822
108418843
960346853
86579171
983190109
628245358
9993464
649394511
588051984
167572652
544472437
169943205
53104171
294113780
761556148
197899465
386773603
67165403
688476611
628475455
214652821
872712966
283240539
472015032
74469066
417151858
266398784
285887203
113403957
769134970
746954751
124298557
28962047
271616950
64154962
845516427
937176800
69084930
923506023
720109584
371080771
849821359
112633145
87654071
500213712
225477810
643085997
776288722
404572395
49206010
553222843
688233684
334844688
991555763
302343956
499884855
825178303
488331821
12110105
566038251
361846573
724106259
535990554
818917012
420617900
420173880
140981158
781487220
229958818
916039719
260722664
317688673
143659378
968367025
257394684
364831460
760079820
195586467
971801318
848991254
774065860
490110061
881314807
64197947
215912126
58721066
789453867
37406282
969272992
564270105
20338124
448844978
56974824
357467772
358263010
646974511
313830805
293716131
667036169
80039831
84496652
861598775
546329903
488532675
788483344
235534170
544574306
366477661
734161079
937512495
739805033
629591835
516530501
163118849
791972389
871736511
842791451
471792606
603004885
361896834
630720012
103574875
812214227
665688712
895701595
811877684
260713848
786191604
610104015
610420172
51000655
466363689
528550297
891761486
764494602
912467083
943780156
392782131
275714601
980377955
514146758
422976206
303245202
31760497
824465070
390746288
932314475
893855974
565495381
486526497
804183058
842038197
690711244
305139335
449319818
980921775
49384547
880641190
592831079
976605659
974820320
758382700
756373645
123740907
886511839
273441344
101041538
624769013
398624246
879505305
927956353
450009319
196078005
622626929
847750074
207743805
800329672
780453730
841223640
504955306
879563207
366857873
220696222
123577517
806237112
208962457
775652443
223410961
442441668
783572825
863082536
63138966
799951051
299108940
5557635
755764056
666602559
179504294
145248656
551023725
289704750
307545461
495231728
685990075
558570143
354173739
645960191
68084315
457389260
241576013
180592103
268930815
39417549
87875772
97042451
607962447
537686478
632796127
317503793
677549382
497788900
877630575
182327345
615051420
16422768
864817387
650058266
896969063
617069293
91986017
541141244
620825377
635205074
290199915
215250556
572017745
871626143
534706146
565007373
452063372
563002264
707568128
766021700
200865655
602980721
594151721
23721416
712075279
202066489
397595186
218077578
33806432
862000499
467699273
53234825
412074173
125218116
880180307
669567307
693752754
704115472
748991127
451015020
365403243
700434767
559766724
633725740
749217633
872625214
525024704
736336302
2980331
67788754
865440420
114547118
790220771
111608875
981461689
12070698
422271046
841095970
937982985
694902574
219474106
873908437
507334812
758824877
167505801
236965089
803176382
446799629
991445835
865138838
871254617
747947899
814011136
256553107
400618457
500430886
43213997
960425979
274503782
839450064
677041783
661258883
215097247
966017676
996560078
353152155
263014053
300465298
143756425
868109609
247296260
852656783
766132485
54088552
231540913
491494804
193099954
800941846
466219939
512252543
69448832
78225075
744890465
137841492
196534135
117492521
300535980
533667663
710990417
481030802
968856699
461845065
566592187
98532921
17860790
558215222
658811190
541317135
762264797
814353644
973951035
502711083
303043204
123336226
617842577
18597834
981815412
759922583
25012194
909123651
307330932
242272150
494206040
762251238
770001231
598816708
916368416
77255754
769483540
879067557
52616174
729346389
589474879
662725621
899252908
785451193
286064595
667599564
36227762
673325690
832683613
651782818
38677048
651866293
538301506
566737747
775181870
621554239
519998914
177936301
135677107
540613396
508655469
801866765
173699870
726584549
967639023
804340948
328531688
419044081
641846805
581555436
771833593
883197239
761737470
244604646
913236203
640317581
224083317
832391382
732533238
314215848
723694820
351686503
76440037
655548113
203595101
842339746
223949731
203263484
823634837
294814177
557256838
591547239
743390449
512002776
220690919
787608113
489025750
172668358
817812168
481723645
339067875
617183679
31478885
251128177
879949223
155479808
890128821
293696860
653501543
134864288
397470921
687607530
445403061
821461258
816918574
156968966
725426727
518151756
522989448
125299277
580391216
125268204
595409243
347032627
24298597
180286353
139806789
249734694
23913726
125628089
151291830
51414958
14579213
250809592
975147972
106511141
320207618
825311859
775598888
48115292
952210924
930252870
549761939
688770549
897343254
869649307
146144178
921929190
695084200
63721953
62181386
970873993
649678909
692512891
901332428
213799670
21774436
684446256
226829580
699662869
15673019
640394127
269783133
527873453
983572456
346055963
673028316
194593469
846313284
710407433
836761347
900114867
742552867
474874155
173088352
650138345
575506263
906638693
449689372
154649288
34142175
217877597
554650492
960191771
63446703
180417836
401736048
322066320
349477163
761348301
84736704
635761360
598482278
75936018
32442273
311816796
660469737
21888486
705198091
551287290
196620990
951550708
75615906
984676766
226960605
162066517
228321126
174804753
519424539
251194082
638293406
115135742
234756883
72180291
665520694
797795421
85743635
309591360
464426750
803154619
944319914
350961996
845116304
84964983
625670729
200999986
301632588
666616848
442431882
861271554
989668607
553617777
201440601
898402080
958028297
82591466
142261691
569973725
733231165
901380184
952096709
226931294
802641780
98283080
123054895
969600960
401004477
526301987
410415323
234646851
226073161
350878376
557461734
902043470
606967375
845658993
106434403
990650921
359006036
25960619
860433928
561704276
732372869
658152984
261525474
84675628
913695140
336354801
114151993
582929227
655533729
515769909
576360193
563046564
851057909
717388619
548320214
746833224
961910086
656069767
799995508
775330600
256201525
207785031
635198393
638790230
996156041
299397129
291434705
112369303
976157062
151610768
210967688
707270546
40946256
390392433
494558423
144488796
836757604
38379266
55905820
64649675
412149993
827486094
579113120
710303250
774518181
994415168
50985561
889578755
297338778
359601178
28740835
702936268
225965110
85103327
305502750
524587838
22954590
622735242
88519585
614298010
44920096
1782689
606772164
503922961
304802221
869089646
522100308
460665476
222830195
403831418
910075618
923530819
600163947
735345832
363180606
428715429
628671910
924895141
864272048
1740873
248411568
401855948
815030524
616555884
122869932
508031419
481305435
955842927
84889682
969970584
121534205
214022361
949859680
441607808
19729578
410367304
220713930
75190158
405501029
905428534
472314859
590320083
666748560
893507358
449525558
105210014
102772320
490619276
721922720
876787319
895915926
98059447
758463193
86778712
365886441
643064146
186752163
990216279
381053028
796770800
387784210
566257380
375775793
252859609
282297213
696053257
973671138
158556138
715616253
952813300
208001499
553481751
519394112
958843512
529426012
658091483
735107387
921523164
167030326
17659918
405259098
990686158
233920207
208102361
74054657
23474757
455559166
863080967
75721367
376665430
223615141
230497649
694137129
608730227
517644324
906057478
214544290
413888950
611210145
753472299
131538874
944216181
775003022
769109418
668785819
342434175
578665334
799619679
557352699
707794956
907956758
265228997
823185953
363393110
391511702
397098051
332337172
167673432
178804951
258822455
240494090
110590171
82834771
338950822
729198159
977503849
859344620
910663883
441199188
623368532
443547193
321218436
310313019
413558025
886121042
461042916
215683136
464810787
539316540
731620481
444809421
655939485
305728268
367926409
468708671
958386142
407311695
330744019
217218525
120546272
573720305
46870857
235083998
352387689
512978209
20948703
861381409
436052199
39911258
691281969
483089553
668001450
358420491
933984165
264247763
586738321
954915977
409627928
477272066
930468784
181414915
867526384
628356890
447184469
814013033
584554603
804861901
714908361
870242150
770812016
570192153
528600601
693445357
320652915
49648226
396676335
86134437
957925329
900579814
865172338
599661505
779630935
424899528
848034570
248530927
776807969
297518994
371744102
103678645
881970348
3470165
997683766
853471952
286749739
939131356
706193920
418513966
787899528
538374655
928423604
216086801
146473048
565810047
269099241
121089816
954488951
974556092
37767575
884335938
867571426
500603883
996990646
509048112
612099726
330807278
401783978
442626856
780322319
198653541
37205063
287035608
433117799
611229715
988271800
767341851
572508386
675128648
406695617
381521558
343454305
978162368
298234908
419550674
972156208
649085537
453188457
213820888
155800287
726944753
294041974
802251876
259751419
487408162
236107218
381366465
6479517
488635653
241372225
955942460
537347378
263567064
638191646
589245986
501169591
641387996
782969001
535243332
577538245
501757389
548581428
