582435514
250060831
332540127
403204398
72637861
353654704
195615766
670064195
198432474
523033554
936140474
824397429
969455413
766251763
951728208
538289069
821651824
537493274
944460715
455358816
18804513
995058037
842898357
408368621
652990986
945047918
881785120
53023294
88136304
763675167
276691726
202916623
144948860
200375479
646571526
350246135
442538478
176292030
584984971
643529778
119162784
767311695
964942693
305183046
853310679
478067734
851984485
940825593
198197334
755092733
817810677
939567228
621088576
647956063
119006507
587377475
407162473
924171505
750213411
127589942
471869583
142592471
581927891
434757306
246341828
733223850
679448568
769079934
119680237
601482072
95750591
645359793
952508302
300930936
336196031
251492817
30115344
537715310
555057940
174923251
93063432
940959525
854825959
333043569
945864488
337124496
581828046
496992795
81368971
59194050
943083661
518366971
426078618
457395029
171660195
976570312
185383803
530185386
58841218
120086828
798619165
82904551
821145356
596715260
659342142
172450883
987058925
320157639
311760032
867513689
557262131
869447161
369113564
575290159
34526510
530910056
287766510
248884321
488892816
909217330
151395804
182455772
687710963
60486186
658398409
577383618
219281175
495113273
129270741
359625717
66109014
499929956
478874091
434971112
376304085
10158880
119814169
258110698
673701426
773413605
350065570
261670407
185232763
213855280
501931918
73636499
149253406
850788457
422868518
640750137
688803801
936499480
41292570
149623887
968691023
616163392
395193587
760659169
938316849
81958523
953169707
491945652
190886897
952134313
801404675
57332175
390573070
934142451
198986074
24367629
411095887
29655812
575182894
715479210
559151760
889725395
997223008
473855682
558554267
584761910
428130211
368492717
72244754
488520603
670821915
129609532
458637386
329250204
466280087
760140691
614965292
359154999
319793847
591742902
820243896
858119917
70783509
233098449
412450604
444599742
683063428
215110954
651802382
398500889
229654250
659147989
361316585
325813358
590472125
78965627
618940382
921337903
202104901
353554939
653828311
584676989
419700897
702366293
281312397
671795142
598694787
61322865
467862364
438845381
409402336
51940888
709861963
983439991
895235312
701031842
818941886
764124559
61405077
113954524
901698480
213019257
716690333
673743864
258866353
11673926
768292945
132824027
738778078
387314460
141200309
693627387
157050097
966238907
937914589
235566906
438419019
368417214
951786050
740655461
845904953
621740562
747248589
212957000
989098552
177713361
949286024
377876593
430578044
889440282
260023739
854815822
859932826
88150376
451856457
440809054
867986655
745957032
443499940
269638471
903502195
465870760
322544786
80547904
297645072
715774947
894890789
743623055
45525401
659668405
262612822
450524671
812338508
320749615
268049570
279957917
465770667
503733332
684645311
81152991
62387900
390416352
702245981
849337794
127290720
286384485
833694560
68899720
514382449
497105535
367580250
692461986
924917273
682147578
837153264
380034193
299195776
666700685
915311926
273323604
282822571
205662968
332351191
770909638
626827459
809499067
42477314
539183211
820100805
171898540
975038385
364253322
61311721
362346948
207250570
513085842
763624777
473206990
953257183
11260587
882080386
825991069
229240606
548419865
292088155
570150835
525607397
130190929
483596349
888015375
980762140
799069981
588421404
411321706
798330419
856724930
58065161
931336342
222510335
317791651
243907171
294511348
248798913
342483909
522067148
3326928
631150264
562570324
474897007
324067422
616409415
825988784
713443501
904051339
391243216
456831500
976422361
783931325
478821483
56676623
283891670
912286383
55586861
932085429
191136398
175968404
775831916
649990013
564016528
350525638
455020681
832288433
250696655
635465531
767353415
587569038
577192155
886756696
26352716
288761226
939000569
963037071
655293921
159528927
271605959
154773355
85626480
684370064
20078490
341498918
880302568
274133835
452514859
165833711
33899981
331620786
238924486
316713483
151347510
346098744
227495010
981160250
998553795
124371368
869046739
784120981
575292129
77977969
136697924
803674177
879639343
89665665
757578609
190060256
117676053
320854598
256992462
896057933
660479469
36363043
90341924
91461852
629911522
222517609
470223069
180886845
379773573
84862943
601565549
435732628
348644551
260478672
735409185
680253971
61266215
957840318
964483275
530922552
290482186
487484977
579481224
7648510
547672139
216404312
461859573
790636903
516555225
262454603
48157658
713045382
74628324
342866552
656234013
114984467
255756819
136033158
351248727
776036185
654148298
688159893
404347407
490429186
476412418
700965295
455029626
619160671
354256478
77324638
128794040
159835733
356371321
726069909
605575746
172994491
456881817
82693414
543789711
413507210
760658035
679586165
664331619
117318970
36705285
888520166
361104304
5777998
604244658
620424718
424497151
925233056
606591590
188447089
876774252
602322291
83137570
89052038
531236090
846706843
761374685
842698901
436380424
439230587
133660562
888321923
356674060
348558414
737290804
483239521
658102648
173063405
592243446
937741515
15378150
974562132
23828274
287028436
453723900
587892251
339860990
449251627
14916012
733831758
652827485
203560983
553244142
167924232
849295655
3253455
89856921
367829778
551457322
697082867
652132524
917959132
243205740
225101032
983658406
148383360
531846105
12545890
268487193
121005136
962322069
251433746
332989610
668850074
173068939
902212119
578494017
796109132
635328136
943343837
506845852
312123057
827782888
702548665
786403100
930099578
335077781
188749828
499262757
734037349
393382600
290272869
621606081
895160578
285608990
97419016
731356391
798727240
303370029
305340539
56046145
327315100
180764433
893910875
771509688
401393739
870571372
884394066
994855291
947083534
424759436
293747787
732501640
608113484
190237014
340009467
90176244
540657074
438697931
53558828
813305578
343096277
513283131
534449843
727622535
672049199
629827663
437829030
383241083
75649923
170855727
779766776
492739103
329987597
887297691
179530751
131358623
933872012
931038975
385009361
59528206
450683713
193894535
552179222
309277912
99634812
557771227
13492597
704923563
945599522
7242772
190699317
360029309
249811200
492034960
712949867
814031968
646314589
166288339
99460488
771566074
432742341
501152983
919205368
776227806
644992659
801008683
402514043
720815791
10706262
208650843
156304230
609618097
53688569
994030620
362621864
149201741
961103908
225171930
627987722
114277972
616335066
732905466
437641559
68407150
980156409
419737466
242927902
837952635
174347824
365498782
485044033
767583672
831578487
613443285
626785864
949530729
274689166
775951414
664285251
298626128
155257183
292676804
694217301
736948679
850938540
581081218
306340739
255780578
129413096
563748125
852928059
421142658
538300615
985182515
155231007
699836874
63511424
850798217
796071396
225255192
558080780
564561407
546467967
645207479
723606808
388720556
778039609
440245283
367244756
413091134
874512574
185152493
560886677
329361594
959020787
323658261
38688165
700692878
217468609
399075190
113396727
987147322
708539539
610599697
512570722
63901375
229283057
846395970
458212278
926948989
886019304
423890947
979880017
439030059
740545346
590695774
746208836
49009821
13341871
462217983
803041608
866095455
888535821
716321960
689235549
667775565
860255979
208939020
26161727
831572745
661148708
362818544
633329608
396996205
111858465
570933456
856021867
935868268
132636757
659705433
159437499
931643637
982033003
440295766
527071828
450621627
205272475
121856618
588816246
368325013
577449423
989678342
687351007
755250624
596033581
247301271
98611501
992217577
921364146
844795155
203645394
20344036
820234243
626639532
265800280
523200760
790561338
582883811
327171594
169611890
734673906
810340567
916373063
353636436
302780484
871397969
884062450
448240054
189250131
238613922
462503089
738399360
620122773
657836713
254123321
671470365
675467535
878078982
800962622
864557193
472321955
863804289
14504121
287841600
456060039
139093462
111409394
355393471
174495485
3871068
660060287
622388662
794685023
419204356
633651105
767108855
73305278
333714571
452470140
724635611
363238819
650371445
802967445
682750223
382292066
465246032
400221262
162397529
372516210
594329913
847733223
912482355
781921187
462614400
697289934
870869616
795836445
628531463
897576396
163687021
759988574
528668978
273744569
185379063
578553634
840114425
943714336
200918416
24185607
487014464
598165087
341752964
425608841
76327011
501318373
821950508
60836843
331753896
905549533
990814005
738872199
949011863
982877260
580165571
156137843
747577931
840467473
332070623
721914421
762781488
971272408
444773813
436138173
288783119
964647035
834569840
376626876
617588381
104196589
542177639
521531695
199302845
138211922
885501745
996164825
505980258
486873513
705594176
961296025
875339424
810032772
464082549
722981929
906762389
424814820
810976710
545791717
693578996
29241219
830975702
999646950
611643713
479003994
261404117
515742055
153391273
905614790
136825722
111679974
666748532
445323632
443248460
227557307
363371894
469282310
539569353
810799941
97375514
584000744
650157584
260704417
134873297
370774596
846574996
952748715
507189859
721791883
529375782
863968297
153670325
288778122
683047878
588347162
273220886
542530687
909887981
720298850
876807803
369759689
842773552
600365467
350047791
593914201
294547493
430015791
366784311
236525241
359610035
437480079
885245466
176768
448416202
109578252
379083634
570271284
864773653
240869116
632428997
308655401
8552195
431599388
376239007
272857423
958009648
377970409
762275752
854901297
954336420
820841205
559394328
819270502
933992137
727615824
741227191
49792116
910656624
540959094
76227103
416559204
585964403
270664617
362181848
91895703
