711736755
716943686
608834617
461758157
714769195
460861411
751685783
616211050
42924588
5149573
913511552
942333310
87848839
789210096
427688507
717866201
339741947
404864236
673561851
133696811
999045406
284703433
939065702
402594194
348095531
88067299
164481254
431589396
53432860
528655662
189287636
294349325
887205861
222599371
79394544
360883703
199660782
235694577
870307766
28644981
779044984
417517587
588647570
313598591
407074094
326314064
431317366
537877839
278951073
272845912
400151029
64350467
249522705
60865568
535020741
427033322
777877982
206240423
113662626
626701896
296380157
320096386
562778189
514268925
815861936
619162227
55127448
865249467
709815551
66804803
518205419
104047370
534556469
644916869
354651825
581527819
696055861
625467111
995520098
21781466
656749931
626603413
152638323
780586947
128504633
124937169
44826619
826340293
687578629
652361220
583005719
993420358
122031950
243605870
732264823
458948598
854739397
74378645
497736654
787911866
271186615
566067898
828062287
212146270
754640492
296103658
529793997
604605835
706213742
953492921
730977459
152410871
210720323
91881159
969951963
669776742
167458063
782191241
385764292
690924767
574335607
228787154
177670837
57454330
483799082
524785060
982015418
290950598
912652045
895703226
726788420
621677216
127730456
207608231
750594850
90682033
798541125
940492051
25946455
832400973
595143171
440220783
120126550
734085707
921383759
430594848
782700034
30150791
273653905
62488080
291490535
72548156
688614351
806811886
213576258
42399460
388397060
770607956
728347187
229855432
314088239
238843398
691953788
810510514
226704500
109300243
24680415
3112092
341286308
879269930
871235616
226966010
756244786
553363317
95781595
134114824
108660603
443585129
136070569
53204234
742085024
951864627
17296693
850163965
604212691
654240264
933062863
320918569
994031971
708195389
702284971
27933169
212144864
796091022
518312733
356299773
748266993
309616035
507381206
812083516
405914433
779587942
688864481
394383974
191252462
64524524
316303368
135251033
711030290
79461434
933738856
944811929
634537386
675142952
487770406
362223611
221546704
841789822
206297823
572464234
176237378
703761844
9080119
633090918
176984958
843302447
14821146
960153763
35050583
739481821
385847830
799044567
936203922
323987052
647289800
962497081
263000145
622912717
658911502
539688166
337936895
797811829
609888277
914570537
774456532
757473040
393395781
537001910
308320615
156089122
134753068
906477170
103318211
934916970
635846138
702152587
770507822
55773563
217399016
347950014
49703378
356149604
100200449
971548467
693613603
134694288
8608007
310550334
27853152
525273323
99223466
598633986
182878320
666609655
234527339
378425547
93873567
94509581
858634384
419511916
449906665
477819234
651833147
878961460
604728753
479370658
695726356
1286951
688140912
945137212
191989258
207226581
405513701
310961487
489984788
981787289
697611379
638339808
220956934
639762243
748865033
82845447
509148758
783047291
56865656
536119081
723598849
436708554
700389631
257420591
608279019
675998241
197139177
797887099
898043347
571884142
704316456
221238988
366819714
214242944
438967931
7321056
622409420
82715939
333284064
891996883
193120284
871916831
176624867
252740048
680814166
455533757
873552646
218872140
670646882
367061218
968670475
868785855
822095804
68609672
755771808
259017801
300897318
430720321
336858192
515991016
10087403
607626601
412918138
918100644
277470833
476372391
271520094
6713989
200794312
741543976
460436025
426432818
449763226
164868771
342998796
851682016
260083687
447649583
576606424
152745262
802445594
978267035
127240216
530982129
603213666
835530600
399143182
298210042
458471134
179950130
706423736
191689099
745857746
817293047
881909479
585493682
458998693
258524221
975269213
204441774
184013663
866838656
18077828
929102904
906625191
542237656
419022629
657227032
725610874
904089790
998934112
853247734
854113895
184112930
713545420
31820367
480386384
881936007
314886978
441940232
77229208
973310050
548242853
20844182
35120239
268746926
680575071
632470177
282959291
757505112
392683323
1559466
472380368
372164649
968731597
935606937
960189207
198137311
624356937
60976009
416507970
741916149
572599166
554381343
181016016
853176001
337575202
561744816
103747627
850089112
105107298
577062684
943637242
533328981
127212565
210703611
318595802
997233644
893982664
637878264
861662584
786552451
374267740
968105760
511406467
997374645
380867365
481949246
215381331
777938481
71631158
282249073
257579069
253910968
25432261
335313058
400710884
993861509
839828164
181944237
931171722
118830254
528722549
432870178
652397814
815620637
57922223
939051386
244952083
758027986
617011134
962955561
304154645
986478671
199313423
629955518
367648408
604493404
42974875
183641369
472308635
855625955
346363485
325809144
778457953
822858223
319483614
689726273
507896719
791899506
809992725
324734292
157405480
712038427
706706541
742832330
257829901
941397561
315707946
695785828
939452422
441815978
236997162
457353343
160927347
108675596
978094426
271100397
54597544
395476741
967664648
796217478
950886633
656186794
709635600
75545767
772466768
202913404
654412223
829539590
496137022
368195948
431154666
453052576
948035259
292276842
805550081
592116217
279772130
456481092
372125617
426250845
288785458
347189045
244188946
30492657
618628793
889010140
164881797
669782357
844763795
48383217
635128729
112419977
824234856
13775247
373847657
501218684
2402826
631160773
970365560
54916496
286985338
486168354
199648806
571256473
10661311
783944584
509318082
868650503
303125514
385978209
991328265
598116450
23351124
541413802
507432019
603697587
411997848
679142942
456916973
883456626
38031607
984629865
984775793
447753804
733067218
318734688
628817718
934260012
918429183
304331397
589713390
648611355
486115531
317209120
139265507
802617102
147540239
672932472
19831346
834684207
379692057
296231292
366656843
458785586
57054951
37012278
89068852
282821053
506343227
770150068
89220835
323259882
174243800
86908933
16884889
302355471
501392560
751895000
838189253
691926621
155126866
575058069
950221319
998794116
796264817
342716909
112000919
706142003
402148294
704814915
456157348
739065375
659311596
622232765
503764569
741800313
617973021
525990206
390698853
696054940
229665836
345996664
427916785
148279115
215110561
266453507
474367554
399206597
300324230
836910035
301224542
395645238
834743217
327904723
679557340
804633987
346009972
367862726
662520767
714338040
925011358
382926848
880672757
801528310
313992720
350155459
663948285
552011034
583144363
275084574
684382449
975402352
361196146
142134313
462260785
809130200
147141284
801942204
783683554
529811310
868349353
712794320
405817772
565238258
403590373
60512110
904322156
331406872
942675423
699130580
395790341
250110295
863469438
676360812
771043581
846738987
465323905
626388473
834286393
864955100
602505221
922356519
816062232
25239656
152527586
325822188
34449091
692608904
865643937
870427139
657492702
544067767
584179170
132709457
845988685
212217037
977109074
315434499
397937936
253480610
445833301
332541412
609335610
884013781
879294231
434272153
111932914
684835333
371090731
615521797
343806295
520752810
967655809
918728453
927306088
945992833
896732086
380578116
412710672
77768185
26063018
211713252
465762933
72248284
41637878
851722573
665931123
730759981
830372125
558826543
869629912
149889406
228450536
580805783
419121798
269963808
313020909
932048450
145945423
718255431
213889274
349613757
321518172
250122140
526620844
136739892
576411956
665450716
205403367
899995851
315484949
596530957
902723825
320169751
227417591
234120049
866778478
537087326
842375903
27571658
768341028
381172931
854463207
812264186
745891884
193916888
292302273
386850026
499606654
657342279
632971924
964683635
234632693
694455240
863878909
676449260
890195078
215640793
545627439
904897985
275310616
480407
525356613
930376273
243341593
273098954
247165580
908280783
353388191
185001749
403185329
775933581
89672546
118373764
949914401
832716341
495150549
509253984
504230255
332703955
844437617
189561930
165844062
548061086
267023926
350801313
361898263
208268584
456290840
550968330
343924969
651137684
991459886
937477917
752261040
767860621
855816316
924086932
568922592
472792929
946751306
384021488
33461834
314604904
254156950
857038341
875011088
116258928
744540837
31162568
181298711
380941093
711410536
212923483
60460367
85748686
834636344
977295525
663352346
892540279
911200690
38896996
451989942
802419859
841076778
752047643
784473694
152194628
366112722
182053780
976900023
571063615
940331391
31437326
385952648
460416129
156100095
851239156
293904136
409985584
475790223
245639334
463727745
425128272
369669619
962983875
939727146
778536402
877017550
666512354
933224276
878520790
260734586
676382312
561592238
907854310
932031544
231041973
473528125
502109306
72564646
722816460
750146205
562487057
54262543
610235095
440609701
679973210
826970834
600044237
929648589
983397186
683391389
253366761
416750056
665561355
575169249
26861670
432750240
878092902
812320495
5937292
275177077
699600367
248829503
98379233
310329028
263949078
469845087
478098336
528384583
925058120
377711031
791794829
337420937
752973761
495493128
901240687
370865728
759434523
522374173
259753935
951565567
276973313
736863763
949827088
195129400
7367825
259632255
896030881
332685061
905169874
798291732
595435221
689788809
66627354
447639383
50545837
313657553
955883308
299906066
176660622
210128123
348872497
71659653
4590468
605686155
891596559
915945822
663776293
170068226
673928560
655995940
673315716
355718729
552566560
54371723
998203763
962736602
299002413
903249832
302961203
4316823
573814204
145413274
623214707
126766388
782275809
102006019
270793583
305334378
444947290
587583134
414982419
459528456
345713550
49625812
602693069
205313659
732273294
344140933
303532840
