752644799
300891392
842716312
904628538
267768713
319072206
566379427
650740455
428529475
230513631
364977351
986857052
174265304
881365251
309092152
565806396
928110209
690512009
272480259
333040441
103145575
173657786
154702595
783720115
534832784
919029496
726009089
445159631
472192804
258968480
568479418
785843479
613197406
527370979
639861411
621040708
568202361
915859501
980775205
383197007
984370659
329646490
11132514
634748167
707571228
298897098
651045316
998717653
785059007
749792391
113742653
558206794
118796749
248005518
777169574
578987013
146188796
58996196
369795753
348739216
593063115
121219795
178547650
169560995
662034211
579133871
373659645
646894324
241503839
688051442
997604034
12250707
709736803
889283250
348669781
773499083
162525272
519954427
76148887
235935686
267984180
727291435
660100623
722400411
145225826
10272624
667046729
365191888
750201404
60874398
474851912
509206164
546063747
632035988
790133890
863150863
151098839
841571517
972713954
128437356
925237451
4150991
757213813
97007564
752188356
101491945
848469990
229513497
899335736
3670490
416461740
626234368
982847308
133860067
80755036
865771679
461119171
456147238
24335168
651761586
912087141
8467757
896692919
180629441
213199530
488397869
466186959
77700814
99149359
485518916
622400244
320953753
547240471
947711529
310698233
263833188
970077620
563093058
970212054
43733880
161802633
437533231
465856150
746530913
644412656
848617542
526358855
412203680
551280951
924362210
402031691
694951600
817236349
320952367
216350214
916769694
107458070
576584372
883808033
263790486
635304985
770769175
130364138
413816819
381270244
95507987
78993896
35135779
823161832
816921846
895694058
898026111
485935182
980601286
489958953
474553909
542611605
150162005
536216783
364581987
962039013
53983278
526419861
174787148
83487224
927448643
503717403
226288103
731361314
393928538
156375117
393493247
679285024
706421567
408428894
391033456
307169093
52039331
365260668
548904669
769623645
491223075
589041846
734359103
28668151
504005579
209016417
836635061
830993413
741796304
374158089
957296064
40367588
519226046
301751472
581321707
244349313
955576988
330329594
453821600
591790582
852705792
303774464
429233294
660546728
502200810
218741087
779513614
572172392
98925497
167384815
490572273
784901335
987312113
594958340
470815937
464941430
792060757
146118997
579481644
718432226
667082341
395294689
989565008
19770449
199079052
353125659
160058978
404670095
827107185
146684142
351592104
721709735
911439067
957114085
916917852
187448611
159808552
73812374
526467340
285264491
429502801
264462668
732067915
574411488
883585814
172394728
53055473
924267704
830935533
116380276
452288555
809457991
750847949
735389373
924708240
457411102
314209454
409462845
461467676
149075150
58682109
374843518
745065205
952241353
815792710
768862537
873462267
30198028
678040486
283367326
305132877
718248382
619651655
294217153
288929424
402619673
663226773
415153519
136184633
26684324
300070185
235791272
573734560
710726909
694395586
542134111
970861785
176049693
32405845
459506750
873239155
750345706
612344697
377392189
226582382
54659282
519397461
779826561
758618777
114723276
298932459
22857445
246227217
547568207
811247397
734040172
189806335
456630795
446459948
522088566
794184328
899055933
273278211
434783351
849004963
822890835
801108957
34338296
257845767
273658598
798000751
697412573
997792181
218533736
410128169
554787170
105903684
242259466
67634771
234270141
883222210
883400211
656534741
21461356
727751864
277212740
989564054
26166353
899479510
960355412
352327776
514230989
729589744
510317277
665322421
974183221
477067494
177561346
528387224
403691545
253550324
485059165
521980793
484960178
316722524
601519884
25065262
27693481
137440037
256460227
628136487
947546868
388996024
212189806
638866355
910784115
242521191
251816854
707031486
571792223
833326780
774942603
134858784
297490354
921330821
283769762
967822828
487474904
553211314
435944947
77719675
928342337
713872240
663943224
980719816
398163045
361419417
171574563
704738831
126231979
252147478
961870572
888726314
643019283
332218924
404780907
125234964
517399937
871450921
754538304
731662029
225250640
470529859
956595000
570364764
478607719
350200380
224490439
563629356
32952761
633697054
537590356
474482165
701495089
178740552
699794149
233674627
725052799
231469989
240703309
549364698
70946628
547078021
580799506
319644744
871456206
886216288
491839500
965271428
516549913
158534798
450422891
616023982
798673009
704282916
852469034
457812478
757277239
93578459
502112096
47962665
136928978
607945205
671786069
492534923
714557120
487388407
187231224
464278731
632424774
171106280
400182163
285929947
630747611
205173605
660715400
678172617
889730351
636950255
698908557
592391430
858360879
259219010
47079442
874417962
183274163
921566373
675809155
997212171
326271517
241981671
476397386
631474339
729357891
192740644
412435719
463001421
875291950
88264583
605087623
384067799
698985063
27560769
332846653
345443633
758352633
164492944
985276370
593499403
43567515
174296416
568082125
120326984
394669901
909720665
189601784
877709967
560865763
797368106
309260760
792990746
811579250
190019051
138007214
390443102
694708892
768707822
556572054
438006966
792737884
197713978
802880665
801465768
31862632
314840758
893406365
830800110
926372355
701635807
116065328
18781219
936290001
82309752
953644656
151975100
673899544
356070402
236804438
819637225
3138859
534725751
902135657
77923844
779003821
812096875
572488547
508966011
889553553
942403550
650734739
989644810
607920888
547269403
800761517
845853535
371415750
766616356
88464351
79829143
16314300
358801673
951337610
859229954
681302777
290479541
856700743
729269497
236374394
986032112
716543556
338638490
531903383
736934828
434868106
258012133
295578320
724956820
22461946
219765755
742352209
384440353
941246555
983968804
50901067
126420517
410860329
389020598
281548234
107791120
780559348
907283187
267606050
156975295
803322924
644337184
583388140
42905703
396621065
488524280
955396131
843219049
272591616
903521439
225859993
312096249
457741426
870986058
112401296
542749384
550275215
646458928
744154409
868698595
337476933
631873945
417555117
967368805
808328886
554882259
879619210
467680145
447721263
128583274
205472763
809260367
71032439
374928088
933611902
790530921
674623991
252672617
328335754
533937664
264369623
899133158
111848737
37725115
758108810
738804817
668679090
539874269
276619301
738798849
557515903
134100420
163128778
398907454
819498361
171448979
226782067
616019333
234576815
841738805
608905069
487715985
395497786
144008342
698048675
416599624
241063809
82813337
937374155
321870374
868125391
297602598
318123173
210216744
604328971
438343773
520025208
379830002
209259995
69524069
886203167
339744940
191060843
708922412
571067370
71372343
646131589
672124984
555429726
762162923
563748853
58604658
18095801
486596948
925032594
776653636
503635372
967840393
339676438
341509186
497741007
585865753
602500113
954748925
870673457
259913305
815977245
952912032
794578481
381154587
651423770
846952063
406759338
165052746
955535636
269160128
296655142
686575372
572940970
626676332
770468033
568938824
527383609
175211231
758121519
809520732
279506796
831526224
285184149
827675333
934708399
552184813
40153564
867750808
571783060
300337414
737244825
236311917
838248954
311154065
255395097
693219556
877546501
174275138
110739153
716796789
651845319
853043054
531061311
655872466
479998494
817059999
394899423
713000104
571041151
928802181
58482143
427288882
196627405
61152724
980406507
984451020
667727883
966903147
446446187
99238956
806798499
539008529
593269684
655198221
531915301
60343224
848326416
261786905
371281235
77248477
691392322
353108471
64472078
41324730
157675413
426463741
300464912
629311681
347676839
117648400
157285390
327153458
296709657
642980877
241855271
309955943
39684511
777096230
330747556
270944075
25491672
910643353
727828950
11500196
909998289
112836790
259773369
875863088
123957164
419655269
968733581
133112517
341718869
493792673
237409859
705373671
362816803
155302675
903477310
553942765
683986107
38416201
619226308
328797786
941953565
479645040
242298872
950288805
413342950
221959357
20658713
71230186
931039348
100337159
51756805
780748968
625279519
52971881
131326440
44838623
166690371
424601822
505354517
928021568
148914817
24172873
985434587
802916982
405571018
536481598
947139138
884381834
873618918
776804789
586957966
987075469
291417044
399031163
69546630
430353248
870537917
309484563
462520138
901997805
398996555
897503395
202073167
241381709
442035868
456660890
80094152
309844922
23976235
858638687
387252393
259384285
533061683
691204738
179882969
917780692
494210451
439381888
544717787
876861351
274820218
136276877
197611266
154234558
513379192
64681334
489331923
226248355
983425250
700973190
174300704
857205807
962081683
603356710
529025012
251411421
822099704
744052878
360881114
948910126
456387446
637294216
860405599
14980231
389552396
327573681
454013786
600212304
219148194
151765936
936142796
431156028
764766774
585658786
627177587
262719678
699892128
47838609
728002516
377354533
967328966
853845795
326419670
323003043
684337982
530046585
297302600
929704971
162179726
928471546
95680987
750157572
78500773
595807660
420473904
637526000
275871277
182631034
764682161
185805510
610667546
889119617
7100160
831659313
764830393
743144675
92439033
376422897
976179122
266305334
551519292
774261094
16050361
983526579
981581158
602541649
310874546
537402555
330642248
859505809
30271081
524308813
438032578
290676647
56084949
185985223
352655255
168959114
165184881
989651585
986848399
517261093
283156447
542197005
766686985
78209349
846745634
494760355
558172649
941193305
437607552
920879701
953525848
895874391
376952254
321419892
734107210
94974192
614226500
817932253
326651454
738468720
851988784
905176350
155534429
86358732
