691698704
683613931
527962297
686053900
432006760
869164027
292764313
76393412
67632873
562574458
79342608
59098203
86492040
20748999
3156294
767344766
908336794
541826653
824215885
688674336
270207153
214647507
271433133
827388357
892497949
466372742
719400206
848112314
732640978
660032271
730138603
625912531
761991407
766296088
776133480
714240188
758180402
685448819
618015986
277234856
488233016
910709755
540592380
278361066
311182826
847353276
299631674
790155022
902050648
220954948
966438803
886034827
755713781
845801297
974665405
477051197
412180798
700573939
793555949
965634016
149763821
444651998
343752432
407600600
832435854
453430075
297106794
320195950
244615517
288916104
9164364
222887975
923810665
546981028
200441319
359497396
674055126
993072065
516205530
45144672
166741068
929245182
946061664
511686030
693593467
844103775
870198749
916190109
791630682
299082283
302059389
57606462
891892868
652381968
127471035
43581017
566957323
132991779
445925210
857752749
550246481
979435722
545539505
613134544
211790584
743550828
962224160
208732752
645359977
615168009
802996070
419108731
184368408
748411277
798892947
220518637
498590333
832066400
714007132
988332077
583231325
380916684
528565267
945533233
986856713
951557900
330995105
271428697
419509993
156860302
792540072
541063346
547146855
658452780
494898189
187305345
383705677
332927120
299895446
950042637
881879614
661465996
270830131
176462673
496086212
882950657
873238053
143481591
853489019
906952396
544990683
734890921
418984646
457593132
274521423
169329797
450870454
600006270
626277829
260232683
412555723
690795463
789222757
488499675
822627935
261932723
871961875
525915627
253513087
611587602
836812958
165663213
532170954
763964493
106452463
921765328
110086552
352102594
449447020
103906056
78319847
187513514
417939676
512557595
611869617
57649151
122078700
89553723
383931356
325568392
736434890
783699405
706649290
39662762
537486914
191084151
872243237
782330455
353834736
234153488
10988781
347322425
889968502
241901417
70139438
379327469
202719966
655020151
351140668
352756094
59243244
98767859
150559250
522371772
181912836
225042208
272855786
276665162
876630056
764978784
139854023
782408152
141984271
927944694
875152711
53113552
459013922
492508191
226477579
915368311
49522090
327756095
998267857
215293531
92917275
730997420
297545010
176038258
442418157
232542148
854929184
467058547
738413053
31175261
266325147
637667030
633140155
184277517
857749925
312444705
918228363
595578075
905700398
588855951
94299465
228580627
205338154
962023806
366748705
17025885
920313546
710211773
428542571
435772355
303234003
731487147
100500001
935265717
429454496
450915414
927497196
96817528
834247003
644087907
910049599
672795474
43995099
110809009
661619546
237485681
419973396
274736404
634758264
914032873
997139947
453944014
422055696
409411906
120994065
864336647
525659266
335521203
809289552
425392271
312228600
144717410
38515976
302640697
727941257
534837999
537167028
697874437
754823019
406834511
384947507
821410834
761331070
261612490
678806351
421503990
184585528
94529144
300404259
129263024
597052488
645577141
75453508
514509697
438632407
849289988
309431451
691088094
814271651
565117848
925256147
591975993
287527975
408854732
331859307
765332188
634279498
741354400
382867751
126781547
700318651
722098957
519913383
227923753
529085365
175729112
692612942
160443205
730605553
699490074
679751118
431130121
35116943
680026528
828339782
666651458
69263901
524006277
864008289
878651267
225406547
846078933
883602784
189705171
481578362
792971512
533882859
352476338
929753182
913474161
787224491
443231126
711661392
173622711
428944371
874953529
125663757
847529754
985424330
262903294
156677046
148988245
960482539
114781577
885366728
494126026
556859050
607501445
580514948
665207848
696068286
110273220
877346110
504216483
901374998
854239717
838496172
330208212
746345389
736113851
641846251
340136603
230690022
817131391
912265581
236519991
719468727
861494230
251082156
953386251
540987700
221734146
538581945
601104994
721974221
76418302
885596392
768821206
304338441
987452335
236112462
926381412
771961388
264545334
217405875
676951271
565885015
207444909
272247711
574704653
36457357
795455543
101184364
249310478
621057042
816540441
918298222
143351148
202515995
648846737
774657297
695364818
356419289
627128696
124220147
474334139
571691273
276241115
782242260
824956696
968643323
69674965
25869771
758893053
500001389
715464837
568175214
966144686
599725516
235314310
670634974
512023818
589246518
676377501
916928893
745532155
120549782
289271466
980047951
905433778
158120079
742245244
566305211
655491702
212795038
540747643
569962123
144832692
140325186
743071734
105259997
289643900
425202647
447291014
606061329
966782391
769585772
342291310
749309088
905592203
248365227
952153534
543625631
967201683
978211761
262633479
106118299
680041787
710199801
378687991
353784357
282419807
296193163
876808481
666836617
226398079
503369752
370378067
546098014
959253745
145502714
423342522
825819500
856653780
130054313
380991074
86821170
141955504
70316172
950146501
975946382
778258471
539962377
74455748
657068551
205966544
198619613
599103527
677279940
950161558
434629343
889920334
434632889
761637194
389287377
822840189
993450736
548394165
780454396
379663250
463412638
399207704
796193294
790055342
760089488
825022704
126334033
686971849
837147370
597220686
175812308
964162794
609725615
760053298
402741607
575525884
742457429
221737414
219739930
460870072
27778465
904266224
693098126
595936455
524624401
255582379
988709631
64182305
467366403
307214123
387540337
538427004
361501106
690652920
486733863
576738678
982065176
749907033
314366258
832045845
79632510
511647762
761956155
80059253
774349249
470466547
280194719
674579589
358895587
813761491
80382760
771713321
328654235
319584323
351884784
559146413
706109576
200256838
265430940
504507109
836313071
62151728
219605446
529933247
209680349
637385302
602661688
919072693
273319435
826002927
593460707
992550394
907371154
387694083
381237562
516130701
142310068
613038872
821587204
54157854
975387658
314130042
705286717
653604910
226831362
615827015
209772769
41916783
338768136
927587449
870629101
781808337
484476092
809859148
995732773
17480782
292042316
232022908
870378903
136963947
867804858
361122025
401260153
532892658
220300784
87832364
864342165
940960150
938346759
835754081
416836344
93070703
378669632
211273086
529119449
522183029
356865009
566000534
303101884
593853333
427612532
560744904
580304556
345731985
955373825
811652368
508074301
97512006
391961309
363756780
224088385
910287159
742659968
684623257
186352995
614265632
912869887
172394059
433304126
138998998
751484849
268812618
103570022
503014053
510751104
777558397
403138705
273203006
280739698
473549743
660615771
726041780
928921022
276525569
709351413
307059953
780817467
55528168
577518831
408648414
579758062
766830158
548998841
574589979
611665696
506549184
350410733
694046374
24920091
914853815
609313140
184470950
132696408
164102886
842368483
158799914
457174882
77290502
834980880
177815428
408513663
234871294
816772306
918411564
703141007
498046603
981366135
466134398
975271842
879293040
833448164
857341719
594875227
24655711
559240935
984654689
719813775
528980042
891348356
4201919
427147663
709092330
248282915
365885881
864236602
476144821
593345372
764818136
434157085
550551499
849885070
703526964
220547286
399703402
134750
344886767
950057851
630587275
871448970
113619093
525183048
884276333
718774530
145627049
81405651
751971419
589595721
108040696
604861950
857713792
438986137
928194839
185942145
830778961
750667763
699421332
986588377
450886424
54174961
226996186
904701230
216547998
31977313
424720342
29407969
129921199
636794433
195171824
24520961
214354167
34596837
89226500
657531070
777729263
479018869
542871329
990317798
102655866
284480230
112265183
886549098
485304675
159956186
576443291
111565361
921690230
517584819
389768324
649035638
300713417
358298388
499171427
576412313
644452784
208917862
308635050
852299020
294054187
116219079
951484451
115176986
394423897
83519735
390507782
823116955
349759637
270663768
408212881
351760091
207796434
709103532
883932511
166406194
941909777
340447086
419396554
56591812
455534020
313154981
107717737
612336378
247026108
546136185
723807542
856055777
535425409
512814185
13078285
568811400
170383819
690572307
696263610
986436785
332995777
997088195
492125201
401784939
769448402
753326335
761805723
651026461
109371938
38008233
441239204
591609883
474365875
332765233
634502534
304005698
789521306
252043238
396765000
980899205
8501342
339148072
868150876
848287710
359712192
534452003
287691545
836945451
257585483
839401479
181376272
517224125
12839921
897495725
833410415
944821581
848321883
17611615
287143408
702207683
551349257
456691275
502964440
209017875
104896981
132197658
381689902
202660176
878311649
709072585
779290093
918340580
293807307
715364404
977935443
993847703
128937318
643837489
42072747
234996399
465634789
924860270
393440978
269970457
856631959
924015077
578769961
576870149
499354816
689680952
455683814
771909690
964899829
694557315
429549948
551810065
836183631
659133001
743390729
227514533
152762101
85031369
958633800
548512896
60111385
263035691
223416818
297475516
919560281
839562710
815884262
204484393
975538867
52147008
236572894
626488985
63250296
232993982
352385914
180881902
553427695
804819752
703305358
188630696
253388771
7380402
953440749
599249990
285814456
426125377
157664072
469804316
900446759
814558213
82234297
380603419
966226468
844928080
209859072
593596268
700598258
281294445
657309866
659792105
873796689
251199420
796370822
912752820
457984421
803060961
488559769
603189648
306747086
562508826
674086836
347942348
381726010
770003104
295124125
52730983
309594940
624166827
11661059
493434904
681898637
346079945
304037633
160980653
969912710
855969473
660262515
218322215
23134910
