606758755
668368424
105996784
554429398
927979607
462799673
670368866
594655007
729789167
427604353
253959792
169795575
679937800
79503826
392179534
704530234
938030314
645890339
412994762
38340469
434076104
960305235
261455157
660389633
489834287
968103927
549624417
796085826
231225682
950880382
29099266
659625892
912545658
522278235
941223441
368228712
472624910
531161015
753732900
872907345
902069180
264476540
52819870
94179048
330043077
991338589
794050272
395501988
125087127
733615498
466429229
205175869
756074291
268774068
953807012
646453519
406913267
445607149
64595111
959875678
913175254
874283038
363429325
778908783
398505086
594333899
257249916
157659565
138280384
23950821
231905324
406869299
892157437
540087416
136271287
169599563
907485364
167276109
330346555
498495697
174053655
154122428
670998698
497610182
484451153
823923395
903551600
643771589
568471222
294769922
961315444
27017760
466565903
793857221
959732089
27786142
901047213
273911086
695673960
735709177
734088672
636390707
257221604
101136306
501710174
59559930
313018430
215986874
132502781
784207448
738968153
239637158
115260593
566099412
785822022
759052825
203284339
865819141
294457630
574581689
690782297
613478325
589188341
843510461
62635375
204887563
940303394
98300216
580355325
108485145
268552348
633574278
471602147
594637377
764407023
537662947
896900823
569862391
995900007
424891222
510904965
687564725
511268808
784263773
555801767
721678286
911757165
900466490
8035198
200679263
824501801
35228072
979453454
121092270
44926879
120610346
47202365
413711141
38500931
296822610
119256535
214718214
635631547
24017635
515655099
105393875
768035010
520623215
801692388
248159075
862152000
633421946
869919133
869566407
63676724
3217572
102209517
804924566
287708693
340957088
293130397
39836904
90265018
379676061
283983343
233324276
654120822
350509876
549710497
643796676
490460581
483189682
531361460
699077396
305634687
296186751
51933177
487251172
268608673
450407892
953643275
391133949
98774101
759876122
338527262
191079854
165308937
109887047
57415546
41709307
18400829
242277798
126002447
697543841
3692213
79419631
124453195
255955485
740034291
282330822
451273051
417525133
970912716
157895712
757698492
378962318
102060486
170841736
563931720
767489972
951284393
614958344
536315893
837300800
387313811
901996446
941062801
330388895
41148799
92903488
68015338
544233774
293094329
508001190
625395847
248182783
357187234
833817617
695385183
226215055
171733555
795977690
747216879
986277849
999134839
536118141
420221232
940878388
2177630
959564942
89019368
994467200
545955326
289925572
90424912
403442484
705961904
288701645
310230030
101695766
138356828
794064299
214806686
647130802
214315484
907039275
124430803
462911525
532499863
509515708
21775084
268242867
475456552
337716664
595756417
155306702
867741463
550038042
838165960
851195669
481775214
184413
328211264
81583856
3884120
73548137
998278447
3168757
417576278
221953363
542220878
68485588
523587587
593689417
87858226
377669254
581171004
100086077
771962365
92095563
411687337
957309705
408378524
492661920
937789858
820776500
519010647
208238662
694169154
935118208
535701019
155923861
450535684
459034359
619920550
138172415
465853034
133222829
643246682
140767346
908760827
121262046
45335247
310546500
967294828
953289494
744655278
881767134
249858437
218087162
574135697
767655386
778075675
746070396
439508331
524465508
591805887
835549343
143793997
183107619
554537488
790039785
308999601
482458068
686252342
386297016
617949903
64553228
973768865
949685809
911816218
447948175
456839393
631195019
183334735
290425290
911974457
97832023
525367090
984500362
76121222
637243512
958380223
476081991
360982511
768045632
377848185
704465286
19526028
95455042
546366527
630303690
989428831
460139063
586229856
118721042
812262444
562877177
624294157
580997812
335339591
680102049
907998268
300172627
306270942
126187521
310815992
146880656
562735661
149083041
612491049
493973863
310182252
159293633
106986396
917293975
831659561
832917608
121475557
918206708
8448831
913484615
45027200
878313822
403319282
281512528
458519343
996700329
44965162
64613692
478162845
349097279
473537864
944369277
649160771
396019171
729245243
658207595
169811048
234794989
457229640
230967528
141729625
870442986
482963992
52392663
320121437
830135197
353152666
668935880
287061480
979344834
441401620
706087448
572548980
421854974
635074849
29684445
896853344
24758414
667668177
314115662
101915494
498121968
670920194
263393769
20435999
365812974
510132860
710967224
188048731
173451965
663106559
886680566
460977068
777481301
771754989
174584213
395349829
350926618
961391089
628384144
643547662
376029280
777552211
498818009
907695658
767450415
371820296
227305796
760944320
699560797
761354250
145052634
567126810
143113977
129052034
643607655
199522791
219570222
31956664
954308462
320002337
642185440
480887149
113609515
316238274
554721052
245110379
795067678
650099984
460490636
634334615
545926725
63367323
39284033
670567998
725886212
720569755
172102184
355698110
252985582
993992676
282827063
950022903
488487932
412097713
518053925
319553755
317863090
648429266
128147334
975061420
175779607
318969954
7082627
308381806
1362221
895142130
663942696
182579735
352974605
522340035
576752616
577205811
300453683
65226182
215427525
81685311
527842777
472545977
403165821
923037898
27420606
863872110
778971080
960315784
37175273
692162536
992399215
701511800
798184348
235167296
927247288
146638412
521952649
485429214
458555008
226956770
56284695
730902225
669205776
830744080
56627059
989522448
2723505
730645545
417240060
705621250
649569219
423261749
196670187
436368614
791710977
845317111
245263444
205109434
947640814
311907495
539998872
46766842
271206533
309199684
902742913
962430894
384395385
117807308
595092746
430114204
55253162
815024467
606671173
988470754
25400615
796940550
803340199
572421739
866410839
37898156
861148605
48325534
543075724
331554021
42593317
569137465
504841613
361815734
443456317
81930176
901374966
316843215
537788399
146647512
686957896
9517853
459695692
360006092
928001165
94196163
605127062
884916196
135552799
987125854
650368088
834544750
816590575
208199432
410967998
994770426
41976911
672841703
338698594
909742657
450758889
491673337
503691117
939652510
266606367
333605448
457589281
22579651
674350989
513162570
528739236
738409945
277236068
460023660
301512857
15882761
337244857
443334107
644420573
772214675
432771092
976232407
912772734
555949868
681185931
208048565
752546889
296642180
950847734
448685890
39953264
228533263
978144620
628045741
695888622
195284558
505826735
520043180
93399725
594395717
636606881
582547411
210565207
622390227
458386618
911958142
557308682
356566914
906686574
395085237
657525568
598642803
28421130
566483917
476971564
474526480
578900602
947741247
258466579
58557801
581058557
160947100
71731916
225665098
473209305
300205973
760265324
649190325
764135037
106228298
510056025
817201676
349934381
50024855
135607794
850223680
765667200
290382506
97563249
769227788
650739881
395979975
389955605
555762496
791160320
441310459
200112132
411660702
151074176
221362142
616383955
558085486
261576601
34841923
13337160
475659780
510815494
984900107
149180922
158180645
151692817
908118355
592431876
800458275
885029211
840323891
248708422
978396274
430876122
626747882
708859279
288518095
850177997
489238789
407817919
185078581
770991494
515969418
434504777
31898846
100093840
348604622
498116149
542772894
489844341
951970537
555625075
315092457
36687694
659948013
339408186
780767091
141201584
939382603
617534971
742621524
803548098
589497328
670733284
950836427
192602036
221715857
980784579
524326292
512502861
327865859
707907488
772337810
627024003
828258577
704668285
994846074
550395330
117282075
58086804
803088194
410002206
49658981
310613933
933058673
284698816
933615964
941708579
770928108
287339696
928092186
147316511
910795392
871703817
665196394
381530482
181494165
845236132
483668348
839296808
878377981
367820041
973789855
30270033
161978482
244063048
783287263
688068452
208429116
955279726
344562110
230371761
23919508
881295799
814446775
332619317
753889117
278883395
737674610
666137611
258986071
280007277
209856470
236986596
584410674
180549348
797112094
900633991
961827608
446728095
523174120
149609941
66726981
277985266
179708821
435268152
436212350
19388948
148635451
688995624
501411551
245547511
733279462
815648380
942777584
697720425
123397002
29499593
57257042
332577076
627641363
902610769
107561522
817530735
580310736
598370704
157963571
736803258
445859357
981429132
446950953
882653271
726240843
761701019
432105606
194952168
163644779
745934241
701586977
379178623
896406966
734500169
130247943
48678986
164726060
13438560
546727813
394208089
294209011
886690247
57152346
767612500
843376948
629250531
819086730
620563350
42048419
249196244
697674528
581338116
277304581
699409091
573529589
167206318
242044670
618758278
519306666
971578442
383542773
747825415
534075645
377462759
327912614
678078417
436170109
893141193
772362825
58882535
652804675
566872176
51642890
763755480
442594246
559169109
924276786
679338452
39276322
96990311
942614287
811542255
152903749
914448534
48259713
120248861
101874042
196997875
160970580
963041624
806634315
545967780
494131892
575149370
10665316
546383595
352614602
679689585
439699885
165298531
193080422
925945536
848200523
983165883
596391568
130802351
529695225
513549099
256814844
14360480
242929530
562706217
579481955
422316354
28964154
572000517
594921666
619627110
329203046
207663753
576204375
239172234
732170613
809321200
252248219
106836894
72740284
476493519
753090164
896210650
206554506
244587201
239638566
873977790
903909888
16668750
963341730
169737864
318056966
917457360
590553635
588324941
940183029
146610100
720112093
243928097
966485823
71815537
546185215
438664797
951461927
732987491
350486538
232036132
