750517835
753863995
450900917
365061603
721639446
253383020
162781774
617561059
772271947
549341443
114794947
594072271
550365109
810609092
781213133
380619372
286154482
168912239
216245842
908837416
912464468
410261585
395344058
22911602
44544237
317378681
127576915
492308468
539393481
260441123
71664441
801722177
442008441
699442379
923455716
599434694
364358600
817294299
396065884
510629182
515952068
261157785
71794578
298236511
893575357
856597154
519220042
706767379
433135537
995312716
324296478
449561975
57284633
609459745
512254219
340256250
358519936
427989315
320517366
404260765
125806104
670473305
78167578
511830824
477677001
313072769
152063830
850922728
887153374
181778438
16260772
468860181
772846353
705616658
392885348
651306682
338467006
97107547
129336243
187947082
798158638
420809535
59172931
544080763
936144643
622102465
744437543
832548694
187188160
583199466
240914758
936369284
496776933
991805118
384823078
845478761
182990206
559963753
820559508
580502588
704533323
668297312
819614003
251357098
979051944
855436295
676715620
351667974
216574396
860947535
1789243
261412388
298653071
132570283
606102126
704996567
611300374
534086814
575686179
855574535
568635224
319515134
663734568
303953908
940863679
79891487
972083247
781041234
320793579
547406585
468316476
778503252
276548038
548833653
483413757
129861325
601195531
807815831
565028818
80708348
945386843
392769569
615974297
326240624
581410222
979502369
637716212
364206649
385702992
679826509
234178387
648903391
984277572
964984972
11867363
385018188
4562743
515660094
310493418
899160456
883353047
895674385
30874394
669167810
392631059
223285989
984864349
749819416
649156525
476240800
103801036
803484541
969057995
494977831
910187690
175865655
703540836
337493944
722543684
961361308
442175274
607876597
395338242
640967068
313228197
819413083
794225679
311563064
536966290
98395568
125298581
85535436
497322412
665868360
197355299
49712457
361895174
946806486
933609563
358124233
994638018
887896794
715050123
909462190
576025473
430693845
679845395
489299740
54797281
836001707
681477351
667068798
793116408
349132108
456985182
275476449
500336143
389907324
355939612
573217974
429060309
673301284
212853126
550760956
350942218
18265600
306162129
303189635
297622531
860475233
813970479
756734348
403884379
364419451
966723289
554278478
892826473
485876050
64941595
882534351
139567688
304925938
256765783
700964581
416918216
458229782
292419026
148190303
208883177
921878848
549376313
971987848
590866874
360391589
929063922
321336733
675043668
164289166
558519972
557759872
124531715
376655760
191677208
194322047
22031228
924743002
263184419
428696957
382408818
902706703
382649975
14460092
324965729
473405259
433650286
124134370
416535501
511888544
133842740
892712435
725846572
157971825
94306457
375743682
311098920
841982630
165867474
43492790
435355528
645386555
879234808
728537306
927356077
507181721
758002636
762911927
113248729
62443735
678933353
492175212
195045363
863722068
765781484
306176472
539228873
534916220
647022119
117461614
926741301
804929551
904801231
163155123
30446425
665807535
831913298
966559888
282349302
815933525
883223126
180048596
758875527
219691628
993341428
737022262
23471894
654112667
87104014
817784006
715402622
670738357
10885641
354091765
832955190
641667526
697667072
862124503
392190340
788129983
836514808
776182698
194960510
48405860
116751487
630425975
740585323
716079684
698090880
261548541
675268421
791442746
480562625
297315202
179220608
498884756
733299683
975353733
870380639
28759221
282704578
885116204
447812205
829238112
402058990
256002944
794043910
550709465
330199932
388778898
968140462
969788794
574369548
494219317
979418716
107040427
985088085
710469667
102940141
362915452
996436938
307392208
956021786
825555472
142515584
923959875
190175732
713570437
174871156
334070433
908367841
722313338
991743863
363431118
505425405
951398603
328370492
365722397
646346868
860748542
836382064
189875857
385879752
309311982
293408077
705479626
217073198
986343306
317896485
72180181
513796670
22830015
872413591
507465186
32322282
975312368
929094416
622256732
686722527
478099114
65827211
80473472
375838308
996129498
480411055
245827124
978044929
210938429
988793910
28020113
778669933
619365687
64122799
242191598
526533387
806561080
921512455
646709803
532147394
437035956
706886677
203832424
395673951
102690975
820273762
885537825
849899745
484278677
331108835
530113036
22304186
706113759
678999868
168247754
794921330
755908591
814037547
389750252
828900926
47580952
727434695
6134768
997549395
289876372
293510246
894430981
958707215
630221992
980931797
225761201
53799912
282384613
90109338
249686571
771212435
861994786
684799519
273147333
175855735
594873228
395927378
493766252
879829592
458680873
5715927
72556174
940365817
895875043
447270267
770624795
992523532
531762202
817808876
484566441
709601259
700751908
206283028
105797579
809180728
925842780
926830609
219677752
503346878
105347634
476313123
739919571
616004421
429313297
397035317
932926543
71109071
540890214
213894517
234027698
651653573
233668443
126305175
538868521
284160445
220954071
954065162
62832171
182951725
210307001
233237667
522037708
464575736
605542895
540085310
70460527
655711758
579001940
463966604
250012954
668042617
176249625
990419372
774481957
982367749
265796354
456551752
511052520
498839725
514343723
699515724
451633318
317867685
583781178
832912867
475932816
574446732
667414505
821637133
588226656
971777616
863998437
36726027
293039876
872109965
954275413
275343835
10461525
889227986
326574790
277214784
492107129
76923610
963881561
565985079
475403947
243249069
351823216
556500771
18364090
764402317
443012642
563992445
668608001
510791276
781604348
204170022
880794556
772630026
64152493
496013793
988297251
757364806
875739946
278235337
804044179
139523598
697379496
902371990
28092335
990452517
446090226
621824532
172264935
237128938
207408594
374709707
353986123
17796099
357508919
232683747
222623516
110913734
803273042
823824337
528764974
300005992
368118025
782248599
90505617
750105390
394549277
237831498
825075492
830560995
288917532
734742322
201183662
685646224
761940898
335880349
545869572
449451224
528408435
27911572
318312091
821188108
391727509
431479062
303382682
406894640
850183898
862998457
415121107
831468745
273390277
877383517
954091763
51915608
749470362
504038187
771405572
915130896
811866373
277986943
595903239
208258728
796749039
341703939
948211404
472666270
173526045
668339897
255855199
21628569
686814174
773172290
582505297
775361469
505512246
707576864
908278482
936638961
478865916
683610975
899921491
531550819
822710390
993606746
557170717
411534014
780650558
149268053
936175861
257902711
564474776
630738675
637584849
250421492
432008331
110053362
24439069
50023569
483267656
830716410
233368595
181844000
607143257
393492537
144654571
500217986
294878219
178730293
546403361
41893497
595759704
834766609
436264979
128255398
378065451
64352420
385548337
803142291
784533220
536677390
692015711
24257991
732164035
997952487
457153792
56075498
135587440
332083805
343353138
395458883
683137795
858254912
453371304
648149504
450242379
718077490
924407560
429217852
848952175
56952731
116655794
601920265
602864691
894282363
662143005
729708165
194473695
509329451
872356039
367655910
724505024
221296776
265490347
946590265
138700699
209110604
449679963
609190769
936338744
88579072
364630545
962794413
835377153
150944477
358755701
737504791
381395304
788115473
678013017
659987959
139944859
956330483
954190114
727580489
420021595
90095445
421393298
837881670
335809482
727445625
861601802
626257988
459727764
975697226
670953858
461841018
592764564
506781038
509448805
241131775
268397526
315216791
492879107
760373103
692322185
153861380
766543110
451920214
535526662
924638213
348312861
406358221
831316432
212368080
227711051
768174540
267106660
537909857
526568669
48605253
787717304
611798292
273381287
208893118
226977269
738372556
503066648
859679925
479990618
896914682
144740226
874614265
278666667
436881241
391590432
824728067
463451375
193817011
35258303
266160215
323552334
969473083
302355008
411171267
379132764
455243580
794941554
247359684
747986175
902779316
194734357
54854706
980212368
460843552
453414470
656599233
41835504
283985989
533395834
953949628
650794730
906863184
971929595
638611978
779897986
473698594
127691553
394435191
820777646
402982983
304723164
73289649
502651553
260408454
725052918
818244219
309443283
862210018
829760353
771733687
943431000
255706964
111693750
577211300
702180325
89885519
894401896
817823114
983466769
734991198
782892562
179465386
660421175
81308674
615365483
416689148
997543487
663743028
631273279
905434168
327552027
400506363
426582036
345003191
598056152
121444707
552203152
719803913
735790632
635170249
347155949
179625484
454225634
761662146
10518627
395087765
795169433
394718295
936431652
690012467
579296697
309868437
410968420
85786447
620090419
125257778
412868472
421342879
645042969
308363769
820700731
645700254
230936739
924326184
444181659
542924637
829124927
766690557
979155146
580735617
537682366
174597982
82032482
348296520
387835248
603267078
725239751
898759028
70790046
220277717
621519714
602825191
727311374
941260811
326137470
17683589
989537941
340795588
724912771
472798373
708576234
130860272
74760943
427426863
814469517
701455694
948688744
529899449
317480486
467593989
565962837
28478875
415563147
355696035
152330100
404698714
227835955
62671900
697951198
16823341
400018026
514109442
350552832
424765252
686844054
217875539
918388878
289675926
598188713
426498070
553386694
488329338
41777786
506356773
872159382
406822094
99837039
654605617
533827001
686379552
654578332
195340301
581278542
603196056
654314878
593040838
187262044
371615339
788930710
921438754
789847633
926866041
642844389
708089429
72780347
194466791
780307439
649995690
740582807
596593977
783066815
659012817
931710734
