997485095
235712789
12996730
821274103
939192597
462113255
464189422
972585116
44985125
300420123
51010438
939089958
58947528
755718034
831906252
14351805
640630201
239773426
451975726
704557288
61151026
947340315
453031183
41901261
123340700
223268564
859099248
759472143
438417078
301660370
22454521
184102269
345353519
686992112
446674521
736702063
84707226
467935895
952813315
527986342
341175612
254410790
687468421
383598116
239342438
939150229
694080468
410413768
777572827
344712259
881626409
618616175
16279919
601930786
114151904
50144779
782681604
971095468
697933402
715924032
603014005
704717277
534168037
743324753
277965602
866908167
593736439
371955415
309043513
95204188
929644577
172694305
286960109
923989382
363381675
806740234
259871893
69433067
802558821
184190470
529188095
448685480
981899314
93704819
420033960
403838344
167822350
743422732
572840207
396529741
954020457
113611756
770002491
236889283
924972336
636458334
720242751
944143667
105632513
372434269
345413789
322125053
101370255
682368638
415067680
708932103
331656066
92290535
238549110
307411669
790272884
713248537
168536647
513742932
186735937
154328525
722817961
440463218
323290792
874127257
699085817
850313705
799115206
912513770
141183730
816032820
402691812
50070826
999017045
726923340
86497482
315728225
963800553
430124552
838776679
207063041
347315224
299530676
678637137
711101856
72182277
75531815
504873622
265428538
606256856
240771920
945075108
256259559
50153345
770643810
913640371
279779533
620852874
231505254
673348451
495100083
523009846
188856483
541184908
599034859
306240291
281585240
93273489
511625768
220914186
474544659
749447983
738412093
674966251
979672894
807013299
423287285
761826080
612188935
801944979
623554002
345440082
533686667
306256914
900411808
870957711
146432252
999917479
228373234
813282968
806717948
694875349
732295298
756776100
343676596
684053194
158458740
758345766
79602278
404861564
790597036
982258324
993247852
44514352
131712197
491323936
206663014
581293306
70480450
963630509
490353086
517953451
8663939
429560273
49794448
149660000
989323177
882599568
640773098
728077146
159808038
281667759
864900253
698342799
414196236
779669308
17152684
981635992
331289655
295619699
648554558
664941517
682223802
207327370
11347943
641295676
352192229
489172314
174544717
409087872
664294696
565138945
929437029
264742723
322929881
288764496
686211410
302735024
706981651
194016595
694730016
275859171
117572668
351525130
245053526
508929277
117358071
294905052
630318114
352042888
474171251
225027020
250003651
774860750
315075950
825411567
835729648
801336567
418212330
408498771
797467770
500150862
708054851
231685225
63782450
594669092
352230729
600157530
375412917
125431740
93457897
714417658
274654341
137273059
600889682
372695387
547368848
330698671
962273842
502418665
523937605
57287176
858854199
822501827
934916620
439267675
315135293
154576279
949666771
497518312
453034846
884874841
884522693
298482879
396548824
194579153
567804319
885887441
287742680
650384433
156698547
517200540
919492133
504886374
258584990
759753591
950372678
112730591
173971067
942380562
278042719
505030977
839062724
915793663
884561165
740180593
641296662
885553022
296768604
624514773
279533798
197654450
650490757
877894604
672396892
208583054
829894964
976171461
740724233
406310529
804891067
661481406
42955991
311889408
345720117
6737065
137795041
353967824
563916837
175163029
488894996
202404701
980605210
7286209
219475593
948003868
45812117
968729028
413921712
656368230
553282489
682251295
589118837
663227905
370850635
959044096
866709781
41597529
832489481
50001935
929858626
974201215
372006356
767660537
137489494
616561311
462074985
527173315
570073546
877824100
602385551
287328837
321636184
121605575
135619777
77129097
217049238
643204548
658419010
724393022
162770937
861165934
562249748
84356003
853028038
122639771
72362568
379728084
941038772
386676020
140027282
96197511
521478342
513914901
245304401
514693779
830398343
212944673
869796713
602914280
485928882
518638801
398655482
536097611
53982678
265953651
360615110
467513262
527608128
293721537
741994857
223505232
383178518
108096458
887230996
68692692
411951467
287650353
914632497
14849722
544198743
82346901
586134541
183397525
737796817
506188039
765850494
807721281
876301172
620925996
246730752
4104565
773407834
55504729
238464140
644132135
462510451
26152137
30373325
587074386
762024660
604849305
852119955
647317235
644681161
916522048
713018992
413381884
626683903
176611709
102742312
542747990
298312174
854946990
58715537
403581981
932504258
215257956
798300792
547794637
500103156
552893827
591212089
906682130
46990785
737890292
450097397
327673788
869632317
243098861
606182239
385799329
257277027
327558111
252825061
939349437
230226945
938817305
538716363
821274768
793169046
352468610
181037377
699689462
518183684
703982761
705792389
918460842
996789190
834882157
711627876
247252494
227851344
482578687
86971229
209130832
13637215
945437823
600326449
906790867
466424651
385345203
543749565
383585042
570429469
716942981
285470962
970754062
602121928
119366099
173355036
993686952
676541592
977026022
754625590
147634546
371856449
891522625
388498446
343008023
32097902
531636553
330884597
34750159
531470984
358929745
157947984
774698339
240586881
43694229
925712221
284789120
338490855
631925494
354850116
407823842
808719043
797452334
129259993
801240701
418511798
735038326
316338913
877423091
661527121
717940922
570710900
250825320
727953095
939336682
837274381
122114588
556939376
257318426
874692965
934788096
54460606
508999406
852114057
211499723
558994996
510772622
730167180
558427699
193653877
888565914
655196096
44616098
622175905
346801747
338915502
574404114
762262632
587257744
924496223
297059574
215297640
453461504
373223036
813530060
788218843
907122663
46745243
301250198
206419846
803597632
727849742
81172428
757232528
420062019
353363236
299719636
945338276
917760268
242245704
907739174
4871145
757911213
683769214
772961205
62744826
526094802
628649413
381151348
600421179
262870266
359851955
969681631
332822202
577633390
719490456
600999100
135776369
38583996
423280879
651872332
464027378
428916982
352007852
390056243
160716171
574023667
287383568
202113886
993438510
39195865
629065837
844502363
345012040
16757048
292188429
457386425
769692289
600261829
750785233
262124040
278473249
665593893
700829017
943549578
443745677
758168110
748350225
179599137
700571562
752364134
163943266
906754279
494479388
590373370
443711796
575954162
405903360
293712970
612245034
488721158
238711234
426535527
387712837
561225313
633804428
515349590
624669591
316065153
285444961
262104030
831306810
535514538
287798761
161156839
373399083
798433484
728087964
408458272
946310565
402548060
825673440
107784430
501542322
241074375
875252597
722311556
350022974
754638668
573045251
716234265
51483065
475979319
988016794
262064075
23412806
851937721
277881056
139603703
309745150
928396085
133498519
432285072
894154175
438467532
921057323
628428727
618955517
333322549
216974287
645278310
847866197
997445086
347402403
209696974
663047716
130926803
924993203
146638461
685972714
911492870
165326616
870030921
743019900
569210694
210620964
355327490
547497742
25734685
137744032
521461361
520552427
588484260
98713122
17914480
269049540
393388367
213630254
63074789
320017051
246823870
103356039
16700425
537664381
927766939
868368067
54037977
128576916
778319820
599016358
892486002
926944516
131242594
453630987
398252278
763069469
263467597
689265170
324943481
227846567
565729832
80930984
593220831
195578516
695512924
124725883
259381936
898731964
329487922
940647432
269659348
917296547
861918414
826621409
439148843
808136831
148626190
332366539
815252960
700842625
156582987
226750574
769177921
426718326
245258029
594516844
389309833
134853272
700460842
254845010
5581943
704123196
888686771
835228221
754287217
165892886
510135206
821121907
842151455
803041056
608986131
155306011
799088992
837672387
329357009
975189453
65026102
304621184
14482143
590115446
614443278
931101056
874012209
624100854
71263580
338979258
311753061
166502505
950320486
100996080
735416049
124528664
198271122
74642912
935065489
565536151
28609775
26690192
72334192
273255957
298001625
327504282
490215083
12211903
91856494
1276975
427661581
931505532
97361316
270068575
529490742
84688649
120371128
110345396
640401731
74480886
830110985
264585917
763964640
415307958
854139823
343632700
870801419
741155374
67625007
484457466
957034888
724446079
902606897
763820857
946579677
38335909
232286991
741226185
292113820
286938995
440885972
861800305
532244360
69986605
911317676
380247527
69141188
680251911
571505337
650727400
4157535
87925726
434241180
860584603
735425164
764023857
262725551
657026232
419116132
954368923
456702861
749059707
944586895
607399026
44242085
703215500
28898635
333540458
323488896
491154832
852401656
379144942
818231574
353462735
633594912
968310679
732341555
693978035
503990281
473892295
274491512
190549508
169650037
416897605
480299931
869109162
290204899
42022293
28395692
182555819
775610356
575260758
322110053
337744896
830236132
691826264
917213408
924845332
25744519
208102175
351348892
735600729
356763014
80350504
798325743
625012592
269694150
80778444
226989691
767114484
31682301
568747515
153035950
945223835
679877411
266153353
579409670
527689289
127099094
175132922
413010600
986876340
305144765
140933076
715544475
277140897
57034888
480486678
523226602
941768646
51097270
807496222
668233516
295888105
122543403
538890781
833786492
89299532
618571861
855287338
599415011
209426455
815032601
261281207
150873518
206862841
422224807
376886217
657867483
564082779
112416594
389524118
797746237
850611595
795091574
364472550
430455963
215829938
364806028
521184845
567977703
789207471
557551840
285221043
716017213
224186078
900513997
857147844
822680431
140986629
432366859
490110137
909117427
271811755
