117389731
336421542
436317548
346849843
491970136
638345144
264684769
227600548
240535782
347852085
373482444
365873525
727081153
211928252
660915465
257390455
160536561
671880186
323502100
575206977
836282323
664659613
714896572
235059311
720912656
877285442
531218616
291178141
312751094
458847271
34878005
303851970
98613603
268029926
711499974
333290602
693956976
384632628
653698296
756054743
623250890
984074650
515824928
965014694
31643850
109950350
88395370
63962983
155941554
642554577
233138203
98267847
389357992
276920978
701895177
452730117
621524968
201258236
625937185
614684693
107126527
973506626
914849453
781688510
312974079
69630473
267259921
459051227
500428277
327624863
563433477
775903931
18181889
567447356
951956085
852207672
148834685
749881877
203415461
610962306
788890071
467255633
135236587
670196515
225709067
936610157
914493977
821692623
566134747
258769857
711765633
492698739
758695441
39013603
648928215
649744263
69225196
734136416
652040614
962013375
842690427
629344142
563534705
828316689
79121099
457234271
80085957
821910634
324964891
849687504
303895431
871643090
997842774
14974879
825794620
639870893
838270039
244652937
555979443
376363921
155136494
445567297
892916479
241658420
615859229
70734738
17208489
979168285
918519140
302211822
782982475
414698267
97841262
241402084
768271877
159545929
903720926
306919896
591075415
768474794
856524199
92583342
496727731
716447241
954874424
840122541
494855963
743720562
213218981
9057321
811474222
824572257
178156973
275676693
806876881
397123130
736427662
321876285
212457460
8386361
440025781
100917671
903391493
22753069
66705028
889197163
773801827
756440690
246703001
666248691
736149966
531350142
653577521
787504647
519839721
62553151
948839564
176469237
286783994
775736686
575878773
273487926
765949304
909461818
490737599
958410216
236541294
822164568
434525202
371148746
423118266
581844641
94462435
582689054
328449012
755606527
189191848
473974662
649742212
65677260
66320714
738415272
497017561
546970288
272907354
280124079
170994736
390652324
755836970
744323729
448283565
559958424
35092290
436720773
432507586
166537855
334968366
993929673
532015469
108294811
652655868
951637258
321915488
875554253
243130424
154305325
436887707
70888466
459055635
764233192
873361302
474864901
526727023
221106734
709415972
837463499
776470364
218979015
636554464
210613519
787415480
845888969
66327597
690201472
922865180
863159840
546752350
657741661
150181467
161911156
420638161
195262173
941959192
541447401
413021391
114683454
416499784
621463306
303839864
118602028
843236371
100106269
931596687
991603777
870962425
973418662
33231400
813985555
727304800
595044085
390067490
115989350
357375209
321401949
320879329
806766898
885309661
631714014
952689072
379970582
607552973
779146045
920706998
297144478
343595030
678099128
532905708
985279621
808085341
594732517
420963715
155007057
915139150
517952435
367377146
687309210
914292280
74723819
819239045
949446516
829928440
732766794
930436860
555137380
771843665
304648811
837886963
620557242
220568071
606254491
229373792
784785768
668774233
923869280
511049054
64090326
179399270
634452209
648008746
192863296
440512954
47951778
5900213
132572282
174080370
235060433
200850199
839422773
954024801
633570118
892474617
810585842
812474968
3242555
550042141
874786178
848709183
365569617
525300812
38946219
840212164
912348464
764711549
201830850
365358725
636177946
486232822
991269869
6903381
303286820
507909939
279840070
426715071
626375748
508933562
781976661
726866580
797864578
381057010
536783232
103798611
998464188
666532439
586997952
713779872
418787949
972310799
665531678
373827138
636262874
215381141
813829652
109151397
609062527
352651130
528164488
283240228
804069361
767213555
537902423
748827609
209580329
832519392
650737981
125660179
612634547
383870770
186099219
494308992
768065479
147919597
50844605
984512606
988517579
935147606
841747974
245816024
177713596
488050977
946570775
663867145
820701143
617442730
370640505
87905678
694080285
170688673
817652543
273724618
980769072
498736432
922797217
30651023
843154585
787955621
894218281
165944796
15794458
461337773
101145325
34917178
786211579
171222685
605761657
488343276
164536536
829317045
120633817
673914920
510903154
282348464
105526632
316018384
820642778
874035276
928126465
592137597
461878886
562832302
431579892
441945873
566218226
912374600
513539919
269329047
225122379
20193582
141358020
200561957
40929324
675803178
230021566
716375822
386905652
911653597
877655565
649478457
11681073
882297227
923369141
864763239
50054856
143737622
762821462
698420608
393209800
606778833
210008243
969119308
859829154
302080684
704065909
452962154
29757881
659199450
468698951
873836978
657682765
336432610
263220897
144342953
687959025
920071858
632985595
835099975
52326897
389150808
929112730
908989179
996379710
278648007
580456523
579581658
639463159
566816651
391891017
422480603
149553137
815119310
876119245
618343544
810185337
172238710
340732801
738848638
971737267
777059410
686617941
727706200
442954646
3818586
991795691
675248461
619076329
779026188
176804214
129982996
510752026
927721485
646093710
4058991
677666101
301019063
972739597
581181146
721624159
124484251
813498993
462941228
267308432
46218347
724283840
842563454
460313363
644877352
334157615
515720314
579339056
894136955
863362706
275267485
702532866
201406529
466034533
992561123
286852315
905208060
960505327
860436970
390012437
261908021
911728576
221831650
169025599
872060254
940677441
509166274
199499112
759551654
17224478
847253016
963560415
223676713
460397768
396736298
279534745
149232237
214935098
974198976
444868572
661083898
550643939
616615069
64358779
370826224
301526123
476259571
834984528
980178472
294328830
816416097
163978923
953062022
72928790
5400411
134489770
502452189
673537854
588253108
704199909
824991339
316221202
819787401
876912476
16109690
311707068
478856153
741008760
69298235
713026377
137620078
690272962
986306349
415568398
728928538
711264080
295113507
157472871
798199374
570534130
464417869
674181745
219320638
465222823
200808380
683274093
10498393
150747922
454997357
262246528
777082554
475694381
626681988
269999066
619877231
344862696
730856536
739702591
48249089
59119155
822669969
735250810
765686293
267152095
156708752
126143135
177672572
537493623
344000251
294136329
839376262
344979318
875338478
17718978
239782039
150809594
96900563
354564578
676104096
332835595
301208675
328108230
286011403
807051706
935943822
661925695
63590974
716307282
795691165
384065841
980407542
555410914
109223782
739080218
747864159
729167058
908495450
952168542
308514070
74665245
505601521
473004768
806747670
160861027
422870264
432103236
600355901
608963010
30217026
469067637
247962132
376291958
63598494
715413492
757910479
494561738
449239406
958634586
331208271
494783055
62552161
461365288
741802457
959934408
313728785
283965347
235755535
136258260
269854817
510614980
242314142
144732020
46050507
601438851
827234073
828203905
521360559
125150375
384181441
503840585
61569794
454627962
686090256
326623528
136103708
604115584
491812420
393810288
981169738
253302421
279927651
949860863
620960270
813731014
12113084
44236232
731202310
846813260
847132241
138904916
196347700
464097641
339108193
519602045
226753494
103230112
330241451
462159641
888179418
929706572
973201177
324089031
574453144
827367684
433213261
607924197
775275031
415178929
823830700
709613200
792152926
841945245
155088520
16552396
230687328
292453278
523771748
232319491
589325767
782997840
97001595
674547297
278018133
245276524
307492885
597472151
115519769
166488210
99870033
32873596
273874132
29652778
505630869
51463165
280101242
955838619
375407719
793592584
380517753
404188885
268961200
316023380
22982560
137519041
346751989
354402453
309009120
322555797
288914717
934300214
579458363
97921960
872833873
105181578
832704977
298653879
46070898
329176619
519874799
835741108
492404428
608786820
315308895
790957103
435739068
762500147
336314376
103625355
736451152
274848708
917045557
730179162
851801736
185136882
514036639
780978214
651564737
140499092
898524533
953090430
288463030
792963971
877573492
165569818
453415232
175952171
156818904
400449290
218758186
981447361
909767720
46231099
273717785
544776643
911784456
660174379
714484
232025455
701779971
584251840
18088077
205383764
586104643
14066008
17254657
849279199
246120222
687696991
591144938
51726763
647089141
905571805
430652084
566784368
547278077
699440455
731213327
149739077
337541871
259786896
605681243
935865085
884867168
755003790
365080986
870814458
456461377
307025092
273352424
853862259
780263729
419539281
438719119
314272693
935002353
83079265
206859328
863507483
148315160
604136031
929831948
469121912
809304351
167031423
334358219
4195915
615579013
706933415
997498564
212344000
928961051
850975405
894483582
441993075
978570596
82222991
320516595
831100851
648985021
146440197
392817821
939095128
414344566
737282678
271463033
227549859
466852686
116379391
631782014
464198812
492581127
867705842
1423916
733405839
329954947
136559331
126560733
717835744
420645570
360885070
255235445
749527961
309526527
61008423
924901206
929288322
525055698
996726042
335702095
852779361
762562668
375758475
214522462
1874963
211318210
990736818
54777345
72021673
895568388
106808360
537343228
499199621
75151401
533299752
719762872
61255208
849551489
161077743
112038128
842011265
955662256
602680849
410455281
288099950
891204751
643289859
629568601
353336143
812381470
342174709
702494160
470126642
780677294
779002651
701636142
116822651
653183380
999548952
522087629
339218127
81781985
54539060
822267354
313837210
823541841
756035822
674376560
776226773
341245550
863645998
79736833
363977954
884687914
493690829
897117104
159881818
965303193
926422510
110670210
568028349
361168216
701441201
259640202
553393679
404314198
67216585
718522325
296148748
831663609
602940220
