92415939
875594694
251400224
978583597
346050995
270100146
783904809
532105752
108513626
660603155
733927179
826654488
190856129
462085508
213957305
963900097
688859127
636634527
795249197
730408283
136012836
909022275
174916154
784999040
491552251
130511641
189252123
451590622
569723608
190154734
917291126
134771690
4892458
34364219
561149554
458292514
947103530
188165840
305155668
718842209
815701603
533565890
789167203
583913297
170362727
730411206
895833071
995860865
757114848
724160415
162299976
795845749
916093057
758795498
840430921
183393662
700678539
466401182
487031346
215539353
80848022
332314186
962382143
918358891
743312027
599155489
821762030
156491910
900935953
755664790
16796567
500693286
331478859
76406988
914706678
602446945
119855071
591002856
614636312
761141043
234678569
193391257
694475773
845563191
27854757
121445377
218678631
246096959
193933297
377755892
757613973
480702347
701134493
89616314
637994186
483387417
571183745
870808311
840601268
571207237
908649175
739341161
94924912
1450057
707363848
661606688
464366890
839686069
844088818
237983975
63538590
109675683
851764868
725890301
980860783
887456764
637838411
116818951
890504133
621866650
380476857
575665070
962558611
523180060
998050815
536094218
799558792
241862544
438412800
431319261
31263200
249046759
750401587
43429075
852491867
495337407
98466345
693025716
138199343
366248068
657078486
378992561
402008139
955949320
314217302
647938290
628937477
975244190
108755530
750537421
845549005
454364793
980304177
218734617
190730380
332984104
776782548
571744850
3399240
171269629
862047894
222504346
401273268
412769557
206720775
814491830
359274094
808335793
873398433
485523375
788990419
944812694
978619607
524256065
964788163
1484295
173656931
6609291
208962757
350112525
907156739
824314601
133107013
687875378
585770255
576898405
268742580
531666969
852698693
519507762
718554857
526721493
689626475
966929712
504200172
434574140
977719291
989238580
749228544
499725470
288664195
820601683
101845757
623232153
961547000
900736310
475745185
456048112
253946453
189246084
159327173
770173257
362782093
653286714
264112889
37733293
89397332
713397889
826999301
629822369
545749249
827607124
955637098
353890670
766968517
262268926
255186218
11689894
20055892
530214023
23765002
184418349
257380745
709237285
61448329
86555056
722468844
509874858
726328376
685033944
101153219
812694467
277720516
663452609
360180589
948381599
163939400
36339760
702816823
466466878
345176807
264321402
162239279
119406175
953976220
461057070
864964583
747955085
856263635
699278074
645550091
464055291
435992219
723732428
165481081
974908822
512792511
653544806
591838385
177557833
315264448
579522472
987069511
141965357
528669149
733054780
549886607
292184489
993710080
818586916
98329526
218846457
308873070
553589013
185037216
759443598
22179070
137974570
755261064
600391257
221590471
974513757
653611221
27050302
39483852
637097927
376702248
553988086
497971527
385271766
435589087
510394592
444501374
525258989
151202430
765654333
277251890
20273921
590737024
220921439
911170462
572780094
754245004
37676718
600948548
426703633
155182220
882403205
538695212
406037481
952729751
374817941
898283740
991447127
955967360
340750689
925911250
960019208
102481504
891571220
356352532
995898520
794212960
608438313
382997828
587934932
774345082
783614079
402386582
419382881
482191708
1905149
547237544
534339625
689220794
648810376
220268753
615934502
426101753
612780218
481915706
494299042
15292874
91934046
432542014
60771146
612110851
453054245
569291628
810451739
839743082
317232680
917792415
699165803
864568905
915271941
778567133
145806690
654678889
13013615
652358549
371568140
480016622
119312331
923845772
950824601
827580395
363944115
302226333
307156984
120481935
309976747
533917455
489701285
409655513
862053489
980605645
702278914
175896299
322226682
975824079
321290836
214322451
591934841
579639798
164959027
84112732
848071740
669770718
773948852
870243242
74462063
961255612
413088137
960421667
110347566
14282419
895980542
168088272
481717411
233190750
248166736
150827912
262134644
689969804
529766335
783315224
428091129
289510289
2515416
934666294
76288219
969910390
332452207
37189534
331067712
157245688
888081779
539672531
758886745
866711869
979508654
694173396
528277480
436913740
46019872
348721133
120829318
529279617
299307946
847771069
84625103
534190641
694178887
89035931
727657343
170462924
952187806
901965036
49873462
381643802
656021601
558561450
667255301
839282556
793955023
104551671
628803405
375898602
629353954
953101876
126200639
356308010
409201526
615005540
253682094
553993338
622550431
825220902
643949931
181045201
662485906
898811511
990202342
154744346
850041190
542097576
275731502
243416275
309532190
160604788
205057881
986116742
489799068
377242943
210690267
420947204
26918094
688994922
642958716
941468199
719917726
744930714
899925661
346206069
721570430
728317092
124989115
79173346
835353836
173664004
547912492
126966903
258015104
868828259
719157895
757210088
568359106
512510955
989241365
251857446
828820168
385387130
66366412
468749166
748043994
140083895
866508940
31958583
404315273
832734888
527075244
933555507
182262186
702481730
461127474
917555190
998885848
643996272
433173914
121724097
417108461
196558156
408062437
135868185
612692295
78090977
728101637
620970808
658085046
453480177
852588096
514407138
699753555
391101269
112648031
334530596
678564301
431176495
598162073
581486534
861808151
93030531
674858072
2618947
646588759
614356983
944704716
555533372
407700785
801602703
758324238
924362833
79337040
867517268
834748984
632262011
977324691
930498226
856056869
669953017
411982257
245538132
373873535
950835094
980146791
12668106
233801952
791160916
589833699
126596877
238990888
567709353
45834199
851687379
259915944
324077929
521700082
405443490
489279424
998335311
133386260
172568264
213270022
856482342
695155937
928225262
435070097
832236286
556352283
480386018
357205903
748066074
575119624
928209055
169504276
616270019
719156995
724022977
22472155
633920653
380555030
153543800
965699672
281103907
562611814
190614885
878528633
227649660
607601323
510671054
110561928
571881201
441218802
857721557
536566756
239413993
32268109
517391191
255679156
51921528
577598008
401565665
234808632
109447680
769390972
490924813
992589727
117625143
682183102
643645924
604920933
797677104
382971334
855358770
617780280
979842458
206868590
932166113
293870527
504541052
49696628
207420436
224634962
45681229
369824090
785324701
306847272
717398065
391642298
930090282
584001909
201765803
468343820
970550625
56322645
978989364
918735167
856251992
511712934
71687001
198025156
760903490
545466557
963955397
905750120
312884822
188909866
585860030
239941277
556724297
32545402
100101995
223520664
751138103
2224899
370177571
176930702
189127402
739623589
984066270
184077541
275191662
725982843
752092818
59644015
403155129
329333284
412420708
799036124
638790914
61107291
350616597
420453179
222183526
306515895
288793137
661953878
260679564
139931107
56939267
596414835
720987240
477456788
834918000
897544879
483899914
978245138
717205716
968325725
686145072
802058662
729607764
116628403
527646662
887609458
922833493
34920646
793373737
904311382
502594990
983551537
776489156
786823905
601150361
495617005
681928804
679648814
1337138
444622207
713431761
708223692
916251136
49196294
682684321
387651434
463090299
797734872
891064842
854547937
575744099
424909990
612127566
444094981
112891051
836732251
331499525
233988194
892806515
334574066
383682401
253872491
868580139
356368180
637336115
73387728
819925677
934163334
876306425
339300994
215616075
804251098
976908000
272583508
254893964
977921379
885807524
680411469
433944080
139995227
424519159
125098620
143855802
938825798
328567283
77685000
371423970
332394175
673932853
764418108
164117480
447940610
786842298
666763070
60939806
459559269
839643551
559882956
411860178
609296592
567725756
528926964
921428446
551763848
638931862
771493000
448001989
339544058
189201017
134969671
950924726
651088054
800044112
752811287
910054906
258583780
110016688
929754340
27800897
559651115
701963757
487531502
260230481
111888316
175183514
767675464
17408800
310144929
211643702
795334693
138277828
325924568
268551291
824647487
572269470
895592193
203670173
592091953
299893936
557074282
629683009
31879912
143193157
538963182
813493381
513029424
647896496
34031010
756708163
802356024
349542581
909889210
532082058
852209061
907332834
80194253
268696483
809540129
376580333
871256396
754084199
137857059
127900355
393866322
996691842
625000157
382536763
975396624
180541817
14462712
54913607
517924734
629860403
470726614
929968104
670083844
344338344
721267297
298394934
662154089
119778967
983377788
553436765
409287676
445792112
228388616
793842508
416342229
917314651
492075216
626895710
394130043
215511619
428637538
802990081
491825950
903979555
749326834
542271339
188493223
130492661
672499871
853489192
742245450
747442417
831617846
280028806
61355444
922240955
237248989
735855908
547429184
511145195
714426243
751477428
770706410
584420293
718612678
948074209
768303225
831157648
966194532
58081972
688466599
387567001
660783563
302413114
201222864
667736532
438142154
766104287
595011509
178995958
109901710
531661428
447279095
129888595
811191313
661845258
614174265
948359808
732487064
494101272
680065662
756219307
79466525
882984846
501085375
677160109
32283671
907405655
185366877
801252623
773968112
357335574
164298127
614417899
165022593
354678449
86658853
529204731
78805942
393618910
484098801
471144700
140844398
368433225
401243484
182764815
304198333
640817814
773228979
56767420
333899944
819943415
98670584
472093260
378016309
932247290
308100476
777798715
801327737
524062754
635452861
530736498
580737410
793758885
405027845
752566135
367363300
832861195
964866001
456512864
575186404
84969533
869553866
338868153
10002471
208920961
615374908
