51476848
807716335
99415766
880284854
880305625
285825365
188973779
998270434
673071775
751402474
93780302
482278894
191734079
212277254
62740588
966059248
913245889
87466413
31332970
991434632
400767443
11975207
765914958
440758524
89046368
887919548
690832845
571971490
879201806
658838735
837317797
897624979
665312975
433854137
85223257
227743061
748008040
448536538
998169599
118855961
618965977
418943486
658661606
377825380
423224814
249404517
706658420
265005517
591795541
956205295
293283941
494350400
492048601
949563634
542044664
39501640
41801377
658657240
791238485
992386075
594992518
617002288
119068628
14233040
914084676
196155322
816965918
757879941
127053996
834997526
218051208
464709350
89296813
912477008
372468655
981823956
353313599
388089577
17533710
839641849
181261128
425827328
980175947
922996510
365554794
342967397
405576377
715749339
891809471
45721616
185941683
89350799
657298051
5783523
523863441
1963688
299874858
644428566
463740703
227069491
432438598
948778478
137951520
756798013
738154087
828574589
405053586
579571592
577094978
560220707
686188039
653711798
641123530
951596634
811124946
169165189
636826339
196072116
648678245
571117278
790578943
101216578
866070468
81332380
649055842
128700408
807411297
83513289
388613566
370504966
681949097
708885032
924348873
790464217
407203251
232482648
287875808
223377934
184842422
536980203
937913809
826004784
138654360
331588763
359533575
532229884
448227268
705701415
194658575
354698252
365137348
103802741
995750320
892623423
436490547
331222020
82708009
56619139
107742170
609453679
21163291
321540296
190958026
206590012
878271609
977303006
729362923
850659311
544393383
578642298
881289379
413448405
11229693
111698041
633203467
964574157
962562216
534481705
721798803
116825958
680473138
101709881
888854712
33915313
5367618
578146355
713134710
31725449
353973670
75981230
149774639
231256668
115635763
575388742
515816911
616373513
635046758
932064347
453317153
382230568
802866959
597567956
161308032
616016276
473408872
951688942
92573048
884052278
259419955
471916388
368659802
548226303
334820335
990916211
928980539
919453409
432685583
157042712
201222394
300125254
264168295
697637473
496685641
468412152
428867658
650032710
297812641
435840950
595881128
16829954
329527399
30497868
81164552
339568235
313958997
82905181
940401848
272838435
560506440
53678674
485573307
829082430
772305493
882057280
707321426
601548335
896436332
124719550
646408201
596363501
183687929
478004045
730841953
153191898
118062272
105229486
100882315
692895878
187148617
823376160
653876300
656732096
288171150
242590000
142388989
338161934
467061750
995252098
676957214
846075358
979051559
159847147
596536271
147543719
814551945
435085864
925331979
614628359
761090724
827319322
753596377
173093091
789432747
999517626
833142024
851523352
299655913
927972652
221505963
208729511
982022865
247505969
85689817
737130279
399802373
828841209
540911280
529715492
739668290
369159492
134486584
901184233
447762335
800332842
617311941
23840782
881467773
583298234
338639952
682976407
179897505
486253954
931805152
359829294
69779782
480783209
867299348
288653523
409447975
290865635
38506020
539089097
773746134
468227703
864052492
731545589
74157329
859405991
747741345
985710735
894174582
395616486
874960068
391931232
692832738
852412142
725330754
989099903
382205684
809301241
970055578
716357678
589332700
538529555
28832005
495768910
315700815
725860522
667350496
919019162
961541859
252257757
120267516
448802654
330653471
595397486
127438098
979534631
936280349
885766350
949683452
22061781
835556888
352929215
788801823
784281017
611293885
539873920
666996555
217367639
755452453
878199443
906447837
600146733
320810056
322148341
949756395
235216579
439395698
368283581
415844774
348296805
192055494
828722181
24168875
641916824
275348970
426157413
61277760
97435252
724974044
745796122
52819554
496439333
859617787
947993796
880800789
236403484
749727730
244550986
884475023
775826894
58863967
449982857
163566708
83342416
345809919
520120782
127992598
8505130
645641089
892221518
540138933
567996767
469921576
601386646
830006286
6834706
328760340
146884999
508932047
185136472
478596159
569561302
492393593
9656331
825379889
410008503
740528944
372816258
441347551
713352911
485488847
194844711
483808556
640017878
289432837
742072636
665155472
940826458
296106905
755228186
298164814
52772630
451794162
832752524
205657189
484822786
26517757
258231141
117987510
873966082
907643143
602842731
735618937
699338551
297230734
489302663
957589262
153910377
257962526
935801415
779591837
755176339
567157577
932288176
406732670
345294221
84188210
829903696
311953808
87933649
341679232
387933880
850778093
753703860
886971656
425823529
117767140
659641068
803999140
340557102
383490745
482297803
254828747
567381467
805709766
882646115
459225772
784470004
342787144
800130173
784483373
511245094
682863932
360305488
975636348
542988474
485615051
519505984
426019854
860362967
400634575
196614060
946277331
30053861
532286850
519709262
752064637
981915076
812366894
871407203
371535523
297948194
349911236
917405422
552310669
297294033
500347591
999776109
126578410
524086554
886068447
299718205
487116551
511823634
303450274
830434136
705069947
490472604
778067510
343983182
940208476
598261155
233621213
943636172
939922526
186876685
536020471
224774886
35094616
286000504
130581477
477310694
972103109
471379939
428594650
486535179
161333858
765458508
807994818
678342315
42640882
485838941
392927574
901933298
974294518
100916369
709497507
434453696
726603585
701852712
814639314
261592033
203847566
468383711
931198725
773274366
64326980
406275063
977482894
365433984
761273561
275572705
964681492
840577905
393505077
408757752
327615095
15736612
83228984
816915093
669100278
939611437
682477784
99725195
301342299
454369535
205333581
331687914
969341653
839006156
477379176
101566775
498171299
333241903
471361188
868989443
273463128
503719397
540181212
655320282
422208199
755058794
787975613
442560834
917068752
767068176
521157447
552349668
508428221
565536765
773301273
693760895
351224711
909688490
32752434
875027875
579114247
104122370
167041411
476829190
567940785
732639064
436933408
138476738
888054806
659706785
777401404
631439589
369216716
524515632
135294624
823895697
475555398
427908701
394706894
914041482
151635824
239916950
182656441
534274122
933212087
652983911
823259692
403804888
65704883
783618279
750342062
588482807
300489468
596333312
289875196
169340758
336677986
63352022
87379496
689569133
318125385
649498874
554506026
257361966
989666770
889717856
183132951
983912587
430242141
949405575
218205497
923316008
514981596
118710950
723392050
339197296
921465927
632767287
543617101
914956872
909379371
33128520
72771854
104436526
909364722
188918597
330950121
772883402
234640436
965953864
487217711
412203375
340529205
705137759
595916097
502136948
685410923
925294473
544607351
43494230
469850959
839347103
973562746
116299307
565412782
827026052
73501211
181778517
872941260
950677898
247874829
703910697
519734920
172422622
780189761
284996865
576727020
450069499
347997243
800748172
558767735
410249548
749272150
464288275
462187864
806002120
582786803
809843835
522794852
221255102
653786372
996171452
88159935
500122870
445105912
70032267
59565773
956472546
539023743
82338669
115417386
149171603
899942141
283962536
718079034
783307012
892468454
168106582
924947997
310919232
925409927
235341423
577297229
743859177
484726493
59601411
90074952
509274470
654111442
759410660
244239249
263657374
658983663
651686158
296891526
251703375
615750761
19612049
727316708
710157493
225431091
620254472
911045754
265658574
685330786
409596131
510307406
465309614
746209239
678880850
913533665
414680221
884895837
211875620
295845173
418444948
418874223
344300756
15396377
385504501
979957314
550291301
302361104
779613082
838099419
851760011
490187938
248255982
987071009
466375658
167556251
872856405
440789872
214790503
85488140
305155454
324295668
311638655
58528391
75130362
549294004
624765337
763065230
975230590
845876993
829559026
378761535
447108043
355840985
878446577
832829151
271450004
4215672
341812207
730200178
675139789
317893368
131432672
427559154
833570774
919408191
262051423
478238603
279833580
511324599
40677260
973890347
670105334
126387480
990689718
94149279
107235567
285772365
940266014
836210495
355191976
787226070
327130512
933736087
8540392
472998475
43079895
892414996
108624431
633546506
896106245
868640732
98977664
484590323
410348349
987262084
192862995
884079500
224957616
155722169
287242580
146526733
483231649
463905991
805199733
855668677
708656199
320720562
365151265
784297297
725593584
985677638
63949657
505601710
375008201
887913718
990762855
197696583
419018761
360572298
876328296
369636426
369614172
646287073
615218352
172036526
874912682
185515010
716039130
3427633
901286283
223156066
60814748
784543844
548967915
208665242
303994420
863224519
128536354
152871713
764342275
722359332
527263730
324327132
907952920
910428606
804691075
593375953
109582121
522434630
996499227
995166411
465060738
864385317
279393872
917606153
776912560
836944574
848687638
633163206
980755994
523141189
604681431
361723632
883011013
502437517
924862889
279405811
956633794
166342959
583919297
127538336
69160229
266147048
596230022
153968963
842372694
45287039
738334151
704789744
367345449
281536729
75932888
193604499
6928404
906119870
758095327
196429430
505149972
631361761
431752681
467049844
14536880
495373147
172115718
241201085
117677900
165540098
441316118
405515403
985565716
525285264
636742157
943239161
938515331
868960891
926006182
198913689
268155294
125424908
75233458
731625521
98610423
143897894
265817756
699219264
447208300
411076931
354795227
976891141
744342189
728433458
774255837
325272033
734590277
116869452
113001455
573787080
94031330
355028936
36291062
676832596
603970919
332818748
719224026
842060184
644794571
