573478314
886085971
976545851
118904900
321517249
367422483
359135496
926447852
421741632
967079651
403535039
874719825
692421089
782552664
758929375
862505739
783631297
703840762
875063442
854160713
232589268
106435759
869054670
235433106
595122901
463653403
101280949
698976221
822788503
958055390
613081128
412466161
3597737
82389361
423632016
454185121
307898593
567086845
160520309
895811981
561584209
450131834
50835942
840845581
64386388
617613350
444794849
205010380
367808752
451983264
864115782
318066186
256930997
807615555
665118356
467042554
17031300
741112745
523781997
857863845
266141533
660159274
103659348
463686241
353998522
991068877
871122088
610031728
358920648
304744253
554607145
216544452
543320453
979251459
292576504
782457432
55599817
28209088
171046717
977509550
18858553
896270568
331167468
370805238
93939608
295014941
155535163
195982180
417271003
956589460
437153820
566785847
43304848
302656462
629670448
901424933
346472486
587149700
486847059
73317510
746491261
834763119
846089730
63064499
897376118
647571330
774745732
277679537
515039051
882660923
411442737
988822210
570066027
546272446
839005291
369870963
328991806
732854108
369746632
58983580
835533713
675139907
192760724
402331187
867590432
987821297
173239603
240663990
349581011
391151570
435984946
468450115
541362028
97729207
231018288
184095432
50180838
268102968
473429119
446368276
520269208
877855625
680943128
534610079
545146722
448331608
996719818
497032401
463651169
259799484
572433127
613618376
217403067
427863478
237783795
71351353
642002395
443758543
195474066
909554820
474331726
534081741
928098524
123887481
446675976
942992621
447460182
472336819
315254157
654909859
319690125
60888837
259424989
923378354
538714370
957678087
994196778
658150643
857184463
419258823
991101477
676207201
777012819
89781526
818718441
822366568
251047048
113498550
859945411
159666935
542093036
606422294
72628902
563874298
972036548
986187466
949757099
557055647
87934102
602154100
871426
524382999
181778244
808741309
940109358
511544289
354193386
294024711
889149106
280105706
77154573
983851750
586574078
776215241
918453341
798124524
757068920
838316997
305169038
624309407
691945572
333961631
612391406
155587221
112816822
713267830
988259933
695550690
951341805
552526903
7920988
437141131
570216540
255030363
418387396
466718477
494428957
968271509
149672167
307174152
468173181
957022335
224349442
579839705
82512361
558241284
19848215
296413659
645420955
173912024
229118545
111440101
251886608
463624694
910208526
666909793
911991591
26191022
695924487
226841527
523284354
658642695
342682905
336622203
272184717
640013441
413635209
331543715
357827844
451734863
303695567
788797410
688644830
997994885
156136225
734923236
109612189
32551701
73074860
554575537
693419614
691846273
50129734
777429780
323408357
896480886
185254522
106591846
344821835
751477602
554726885
468237934
272347022
922830638
783889796
809530484
614339429
887727238
307654988
442498918
144606074
688304498
938585814
193686091
870216455
440321134
422795269
253891722
307488469
175285289
557297604
879439890
953116160
141348950
533421911
831438079
608512961
565253123
13213845
375703829
454758919
307043363
986721878
606350241
897007977
835457631
516450388
765814190
214105089
346605739
120583807
221884949
724896711
630575940
409969462
5115116
753260458
856443641
907213324
883087221
473685616
931362798
799103376
169536545
194179998
675286993
515121773
130998072
389408726
952451715
201017523
49086305
874513393
931951157
987739998
837562710
701582619
332235572
296678113
34758823
923870745
656981078
39786633
960882728
54701482
335412654
154543178
322540220
731379486
528306795
78177621
752069318
658039798
130126622
902018211
523396119
507939986
817185333
412170243
221720983
320335858
385452315
376405463
261653372
145588215
71497501
347371555
792945553
642835940
572406751
303532495
421024886
559765528
872454501
959216475
816704537
891576165
838220646
114835062
858767342
520743815
192581552
399618584
861101930
874274094
448948203
391046506
744386770
29932945
464343879
329622723
884397285
920065328
74957129
714422963
538418429
280575615
778133259
815294513
983203980
988041098
361597624
679704278
158972735
224774300
657152733
192303790
785585295
170910145
85313674
631819952
669719339
702350270
553402899
700977167
127754305
985833730
515303532
387379277
696640011
680450993
602984783
763012607
178492061
242784027
419135209
500959556
484808399
158031537
420798045
536128922
113442905
22926133
131631081
870726242
159146191
512877273
240645849
636327630
217121360
256644413
605461209
573476624
944619270
832523925
659903382
182047014
366662428
373979961
586668657
552584698
765272081
390753981
118654502
302752986
385056315
598585016
501212217
916188706
805639089
156193177
707495390
627553758
750112099
549184751
518377047
646793206
570719188
682676656
541830976
614877031
745187881
878975901
170257917
439995597
74989784
29508158
818393335
345968134
582880643
237088194
134297128
110828437
571362878
868213346
770856839
722688922
904271630
828878093
485669927
560561173
11665056
324457141
830688539
60928183
549149022
977907450
823364524
395434519
314146878
13110176
611327825
683985771
832148984
971791625
807396815
886296179
220496064
678658903
227763202
355548156
780191679
155244082
333308062
568550894
21896048
596666952
56190879
881898751
778327911
795688123
742521575
741841094
197006728
981269801
603211974
420730740
48287361
109329734
890846573
97082332
206143632
422958816
31821256
569770467
625760368
450311355
278679452
599571252
60816531
884560658
502192858
225612726
601114890
130121770
780369493
856420972
991149077
262137645
39032134
952482069
921716570
941465772
617106606
518458754
270588600
869486730
486979042
850879181
368579650
386666075
838008818
111166329
787812328
130680870
149404523
357232862
123422826
763537594
942790524
571584691
317987499
456619626
821082220
893767251
293495265
516908848
140726203
66884958
200900308
746791001
429581661
786149714
70297600
938364503
175365760
264677859
805852208
513362501
299181866
756273637
963332312
427800270
230991601
674150454
46551840
391026528
437800396
470434020
980717245
423136630
732998146
227611482
319347120
467447441
634494569
465096944
120383551
723339354
224963488
753679750
728760526
420094084
649978873
621788648
957084413
51859103
40868729
849447824
955315108
884726663
551380653
610060324
464355727
186516886
608252378
890187228
225628024
146931765
847215411
902468735
79108452
670292182
86167711
777763676
13792854
201970178
466802594
602850157
303869933
710268815
144294307
82512854
288399012
545502115
27513110
543238228
777821395
609202952
717066040
994692735
350157798
588352570
515118911
95990582
871755976
122937821
763255754
132830233
859195061
744307340
239468920
973451784
876123941
322494752
674571298
58468344
333926372
872215195
607995793
755114234
585056508
438018570
545577890
245046293
740432355
468867798
321661312
918853611
159003775
65014149
112365832
616425071
429865724
852522674
552310937
490755880
155173270
990177127
906007699
890855032
438714423
333972361
743655094
559562592
470799894
170842522
206388911
965904259
870930816
969044765
209311855
905606199
1207158
961951804
409636227
912139226
42774680
270072617
355558226
402888177
801276508
844402141
973826456
794180912
631941507
623043848
543586060
23601267
770183813
183815417
903295072
343749244
966207494
717140760
316399811
251084146
694363474
986015297
774246397
569589832
262478886
355757052
47922795
189959009
855702293
206759632
615217912
467913918
442886446
640171709
447981200
885100651
634618900
503119521
89578523
594312281
360145903
949474181
927621084
847756045
627256461
182787644
195720445
687115398
65749692
865562609
939398703
284066396
645551993
158552080
217775751
56759381
495826219
785968392
140409290
445519455
796479345
783867446
938478617
425181874
7825935
75672141
580714819
130012104
735834216
18194420
709130342
463087972
627562237
722087529
890938241
744889292
58394213
926490351
942333370
79691242
160036607
360807396
124209316
990139682
267360928
331151515
822361924
284334366
422395957
391221818
389274432
848650507
362710231
644059066
797832934
576278456
10995564
502439209
839930109
551584319
602072823
65708341
951281181
47555271
156432267
476310730
656504158
923464463
267613837
472886458
998365167
569335867
843635020
60718047
285482848
435671949
659658129
948338933
157820945
676674418
253310215
296380453
707616145
344612397
628919987
860479834
100377741
983503169
924254593
314659785
733893727
555955002
86560241
390749051
477618418
94328266
409526214
76654044
833707415
791050197
674647356
898897459
16720528
949509498
392856650
819938564
5015486
301992183
358576217
362160984
916620325
62656629
344618264
163255690
298274103
305692369
358092194
606668783
418635283
295952431
375932988
673000988
999209868
952954051
738992730
442410165
482775625
452885969
583099628
191154582
26145735
583004085
114631518
366770746
2027062
354412755
279659925
758106646
951755746
808981421
855464348
798385557
624926951
562093609
398039459
671237097
211336737
923304549
92474947
171926048
736236070
802857429
658018760
537754983
415117209
1646368
899687590
63766476
210516767
950446484
337162938
552129515
718892553
167421635
336015249
333616240
948025110
977847516
161228628
943861347
26032444
599985547
654913036
609653860
440488082
577547430
48074036
437116259
554914591
67755632
231073427
559471075
360411022
411173579
454918511
223288304
924985324
576876533
951653536
380693
454725164
215893449
547589878
1309262
471818483
303334832
79493003
457505316
226078359
64423219
723211986
233489220
762075920
148613598
145893603
136250522
147944393
48364899
97266901
837569777
953572330
462571330
508851883
142761135
719373056
777691861
191718493
307718973
712503122
112726944
408630915
371148577
26193979
160847934
489136183
810138994
52395669
653603774
137835377
137153250
498054426
590568719
211037899
