126564158
300083623
804973950
342739551
30574236
787250675
697263702
468466710
653584033
111305869
58486817
99898340
743277658
195332100
364301224
85456173
994790567
374051891
318045911
392875986
705420044
163720712
374603453
533016729
683466834
348338238
993445934
898927980
113623280
214493434
646514227
348038064
14616620
14758856
661119389
584871039
316542391
654089365
719545197
999641561
707165873
204210665
205166051
538571894
590048727
192583934
702441794
84863393
465595574
455103568
760625814
274482485
338887453
332936620
608429466
962843444
925480168
271957220
659272716
682235996
793804739
798335720
354843430
439090599
464791641
710448752
85281719
728518802
534212710
779430184
768913781
340701202
654506693
318404348
685710111
501209379
958554660
836031558
942968001
490882900
645896442
908582540
433332406
658519710
453867619
372031742
9150611
681679999
406329388
698275944
659390869
44585170
994816648
37309200
205836822
908830151
849367233
766075450
73780253
879599974
107302214
973922991
550650682
686165389
686189786
419924611
619975790
20483104
647226507
107220087
4288784
89448610
328989218
168389815
36339554
885222197
365003314
696323719
985222979
92759899
701298141
403601719
322189414
835936764
120039314
724328611
345884552
617197492
112567526
776879958
651842144
192479209
762251305
63368027
383580685
671973449
357931857
747167015
972329923
33943007
752055950
988667505
34453492
299109300
693987160
569942259
715595950
826426832
969646
320614623
543826837
153043514
780852470
981020352
178301833
703700494
651733577
714713917
566126074
961861174
74040059
2778298
907915576
870346547
455377941
811809573
327197303
265621190
784809128
364366103
527290340
617836297
723993795
951279972
340703948
712630634
369148227
23080113
141949604
550097054
8732660
519457718
616227845
791952902
233053121
498798630
411626738
781230951
885066193
679880190
20239872
643217939
181040941
10468749
959902946
749277651
80751928
164106943
843731357
882177585
242744955
449974760
41617704
636603541
793324281
925990538
429049717
829572496
640316404
465671197
334552266
628653463
572764312
16029020
953128513
554582339
386550451
115962674
637293425
956579309
400182834
545966351
380554996
104928938
344126231
884072399
436795356
713525045
991377024
591426295
631878705
205041283
179348755
259772017
307352098
558757899
477840014
979624302
998628619
307062581
69748912
582054240
140914547
419394995
345327923
391586407
70453626
165011920
57340234
405320606
362727199
964789253
526813516
887152046
481994751
696778603
69419763
936688764
292477310
909251881
489195182
715524671
838195471
48890108
833792491
129510983
449304708
312992294
708676921
394370614
76742325
406926147
117334053
330230844
886830396
818128592
405051803
961159999
759601013
952539822
813618772
271783436
656184811
586056417
228699096
667089450
678227766
292196707
777777265
610573494
489338135
541151248
687146992
89376738
817867398
354224240
743858768
92024438
585602503
215816940
942281698
757461331
456334998
662969618
328578281
955801050
847455199
196582672
321649
663866157
291726799
108259763
177087751
339937486
95633108
217411746
59339859
252139054
820191011
166703040
451283216
157108001
535215027
98103427
905032478
535591075
719779154
27957315
512363444
532606156
74269824
313027365
375557496
543784072
10258124
56157441
815448436
993215191
257478135
272898044
819634249
481645093
291875057
113911108
318846694
381078371
364063496
347209505
993743628
600455652
294884380
491719714
271833426
418899462
764533723
785173696
222246303
358231570
757937138
792987204
236021896
819497884
684219227
467715492
589596332
978699433
732702266
633303677
329679362
39475667
401963308
66124667
994660917
547292966
347068789
969638121
865232943
421303919
779256731
523954107
171527578
372569648
34213685
911907790
237721775
582550109
41193939
956658032
779250348
225084426
833911136
457216866
235278052
464490930
36876148
136365
797425865
824159563
524314774
340147260
648376104
730759818
17530142
954267961
198492344
228759713
497058795
724540458
71830673
794895600
919940752
800942383
578974838
233983031
621459625
863452246
785284198
772311435
229993717
7046223
937505493
776044233
854053328
104594936
205564529
944746441
830846613
530169986
510416818
346932424
172212256
41073379
896989143
439109471
875578002
440767759
355039506
79945723
713415446
8962062
85491313
316653479
884827359
984354746
305143672
32968753
878242027
1295020
843031303
173423901
214852166
25114429
594165846
517268551
402641765
872331869
876706488
912935205
748703431
253745902
397913098
966888808
214123640
724898248
622683344
878867373
903953238
139865366
358405028
180691866
508412740
705338474
58895989
221031654
921554908
620852014
891216873
869698580
799451263
172595776
66504414
829551592
687138682
336992916
132080257
147097826
446907532
379720591
36467705
3246132
564061269
442104299
331242290
459669544
611048962
118602504
102529839
159929111
361671402
426276298
129015513
738376660
642889991
662339437
665011159
509513690
966218439
373134191
595713642
781789750
981114995
7007908
113483942
576107655
187241488
568361504
279750125
877130722
592817990
475585517
431959841
524232647
103397660
355158896
616630595
66308440
374096184
599226444
609982691
802952404
518322175
731287762
508027177
373174965
43580262
328127752
186661601
24799244
671981756
622566566
180879386
73773340
784006948
254677954
22131135
557053361
328620357
755134633
272428056
42687457
838852377
225399115
567111119
886085884
994316455
604782865
634978999
287731094
45708842
598702719
135417506
366991995
763151499
792761236
263467575
249827233
498980730
740308975
532527393
859113734
381699902
254950880
205148966
970251422
294706130
358186500
740225697
848719705
333027760
59577234
737688081
618961549
326798388
567295233
964100025
292923059
164176642
621941291
378858508
438797395
693148752
898930506
979090401
73279037
487149060
813887390
310621840
991245710
991210378
772303901
58072631
588311380
222607240
413314320
660987554
583901496
20250149
596859696
591379753
636129955
864557167
786259293
954703332
986131607
861014636
516455955
40193607
195856265
828661210
970544514
85650591
877039437
361450467
93729997
165964981
482769395
275860478
131869929
483102362
480818739
47564659
748979985
857509326
560723858
1504602
149376701
396354309
913484066
906307678
380198528
272672910
567316945
30561537
742728551
574240227
906889458
944227172
992958793
212264399
970693103
773693783
114765575
162584500
20665863
686653310
181033193
226860913
128877242
247349338
178218158
308041018
888380218
113757333
110561014
588565295
115577181
928749965
393979474
984627004
711637935
120101646
126709539
289548586
448462681
697871604
518333644
846477899
618721914
519489768
259075522
538542221
282901683
919605528
512409257
707124955
932799083
586395485
836843462
874070547
820471408
922515786
267477066
666134727
728089519
72157510
384292690
453559611
920000522
154163256
458663046
978139491
550247698
8331789
500626463
850591457
646984243
825216987
714121817
322794258
168319665
334555292
608138997
609387473
988273815
639675935
25139335
968774689
601348075
403436058
655766211
529181694
91906503
519908925
164155595
789122147
852624579
460574811
561459066
376305171
313578913
64774033
926477375
464558658
60826722
280936030
988294522
274569893
418979064
661817798
60140711
107582095
872273666
514049204
705750882
485916116
314376788
658089591
677860911
88413583
47018174
415518000
852211535
516564463
498397044
929481350
886232987
30338772
844176193
711504315
997966877
186409431
263757921
337816646
9215345
103545632
408077915
143580339
548560751
707337784
651381412
750569440
549795624
939530275
343295346
548184115
656908027
577857298
814158042
678239478
474745358
194534987
782713899
473045482
329286997
898060911
212562496
409912911
966161613
131345370
394703041
957955750
430393699
707474748
663850920
873731278
843824173
534457020
504833859
602205250
77838200
170796449
109528840
970523125
437032170
296448732
865722374
912681259
173269117
950212927
272573323
308375689
216180729
165936714
236758956
803431889
403695531
790712438
8529649
111154432
890983134
998165002
177418725
417215381
312634743
693425661
320175741
842320874
275679354
469564066
704359940
122451006
73023438
211952792
600401278
303948908
85006147
812190772
36013312
32838264
32338536
299881236
236643794
15948685
858772045
86327351
741775021
264456984
470715792
860419030
470035747
53111735
525927371
393679426
711222114
79673196
993377723
692313458
657888382
743606508
976272989
23401500
637001904
703705049
245852987
150122317
235352251
4227936
565535435
932810046
718425742
591504757
754699125
975691383
78815895
591101898
761521208
161470039
558443334
226307391
951650639
55718757
371605082
415260323
999528318
651248205
596523633
679344011
500730676
520728082
310571184
392692687
154302390
292406802
56565273
8937036
662879330
532938744
770095697
708649728
850975099
737547084
698921547
537905744
141993287
878530988
298412608
550235986
314863531
120120216
318151986
831907684
133870123
431580990
791955868
920554232
651796416
221741581
704176729
594604780
553598682
556008238
503497258
44807353
622238862
325733054
437202366
462292323
919126110
69878858
928222566
228582463
391374341
849793605
375332291
214103554
356797208
833699337
273267035
120997329
352835597
46287646
364480479
380610460
202576095
478663499
258822563
722721398
500450933
136011039
357140619
441137749
828762013
175490916
155051045
294966860
234049825
654114194
915666880
816260232
441328622
836120284
631109875
244984672
191897649
89569523
440533342
284076517
56248699
577852313
563757024
818097078
948474545
583179399
241769183
507311035
191527759
122886798
842231257
143575363
66910490
714480966
961841388
783115070
712738238
487084817
399820448
215883424
694742560
80365430
980053728
702683013
918032455
457006802
679668706
516715312
415177770
119495807
188712810
113006571
38130156
