431544599
349792382
714972314
846172013
998631922
177805961
963791954
99777516
915687391
880157305
987684654
394925578
740056635
304535625
310558859
384211754
997409744
168175788
511266682
587708511
240974977
227006462
160732902
455039303
740675298
955030498
112789711
48966652
295841957
391181853
658963342
673882472
34818070
87482172
635413083
158479581
709950735
130116816
667131768
368405320
487838078
922582732
756214023
420047673
680823501
278494109
246370821
90071324
21919417
129057917
82699811
28069381
261870282
260510256
949047408
204538137
189059479
259933011
105496715
43601423
65016250
914825301
803935558
524505537
221193962
313802181
360107508
652574462
669122540
152079277
674261018
867292928
501044019
142861362
99870433
318392243
470792438
740685228
774215800
462181188
708659677
22718387
27047235
166784039
308482041
630893961
412012189
774307813
138434763
430874946
969420100
450017723
24620100
623530344
303389070
573012775
118647174
231708485
198853710
367021320
918386600
593796357
420948783
869840139
454796898
215406882
527025361
119008920
160639823
630655164
733745697
448374250
485717210
643315525
334941744
42297862
887778066
637151518
216023495
590300000
901789990
585799694
514139698
238247593
182659175
224243294
842672827
877513673
839472290
526857656
199745069
239083952
541831517
407194480
543794586
114863320
601769603
157207095
711987140
93075159
103868599
293003269
613667989
507779598
697129247
521045850
964300511
381304573
288588600
261091207
685234708
481495654
15684989
608553709
465231328
332586906
79656659
182701189
687180963
230553603
372734053
649511686
279536628
633782166
430910095
494661745
906542731
78522730
99520938
220078424
440528258
730570970
925164377
122948336
486431400
608786721
972131703
6360100
541118344
661613323
259942781
461368253
588925073
578381083
841622946
718249413
223398962
933277807
941963150
211207680
35206661
419068413
470026130
481433536
720341104
454356912
13466640
979885822
76869503
202467502
614503117
885777781
281783635
68510175
820562947
954663737
556331276
892736652
122122308
856444606
360455201
73296559
641582843
25567640
970610820
911365799
60586613
701155544
792159218
712660681
271262782
973264923
136559578
888313257
184871763
21459845
260544840
443730840
402607230
32074488
595320081
992245879
929490596
338650842
47110206
374164999
179584618
520414897
757818134
886959208
161918136
330662309
811155498
85518544
850752478
961910101
777485569
444458490
510822714
808975304
393770299
312311094
187726603
364208821
931204718
641238193
749218202
393470376
883638411
799103102
694118897
112600435
490129421
90047820
261124525
368209320
143805961
302932001
978457432
596445820
731781180
540171714
943337409
905200009
550742544
940600471
162109424
51041034
37560779
222961661
243974275
816086348
932908124
593631925
638304188
283008986
804519276
565281775
407446122
405872012
624946796
786114240
636776485
958715031
192840311
49317700
840532886
721107678
824394018
482543157
818104139
474553568
466001056
914376893
77194123
853598583
368973684
282526593
813466275
990604245
479128768
698177167
355909597
660676750
555128826
878032547
179692310
896497495
451743631
978115537
563690043
578524185
895485877
572585420
971499023
945666938
903395227
984622376
712359698
501424843
100067585
441001744
226647015
555017620
404857521
769420706
350085291
18531231
516437801
784705603
914035301
521992683
751815498
416841875
926743242
926769627
430204642
976099734
403586204
314807762
869625389
944035390
269364047
846278479
918853112
239579953
579067689
893415635
942877868
131527183
950203355
384351306
570166893
312041431
890536660
38127024
471530152
800891975
255819228
785708119
527947255
161161078
380059694
667038027
64080236
41697360
826708686
478644001
645842176
44729395
515462296
927295492
581036172
397551935
631799453
156032193
171637697
380368534
636164507
165277568
190353016
456669655
75653362
384910617
834502246
529683994
951825788
439774066
526305213
888616218
455239474
629312665
720280505
617878083
786860506
708464311
563975696
602326018
782198243
877155751
412871265
100423687
247573458
898148472
616064886
22907863
803315132
172614957
680241977
734504466
866489325
91161618
164727468
90541660
595355102
71277600
85507716
995149075
832535779
534396240
89871570
386934620
952338787
757225957
589489919
886149629
207014986
963158087
610691428
923335141
592056496
569311677
598170289
759008754
752406301
89929329
209096196
177504888
768845729
811594383
726368860
779210831
759532087
791800745
22126892
364077856
464585197
629738845
22522980
715582905
622956594
568826619
769790238
247802002
787284181
25936645
148084899
490347499
308658553
729915256
815892876
840157044
561923527
756906835
142447970
297177648
492991327
405718712
338135358
505425773
862181402
908002827
226303346
20941396
808027378
310660738
627402531
160538041
735099065
225412063
421564432
577276140
940635106
895108521
300378546
23229877
799521438
350368287
971724572
726469656
941844428
718748696
868846334
38930473
995701506
886211815
217287303
2625251
649352775
724949243
871086528
58866484
291603486
517097206
853401502
714953766
342523272
748848842
439774622
476623442
398534112
987546856
755248433
83246489
308350824
238616736
899521936
666815004
456528289
119218092
497656208
142623040
433994139
611665701
563581343
143432706
39156493
187372872
25239889
921815562
93373435
624777279
511185264
10149821
354325534
362697947
285672653
423537900
41707019
585424779
680706603
50672596
910593663
495101130
327935543
954297570
963500261
785599844
730579648
757084770
986689878
550472297
546096961
530134682
227293034
728463487
624872344
679937784
953515861
709968796
675797273
155150399
723608953
517959059
383250006
773756831
476361592
745098611
728920954
945652875
952944081
475984035
625107985
871103509
438511488
446983612
232029375
938893008
283730157
609283771
179932443
253556648
456793223
268155117
935125682
542901137
78680318
981050581
782856785
625862045
737825602
605734867
470022038
331738221
909627505
525556203
327063642
392634603
111851123
554178710
477935978
218401649
56678889
784926771
804140687
510705843
925364310
674993450
91623194
780309421
496434111
685979335
396207626
344232089
530036353
422240624
698357175
455453835
582833376
840348868
695076513
495311009
962241825
103058909
207827273
347209214
5961996
293369763
961476003
912955283
119919970
839394771
827041884
729551446
131347793
961530792
196877758
671866451
464014429
424419839
617536825
403686866
889427386
2547364
129427933
51846267
209527240
125789949
801701867
487386880
827199027
871609806
809801226
271502253
859102196
982624967
256159823
953619978
577099498
456931473
504743846
631994546
713517446
178667909
660389451
657039339
858937449
666656178
212884296
568505559
225362866
26490724
991439404
158413537
222812043
291389646
605883622
959694460
973630974
155981006
137681973
880172045
491667895
474089123
85756256
248310163
29593545
555539630
870449249
148722824
705370968
243257779
94766952
7082955
919675991
985542277
690169419
710759476
342157911
472388593
192908816
542871060
912905652
233196307
262024014
800708303
880170400
651387688
48690210
567712549
376741345
296465361
979989002
421118492
319249500
624571799
140326651
239428323
92911653
412079288
627445793
303397819
796206928
64161471
863134589
982105086
931723770
984356448
238737544
237269765
601220226
895124144
617536549
501242381
963072188
594810911
967266392
258471587
212065108
285047951
368139761
378205855
506849419
302736699
771981477
408905606
263268775
673648459
687833454
295104191
845215625
450741095
617847823
930078622
844942798
889510996
746664131
848744180
370061716
279918927
868984531
895813950
412650143
811420444
966492322
481617200
678928811
478746621
458046302
724438588
657305406
881855063
27363214
807863700
43939526
249239938
796548398
493470228
292179993
454228983
718836310
258075311
296522994
943633352
392054138
150479130
277276321
687457925
656299582
73561192
848146778
118522211
888409869
932146180
416063419
472325810
965555710
695428974
336244376
290364276
729976794
784522153
215602156
963394865
637798783
963360561
423377881
809984121
886139095
595702860
92962597
253193903
556564186
915832732
561082615
610909219
599290955
469016790
419366305
816013192
204340879
991470884
822447037
384485110
876291808
538783194
993445192
95217032
391800281
571613715
283684226
101119423
157225852
1815716
724252187
934314156
42473155
333128128
305834568
428693576
727101248
467292198
801318828
60596722
980598593
594952875
561958023
972577135
371063565
805154198
873034853
496538920
276062668
520231182
86023397
738505908
962075114
831117044
87103056
99015589
969915368
328160848
418183840
314525380
312018633
991843173
95968050
554748470
191580545
626768457
568436064
266162827
163182222
990672728
88911944
737048679
190152055
761850315
403886515
281338933
976825169
20868056
724153466
586646082
698578860
787145305
825056754
636994668
915792318
985746278
972239041
211356109
246025071
206818979
458778206
398940400
49108358
486793448
748578087
988755419
498984824
7209553
780996590
744295107
236718133
606872025
333356697
285389938
431319238
348974717
548353852
200224798
427230528
805764122
122190418
949047311
604007381
831537757
615946518
524873327
166786419
458973381
638956151
205834265
654529414
357079954
20137756
956363242
531894521
689971543
687940321
703358606
13272228
415131095
782354107
969615615
239871464
979858357
349927948
91706835
453788607
539666815
205675429
566817600
437392425
772014243
784125580
440260947
84628560
509730894
794933017
217570600
870846928
223704760
821969000
40011443
368253401
575162325
89765692
879638178
586734268
376993454
753495415
741347694
661034395
844995244
186952570
12099433
23410014
152574801
709175847
624149022
481609808
524239683
71084719
627119602
253297951
72138550
768441838
882515170
572954373
579876807
871734681
22163627
895038524
470369720
832511676
789567466
593162094
742342664
