380117249
883314131
373775363
723334653
354270681
978083230
682296731
647768941
989570157
905585959
308333662
233982009
979247221
168093104
364035019
798742419
916111061
440945105
647610029
800190014
139232315
584836236
272776507
662691404
547096463
630833175
175861243
786325532
173761735
461529661
855118629
164860626
105046956
72829561
988514366
766230790
786592701
402256349
481221379
415172585
909341782
365776372
788723007
148819523
689097742
18220158
300835231
645918457
190396526
98687915
693177872
640619937
991753788
282709334
550469922
795281011
610537624
711083958
176238190
723437504
802221986
895971198
474007206
528040495
50467329
143473036
128935052
906417659
179578736
597804227
12149717
513854711
959723725
232437443
890848231
773455941
796113228
123956983
973593661
528876304
329997944
529942785
595929005
75073820
768351787
214498691
173106837
822337620
522359638
193233355
155693166
75508743
226018159
757783873
612950598
13370583
891769165
260682511
98352193
545624706
889285104
394417570
466339720
592592298
86538197
179323160
680896211
759316344
391861101
777013979
999167781
486580640
737490296
647361884
393439559
272279201
300042193
398933386
759688707
835968636
970366197
306597431
384058021
986345380
442111061
936640972
287836552
201939851
619486844
877477647
881686775
535430716
25604790
427968954
639591199
935580373
63603064
3336707
988535621
589028627
533602479
413790491
430476519
745345658
194065572
669112524
338018446
578656273
364344314
340671396
713328389
492835779
500993803
262383555
575258507
582687673
10359548
479994339
150481237
149897224
891486606
478956360
139829500
514383453
895327203
463737064
460975850
309521341
7770685
457859185
208676137
296705486
410397764
170660079
302366157
556575705
876120910
638712362
792279807
772998535
598622526
709180278
837595536
278815448
164149258
388850995
34436913
763221233
852710446
56903526
925220824
583608724
852855469
838638396
697542019
54646118
273960991
916093064
850018453
730328506
208136673
28497104
570885587
906485127
131995258
416622903
82438015
330333723
960017397
18682801
706566761
371647185
687714530
377482700
551274696
182306327
641360822
861014051
350234194
506476207
429300151
697754616
456810894
950867158
532638360
625067412
443850015
571759366
473118059
247720038
282614714
960027845
788693907
61951301
564861861
570125422
138294691
931110408
146820189
747526353
306412980
704103189
803203835
834027644
350336763
553573638
895894193
475372768
287363700
515235691
413285295
412946938
565858869
343542245
301028355
510382056
571686209
620018428
373846766
506927845
972772886
510678648
857215663
712297358
736068085
746538915
582953277
625763229
812620837
981149273
44011636
710250413
714193862
602707840
200063227
725196960
894550780
622783248
600530394
979064721
729173217
968477246
284395665
957882366
834434742
869667774
394168975
445151661
760922944
54479805
998439211
518276261
557263641
639892342
774753466
795734331
846887524
90906477
97959558
603797847
970620359
270130963
662751929
306214426
471224055
703034880
698753075
963151028
143479018
575831393
615831275
948902959
19488033
394782044
777754626
4295640
226282982
899333296
877862614
866400309
352369940
137801616
864840283
758141032
982710060
525735373
152986772
74301519
827954372
404328895
878309435
803644303
524823689
996732545
8444361
459042254
305725316
978181238
486658310
131399861
170914699
431017945
301672642
185091550
438648529
49536251
498788227
162481596
862137714
770457826
569451348
947554227
213043861
231559248
251427907
832818743
405290678
904610896
323504364
945488680
550048108
624451556
135196655
739150121
697521957
812186970
424079270
22755486
386337683
318712372
698570322
248101742
412674985
746462752
695485610
921351993
836128972
679748733
319492503
933173808
26947145
990505174
212163803
57496546
834877545
930755206
590600441
293264441
745304638
175625617
53751575
401114418
654676874
541169629
581351752
546463141
295821289
562522520
487569591
626461557
625456980
476032741
776143912
543425342
71887503
321349605
534879241
466581107
536073636
330075912
996689769
725541944
585118393
390330554
918541534
559542932
412287752
77700109
904272574
766766749
221586529
130814828
277450847
210712066
264960797
297455903
593424867
871505355
165111000
149022468
625530704
273606452
192179141
693030945
307716828
550914403
214361262
668738460
985609042
513527940
395875965
124019334
757190804
415228726
178935846
328209630
815996024
264346319
622628093
21808819
134175389
218121180
658249944
720802840
404875028
494642151
198581893
565431846
278464544
774431598
727924737
663373885
301470107
387051167
704545206
723083317
533362802
892087446
82613726
367627131
345181670
743549291
92091065
390744634
370890784
97567195
373624023
862222120
31776220
936751166
481459878
329078547
248877262
143302180
14847079
407409524
615356507
471376300
288155916
813074675
352332509
648929415
390273915
211177443
785603201
732502078
822549225
370139636
710683518
455852527
794846826
923908576
181732593
255000962
676627148
390626096
126030114
267505309
349912056
307307833
121018127
336359772
533655625
341713377
292971720
398846189
414496623
158167927
372204087
297135682
107726809
61986502
603931530
269539050
15294621
696252253
353275376
880913620
605141431
638388705
275017968
3484387
151538601
575923691
141904339
557551300
147345954
993876298
466675030
624220982
281379409
347851197
121464244
980848082
692056547
15972737
115273789
48560537
918205722
386757012
318005455
664381297
997935547
413547835
348125717
732860324
319977046
912193541
239706341
980374893
37350720
245116492
662363876
711523349
32289864
117533740
184821170
957731933
199809037
735420418
251500234
420620323
691492895
747983104
15756272
759875610
940522257
623083446
577482501
999321883
580978464
304714838
962707897
218384418
320383249
610636669
5548838
737990765
227797973
409044014
237574253
235152412
754169957
486300136
586870262
36262917
685487320
409940893
948558218
574522806
831151565
157541854
848751498
182785303
135256778
897385131
972888401
249952442
397791562
588250105
792338066
696893599
334711040
240384457
399396429
732635880
282408594
443979457
391140100
421653193
111984901
446830404
729933960
790765022
497846165
16347822
666450364
205192759
161112842
979493354
74388290
530581364
674525227
2959694
168170317
423436609
455963338
779922593
83127640
422998117
637748267
755596395
340199202
639547866
616705946
540680653
900441370
513785500
86903707
854234380
753854321
241507862
18800792
526905024
462537905
384321161
427607893
57986475
684939137
118908956
230934766
767695641
88839600
418298207
513861815
261756702
22368372
331751345
72214139
975959818
276672542
502486000
360851817
968141981
783904925
356388505
106631201
90386094
174059076
957165511
115906450
152664863
118289052
306878461
225639032
832880427
511780571
147620202
540421788
783849155
995828715
397976862
94983456
964218683
192063351
870052624
666756794
921900994
125686051
354949244
518312280
568690025
441571361
110943887
577561837
251368321
880656044
50658809
743000098
106149400
277689959
337221799
883927398
727773625
3002505
78269902
649406589
781961137
192659174
680981387
749976129
874748168
791329556
288364983
980131101
878695678
407502543
396633132
776078630
913852299
689631709
184730206
964700041
819109830
438853230
547216423
711093501
7345164
729316622
974270709
952224381
461121761
404620102
434272388
506159195
658606916
514049462
367209830
961216177
113793448
220646035
884795655
729241819
444704663
604973113
643564110
777360468
153206377
130812785
698866157
843865776
484022911
274580178
829147798
416517689
92959753
372521756
64817568
288920394
455786080
367176399
642061424
52644515
218388464
728757004
288854368
470128066
357057167
782205787
321524185
364646216
40292713
435416953
662285182
693206263
804836052
455488386
519995378
214136716
795289118
769855954
557887124
876532378
30450464
130404932
468201469
186541583
575472303
17754698
413199442
286085159
449231894
78289435
505430096
746617047
578584610
832151140
510853355
715947657
316118745
173436044
420303300
371000589
809288598
334219941
803573063
48605957
612294994
135941535
611681636
637471365
852526376
850680850
493631274
685930125
809289274
765529044
22194050
87983531
260555534
102312785
894655761
339302469
369006344
35439025
915414320
962003277
929986855
915668133
114621653
972684910
944635030
804047719
898017970
621853074
349552654
186886534
67243779
696230521
326831868
419595511
574246587
439530768
406073061
775728075
433558781
598551042
584658160
819499970
937327771
813055564
809957089
422869823
455392123
213805960
278780281
81000830
1994244
773849573
418805619
841569785
118619101
696626860
21319882
638996724
692836334
48478657
952662879
871778199
336377470
622402740
698285264
325963527
761151661
840960021
528066196
455124993
933229406
593278268
601880242
316863277
377345117
110486885
978340360
301566087
162727821
521765206
348655596
684212009
343072792
268551823
184892289
293394205
277424902
485262082
300976410
877619726
418210886
767076336
82891740
385080124
645888162
712879959
483122500
314925031
114770299
483993562
661718160
614432100
685739762
823655287
147771423
408715975
171969330
101942342
464224667
8132216
718286498
719753793
476268903
171071127
699823060
268450869
528705407
67825647
437510450
404891059
48538625
275889579
539983610
650446469
36914107
166153070
510386527
216800118
670975113
664465156
627364383
663415329
186795788
678734257
860047044
734223494
998472246
519417504
120780400
776176313
121424875
175482559
21037414
292844194
159333227
698457092
290807433
911820611
685257063
377437293
184174552
415296853
877414579
709879239
435454936
385828581
74448490
35293293
786741179
981618351
898329446
955169211
430967227
799759510
380767831
54871169
532958004
797534644
311024082
965599564
269978621
9287903
947045245
661334136
283466183
873056064
254852164
247139416
491113241
338457014
875345636
598565914
531543053
