196932824
518203491
942905752
96514988
429978035
639180191
59912296
755688092
101815129
746086727
9746860
526126930
704842236
906094653
97002234
136426044
174833632
724912698
979234102
984941641
836761937
375221247
995355877
675876610
394660978
314454728
799170120
767850708
204977555
488167544
886028880
312865995
329943939
769622265
173276052
70977483
674392592
35426361
335894097
604254594
138891038
795721449
852982825
92249364
900432403
324901088
957211053
370702981
318654654
944330282
876097344
784636120
336943863
288421474
1845318
821711576
522847612
267029141
701854009
115523307
840010069
292061587
550710537
613647584
860057846
696880863
196182991
935219970
732818601
26024750
462033450
139407271
389018601
374979507
846050602
41040488
522238420
903106513
775444206
69759889
357243673
428467139
449196053
260647271
612070198
101392759
975922131
41522465
767776947
351564474
548129870
407363450
333572350
220370790
764244523
846829450
245010912
239335240
232191516
203551539
128718097
21991083
637884378
292629903
482296831
736690072
395617519
961964354
442370870
960804829
299473155
619741097
491584934
632094119
758279632
411542930
842865532
290063265
1577385
758665086
720958731
154660526
167443022
381254127
477894879
54670000
805834920
168647810
610734982
999221151
796029574
282903180
670914997
571892666
941041790
335252590
790582759
156566149
778350438
875380125
705775239
13957776
599151593
806972116
52091319
928388771
915778514
701478229
462091157
352701593
3963918
954947646
237757854
473526428
482592807
974057570
854548059
256630251
814735023
427626831
930855151
226969709
351229372
443149718
164775255
16569975
948826099
919692266
691052327
423027042
620960169
686299382
511712825
126197259
52889847
707000954
555508931
360470905
329162807
549506107
138891484
104356690
706556651
258033389
995257232
841081927
45145325
197388568
89299859
966984219
480704529
533952508
341831125
350723607
944524973
478805530
662728403
156001875
642196861
35521343
979562671
996086247
10425901
39064115
731741422
317664535
443234820
111560595
420636581
775591851
418548639
494077154
927467442
265228916
288735346
826498460
520413056
93195983
447892484
323693326
971424648
751437530
830392407
724068107
942322511
87007661
344468256
160989217
181672285
574084315
44272551
399507055
718274042
293641464
569943434
142805236
93930788
667492536
526291965
677592697
397847106
933584728
776751986
313708006
548435580
986627374
606485064
76602209
61988261
118026512
958392473
569532420
708109390
318503534
64096693
228125140
165693839
286357793
96741603
644733761
973196277
282245602
929888309
846552264
731319300
19041583
775803110
633825978
695285480
145930110
732567672
852920518
566904016
770299785
925846219
37839920
974685543
516684400
175632527
955695135
480522595
267866047
99000956
63645773
615691841
474740130
691397664
399770507
229544770
341818293
977111395
807572993
570750933
881558202
704396419
115601503
3696419
930199720
582388705
529393996
210824264
972659085
381316727
916058149
385458838
105471954
2628403
937809603
392657314
26256773
253439596
649009438
110725265
141046466
164211166
705330229
183244645
866242536
230860423
256579170
327643917
376032602
404281208
353467186
168818714
924994677
282169585
685345813
65903366
810244715
34143500
44485822
934295694
646238529
744870871
507863509
886549318
182942806
678186933
510219886
472111726
753588060
7113193
203287996
88378697
328101957
696847728
429704466
717347036
999066188
932356856
137453881
699339296
325809534
201750079
834791660
568377877
27849541
747239435
460464159
823302368
317282588
871906236
582412597
992113271
208953773
714713743
464486735
396175594
656347655
818780910
301839
188055602
720640536
784467442
574055856
368919409
200993211
265088489
840716755
228146949
852465117
967998775
66837177
877887858
896689617
345146525
608486159
444488450
910079210
939485630
858699777
435703369
217722773
686917517
154829137
881681822
424700595
211174724
879424922
613388213
232360992
33528872
60999380
180285278
932055016
949398278
978698759
541342091
627694221
465872251
367384665
762761050
906522678
232317210
970837249
349283812
805069059
704524738
95423653
863807247
106227583
19998284
486096383
716862023
960081131
564598469
970332827
33723018
629638304
692374032
944218812
989818486
385663566
227328542
995785955
818936245
906999394
886551897
945832840
947291338
366447764
67144067
816794227
444206958
572100965
95938727
529180689
985405562
716080267
805545324
76612763
720175855
115751070
15617674
507160629
212362708
547432488
344137355
220204145
367456547
979065449
944975741
911703785
935320188
521653437
377566178
377097483
679194135
236531253
151901003
442284416
918517160
758691897
148132313
497359483
39083515
203204055
41889424
144761058
864142404
35417779
984927263
317642750
824092979
615761269
224042957
874067415
370045892
720167912
783423247
271503757
562862038
666347752
578376292
968225888
421472022
155440281
881474038
922553520
194534786
718841242
849986553
748874309
564179263
363260907
158095601
961483957
967618755
518258189
468077113
9158652
505543063
199376297
356061740
332038768
994138184
627332990
87610806
319558918
297610480
503498761
7051591
959026222
453108004
880397245
879422376
252169408
180315604
179906424
75887461
883643233
321730016
119335902
950226271
145301162
185431225
236052954
753463486
460832071
457665668
262558998
906448659
851787701
252090799
774264594
765960692
363485741
310286012
246337524
974087702
794139030
67829474
561915119
624943040
691036023
711789650
890960330
295766304
683782016
483838529
905926192
781168352
787712330
442370727
584433878
687428635
386207160
249150024
210760577
146607543
758085229
873869503
626778734
861893249
35051481
597050101
155263889
706935423
678843409
114436552
515936635
941883394
933978079
205818720
281748430
815813759
759814895
494392861
259190247
433511510
294470893
940286648
69681469
976993540
551739474
481390644
118736328
409416973
667656919
86835958
379753532
114335717
99525434
99729980
216002473
920269526
441050738
700021869
589891558
93985922
556525761
184024907
616922894
569345464
967901893
964042796
847190272
581893610
160622297
768620118
927613739
891814298
989959775
777249066
852136648
817798580
804188034
649785193
310153774
553660836
478313772
745846914
39278503
592007450
734683019
401600918
842357960
834248099
989816246
361478903
374763020
59793026
904501301
165204325
876985748
110445986
323363754
500336003
9091646
587696677
634200371
536842717
248794676
899036799
159222218
487939232
124375940
322276367
247593331
398203891
116081491
791265544
389868094
36230722
615672148
810678846
144746403
24915443
834662444
566300975
121684835
12942173
592077362
799143393
393857097
867820713
987312995
824755450
900263316
741690661
494434825
303852030
640693546
722457096
919460463
941471054
497052238
140241703
432785231
246743786
277224977
520081593
586654767
591612354
245397411
583497475
669924930
868270579
549532175
66306902
965699582
298448311
665673558
442790669
466011841
621258198
944765353
449651281
505179701
291401504
500626235
299620488
422013049
505902669
903769065
812229460
150571997
667410997
116770257
674201093
313626608
4504699
592130210
587918657
289075997
601603241
426287404
465008
553745982
810359621
197895782
119042416
275223275
833956414
775991077
195986514
638178471
197902877
256445254
298202265
996705700
47400956
635062000
141383727
746117549
977604488
98068544
80752098
687843287
433167949
432925477
2513933
751500321
875331080
752680292
961194883
706318099
77754900
153714671
864408599
194970793
944300344
895905298
694820078
93505721
381583819
24397212
588056633
729911590
707782551
174050989
952669119
410965743
818567991
677495391
266225651
369442697
450746483
841801107
311471508
503534697
345535306
312621719
120578032
377434144
195381848
367542093
399892193
81276121
814796193
489668414
560423570
44188205
392036653
103231471
52405355
151495657
940241921
47878005
364533730
953207275
510011909
350840506
980060735
259116960
480256356
591548189
932932329
197835689
486454641
591752185
255571615
235953791
842243161
360873902
849435486
631678625
775327265
317385934
898123871
14041725
624505018
506780511
915115396
218114137
613627417
908480913
18929089
715336519
625090035
114729994
429200775
402868477
477267377
358264232
993522786
994694798
332560982
861461071
897177786
603833658
434609763
202056504
594821479
223044008
234096798
324469778
201945042
31162750
253795983
420726729
376168391
622855987
149754132
350492004
328702256
3231398
435725109
761946598
645489541
571775442
572619099
217595809
572745652
371724646
162551409
852703136
758686413
483978929
367351115
854740687
299117642
913866192
420208146
294290213
579431960
422448514
911959030
692071387
984017337
289157638
706535871
987766337
461540536
204363305
738561602
806344787
253114345
126775372
29561975
990291388
558969688
570614383
215971530
325402344
31214559
217013954
629310850
223096832
60492598
381393660
565783364
717966111
663811634
399055294
121609087
462302197
202647840
855463918
771060042
906253741
91272366
743653721
777929259
356331902
865239569
584852760
756055272
368382346
633163043
356206620
599588791
631911040
454416954
377059725
295770999
728503258
697894662
94805802
263075653
362418006
793137662
688862197
631578788
602623677
723374273
988569758
323954703
62485241
82754218
276259404
603696947
397650426
355715329
123308232
899019021
815315966
792685122
859639626
460162773
446361798
460958680
260928504
589933788
704285977
781804868
933872322
263549157
286751909
103284295
393105828
764407534
107842038
592388264
408642035
113116078
402410167
112074932
175305582
632957628
876669810
260898057
693570030
285628128
356903638
752509672
201938365
276195711
331108721
478040703
480455032
935818134
838255034
634643027
816713854
901459325
532209158
98928409
927292810
820818807
789501949
725020600
37202794
959200944
689648388
511851869
495854908
805262160
947073292
