970641396
275148296
999105446
768379905
654935718
927416203
399551280
272519526
191027742
98524083
274147373
883177783
76859173
686061337
743062850
589490174
15628616
599897780
587994844
179442668
33297318
217233450
762962799
52729612
401786790
860262694
628120813
619905126
19714952
746068083
767696264
895490215
849300179
364283964
333503229
934896866
962479424
718370459
706058485
828138885
569335728
251301427
629833637
977304685
718178203
140753743
3733595
346978559
887739709
346265413
132183818
237214641
503306865
40659534
290011711
753407945
512185496
946375834
366593114
794673022
299295390
779646152
252804573
444959657
330827817
378657157
33877604
712575208
352558107
808165983
627010749
297258156
893839294
759855958
610106939
781995890
587399812
785658112
334551407
261033047
856529098
281142254
732165415
673449538
613884265
530481623
392183349
808640644
74272253
580095282
422711370
16103589
351777344
911385461
528843494
789689574
998496852
184873979
646476868
339521046
106876139
291158386
994420450
79573726
719254662
834925661
343375345
743450906
430552594
508015819
166008133
726527382
611824427
105560067
938143922
18153136
47480736
579355034
831075391
800346193
986473807
225236958
638302954
772462824
385454613
610907160
945480810
982453832
231012463
820417363
783499037
402525832
139181244
995030360
154156907
565370712
286721802
652591689
954194875
778958602
187106277
648732441
378088050
566256432
414087149
696183986
404279161
246217277
973241537
510690358
742208837
419141818
353798587
846130673
353047237
881639180
652855430
221957626
694119112
108347502
889444849
360921512
512438443
610135229
724516781
763482299
587346138
616794066
951403158
372773210
731431332
394889046
625160157
52116788
613239916
337741365
847148906
72046521
358375675
689270625
206627999
699263532
9212295
720322103
78208526
364357219
48727245
293050569
641983122
272517726
912515280
64764176
958472576
845847373
889513751
826184763
136293998
767952820
841739650
650604848
108837848
787485093
294814118
600468326
779259025
347319791
793981659
301681799
232890757
15305871
34490273
580808909
863581949
4848486
901719501
190181317
351709217
792116338
531926703
360159561
714755054
294295569
974810942
678885431
460257928
666667156
436416468
779312783
162603035
787055151
201447367
79196086
230306869
707770825
580432777
419142904
404449414
408743967
941063077
730888733
570375559
747045444
60159811
626677251
238027452
331706371
201182225
953624089
944127870
699332434
474475546
344177658
236026116
481580089
935849792
814542277
812674150
615928685
140210398
112591869
910903321
14668875
139078763
445835605
813858503
955294186
350502039
155811123
424415708
482576597
785731901
942965249
851053259
801037968
789784001
967709608
234135757
348133691
440857978
128551557
465484930
482792378
835184911
463270599
312579605
857269707
843169968
748726779
771921032
765890498
606468753
788520727
268533568
828471208
819985411
555706683
607966681
614324205
812818747
282733265
981204330
45371101
529208381
461551273
913600531
531510295
493124398
434988147
691796086
968140182
580406520
464540458
175070707
11658841
647106937
428110943
179483963
675808162
133255999
956588794
112124218
601775258
383890090
658525208
876107843
997211173
674431680
22582051
981052556
234077318
359742927
619811550
535314943
158124713
147347225
420113828
953583995
373633638
549670066
781069309
364145309
408181820
56930693
803780848
185483978
141928294
613450020
256874727
181364270
391874467
376222720
932158517
481068206
856229951
170609046
379429071
661481009
870683171
585443429
916389357
857078613
470542346
453935589
457718767
608397255
960594968
929225514
16945993
864311615
226993108
474526946
805850323
126138096
352186689
592443484
703942396
544844565
580109241
473041230
734179548
383761153
417556953
841217779
589178088
857854597
427584409
138743344
679084990
987515665
767918152
758632817
82900823
788190207
633280708
923990694
893602961
954246229
599211924
195383592
224889009
212702778
596504026
392563111
954371160
917347520
570372395
806020421
128881516
263786466
466666648
834584505
81371768
397641941
851263879
532628203
439521660
629324566
864757500
599864169
180812845
821851623
250140523
29430326
96393462
468360290
391626122
17660115
492857386
428195994
698840522
749696165
945632640
384725648
248152220
521476770
787257125
24993841
886846617
671830567
287482201
621563987
9861827
415298524
520849017
933333646
677261049
685258881
936926327
100652504
484469033
264278395
89488729
999347753
14570747
403037384
962562253
567073700
296169648
486010870
525721397
552712279
313163034
700685521
564945943
716970481
888951864
696646118
149489720
329787108
745371077
414527818
742477947
192926932
312381967
559248857
811989795
834841998
508581308
163059815
791099239
706367240
80733787
392204881
943726959
434562126
660207436
946284885
370154901
845114835
558914515
220183425
728824192
400835747
146109170
734769921
308400953
309176305
850352579
803878534
44381781
980614929
535769160
607139218
355281426
69941215
521800446
896561796
686965786
455321888
591047587
127720254
58492391
133109833
694911629
819354156
471978492
920958151
756958561
130383816
56763045
942666977
326491216
304374884
770872592
525187651
685703625
341642200
46817762
577612045
250847904
502813490
984489418
704702773
118678033
810484308
170598079
473594567
36923455
873785743
912761678
763645638
259319099
914833012
254067248
431194260
161691033
595714359
705924116
326755013
262791429
387442800
552217742
719968763
747115488
101714803
654123712
231394276
836266625
830093773
384237589
180158246
849744034
109353740
204473984
88234096
143230835
353789617
14431799
884427320
648756076
998383923
884034696
883172817
217622136
293117406
683347878
411658203
50307636
339678331
363496618
89989265
635718083
720062748
314820616
863405102
950595747
264520654
957587283
16963230
156360595
939203802
637327940
206829680
489548153
732603432
913901603
149965358
710359027
165833151
287963425
807901415
581282559
821496794
677998935
264407504
503408103
669044924
502346626
453998082
418366924
242465508
181086640
496588294
466597155
294248323
544440162
129681285
794533123
341068880
137638348
878710180
396202332
997468567
728066724
709552272
361055983
677205015
393624663
485018703
379215801
533382519
701299175
884474483
51714905
555595202
508706704
814221287
42063812
50413112
359996999
281550822
762174027
503589201
598596305
913895085
758117162
140739646
740232524
195299830
188163269
784220317
355432234
369290147
28194802
409253244
411699082
583813991
93430070
968446662
903351520
826203087
275420261
17327923
74782280
884984403
541166332
296612155
444873388
911001952
785541617
730218874
87617473
744120011
981071880
856087524
116536152
892613129
398872262
814171637
951435109
220316336
936972489
198324832
296855433
594995482
177950284
332009028
856279680
642461660
143896119
924892712
720791216
73617149
147061590
533793911
6130561
744846103
428806921
713611900
372728753
461505006
695866256
829230571
409758211
457944394
696602844
611312222
388218266
172107276
292717091
519085951
184941728
279258432
17011552
683035183
889230596
77095428
720472488
479786797
707034119
209157304
440332473
802411726
767105832
860648904
9427657
14000324
597058420
447277968
849956963
371690048
463806208
685260361
441442884
489930102
524450079
107741918
788566620
838911038
898392637
566638061
943790760
684172404
349744569
624810166
739950984
441532784
56605596
464026406
644563313
929035131
24373615
949020123
6577781
163571448
21172533
893454528
62124738
549109306
448516736
682602519
14253802
940940296
322150312
921027041
55279743
499681366
837815546
527081448
158585104
781488678
288528806
881561449
581394158
140396057
265366542
756160068
452667156
142295665
120697919
567894872
957394726
133032013
802714654
920921830
347316433
514786084
678682579
277871435
468757569
630995549
45617179
239457314
390394301
215790117
552384259
2850464
362022091
428717526
569530423
240269617
603717236
529524146
305441302
863074633
640506324
142812164
367625964
866181722
898204904
265012463
440787371
919829071
428411386
880621863
725207791
881221787
138225641
401228480
573710608
540493657
820998785
559944111
58323879
527589553
735871498
49071492
491167147
365604041
588011797
262516078
394137976
23949630
572765241
880428300
964177634
427870580
827590710
939640019
280415505
204504268
147160120
812500855
379666530
203745105
190208177
125788107
811045926
509772437
490582324
671162470
864624822
960793610
855006916
29036765
419270831
43773125
471200267
777851747
127203135
591434832
651645016
2021922
278169925
635688826
870874486
416837741
347063829
547983084
916444227
297337211
53631077
198585620
120812974
369206340
393333537
8497929
180277580
854578772
337381376
610083391
238025565
981394708
875021715
916849325
397891255
433344364
168942712
543728476
461157469
920404509
956670311
49738962
812436884
688980672
552859250
145138197
534330930
743977703
332870618
773370434
778724276
263062841
593328209
193245113
617531393
666039201
839980636
485800576
635703226
410772901
863495543
616621493
440470371
517119743
353409267
670250306
127000206
361320599
237797570
437530121
247895029
803335352
86825615
996039716
340666898
3892115
386148734
431832300
816347089
248195340
474166998
436299876
521708154
564010940
831359113
974962722
388066498
681776602
299317932
731852052
593363727
683142135
908025248
50384567
56908966
340048817
609268589
295317141
335571405
882608942
18137991
173010331
506180132
895340495
525475404
975388922
176237225
597288492
852578213
613639278
279890466
408148335
669453485
387507886
936605902
427195667
94913339
876459429
685760628
378446543
282183808
445223602
62002667
505945516
844166392
564752893
895310103
36441048
939130750
618081
394623524
90831593
96260895
933738145
230057348
301156667
930119743
626367657
38535535
855970189
798725496
790778005
829198387
685678653
451961586
185215392
13688649
520517362
113778664
