58326697
437403950
248422928
44930781
471468699
376264585
838788638
204463000
711120666
535690597
191660238
853831647
610276174
282176685
126688323
427002297
704656087
612098763
140376980
193648454
696622500
841505551
977189181
438533320
542990327
694762919
661620964
930376540
6365337
50919293
635465610
253908043
732114266
230237963
424796093
263245289
631514222
185846925
843586377
130925727
185470621
485638163
313068580
422355944
28674291
717733605
253939945
275364515
854478545
828727466
987465617
343569234
434930393
532167121
301332407
216821145
460214767
809889606
501940452
776705778
714643620
908412096
198097663
660201372
900224986
937752194
121717381
380038210
857380590
863443033
795488074
518809162
768512385
9451252
8177833
210984337
528436970
554833236
409859029
825256721
440822974
386256449
75897995
177637869
63453675
291896376
818977649
199947144
928905555
207974948
803030520
821624614
683906471
66880598
416282106
277058523
287540499
652867206
522130957
90922096
596016224
873901733
417983923
991035511
33239392
468656454
575056848
425479140
523989288
90348069
688384173
905381530
400030576
676683730
335882804
328387170
832514101
20459793
596747697
608328609
118774544
921770235
451132654
649405641
60412512
973863458
834902690
701631786
593169144
731119309
923443836
875569762
32702279
318936933
229240497
566921239
968272524
84862483
144398477
594797219
716839526
393498508
675957854
838557485
519590774
897648989
421594037
7222741
730997792
87894936
444544421
267080706
56119509
913802346
972147550
674245987
422769079
768578281
930622998
59375932
633753763
873425061
832309994
792869978
166904232
812814409
872679250
81093643
447443232
768961564
360114644
747651618
876061314
1950477
891489082
725276034
245812381
612575167
129814867
162763521
552269420
827679948
970633992
505274208
286574887
656363129
819450253
118899931
346789381
554994509
144152160
199694243
154239483
85022545
961043455
843414464
561188513
883087875
671653252
706776363
24969738
340500394
559779507
962036227
727780290
696892802
391019390
54169031
22313264
246871515
428433606
810193910
638763413
767859476
507106510
806073813
902791067
327035785
506295090
510541102
993364155
753779319
734304261
892448722
624809404
160420400
593412134
791038769
40907021
48074618
164087521
362724504
940921914
423038502
137793783
211769026
267900441
8597764
777493916
589682084
265343739
765281221
96586667
99917866
126560903
333958248
560930828
386380005
577916033
154969642
940623395
234152727
376792785
161112150
713412206
271190418
606196132
667330784
337226823
567359890
103480667
599980620
13262010
974238644
82783994
65709101
869271995
215724910
630065693
295337484
538173372
894193303
549541868
916613004
245197363
228082934
657192651
634386394
765887819
290851155
599489571
207032128
213122735
885937377
107451222
929934792
985931717
779809763
709626295
866603363
605572893
600569655
671370939
210134026
486201416
665363117
752019210
122348021
17133872
60851801
464686252
345205917
756314311
282578549
616796269
46430091
684610858
460179779
915914786
485329272
613997765
971809736
901442964
46375668
967870317
896448538
386857884
127324631
866787422
152849200
79777383
89462231
506098614
763462329
689764589
937603715
222822363
339407841
430411587
579834244
476063722
534844630
617252522
705036018
826164901
254283653
450717816
930544184
269141108
61021130
245323934
525751937
863894976
224297022
252605597
633763156
699126690
624995271
242263707
589752877
278505232
624694578
255560598
864284670
981074416
375224021
839107302
992851980
592813959
679192552
823607727
345203016
29768192
336080542
9265549
79153135
354557213
196406945
220210766
713586664
445730721
456313698
858183522
805766291
907525265
554025444
225567254
281801591
510856731
56001433
238477024
597827091
97144134
840658708
301329011
851369142
279284031
752967851
723961600
450940879
415176350
457865834
337730225
589948554
237413402
900120917
495983745
527814434
215031472
173452461
279205942
502719744
404784505
528677042
144022155
822191533
766511055
449794305
956759404
427048972
149656767
557305710
481995248
536812525
440715528
225780636
248058881
189109482
34751530
157896406
799869102
601589361
472445344
769269885
298410313
987864886
118583472
268234967
568352889
7404347
58041698
697752819
66770119
337404270
776795490
735757278
193042585
568467090
696636553
479137477
84858086
829489725
796208445
296912627
301284112
857870639
975870584
800917699
149233026
11632765
652062035
306874263
493062903
57135066
373583357
677616580
30274400
635514618
230266728
156157268
703608060
498276088
881441414
949355056
369007273
451903947
490535591
144590978
760017034
704958248
32738050
679591789
492472928
555614052
73038319
970379376
805380914
175532717
467985773
440539673
11994301
317665772
119001941
556720124
355342311
751167434
204689915
9635052
963820911
99178910
705482878
557527966
338200362
540479284
775529415
586581997
948048310
846853388
927905352
849380163
367335048
831279606
40900665
444274776
978894714
972470244
814401334
937448849
984096745
403203980
872235664
854741681
167528845
789727053
144162966
385942288
379274146
324721290
594012744
617839838
247214031
480900538
180770065
660838123
999475368
475210082
341391427
951993642
780084635
486456320
22331065
958527524
247627363
618605608
73204625
180714694
276765107
674727163
577825409
382872066
936766099
267241064
25538305
560616931
226943244
850741195
389999121
548473308
396316317
389587127
207307850
623327020
252840643
310065514
602166132
886434508
650509540
380062540
444799407
503684631
631078817
862407690
157364214
497640425
380872914
913708138
607114318
548923236
716522428
963448271
109177180
704546982
746895880
211140678
681073738
979972965
455362232
620153132
433894879
148734172
85210961
792918118
555677325
390497507
279148469
399004044
705686881
937561848
16439476
186770115
530205153
896702565
229927756
74140777
751793248
74358408
109876850
527897879
179744017
313235104
243626877
841075884
831950878
432868045
280409946
502760867
876431139
41699964
628991774
622193165
431072276
30356407
946167659
296065234
418473669
838160697
306730365
766866705
218491955
981868868
208021257
669552469
532483759
529752312
433243117
212474614
474619226
672755102
459347429
606715329
870096115
927464351
440409115
120659774
905107294
244135076
960967238
122809279
110087560
776387601
522572904
663986916
308570073
394246309
755697838
499848745
950534904
933862520
655667107
913632549
767628042
343010144
309405924
197875147
105213847
574074407
308592124
302198565
999624926
67935332
28141641
203676036
582352534
22276445
752097048
503607923
589947290
825507885
390957939
174338593
877193458
183921085
656779144
442104352
459295964
544034340
360982395
138237450
774054473
933394371
261939708
540756704
17087995
545714879
839087286
527085971
618058427
242533968
15445927
331032886
935542951
658768672
123184352
42152228
748245960
318896867
81634381
286293628
642149259
252089914
909901453
125027019
542904581
481328514
36439090
583706956
686230998
867301571
738579182
561179506
213092011
170354674
528144091
66230555
805995623
487384935
186588041
36637655
183189158
225011077
885549494
347413322
810061958
59925052
238795640
218424785
60736733
614626916
693858390
140399096
462399958
74688767
496088189
521964559
23492917
136912689
997852121
535759479
509275788
255380329
840854971
750756855
503954784
454266419
117940875
765188277
130624581
56953797
236156604
260861025
132308825
44996726
103104469
417138182
366540418
562488130
314965060
482979529
242532873
818014304
522970223
71604082
173443180
598180086
98779547
138403243
674266483
6179532
42737637
669082934
489532812
650828560
527361866
927808828
384156104
134792639
843458537
355795538
941984175
473607362
87800204
3782936
378470312
432997365
8090270
417403232
971584297
78950006
155424140
461004785
821947627
514872592
293226606
691261482
732410104
769250889
577313674
905774697
355486871
979537631
90921793
124445049
14216159
567073668
771328211
481480263
517634859
175295640
32982077
231747778
719029592
959169520
540995352
768925509
730214099
519187287
693133769
740445813
590089815
681376314
166818945
595316476
850755390
581732850
847135305
974660219
357601954
836100382
195398723
614905214
557478964
937683838
308666
962446543
382685568
963355153
989566775
811396642
661669153
526610005
899768372
796288656
45967929
923676360
741975192
862778105
973877238
524301095
961047382
213222817
76117120
836867860
315684882
674110556
812718686
495605315
273689657
432483308
719938362
796667991
123878309
681534475
979896916
418076861
674268813
781345753
958860854
578548808
386239941
766858945
529620510
881737126
78776660
63479809
781607941
370530287
549348547
927079029
839757657
984357198
782980
833300857
875052999
982175905
538788094
720611102
621998956
326198109
149727857
887080252
689665495
557083466
91458279
865001161
402731696
218233896
816391739
627891066
249407546
960629437
903917250
395328430
138061154
194188436
683602305
194379993
758091199
252205072
892502613
442188398
946256767
346610627
592725650
735581162
795885011
290577450
806481475
997721009
879288766
953657709
159346797
632662745
428820951
499159687
77193449
972537042
790278846
213775498
660748112
563374045
554138546
921457479
677671482
879128218
80439948
605454548
695239703
680864562
298573599
344408101
962519902
369793883
433695494
707539457
940823483
343054868
964357815
355877115
69116149
112154245
411752419
818670728
748602299
295749835
801282640
271254504
966507478
638901465
116994987
711065261
404101145
544315701
591456959
329128567
888049850
24799287
668939143
713597430
655141214
190430462
595337746
125616913
699147410
534880665
991137806
789552913
198967250
721281492
558336203
734138579
8179227
434401730
144659348
548593866
151621625
735467817
172855180
381921647
77845578
809185442
638947068
56338237
563869574
587508336
940306954
418204200
778336922
104566927
819489605
916024195
