843584744
279208393
719230798
955189560
539747814
856002019
205230637
228317977
806992555
632698207
50084187
909516558
433062411
551634642
870145048
492784365
558878147
290120842
780264297
210208300
993611472
829693657
286434922
944699301
59821123
357995161
377578873
587583234
146279917
34540626
576083921
323607848
532530418
102663607
525209113
871185086
467443412
503973805
935482272
45013186
956513777
927352751
253561447
321413112
321822911
336096435
363677771
936457983
243848463
383269069
67571364
510992236
530297439
463243978
667645748
13891086
992773470
774531495
895368436
181752653
478423146
617647402
82038059
772451929
56614286
726476337
376986140
330398803
26425528
998959961
25340952
54904342
354638568
735251110
253694522
66258720
576132210
965021808
622876390
723724687
994317389
441120889
343734770
763010846
966969260
65091684
793310407
69286439
435017857
511318026
878411614
692911916
608605367
753729619
566590039
338866375
845314691
481109516
264798826
595346572
959110293
33278967
910032454
244888501
357928117
12667022
156353667
795046328
209549456
601387028
437758875
27751661
151655105
171643749
187435263
37302257
273912631
319027212
805482667
991522600
933165929
307699701
895380944
515107500
120548346
332429035
446298973
600908948
168661070
914828145
220944027
95022693
700222982
27529817
764614392
961038421
531088433
98846269
405082728
954302237
908738015
998264077
859736981
833630828
73559150
850659952
541256810
436961617
566294356
529287782
64953744
526287479
675626847
273276224
662180642
651410592
137898021
394924954
124340154
25499082
566368047
555444718
626385258
294721310
380443000
342736182
327528678
124125287
407029356
226396840
506213822
175066361
913944482
851180429
82784585
934901850
447962718
61750116
441548349
269888392
791172223
9337356
34614591
639373286
849874401
694656547
419395844
426946757
365349174
113203800
823140400
136163479
974506114
379583646
387934190
353293297
371878819
565015671
453187828
730822967
523131274
417131523
29932261
339897516
23073960
889887381
612342996
824446417
190491639
727278790
203447874
76147905
953376603
854451761
234326857
557030691
520830126
987011970
444846908
685786452
923340337
900581920
758776111
293825555
403256438
370050343
200560246
534360835
463246239
729491286
563023030
882947045
608562287
710725381
746757117
374040700
979405093
694717074
616299326
959987018
82313551
594949425
236455118
638070382
909755925
746992495
182786874
120054352
145256789
830903497
832463169
384866848
120168763
767401374
807482629
622549353
658355410
736106704
936641076
653023615
689327135
77982160
361200178
461000351
164255760
320500827
467585616
242651222
107694643
860286156
577625596
826113050
370712643
484859889
603472901
328390911
664126801
120705728
384069629
656263942
187263469
80505893
389104046
632342740
897028116
178156182
762778282
841160911
903242751
124207763
715685288
243298389
758075997
963275710
270659882
4331390
233749246
775454765
473814622
589255097
279406878
940135650
12359709
284970632
253277900
6350118
14154204
635308873
163928473
479091717
958422550
537649681
352037074
280377133
465760146
608821241
688878113
728857437
563972233
986099577
557722543
626424704
339408470
983486879
144600867
334327207
68037053
407436932
214200006
599141510
94641665
888672035
646891105
794814530
376857063
247127817
68146184
104133414
379064839
890677997
164001977
127469409
677232437
424151033
165785212
178035606
891261313
477698864
497515563
661838640
315453275
504891808
211482531
487715043
31532554
652982172
600727180
28872828
140369764
918950692
938313064
606717270
421108866
564786961
384450051
69750515
890758575
557222542
903520068
218632329
540675057
584744699
349792597
673294235
822097599
430253133
949192266
915257435
817701666
966565260
443065892
590338187
909921368
552361365
283688234
589749856
677189503
159176061
763281976
723874890
646400636
39273355
963763648
460114145
952364932
557284705
706360541
112445475
39700982
96034697
287277030
334038770
574178794
278883234
121163582
730708575
155099210
538188295
665617442
601279419
703789905
685469743
211171161
173804503
475884800
347974876
696795901
868747500
281098726
794700194
392561010
731582513
793940565
179645178
572231691
501401701
620981049
889678450
720929301
264812894
723892591
836746790
875556453
721666969
679288230
109027122
16159393
631038133
431197782
552979658
434650645
139001207
493558617
162002556
20084985
960930891
828102193
789959145
984229344
604390055
860488802
837613040
831346747
245000786
703473685
555694515
540098203
394533616
706651541
619761880
109727525
265420758
817258992
400804548
877386827
867043113
809913288
489504190
494516272
366857677
331815483
65757768
437549718
728119067
360049549
253559802
238023895
631938008
159560193
611300799
673299507
831021903
905449104
116539246
404324090
886279549
5400043
630555667
18193284
123593714
568928917
621625776
924386591
811435901
443252132
169229886
321742214
92754069
284615728
153041870
151017602
338598002
295442872
617371666
272574572
794731034
400063321
103227680
884951236
449913882
317670619
908160194
234973423
95350742
946462371
278705620
359971653
700719746
996480456
991107276
861643069
179357621
471310906
370922557
797928759
710189706
141371176
626113816
284866934
190819662
931817587
145269825
347322280
6518322
460283196
334701504
535579030
288077438
843964673
609593055
486216228
902172362
745604429
568279400
805923093
660768721
386652353
829035848
864973528
164546511
809258232
621022466
96273612
293508450
291398799
971659980
867287094
924520314
819442905
562384864
653359858
773949504
818360744
694131573
518096293
172400793
560837913
228455100
635067545
611760866
743126589
71894214
856755072
386887401
504891048
959470706
433753190
903031505
564999463
137160038
323537353
312335326
761140286
120320422
381561429
310795121
48996213
53813829
715119521
488623215
467414409
611058715
468634531
281579808
956233195
712266722
83811617
51472856
50183107
633522299
99930807
158197252
193968303
253212661
421419921
737364017
764267393
709386210
788617401
331928092
537906789
964255588
359520850
682282867
238847511
341024532
12809217
698040322
312570143
207301172
123404580
507024084
513335577
146444329
144346457
132067874
603259682
575175264
430654204
792624324
875659088
382280334
852848398
931477162
37229230
165340100
118367022
507927625
698900499
644197411
546527726
339610002
265196427
383191429
950716424
503158819
251537864
786351662
42732296
615208663
699457505
385771294
738902711
842881933
510117719
592906722
644861673
47523973
108866203
289352047
134104334
189092129
278732005
995993075
456269002
155626455
111407190
428043687
645053637
73507410
222657509
504881590
999139821
668372731
660773444
783794576
241827657
130144148
195727904
641187637
880530008
816908019
532442967
815445539
93166819
489887793
643377621
9966464
421359442
444322506
520478426
70843048
399061422
409548452
510093076
357435597
60877996
269203350
926922425
795089969
391751629
823494175
141298024
969224884
392551153
194575914
386631472
70529980
182108489
726323142
351079065
514717525
851796068
467678565
408822037
317196314
656649160
463286465
902826256
966381207
512248832
101440726
6684244
200731131
553028983
151814461
105820168
589591368
158279655
303337847
722916579
972624306
203221721
400637933
249436008
57035832
675609995
563218082
422894385
898590903
103256320
572847641
827857974
695036299
93243441
5760901
219046978
931382855
726414
192896762
700786435
597591530
366377092
960541216
282841136
290310902
816809931
940566892
416195900
240736692
88755745
797040103
912250323
878770641
3406562
378454758
311495803
451158134
218242557
351786205
641586317
93431078
40392079
4235352
863124886
939401190
273582751
311647943
107487689
547268082
932767481
174437311
588864954
965382892
602551410
125325048
606247213
242680504
117796797
959125104
240225900
735043102
147022181
182157693
809835157
306216216
660597316
949087331
691629736
714788682
694265097
767888842
713140298
648940208
551310443
607355356
557199451
362141739
97416329
343439944
16728151
505161987
833079202
868927817
307969209
914318433
208175148
946867430
276219230
878081513
772207543
68815298
333361337
259117451
111560305
906543214
946408896
858234384
194400193
556908670
278803874
324495418
620018206
392699006
853002984
164878639
461297012
939924745
414072448
995196052
568125596
244105473
145264174
774356851
942396952
735063911
901963898
278094362
874188483
895516723
98041068
713729885
672868101
813548222
942581137
625449798
434527504
454022846
537379902
644767227
660946459
698965065
167741545
540507658
64636070
692232732
885143780
440380196
15924832
143090569
453021420
268250402
532794981
281023176
309955916
528102070
923551123
559004485
316720498
376496392
4579316
668314533
984045899
298883469
458867601
565073988
651627315
806469982
450117867
227553186
730351133
7274165
402544842
769305219
334249593
869160529
76363927
604756515
709720780
250164220
849920130
461583702
262169530
731097913
442495302
829790664
180934903
391844924
503592306
414479067
701898674
875523018
137302348
160883510
640187911
992631924
714919164
868858075
81640056
499562081
40605416
78673797
990262327
788371645
412739435
445747255
865705559
763489760
946773582
440795385
451738142
318794607
849283703
66556277
526576260
542995613
406145003
252947985
856388165
629076935
384139084
259782390
302877676
35638800
525654511
854828113
869971815
241661331
129117308
341617668
154241364
207505850
523116458
210158699
209558803
771246333
471321373
473797883
318358478
996748046
964085104
417445141
445071341
62796920
962740923
383104066
26239315
70746071
634307249
97192298
586486920
461971178
12469910
452563119
115422996
780823024
775796120
954623527
262717134
557911320
575775439
624044227
634372452
605155913
286554021
244232291
795678148
639125004
856997472
755329926
71674239
932347119
934589506
859640117
664991830
966693942
814711048
240080756
72897875
142550445
