106462807
7110534
449891519
781751472
655394702
271094975
850681636
598707373
904251378
965035593
160132794
777778553
78850909
389284830
530472453
758627225
317560057
155317665
285771908
945922792
629436309
971995673
937404439
184304613
932641397
879182196
989081614
627688598
675265613
419769257
151526109
880155334
482298657
54943509
9109626
481972337
461764054
871589575
157331336
11616049
458752738
14875458
375782138
831838143
269023500
791230784
186482492
782061230
715961524
454463773
306883235
840985516
125319616
233816400
864699363
134467132
69706094
265586905
849110074
776212504
282013359
222993037
923441758
484482121
813509483
279977458
295479895
23907399
380175203
48500116
296863170
445970481
997986327
274155858
487170053
614560850
596213535
105566295
915281112
141410612
692699704
207020383
911727073
220801840
112886021
310540592
754835717
248482257
190244145
874642492
412266243
196177149
22479501
381118831
729602688
235759700
91433698
891300016
18328659
989046040
495750888
162575093
401886027
667461407
157600602
860912753
842999187
851163756
746646345
250138513
538253596
964139797
350305791
707699461
83512800
74992976
311265962
702639918
371596100
502968891
525141739
46997638
833663253
505532710
636233872
100686021
423490979
616867496
544553168
251410352
523127151
704913518
87237636
926235070
645659723
530124611
805134355
244265665
63201237
251973266
467541403
903671960
501835911
940105630
336388896
448126444
845871356
314780039
297606030
654609712
924493737
388793779
519703915
515359766
463904300
448753250
328911838
896353316
31227535
56914581
437421774
226131690
306610587
495235992
727011360
833340077
876902161
424070720
62039738
553388187
269858619
67000297
639438680
119622833
35427487
621469778
545161726
893557621
169143814
188107428
254814663
108710940
319261465
889943454
326916614
134333372
185209602
571877868
462330769
196906473
201212772
908781038
213038130
6286656
814551491
241409713
597061372
6599918
213094270
503048817
571224281
421800636
252740301
744217841
384751093
857493439
749355097
400081082
479932279
842434521
903591522
435354216
727209501
843120106
802099917
328710833
906870223
416667131
168319377
592677987
648130475
305024293
961739949
865133263
352175415
361077579
853962166
633152024
305071341
794017773
24408406
538561807
680463350
666094995
616883145
833014025
855970638
575043623
505192361
469423174
384978273
785128518
91945589
619896247
293314949
765858554
181571536
369918022
204186738
485840657
334539488
180394240
838280540
620416281
854918340
266199988
460060685
387607036
392042426
23673513
3531273
116203073
95009741
685914504
818026115
365029715
754890865
61114506
226236961
969085890
472740194
331826600
911474769
698896202
207699714
863001956
213078704
341843702
571818314
586316859
179506043
484044143
428965285
819230682
459478284
844014164
700281265
60047068
811176653
350683157
372953340
468363601
183001196
481518848
465891900
268775199
690118777
406031083
801870130
928285232
10967689
120457030
143681061
235100847
13100462
2712888
268919470
139384338
412716567
991916383
53121283
118216982
815788721
805725566
844167469
519487128
687237787
275779057
226436219
974011949
664748448
694843796
249937851
875553803
596132550
4376592
148825404
429955921
233004301
938924513
172883178
807047619
539973570
643533080
575349169
59049013
340363082
193864438
806130219
456765396
575094694
560896927
647330499
819260269
297561873
254736357
652574879
377275629
637351377
946404770
581537411
414339719
179594864
827858180
263536783
316123891
870519177
268127257
638968296
8723870
853887483
838963547
906380035
473792053
819033204
246073662
578243411
172255640
230376396
785118456
179124046
493373348
469648836
769670821
398917255
103851521
47513296
430677580
577991929
341396192
351801711
771549773
792604542
286599529
357387101
758543458
627452755
712115389
379996296
259225278
188529834
72235824
554896141
797406349
602877912
736131145
654516891
173538446
227064
51488210
676492944
480319238
146899233
852232920
767280724
88164063
944690881
409924041
428940925
159685262
268610595
439841597
690135326
297572103
656922157
82337709
46359005
619780505
116404951
60489746
618620905
866128020
792259343
971151117
596588621
106888221
938477206
672242486
166792909
662786108
449334629
873974849
430450516
526503718
664903246
871482471
624650540
940371620
519318804
269223038
813852575
217528714
283174464
220311034
990614681
748688235
382100497
257324038
140484191
520540203
689772140
34736385
57133494
939737317
432867304
810364923
688059894
175748114
255644298
660392502
149686856
272448395
243131132
766154815
710350632
394635744
9391081
163631608
632668855
785439684
457687167
105987383
100461701
847181912
246637169
401092191
582953556
571948308
980536434
847900385
724787723
681153167
531758294
646252704
973013967
414598243
816841355
490713197
93636414
854538322
183422577
448902426
684727321
858926300
119536182
541404180
974397581
517019647
509960401
595978937
739297154
218468889
624655182
355044506
62853036
583784756
934274683
209951580
693100147
31775113
227411366
116111586
195211679
407743912
935604778
468533687
740690099
596878426
793140847
295752388
577794388
518677882
69995193
778130531
602017107
8784741
421260061
241535399
727645730
705232988
426694608
65933908
61987907
384557497
108603230
506318834
56497985
176713788
583399668
389229210
480323559
606889774
797613048
61861301
627126956
67310990
253690746
276983408
923321520
651002493
800714079
377519154
723878799
214208012
18184548
220619272
148473695
846524649
753027397
54068295
162524694
692739283
482305849
987867158
605080503
161477457
54123678
810654181
299140682
429285944
412035702
563976311
13478758
403911636
815428828
970904613
721064833
8133892
151003574
534706116
755093993
144276652
318213878
76643236
904518907
49175453
342055108
847779894
366372948
887983956
357845139
209973334
423686389
529331372
226704515
787584275
124583924
809745888
456780796
465649498
13187312
443036563
977842724
494035576
238966791
236737768
364040395
319967163
398779182
47279934
499554438
140339802
695521074
218321280
298974300
18248042
374525405
405662613
83348251
555905049
819422348
206343783
444281233
411156724
71440805
202062367
140289921
484147384
177207120
27844553
846320688
911318943
551353094
685354075
521518804
312057429
166433927
824178300
837676443
667781138
685135056
22087945
449000711
319093013
388429518
217505336
514452258
205365108
230357072
208456473
413058869
718921310
726397637
900875745
646227149
806843527
998755329
566685999
422594771
36904424
96447846
879893010
142760042
370934629
200959244
588235493
588986707
10166999
696802475
986916869
851814114
550347103
567986168
415567111
870769992
797334403
757343071
125188219
22727206
853935468
687610107
934924812
253790312
968750645
614785682
127399378
184921305
650477348
39126925
714675276
313302099
599747926
401583528
800772019
571333292
805242045
879327901
78066081
118133769
800194023
628518628
504285258
508562632
243440201
356642358
862711764
150935141
310830525
30105753
848892745
49500456
873567110
543958793
568659302
349294315
161523033
626102697
174009395
756148946
73559866
403314187
938509358
971040073
982127197
673614770
252066187
148763575
767214148
844233818
65527946
918006500
679276989
7054449
222533181
225416839
183324848
426362179
10350111
612108287
752073916
976464235
874090779
620371594
190234179
665174819
439734987
55789132
832924225
451477703
409810258
179139348
705318505
321917134
44573903
396879835
690009269
533245184
526435433
569825429
104576170
713948189
383720992
466596706
964577806
930886243
370223466
866512660
321425611
343242462
165969467
735160853
615752585
561901107
4075029
97095629
529223407
318137763
780805893
316952378
233879783
196277055
315839348
315736444
434423560
886388596
212687994
357359854
962480545
825653344
535407569
650079663
899926744
440524680
507532116
38125726
592743243
407494072
655793786
259347935
294951353
573222326
734363519
489681762
285508236
674649404
563386761
143417398
317842105
947478272
867656426
371871505
752439289
209483055
335945646
908299114
398108841
67984547
32173146
78189209
718198248
12863611
904032113
495772266
807834891
515889803
835234107
175227905
54368991
965949301
504352385
121729335
662343976
521457958
22001024
660657455
461913534
826157584
30228208
759774155
323001834
69270596
39517749
15002273
957996916
163536064
897640372
690443689
104579034
599233000
640016884
524758695
375320926
577604576
541149685
282087742
669190211
238591253
681846870
769618432
839415295
388158856
89048406
351892802
443125887
745927091
709527527
230981331
187482030
675288189
446385579
571951255
37756338
272398990
755187374
648927652
973345860
889029839
537775348
644298826
618249429
144790417
70648870
455135989
325932416
979593688
746408408
84739399
980308272
739913281
991467242
223322281
144310714
260609775
920358858
934842977
980222188
687624945
571876385
212069825
454008535
666659040
502961659
429290843
152847420
68065629
487002357
102921935
822417201
892222031
308741880
780160370
700815904
37548043
151369002
694624877
317509985
633912416
25960385
463532197
999518682
624788128
250673057
447568747
683820945
223063298
427640540
777146562
352040130
820344395
668705463
285720914
317153454
325705522
190290291
951590388
641828757
641358026
302288568
257866787
492591331
643486472
262322197
88086240
431171401
211306872
522506375
106762671
109240773
225733980
617332991
346309772
661664560
108344187
212551141
829220406
415985983
55392911
745469896
929784120
640425087
709855794
750881803
2072805
223516568
23020965
463006916
375110381
847257751
199778613
52796119
676151958
331623847
768093597
970940865
356032210
362465931
162586817
16397346
472514073
700556922
320877869
667905788
126306150
203011404
322395691
624056353
208809266
113154381
361069883
535604404
586435846
895888128
372504446
617441699
782735536
892604667
260249391
864569670
408150435
748299954
