589145877
523144708
194587623
760372140
18427034
118000406
14645422
137217827
482960597
605241359
503010028
320984706
302016457
495972149
941227976
570717001
61993646
43169556
591475240
360167417
945004505
230234234
218919143
206086787
189373201
148267957
262149588
427909495
455639658
210260836
605775023
656766896
265830270
64575517
476999832
210417953
720739491
714298016
370756388
990504548
506015575
886502858
126613602
190881234
429368454
354126861
670383134
29301830
142878665
846828046
179841819
831186858
987964075
140672307
889248408
358911642
304225564
988500834
570998939
870159076
855850817
586735926
681578167
272699761
999466334
846243130
55154436
237440940
18972317
730810022
849977508
347695629
672413167
600970690
854151841
58501646
103620632
28037909
776718332
835246338
477884822
232847757
285030829
608811610
30419017
774588164
668802819
125157962
175327107
118088189
906192387
732238655
143299076
500597311
134653731
919279647
204924690
853913839
191414898
583125322
298972425
432942193
10329512
412068641
996850537
832146188
158773691
386993385
286520465
830746762
255291010
276187654
211782502
735752600
392274253
623003059
301705096
72766556
242280744
224878170
177440311
929996472
62113833
900884127
824617634
117738852
204396552
171815855
466316958
934872192
853576954
249706791
836623010
193593009
536273913
44942628
222518245
872962187
611961072
198272827
615814473
281809433
838637496
344580344
862797178
630004733
520456153
407546475
108323057
511650671
617574551
132158134
611633095
966536726
405685010
368975951
370828360
109445384
587451006
879111685
627749635
986957834
920676426
351648271
977169806
5584218
439564642
18189493
199478687
347331625
400484814
428742908
460805483
44007916
609063696
895630876
91358976
717533487
38086948
194612900
597282698
796850076
63492798
954666286
317297641
721418820
638073695
870086282
787907998
167297961
674114266
113072860
285511180
732849386
570523190
628856637
361133006
486989225
367410537
857212959
190440090
502266660
208067788
760991431
111165857
188831642
671352649
567625178
357473030
510054132
277616975
653294872
71358435
392838105
281828987
830899558
923465036
966010138
34350629
255750986
367510522
569478358
230281493
32180725
673217357
287411953
143231728
727956096
473484725
980207057
534497870
604369750
350122950
180873988
4172809
95016037
588782288
302501365
843500428
128465998
50066170
70448516
512613252
277853865
889680985
20819394
41714424
892673073
451020398
739623630
705391600
395122866
452638595
111659550
489702437
620961730
271985166
175887062
87774074
823753902
45599914
943396552
94140453
377265971
975556261
673247223
303171921
890484446
388665295
186812949
242117270
620963670
122509709
905884630
205684815
297062006
56865106
952427627
142499739
652397962
245697528
250558653
276935697
733861093
274815457
139375003
151731155
238463399
691171549
383211077
823030870
412895225
214727291
19746526
82866084
106669617
976308062
135347280
302297603
216433761
717647472
151229977
504007777
264207449
497506360
84427929
272613156
546753964
905974734
192640431
564096624
319557537
33387323
435376110
578056373
795041260
666460855
360279358
102450514
836181257
521516068
64708522
199312896
5454218
363782077
829222043
406236378
102763183
823018545
99015198
320753943
921517824
650130024
926065976
934750489
94467551
746550874
12728247
236354732
190387527
866761845
604977190
332488663
498531118
819114452
503473333
379507902
779351180
441690151
287824822
440208761
616028703
32896765
466116344
694917691
652938949
951917079
498553559
900425371
668284316
678191550
169849973
723735417
806959536
871886487
642578798
669427512
107321345
500625620
483588821
48490385
653732607
123924625
912062986
969419411
916538877
732219857
700781777
186339764
860308743
449714141
626885197
661073031
535193722
658806435
704725238
888621058
184013679
231148284
281811539
142550471
247997314
112302875
568070415
512195976
696911872
881241771
525529126
626644630
176535653
834045819
272186556
278725559
958101328
239334436
786476152
492104077
120833778
496696931
778378813
920719090
251135302
312213795
40116628
218570174
51306352
508776940
188541694
148153100
167161248
753957739
485413832
876173059
218814080
341038350
800493070
541429731
555854209
399867010
272507538
35297105
206690731
74137146
9804111
26262923
177527584
348159638
702971702
295859285
872330281
212621161
767787280
687316747
452769470
361092448
891415168
935783518
72186247
349500240
460889623
188134931
692700077
377376025
459483382
422577913
348631987
396013495
59911479
617062978
438841365
245046421
936249867
720966767
224189393
743081708
714028359
176998155
302409683
13853705
41042590
703146713
805805237
892682407
275822817
954540086
986170458
798097084
423403589
857721631
449623180
864709550
469243484
206353968
938977385
84372607
342597027
829314704
614653763
587226197
677630934
781514087
288248158
85908723
857017919
627283860
276371293
46820512
463127353
709687761
647064087
714417012
633373834
58332542
308457650
757742909
382329693
800017668
101553208
504943294
436407454
550534902
972609905
202189846
167439797
574131813
775802935
729895898
781989381
139816786
400484680
884713653
562344391
715183485
336222769
259528501
414898554
719896513
35664488
648538956
678168793
939349945
334969730
713715827
210657543
735206166
231335716
410910941
897896317
181234476
702042912
542579357
727761496
109710468
150818743
127096032
808904181
86058312
918468925
282886105
851480923
546475393
264831130
323310567
309203080
762350432
152072621
918190348
722109771
48929148
342844354
662433178
764353180
453014251
826774500
497057507
215565171
258894077
991532301
432233629
342796097
364891994
831999579
600754905
437773872
857905322
156952157
452633922
564364742
209126737
450624319
328840242
801427586
752778381
797058031
131693399
674518815
11659162
404512747
448307110
583133544
313145366
688801169
848967169
838390120
39609733
778226175
274747245
282935967
653761234
911530859
550010104
94526009
486235296
940090007
486588929
714475813
664076224
885536694
451297756
605398275
699438698
353825606
512983034
598304828
14004112
861005590
11574799
655956218
695081100
822538691
203906009
854381328
543225191
849100083
29650730
676090824
983032409
762364783
398164138
79679147
882204911
169697954
910603506
297595877
900614213
234314233
315192290
812688372
310469101
417217585
10442591
126122467
953214989
842908834
883694845
959319759
175818134
250662341
824386008
178604142
766651375
618791025
587854865
831222542
707624849
695628774
551300816
637135211
910439277
810498104
731443403
901711439
487372555
371618609
723193362
529740743
443222098
215387157
697690613
779689877
545813299
198886426
345487116
277863515
812096099
77783542
901166337
700316356
965405237
70330969
500272689
732370067
937978774
219559996
313027770
263413885
581843088
79380963
589971026
204985439
683013415
678057078
902249094
499970996
685774180
108731151
638749910
581596380
119715471
353954101
516097660
960430975
552971726
44696130
632790841
567764949
273303909
309991349
19126442
629841307
794462435
850984458
671729973
840108307
310225414
999073334
963732663
267812559
58590838
459779477
947897654
363841134
625416130
492705174
96676461
867756220
296637330
845516119
592089334
703364948
439033631
319569957
580600885
611451136
554233308
539841712
179398341
893282644
586769153
745262819
990109975
271851738
60254521
960129717
410523002
832028956
6327105
62140787
189745581
686700845
144998486
370937350
523005542
659935992
406056445
152256525
335014845
60266551
948019667
765034619
271127619
427787788
717902014
315761492
190807676
474892478
270383573
60278837
285874998
770383701
819674992
70450019
681043404
313328017
469669501
676045916
303586613
665286412
82182171
264647504
861429115
234496543
655770537
905388487
558366462
68096280
796564414
920664891
205394690
401976782
204826867
119131789
945262975
821734533
474135200
562322186
553949722
744493027
769322040
935630523
561645382
946048267
776265787
419361879
867025851
74548467
689893944
209677524
190266491
730010527
848669911
669728432
978084379
683372162
903605503
36631076
772017250
812513525
757395029
122711396
678328062
349718680
854884145
883898215
565556834
700543203
125187042
859308870
839192816
907347313
122096193
559093585
895964370
146551647
703002120
915380847
458230754
236408658
38362636
483817994
378202334
586886889
730398399
475384162
553306869
535098433
141047409
261890813
918129028
437504124
790304935
741436196
987097996
646610644
257302460
211926701
91164121
892367570
853805044
166482647
949361424
830585073
370484707
282919177
607914333
289576325
773764060
831532732
980370040
988224655
578400320
535608592
774150888
273577034
744509060
91441173
619320280
379499983
330591345
30458400
559495794
863296227
941179840
401688691
117042378
380659996
571995587
249353726
889249185
491075419
824216725
565863182
382603612
871879987
534456569
547617260
216402182
447479222
867469827
263730543
761334371
309514676
281520771
929904372
859103803
254696342
967285306
713520961
902101582
165861287
592606420
711664137
561776224
823346643
606986852
86065196
889405231
968796014
165876798
227254337
717580737
524410334
942283545
489294621
164007929
12537137
153004979
902270900
739120464
196891799
875038989
171841057
512030155
66860801
269124027
249981118
581775456
11275468
542584887
862346034
413374689
858474624
347252142
723387898
898468997
112552587
4086958
559256968
264893135
448391373
658212028
247606166
281602423
640215490
546149805
236924037
367231129
792226148
765896442
846566665
101691363
65014406
974400496
705209782
290822297
420765363
199633982
494915422
554222616
357005734
504289738
878129763
426211127
303530763
813879646
859106111
177158192
218895647
590825623
51455342
8450179
593748009
637377764
290729091
538679770
627432822
890238632
871814663
520710995
32199990
882749987
789549307
245379024
696018220
760654670
348360283
884074127
642042358
432565600
477703633
