328103700
65575726
131427512
146107775
525980469
513441868
606058824
328724996
743844275
955689206
575432409
172317840
441991059
369889138
302154077
857914126
570892945
812427227
454542823
28166250
379953531
334626979
24493994
827235695
779716773
797996714
253629941
763853964
345749557
808734835
712664341
705777684
143313500
965849204
321608792
191331297
282873519
438840457
334114542
10540743
389851212
576526028
297474146
98376293
303194173
809599192
564702299
781747926
252639564
292449132
657780001
50146986
76593141
677429237
709159713
993476719
41081731
304191815
366391001
727983754
259811926
842204858
982975437
935109439
243024865
869654723
29004340
476141853
48280345
110822779
575040606
132052488
478312684
444002079
638315037
803427502
37152833
926117700
524041522
970117579
233294414
471882014
511214399
53300424
150954833
662517354
629184543
465884261
256689490
328132072
150249566
978681703
72449455
606130786
750728816
547646352
593550589
362364705
855351427
433539448
780594852
88560445
733467580
141816785
717408524
525727513
571834300
632591060
39114200
905732210
956323885
114964030
780150292
396273420
494689339
787929910
330990458
929675012
784154606
580507509
240470180
563120077
219452363
720148271
960573211
596358902
59603032
872181897
693273262
90668684
209876912
674788127
70766273
90502073
189522727
144733969
738414432
369397614
335891899
625227319
90683054
996593482
426770061
350957278
371808185
35285536
198531411
676176034
111441446
962798904
216655894
663875575
578210098
274843918
193069268
217474775
869108081
13319308
181243572
121049622
466124481
699652402
939317797
948445514
695855298
281535758
44197756
689648218
206750693
349955370
49515477
961592843
593783113
158927286
489824454
243876696
136350015
868495083
348340086
925287675
397827491
383426996
760740450
730474356
874012789
546001335
96578028
795922354
897432804
972047951
275625886
725095124
188154041
214842276
159102837
391030650
57275684
478324546
655101979
90272427
991087778
508883191
469425341
761486074
913283426
255063049
70092461
419282811
785019462
949192570
81124760
612997
664979221
255955896
723222130
82697484
938911951
208843440
74432725
149853962
184957729
248275401
792215412
234702741
74329484
324420352
773438801
378940837
999824447
98793804
186601011
658025467
213393103
258067659
934199896
888944298
914001654
999254374
817190928
618949739
475908873
677295216
10902892
948240233
890923190
275012888
60115902
932198144
491620145
76405353
452118697
848432243
403891820
505248017
905314696
742812377
716667778
234722600
687156590
588863073
481624247
691151623
419458362
686225657
762591558
423099291
787219893
406911561
321755999
834277830
168695829
939657576
391652510
455482985
673945087
507662512
237372509
843975178
343779549
799316594
264304450
841240656
887320690
923419094
646675105
338168767
254133647
708145085
352752961
191387519
172276520
679279054
312097783
228327854
137325492
784757249
257836853
324677233
185648674
467823899
487792994
653204339
610442145
657342313
907709523
512461120
456779732
948408834
831302928
397652184
505439867
872692598
890943049
887839995
324558623
640383590
803830931
496039266
39550551
424422791
168965644
79074807
54158600
130368479
662001310
489416774
627559792
163324655
318157492
889187837
249825658
912695274
658326503
875955648
311523599
611100109
230798510
229978376
15709571
134213985
881389033
305724811
876842155
955100776
685947650
299583920
788336003
424257787
903769229
496941901
980926316
761797586
285126682
761225882
298858255
408718186
599045739
480073665
995341002
418292748
884901326
293455076
630251341
942115090
147826526
592744592
214366095
14987401
576316395
713458513
409585079
573852555
480329695
905336565
543033756
863240831
202232651
99057822
444420828
362417390
701080769
203302005
259555424
821215590
908261520
488028071
627568591
897100620
577097393
902805412
12054369
750724844
234637373
597416821
249312657
587933957
675473468
934727064
807274250
93203057
85217825
773348602
847941390
190310716
87356821
407073761
281467890
379790115
218192126
435617422
206485535
499987917
35652836
632923612
717211978
681599320
33899651
809035749
33853569
659798454
965175999
317265473
437890006
673510982
701404143
658860234
339215181
882912872
656023907
955099797
187767362
267505586
291783571
351217771
277199565
927732166
355360613
69244708
733858769
501187759
206560180
247778476
678908493
141479970
696319876
512066451
715072007
601713760
880204842
567713335
554034305
866437718
900873494
147475796
128027056
767952350
335458595
174430408
488906571
428496586
67858579
398555016
723766207
263092327
247850060
938979948
208204346
684435064
355724046
789479810
326238706
964654942
75176980
532665809
453238273
717397523
638356978
296410036
977191104
189337692
943788225
737501420
2708030
88310571
401065492
321329643
366632090
144307774
223190714
509247213
592273571
180930205
580338135
305362182
433329179
808005162
524012267
415816166
893629909
757339927
303862105
30636942
245989713
90725032
241474628
589379361
791260737
368207684
694237521
410629532
129595371
39048558
197239302
299568879
484708359
330357158
395846986
635455635
862026834
926520416
572347857
63896571
461244350
846476831
197206238
145308501
384316806
769814796
99336630
645233110
193385255
222540812
402780126
219851177
885475585
913151282
491511706
911982997
846835942
811686129
530068904
998424405
450070252
812561181
379651841
553225013
983690901
280769255
820653822
102972021
412158176
888556631
553789330
967109491
184992069
239965534
569392591
399512880
893518792
96166127
205062555
21445941
268871054
49004411
217244276
907054558
636268430
977388124
414093293
571557075
838845450
483863988
788619692
50340705
396451511
573923451
613826317
648683167
466824989
643981224
161617598
103547551
949160973
996364607
233074934
304828623
668751480
435670633
34859107
645510051
343758690
91998825
18464204
750669814
606623574
508622962
729553350
401065841
595316905
472597282
916956581
6302776
866675961
249096746
264126569
928294186
99936938
503448625
570657980
611068617
626139215
920709423
932687889
249537567
934548527
101515003
72284967
272506445
815929476
912415651
238303077
200597797
942529017
768583240
227798384
746846625
465399783
37949877
443717129
887828547
844370099
212760476
53366262
994227706
727024642
155314822
236871588
700064226
732238038
304780746
204891684
165302854
865012652
423790489
19370836
423049266
159310934
768926635
816121286
505108570
436337995
457046905
585136363
682901252
234294204
716358783
63773758
98092721
21298361
517279943
462894403
61987061
59731496
682829431
766698516
413378738
867343160
938460182
522512924
779233705
864643414
372220739
540268405
511148730
707523966
73000222
335585144
518738528
749212404
804749117
587535690
696473146
221828590
938608558
451490552
387323194
627624111
370465008
759933501
10665858
91541063
138778867
678765865
214958095
841886341
142904623
105571358
182183220
657091971
605992096
555706104
220850751
246413711
36887580
640465154
64117255
916778498
73987633
975377284
161293981
380773639
545035228
348880315
216549243
929744251
766421256
840158469
121122936
231338878
379375322
785754625
496878151
178526680
511847065
687692641
725864547
693454873
325310310
669262387
564619342
967428862
153401923
861646555
143220307
249043012
366684938
450059435
184941009
298143403
387373297
470544695
553636477
395087722
598639519
629892218
546505834
789898550
462216621
285213842
75465085
302746153
984448421
950844341
277716649
820237469
58827952
42324070
734566644
349194938
914600606
370662380
591468187
404725245
410757941
193865117
227371716
683388671
205660008
967506229
563059313
316361821
655217460
822979532
843965579
908830625
232118147
101790429
579887160
881954846
141186807
935965996
231238251
40096468
593797302
261873189
982980440
202557580
583929906
322982836
190215059
324360867
715492789
835746069
383542795
16710917
879076506
148911232
984329780
404774401
402520501
863117161
584238541
494710391
722154527
759103263
647528692
161468889
106878761
368886022
588119322
957037522
462436909
852611796
208008131
978634609
139424128
551371719
810927942
148884752
210884676
24814135
99458765
882677170
777291170
238698445
600869030
819471389
439436736
827254662
29754119
83206915
117460648
175112758
479434345
278069645
351727454
736527859
317941939
834694037
614344496
821511551
95678819
215043883
734863513
233177535
861923957
862880992
627737938
404908185
877286788
327704787
337983289
835445027
193889725
377706366
763658395
701561370
717419219
483456082
158234232
828057302
722032151
279624098
339131903
504912406
839576874
287324150
373177451
929938485
626907155
402896267
233429780
976233903
534540254
389373123
929135315
884414880
147813656
544113634
376774487
737988037
191733450
34528550
949967873
702049331
745223625
282015619
981223032
101727978
514411248
650166082
19108640
834485855
676459804
786287193
99479400
816054719
875911979
229951106
393600659
574599806
489703540
697799452
778001029
474390520
94275006
361749384
300904773
804516600
448571050
879243513
553747713
173305584
106681595
420246194
636323851
687503601
329656224
637082570
759688780
557561255
306101117
271449472
415527236
976741071
383787627
398943923
299774098
748253060
289893723
113080595
8502901
917862548
150512975
802174679
248284496
493933997
256527520
475577352
607774324
383474240
981110845
176706431
653156927
635167733
96418369
845803054
727804260
256213609
149963341
411975797
486398495
238829408
470262325
836039403
268498688
218254068
282272215
801259957
90602892
695331082
61975285
552651711
514622877
335490455
870740612
635885163
22792609
304506914
171961698
142389854
430976080
854078870
29308246
376214539
576450409
129394686
618292544
780359501
880322702
537984572
671139661
43560489
598289718
877917924
626682098
769673491
447600223
314473571
533675991
30030427
211661782
455267561
384974459
912443240
321498955
428459133
662083552
317666472
764427120
