453771719
974325433
518270014
815815230
226603264
358421361
663645545
891626655
885709444
569811679
767784327
526303852
896728473
715568035
751571660
39296388
397606542
794059305
4337863
929864277
655489907
544279230
453474002
317185537
625972543
503520938
767306102
223277994
313533334
1377864
851256407
559075653
891876427
793302799
851648004
945515092
555454987
667677916
26547600
250700551
351082861
706538279
789598695
381498111
385841500
938563659
676777852
851697561
144022871
103675165
842197566
141422377
395066884
135035524
314597157
909492488
520851431
201084476
189842687
723082325
591115257
440367550
578093320
884331579
718555270
208708674
634427423
103425674
863920030
806056567
483841399
729928624
767511704
753637310
578781415
948951626
754680533
71975890
931344035
687408882
826743084
915608540
79255123
209858169
159180296
709834029
164008768
756840903
478705642
942155514
424663661
354370510
477835228
303465274
659585293
910715309
128444959
905267114
662942840
177132826
304136236
573352178
987777530
337966303
619833765
112268941
373910671
641429572
556254107
365645529
154811954
448875540
269740440
502433804
896339239
675506715
361112427
368235151
725151282
8721240
44699905
877586518
624720031
921764514
381392905
129470888
252093396
464046430
94052017
668066105
820506667
849413418
409033049
754211208
383272646
253390906
927831009
741288819
590024402
46911355
335923358
522579194
200586795
113060112
787343560
975788119
84630070
975401423
407126034
984078576
549602882
760209807
180115831
654221600
132432921
426549716
948632146
66013015
956573396
490362876
860175543
909864240
547377555
888188001
545138861
305398534
39842491
515529230
119161157
642948332
747675705
619823606
778210747
678239927
672797881
522120709
676999723
511659919
134420954
405604785
44840817
276691972
56920395
109973440
118463223
60296860
669297587
754811448
621778287
956722929
304758758
861817993
784715422
99661526
186735810
426059116
975201638
312398793
567921249
481945025
935945628
569100839
856240266
764177701
236402870
929779274
981999059
501875903
981423717
610312210
749549991
436972227
931592060
550968611
445522058
583483571
852943845
437404114
769724777
484842001
636100946
285031042
893750941
162438226
338189574
885857710
835108183
678549220
491504116
246738764
546919070
364600929
943738668
652475927
469659155
475739977
420451705
292742693
873570568
188683947
78297799
167421684
773387729
11466077
207172937
867786529
930225932
233746810
654139466
603252237
573115269
537797523
542674014
83079247
845844077
650914585
675349896
693802039
425988126
350545159
94671090
303449838
10371786
734684953
63393140
384949062
493233557
279116133
81309455
969782080
163031866
560201152
563833545
581040830
406544201
468679262
511643312
882284864
955265288
470403043
955631777
601361373
24409754
888251877
673623493
9121546
821926914
860659420
806631848
818744569
800390080
726649664
866754565
523025409
94012857
774847960
157049897
38702776
948072935
822223874
374552971
651109798
152437355
684357384
440220371
12914117
973963976
961633183
676535044
377164815
139271273
793065030
738536750
955585082
394913380
493309716
279040083
122119907
61061459
54271593
563022147
632574136
472484283
262564885
169392000
436382200
693446586
40808136
487027972
631696240
311629365
472940535
934211927
133041413
95850071
304521978
448924017
340052368
448031506
660709376
35157569
860293729
184124376
429467033
679473295
7325049
988112913
911169481
128112028
600703139
495807877
34929989
977641316
893801342
259201727
741978834
178625515
889872468
514965384
3838170
319467530
933155840
474605210
44838804
65535450
666330736
858853101
605495336
859735011
90391402
44385698
938987713
674088399
400352081
19114023
702728416
448449759
43017249
583091588
162066950
448269285
782277103
912696107
886324831
135888363
276699375
495299218
40410585
873839685
353871235
125896463
559051547
825086983
444193336
341241846
102001727
385688518
139285571
363931583
13142558
148471946
382617577
51434470
37720626
556317441
556820162
360841588
577289234
874687318
556473309
293529074
135608265
306780880
352898433
555568883
537190426
20459732
588280378
908950440
788836074
171031517
818442516
731655649
505863775
964494937
485334149
113900730
229895063
59110235
917112295
317039897
309164188
679085665
569949030
13595004
65651708
730842632
874975481
330007390
579068199
915857785
918009983
165723265
317366375
60342160
990288196
252270667
472188549
888624452
804051418
81541995
797408139
230335129
575095507
842111039
330029429
650961927
545570694
73225687
70983291
442919431
130946525
518178999
957575022
239433412
984364885
456522598
736831849
339303429
489917175
806347793
145484250
258272987
329882240
872978287
253021533
652719250
414289273
445521615
974206740
233063482
641712179
341270610
255058815
835570300
519631756
78829058
103990158
727837989
683565573
414689779
185271938
801749793
259024098
136148767
784911260
399830984
208148241
77932963
75977274
533765597
515438817
132885120
398707276
997703624
936057743
539135152
900452888
702117219
589089506
677310177
236672653
100049078
99018945
837919808
801207251
789675913
263120183
122004722
719801654
905535826
352532440
8993859
655737854
75227395
621075854
343734456
999248887
193733472
88067027
853190548
444571009
336356309
369544341
440441142
717624663
508827059
942563332
257355189
899512555
980496603
178376169
401872937
138748482
6255396
178017126
85222859
702730848
421104289
334941515
995235345
136710800
86143519
358131307
170441446
181233157
506444957
477147264
323479881
376627770
592323287
539886263
706719415
614050191
735898957
232739168
900316342
730504736
658577802
120295145
292380192
847112580
5764993
222492165
739305050
727159656
950659501
870245376
649482458
897210267
535852995
641003606
578144598
858791956
92831681
716479747
358427489
978225001
199102894
259207985
211179705
31679794
619083450
880727418
307189268
440610340
471656753
787822745
402849524
773516227
277700782
354718121
44153045
300809144
42561323
148122765
130945806
863651352
618826256
443281789
230573654
636199580
827664805
426269612
840774773
951319679
961741663
847927458
521218510
19419209
874311677
922091340
531401842
399369817
909115438
260700397
228029129
125037574
915302895
298694710
255502903
162836756
467395851
875966229
619509485
181134873
596850561
277335454
816230632
944708915
585533940
494776136
359398744
755821104
28634330
574980124
204014988
192813837
39952645
355869588
478868675
623729294
266604235
383430314
899204549
355609440
823316277
644783227
391693705
781860924
920093634
5908232
948348455
320131546
187778885
67736898
168803729
951698575
806760126
659639899
354469117
684406209
31696825
576509593
433885267
379535540
562692596
775580737
370735486
334135314
56685409
35215291
85084929
559433307
819826033
631773607
896232520
83965536
976761679
263900044
357818594
952067332
885641748
34369708
24615280
579625708
546427679
39267197
568042218
960897431
406176395
252316411
386053710
380312744
1400470
794462464
592032469
690094640
949545046
519669008
792916843
47735540
274047741
57558390
725175515
884878342
920823302
388915148
500305511
556005276
171504376
84838192
974936895
542860082
301821304
402401784
798764460
997327116
551894312
854259558
833107859
523425398
207538518
409838053
927958918
804368996
649161580
704772183
558032836
25363569
39741138
206137879
134420489
457092670
470983199
310083054
678019590
828083357
309194191
139736936
658802404
157512531
538961684
12036941
789393054
321338202
277379515
843193626
78491439
598998685
995698002
594705351
138200327
95285487
686561147
269491445
840197020
864209686
129599471
920806517
235716762
216051118
830882310
474941942
516264138
965366496
950417702
517844224
71876883
991738249
724382192
970681102
688132924
412157376
195457153
675595328
984463712
195501577
620444997
606620715
526989480
805967953
626280744
959034150
29665566
445035786
67937551
39135001
770531521
201491754
469886032
813809902
698483885
388387672
904020173
442751285
326630219
64019742
495772802
824026557
370920499
759535290
771316743
86753189
874616491
25016900
906572426
726042950
899828332
10965819
285027731
644695443
243764689
522978754
393817037
429748808
589770373
871848159
445276376
71228351
897428944
911282700
747312701
870385127
521852216
910572289
272197216
299745251
508137201
752705867
348965108
920443969
699728773
796418439
235700216
767454189
34651209
539527555
84417659
4648665
538463358
341894600
139306667
759565702
916464021
825190588
570045213
175505130
994570634
474271365
852980911
454782059
618743365
424544450
926597612
459637798
12222588
900931614
564900971
964044201
752819682
606827174
217905748
147122465
662000709
364583760
944966668
447346248
287278538
626362846
395097598
50242818
787430500
440627710
532764991
555534343
771976032
987746998
953921104
696661627
340527075
96692085
305174616
33865836
899724954
894183048
301700603
275184323
869820825
776062416
755231600
133719593
974626582
120373457
251828982
931636183
123988851
992184200
97564992
551880261
880223919
122698964
888226591
368207787
79173766
802738092
667351557
178115655
891779457
371063268
687661764
24475588
947010509
868239342
623517125
656127596
301652558
184039912
247397510
767817660
62883156
669782344
577525422
511216120
871131245
261378005
75616234
667057043
188798727
601128807
431545492
779791831
890182006
402040843
816437707
217828110
208465493
936966827
954692068
96986861
226831490
123584948
383404864
498757557
88400652
730756011
186709083
106387240
496856330
595701384
629983625
939948937
744786690
329747331
488997104
210441574
545173541
377010470
497076541
817795760
727121858
294514
989316926
290650650
939517775
907869932
134293581
544969665
51801635
405689015
447662103
364685730
229347842
150410648
540986169
939298207
286377480
78767864
422815468
140375233
74668921
969228993
170200712
593097342
971145181
491596553
35005140
560434675
913043738
605996132
