815768510
591546003
398574081
49374822
809049299
444633333
234622365
633689529
625440377
610038834
925145603
582784381
212931087
945067963
827566777
406371463
225981815
385128543
878176757
890789168
192720481
669761890
781155167
57275097
638918526
461543531
714431190
907912038
260960427
717269301
232003671
642442019
436152034
894393589
573253677
959473673
919573050
127690247
455379887
290075684
358163624
579533456
161852555
681436222
786758681
643423423
279080111
694524662
145080310
412076123
762252398
477443731
29345304
835337995
241201108
146006619
810390835
341298983
410456295
347505767
730202141
326710325
372729101
908171075
378035162
282703583
146632346
318537496
371814285
868093102
486798411
98291567
929748654
588101072
532625544
613187023
507909335
99718945
270516414
995495102
182463420
19906527
762831728
848884303
955016901
754559939
613096715
600814038
653192480
427247057
149082838
578274067
717233950
107874120
559873541
31453299
206804355
253681478
303401059
504055097
496791076
960542613
322710376
276987206
925277710
663960830
547695075
441244230
302712451
628014084
638097283
710671890
70782569
414961192
165042346
710295613
563878595
523844797
953154173
623475222
669606867
545818307
665345015
944567226
719010264
908524343
381057616
821874534
28227530
501172244
406382668
254227856
796317884
766461315
498704025
221920805
697196149
485844521
923606591
291056070
206864864
171852484
298101586
25178396
789149773
438410947
507491497
302272758
942831772
849577927
467574702
682959556
300527303
679925836
834448229
950972767
295197598
378143149
557976941
16753367
282903214
725820539
413016699
801540205
221631416
383869426
914354004
304321252
916257165
943121539
13099464
78034074
600238204
662098103
416610357
497754383
247716721
640166618
155417452
280599316
401032845
78784857
879042761
178649602
33597542
723423110
953700552
116392048
932013085
547731256
926723206
319053000
927867579
906853224
8152855
481044323
758835784
496561379
803546978
405280347
524056941
203170245
386015592
999710231
836478462
389540628
82721352
638429199
263315478
336693845
703256046
655030978
222725696
277377624
615720521
204118357
846777777
234367096
767942663
498208305
430168872
797961955
372308166
368525908
16398333
694046462
150166493
693384979
653945247
935566032
738918597
751155340
836619639
750137104
756542373
197862599
692769263
879332528
342171138
644056913
640701758
315271352
853076568
595319239
844475208
271692227
96327304
650489955
291132702
804034497
634266545
524468687
728618715
305338673
975111473
726094984
830862078
17489683
983311898
142432000
239374135
389336371
984483950
327749444
597775247
952100705
818411338
472588591
520835249
417857921
511349092
967445247
892195956
123885750
857506545
114897520
944885386
776988925
524050698
744706104
597719158
499676536
402252276
849910749
301299487
214449910
22536624
531280965
775025629
30447388
367000520
675279580
896020629
199739138
404682778
251365386
330787401
525327123
997543991
892374502
453280888
623738712
129654705
873274780
292685404
666821297
632272729
604732965
447832126
860213953
781209597
53873152
493438984
238605793
544712841
739697597
987084093
134573201
26449957
383325336
929564081
287130372
697562960
490387860
50857400
836069511
71424617
692456818
719202971
606141158
784110118
419558262
779444932
631676195
291425215
973980444
370021831
528977495
557225344
634478188
582177179
417803658
83448838
914811674
249237790
313127367
181840596
657414836
655026296
664985180
264281291
196214199
498877166
614218654
962810419
166150516
926175750
639266844
822417379
456615892
595396679
939815910
885529993
841690966
76103835
361651335
274428218
861762787
947180576
570732395
369675766
458106598
577347855
391971768
801148156
511760422
203681533
782751284
241150070
737730032
654228915
414009779
37430522
54217791
341859867
587895918
920681095
165226278
668865774
125274699
47804694
730754985
706560114
100609452
39081508
642361268
532273664
241757870
838707839
887586453
38699148
320077807
710234258
84293900
295309413
806174692
618866343
106905397
813070497
451049997
962468981
143424466
398116774
84687347
802386976
181386900
902385388
831312201
499831099
488207916
440970239
109201940
192897012
821905877
522927701
638920779
751546482
476738402
352890259
158786888
979486757
961923661
944043443
353563615
699030883
334151107
703775520
953136620
758908376
535685173
969029573
813775697
352155779
217815777
162805716
904380226
332638211
621872767
298222475
857694607
739975878
700961461
741926770
350499923
446616213
929497207
127180795
888328380
561366198
656388633
54628209
142127940
754015137
654283609
471563238
545320
199381021
44553158
385656462
468235869
477611378
949248767
72403825
964145924
519178341
627194541
757046159
975081233
659100160
618547473
306282568
129673714
178515927
495195650
418811008
278525295
219996891
593543520
906947400
769533675
206970311
815447138
391770421
102519742
481056964
826901632
59760559
697872169
746252537
162260396
704999205
288085053
236216305
829986604
380083228
790727110
628557635
777780844
831321581
819421671
172451047
152099560
229228220
942818724
350106065
924954493
963612012
258819486
235472600
193037942
780548427
605837499
137605756
616122785
261265557
662164239
557478346
969884082
483088960
692276707
567433981
59173990
228828695
496839763
913548266
18197515
893457408
348529321
115112421
628083897
649967659
442216045
762221938
87525729
597082628
54870750
586218917
448951695
752413676
556102469
863289619
800941071
462399568
553214594
381711968
99161705
150479296
620093519
568721047
717918987
233248764
658673552
294691883
139044873
251987690
113277056
923270863
732388456
29270458
331908550
31497085
615082690
143707064
607388702
543070282
338332381
843615560
50080027
19040157
206394806
75945322
108526650
217470405
926986490
828987086
766492908
596774420
675614100
115127795
814386560
867718217
273363889
779808273
397193433
394835133
991294105
147524162
623177064
835538037
483805571
131599885
853830460
419681237
420505125
524605383
248206929
657234007
855010865
10144312
43379586
255546144
100399269
601053361
362326240
641973665
124722113
441203146
367705392
310057786
485494781
516502634
247656763
617260661
214883896
464190331
758133195
835274415
746513630
212553569
551776175
190808219
220438496
214541988
535234584
74794921
222114861
688845411
796965279
402381106
580780157
109258901
741763554
665469787
71748209
558840416
767318948
672310526
417482033
755219766
270113019
550090959
779818768
313119278
350043256
967302936
883943120
236569798
204797341
956314792
766472186
412932513
910720375
642457296
458368135
852571365
35107647
885857279
65818777
287531319
419858804
435876701
644237866
965324284
729277628
376235879
774739079
582186975
545512451
656043478
696871382
85822669
417792382
991293863
942440548
1685216
410989450
907319217
864498731
567931647
190851799
985545061
484048070
840650485
635908919
167847643
198538524
99306258
207101651
219176842
523732769
881461667
606491748
129950713
335360962
834236317
905853092
814494483
583841649
973807375
192563856
301756145
691057345
548753861
259443410
680649516
995140129
919426511
700016746
456682919
441581915
127788429
21358548
497887129
96679520
434313741
951828630
803587379
329415364
561429984
177697354
675432820
375085323
326335609
132310709
815409713
479330920
287841668
655932901
108204231
95832122
596494965
323477568
890691354
375367790
889095652
294487715
935294207
581207075
955259401
172707513
279112012
399289510
750418731
777594926
395944339
860103119
108604618
33271193
901047219
882407686
102265712
485079118
22411664
796110020
517131034
926670821
364721736
416443151
444033695
201318596
707298460
263493609
591812515
360850796
845086948
804310859
130667192
122519339
207583866
139826026
16534422
222380304
374155962
388722470
898585340
276143310
624666591
548740681
736366368
955306593
370726301
254570475
754885680
225796543
993566409
111415847
301065903
94581333
858236754
962424830
929765977
518851055
137173380
753940805
465409051
15618402
807476993
389567934
932507976
591633479
729435926
986085278
825687325
761221193
865873263
879885406
110923156
633689193
897524679
240987724
302004230
815981053
680076781
488727100
830592293
452727985
508607928
366015971
367284386
733671100
503244956
36085859
264282584
245159035
210060047
497683365
85206924
620215155
923313418
882966937
468666315
235098657
616232704
144732889
225870666
384641022
428883148
993664486
359923279
113681002
492691
667376709
197056653
617249029
660420599
113784924
838774273
648446278
923348510
12681065
507010473
441461021
22283548
198836875
88388523
693350067
721802694
580528289
551161145
368189898
794678482
490707999
710375773
14557741
772321407
66905572
199748349
535343892
262856434
445951271
23844837
514943441
6092692
253603383
733178409
835868245
839029205
647033553
584738434
96275123
658909091
436760645
696866644
910632352
375956464
27205293
212815109
417395828
56344366
532520597
662838326
848354857
442503340
991733380
319002519
509784691
957000934
182498912
844927621
593515026
914036573
303430381
385589843
477397239
988836227
992067031
435368329
768680163
465658465
252520276
854320861
74769141
995789853
454886022
709280805
357917837
793841354
799743420
638601275
745116113
854090462
782352520
478999525
730335835
783112943
175489978
72440100
14359311
934600862
223393718
878867310
656530292
802105931
991223406
182238548
355478710
51170801
219469405
921796124
383889431
591836963
444134944
951737361
803824089
678199735
588069185
852565003
987617316
282452574
961084681
715943336
157257514
543897635
99811507
739424563
131684052
824430854
655254007
694284294
813346249
919626930
421009017
834079300
242264747
373652964
197790568
272663208
4566446
272647473
353802095
306747035
574371948
877947294
254711843
153279149
409955518
830615158
675175435
52136099
195043757
322924974
84822783
731906736
973516180
507450381
721609796
112632657
702294423
251798843
50554496
