761271681
674105455
346698378
923020476
136103478
427085562
181271077
793957452
187143216
650118453
638522587
518712553
458257087
157524465
658666132
743437201
312111290
176547401
612634931
796488805
641459953
12084732
636784904
373121257
270014479
443105578
950190142
170653812
571596271
509522128
399781635
555159293
960693340
516342554
47953692
476668657
957827823
724521392
33772490
204225891
823842987
210870010
273362247
988822677
990797296
286530955
729780471
357040887
926540814
295587932
615630241
212853483
694530755
178623247
187495941
749186948
37320551
973577120
653005997
692997899
476895419
10617265
222361180
677621087
250336817
83363294
558019212
941914532
109570772
181997474
785609377
587589897
142774910
408409040
972645817
430589942
738722484
647962225
382323960
983483523
713325105
593149255
244112996
276008338
893891885
186928152
860628536
782070092
328846613
298766742
439348106
984250701
71515394
340774590
727330471
813225722
988508829
595741159
738485860
907434002
728511741
787865938
247470114
744543339
509978554
28040343
70078573
286121715
205977429
756905997
10464464
389358324
591253160
669522473
979672792
883746162
766504267
946352840
783729200
63408665
222734757
775949118
613067919
810804029
742649367
801358674
516074503
802000318
681078567
159420094
442081112
142981324
909476364
474889957
254971781
925459166
345679140
499569656
766029783
865851541
116849578
574506820
576092663
571940614
288302278
49989781
392997541
401992919
361101797
843584307
46721455
42155988
812011958
675077194
684699244
952562622
174798019
436666084
1893972
708619878
511965839
268078254
605043146
46557334
314824885
867483138
479881959
116363203
414550692
54213625
538067022
266934611
180323056
917877657
946559085
648227935
199856454
41127304
522501750
692659585
408361132
114081583
440898520
837494259
112698639
399925123
330969365
234399169
790190711
302409157
750661147
909013055
497675683
57409904
353885702
848771322
969463672
529535328
257115729
420819138
570107821
276634338
987442226
306888171
305517285
779786842
861832931
894134299
728518107
36471309
752706167
133670714
914164332
309234386
300258745
397884256
827179732
767548886
933858694
914899761
536513772
245482789
326172490
112141535
303552477
629053965
769258926
122913151
563991955
97787762
678764261
670321125
784011574
101682611
122551763
131726794
126639356
134010348
531976973
332911795
538092191
436835064
505881060
753719401
549702988
616990432
994848722
188441297
757151158
956001444
21591590
201914786
595676633
342215966
884305364
324625031
950461846
875300690
3335694
676463319
10527916
738919779
330142344
630730345
357707047
82385042
349659139
812481720
186682622
168531951
271244900
693169383
235571912
600946898
376807570
99678708
739601728
572453088
562438545
686562043
634205242
580817629
365761992
607990509
76196172
476849475
74644491
441795607
217377245
797926730
181264946
251338664
130674654
855513653
322383879
799172410
106692720
875150714
396012354
467317946
267331293
182367001
1758675
588619206
684756544
328422205
966342872
994729734
965408395
784626656
585023302
378008758
312862145
316773649
42258076
429710285
373157786
722151834
554534172
880857571
7740551
907863530
595104475
388755890
987267003
19906235
562494729
380058258
278563018
577635158
992985987
864451012
176440733
95120599
419230750
451838241
579058954
777142785
923233963
747773966
510506601
79914756
476387211
432750588
212903428
803256187
938476517
813901003
813255576
892673592
426014624
384540885
320616542
515154782
459577394
359467762
587262524
613002783
601352201
664850308
765927475
586284614
716166715
387773236
791640668
720572289
201568024
217741546
897542898
590419834
850651330
596015000
798917869
806760204
370350969
927825794
431476318
162353887
175852462
184010816
81429717
748593724
566802680
385889425
151620534
608445102
543834470
661285950
635543203
59762987
864575715
966056169
175790583
258383655
981846490
924221986
363748039
88613974
641109918
492331138
601688162
720734971
916358104
222835742
42022261
829999622
585623014
513856336
144803813
531751599
927991442
424908637
437150321
417341385
583420591
17333750
19481934
330277290
236152702
183195566
176737818
540282073
582198341
837779910
725844118
884595160
420224417
540534213
824913713
446128981
564077754
342862344
521243967
683521323
582322653
360694744
832235618
343966937
343867163
321620910
22822087
29978134
516482137
103791603
131771544
439667077
528905847
758449196
674963062
964512739
904740052
33470748
852461270
457914351
315593319
61406089
138536630
78578193
496991622
157427100
409775205
45088801
688942621
698674830
967673844
585129097
903664669
753628997
835018731
222725847
185098130
675514995
986410126
914531791
160373479
146759684
23799935
478406737
706008366
286177040
355689312
661775219
865571150
860400972
541388928
530607005
490401073
63329616
367928003
520916563
222158114
753657425
846975313
186440063
911845703
977733285
341035511
817807306
136117758
546642445
536002407
775276849
923430464
452237215
779414609
229225057
47060621
937929477
297540872
168833634
37606153
660129891
372569826
210814582
801737786
747999985
179517649
828541647
157285901
437066838
94728024
840335052
385700993
314102167
567732
431440704
828539680
799970062
2686087
182640193
805724171
205992628
342288979
159365920
750174632
580412462
738344753
413333934
80986363
312163871
483546383
552471594
765788742
199094368
483310410
562028221
381087599
636160731
384702275
163845718
798215635
512493862
660521404
699050919
451914421
695667353
389575855
609328297
451669482
347973904
400685375
247090557
935243390
114900678
363109461
831613523
317840912
213203905
460639948
221325324
9655231
766183714
747555283
845122029
953520453
542256429
74546310
186606624
830791756
438539509
50353105
192378948
415267787
838840368
384424557
293230308
545471223
643238058
707451498
54507278
190836607
129016456
961664450
733012457
911478494
236455825
617228203
650888064
835984906
651696885
244187309
167883693
175520783
163376951
154190486
32031920
764938578
815399374
745530464
909657990
621121043
202969230
778536539
13129972
297620799
208306427
831822769
96403021
730476120
69879152
286142300
674602852
505752405
406132669
30488716
880638774
804519262
14542825
933643533
717064627
925028225
423658245
350621717
179094871
194352200
882469410
16858165
251890836
684649882
352392636
528291729
730071847
897707593
797793507
433386234
987867376
350479916
948534477
435391658
703172067
404633055
520825181
920411942
766105753
365554584
569584456
662131286
769388112
132888234
273551711
227512657
750395752
881755840
28465837
984629764
197462798
852347511
599441668
818777771
415151388
191448262
579931932
411753138
378083484
541587421
556070451
776895258
707958897
972746434
42621339
530158857
855984783
579151166
230471466
312431571
404203043
503246301
584515963
813540285
624767742
220338123
247470051
119002602
411098170
124879979
777895976
848316006
869241755
813163741
235923435
135519864
751038246
129756706
20240270
511723804
824701122
109072043
542328458
224518331
809484131
792689197
954172388
796641676
90266894
743392852
371527872
171244585
651284373
716034264
580426720
694216495
267831547
785901381
194010028
194813264
943978209
460929330
654967
253203504
763691444
707754443
907653501
894795154
736822998
907101473
779120610
726228077
558910896
718747660
487730448
295131000
960917842
359997631
4056154
832078544
266165734
450828374
28735707
667705316
753352106
606651391
197031632
153207491
232737021
541706938
867688315
965136864
935746676
825427004
567745594
363771791
108417075
289124953
460826886
101729687
885035695
59377233
59818678
183165419
964272241
645299793
612333687
932536712
228303815
285295720
733298652
907833915
781845226
361931483
928647528
493149835
432193622
332949650
499851397
157040052
510722811
754446009
662058133
195116059
39413157
813983744
790481400
733483891
151002065
123958656
186713924
671792888
899170744
902326465
947042848
206788501
391009696
845570287
703433074
108052312
994317702
264494919
924903674
947441299
808408285
959854399
183291637
573815192
896779474
74595759
931578168
775467424
789273555
303786834
591006875
130589685
397319099
864702617
143752261
150288497
854818392
878849795
781534647
104345158
98581795
61505764
8663170
879518760
414888634
721859027
102140139
586623334
629516575
391799085
162722348
246227891
829542333
714616832
386707773
79558757
630692106
216666207
836704415
76406306
192380487
411246499
882519331
595383910
311319589
816453163
809469400
526307077
701818025
553144577
253233918
115467907
482960270
820558516
848859503
746902520
951191228
303772876
158926558
174920447
972455618
344954834
145950849
397474470
141064485
344778983
301047350
682702265
477994843
64193504
519596389
638152185
42145380
705128340
911964670
687335295
178986431
413279259
568199170
598435470
912389625
575833060
884805307
76371998
138565166
47254441
763267620
8983817
865757327
639805252
128367527
326919230
57739648
661783968
103950686
847425651
265295650
485044861
454319424
966540605
515405812
126767135
48312234
637624520
33548187
615081732
73322527
777831929
908593845
161524208
567916088
537911968
735573704
560491087
262530820
396622558
460149525
69578851
258909304
93810044
581511362
292063533
816944937
838189590
935825976
192677158
580412536
380361411
601177653
64539018
422039645
693941569
958959834
601658564
83029657
785622490
527520826
247180787
42823810
523483432
973931913
985435689
100389971
704233119
71889163
590455557
591345524
497248560
399253147
707328127
387276125
195716799
226135557
360509380
385029242
223342279
309822196
210122642
701798542
840871028
34669196
692961115
176654275
844054826
739484561
873974517
578952133
133915140
477461429
476908328
869101731
212968738
26755040
735425870
119878129
596075671
191673561
112711817
766300426
345370419
601331633
83163975
981108262
893849525
677262891
226322846
467806012
598450453
216629321
859687377
475800293
