182592028
675009163
149220458
494105026
936033095
126822695
592654941
933350784
969125646
888515761
976661965
131494874
797913111
66059416
910032358
880187560
923599885
813106884
964275045
981136488
542587105
917821287
221325303
841643242
69227915
869333426
17245371
330841830
594676265
715319396
987023108
535524939
295677833
136470231
881711513
514307981
942496953
50808193
305868313
766613851
789037086
901122655
947009329
220463798
957218075
630861421
81150077
714133847
654200123
796531548
782216184
921936263
705985230
839551410
591430660
264770740
453683859
307577214
424877111
66699669
109577324
261813110
338674518
253806249
901492652
441137025
835817040
661442879
184347901
395724377
937690606
872791692
507238571
197661194
192099402
641464448
970811956
861505
884425166
438366492
788183349
303111522
676641705
798144715
933103211
65086844
829539708
456126421
545039569
616940773
60624122
634919738
625931080
239168644
657036527
527223975
562448137
693203080
318971145
516081049
795044379
419707196
529785945
258475746
858840940
909424491
414697692
508324035
647452007
949966211
293958782
452822354
423152047
986510617
278516318
806465800
585171404
540529801
320703037
836405807
611597315
379690618
116403310
567407127
335100255
302770868
246860611
268069926
540624666
664875426
79016311
277608876
681890358
368344116
643322112
368476152
773325576
418165959
939303773
23678719
650389151
321215673
808674413
595073357
322981991
607801766
211767690
639420461
960652324
850570725
942052569
21918335
372500042
482565336
904483733
415353760
303303886
962378817
923375490
556070072
662563879
146627765
967699368
982576580
870949899
16349905
770931994
54807930
343188504
910040165
33140224
167005445
601226026
297024317
186016655
290381642
571016204
521329951
244425136
727298487
91003178
607440148
307417601
690053939
722822855
57097976
905108833
199325022
463860382
227968352
65172266
810946757
494790468
383233701
361114839
503761386
353516303
826097832
724123456
306632086
836869771
156959759
296231956
50612159
817430501
775047124
420692307
75475725
296548680
614102090
844337554
781973933
717953680
196077002
465066894
55123730
839210162
277645428
259753724
813851923
111241070
571606972
590947547
115220152
844867899
222193465
672214976
217992325
935909477
682255268
936865337
744918371
797206494
937793049
890428715
934043417
311208191
256805442
872623437
947775730
636405667
829633107
902776340
849758290
383630796
283198331
92993077
298713465
918166806
305991108
664551223
75870874
566344107
910271531
195391015
265262798
566012211
181011804
205744258
595237035
102832148
202699982
139566247
614293411
677236752
99419183
984767438
780160630
305648286
531023475
743915538
582404719
405021990
311977993
177446256
281607962
668830630
741189255
731589355
561669567
129200388
373501510
299825517
629918368
17704044
860994462
178574263
886934961
742402034
625165916
368031205
130196387
51061183
277386401
844943582
433705684
690066860
288482928
172521538
284211613
298430891
312832446
993065178
387143330
562075568
82146503
670848882
254366114
732825275
913783051
596432166
824822955
449422448
644074690
466036647
729330636
902874463
509647877
596589366
816242288
920844918
97832477
37758595
680482368
162992270
613719151
531343536
127635589
467034409
743740570
591541100
380347701
568667716
447377741
263238676
816367941
380436331
912682186
67842799
935557540
190145579
924208148
154109685
828618981
28733749
543208249
680773938
406986492
811349752
115612945
530831220
180418983
691893561
356279249
363366694
200598413
275073850
312582809
224151059
948356416
550802966
543213293
787331703
989084704
322241951
216084464
256155238
2044706
380836013
649668705
348894305
990192276
441805077
661031825
626096708
996636768
943722790
209139613
651748618
619784020
932945211
124357043
316285836
351421464
212909350
411122117
688454139
212388467
84011047
62640262
541294090
67853521
688531126
119486381
384754574
646932285
136876444
165024980
506377029
812649284
287053010
678729231
26150478
161681046
766718639
540638942
738613904
30861736
730182539
366729924
256875621
65934237
660834190
604367038
15411205
426445922
226927456
435910239
776175354
911119833
527630324
43766770
918033658
318195751
108374615
281040783
301661149
322318696
276277250
979164421
859760324
778697810
702762582
839099333
332731009
254215980
98206565
154604789
584702824
672270406
672508212
657592403
482205927
717281121
805764639
475359853
407019330
84164088
104075176
958308650
420004829
700966204
388849625
595257195
285018959
243286240
760695572
707954725
53306431
485677855
238977793
416295207
754584484
751018117
506969599
478177810
363171653
821734855
271636028
761195223
328239357
72322667
851207413
103904948
238611620
870037919
561560842
200752537
512431111
633014760
874021452
217497061
218243519
317968599
559159592
158794119
389848185
107505386
554080373
89444769
493520407
390251838
101298358
99024969
433292613
256213004
903007918
731187808
210311521
327586829
112188199
585284473
812528058
342879951
630069293
347682162
849758789
284944677
356645575
414981039
681725396
559943034
195523614
420291669
611656401
21480731
198051688
436615885
191858524
348175480
88329624
255666266
267654481
182191259
267674816
937987517
971024307
752182444
670612333
982398615
967030000
830373032
990441014
184844282
520826560
288736978
404969002
875363566
687899305
211477430
309035328
104903508
750859810
139099334
407719371
933577371
194728223
681006687
487368566
411811881
58161316
466392033
539329284
862136040
239257204
856521931
317629992
630336799
75205135
692081774
376657853
97576345
614332342
374246958
447951037
851352363
569502019
10679332
899465108
322919423
616511727
322688120
748716578
980381093
39140151
983426115
504806455
128555146
774471886
334097444
743259294
290017620
264813878
258800451
924237298
500637967
291043748
128304974
945587077
664304627
971106985
774632202
800158431
995817529
834819576
211458983
490571165
376612851
691148296
556367007
364075351
184048891
781541578
164449142
795300153
735473195
717675453
558948189
822995888
255831087
351715476
189074845
855864911
741107689
948822479
86640232
832762465
355531890
450009659
947313068
560308614
441197045
65092253
235160480
351812437
841879524
522529687
752899047
145561517
827681167
492854950
128193603
437406849
218104879
970022091
559210402
508476041
100364735
463500297
188764103
782962513
732095557
305309084
689755989
312589151
782032139
918767289
59050742
46995050
748179343
378696516
135039274
926603191
743835227
996058391
922878305
118956637
546381097
812636704
953420627
212943507
964776404
413386672
995314720
762976136
223521872
751667995
637760032
771085597
389612077
578164190
732397730
892031591
261245555
164350554
828213056
135887960
375336263
922571328
569780296
923112234
463478945
705903997
397382172
448984651
357815675
201590411
693571621
222046486
47143786
440253764
962094942
287728030
510079669
975820594
818186108
318708885
309994363
926779851
89067278
30364144
281007256
287965143
657382972
170015153
646298785
243007682
665357635
579484672
167845335
786990344
743620373
623809768
242856407
30308392
749464561
258872406
16004499
546330068
405160461
21931461
58096373
415713545
723941810
949358311
616069246
444669699
381951921
285424959
346164445
509504170
825893596
448556410
833504050
539416152
642104977
175513801
48521024
227367019
802685864
114807992
536232774
114086948
54201151
260153440
696633389
338285174
44871623
479771276
226356033
559313701
302704385
763664293
521619390
67135816
972267769
865293710
564023331
708024659
553945906
201629085
861055759
379932676
233320227
658341163
961096747
295063962
790305716
703440254
388203413
573950759
210351382
788637479
743644203
290352468
485698686
944009424
361512393
463788370
252724922
277784071
399798076
902180644
59068926
786850742
206799785
62229302
926937019
766368233
567148381
776811266
611490468
340496363
673421111
601056778
253752231
156300098
880766720
395859987
299056692
401569427
547979457
341431367
91567862
652405272
348962319
514066904
20020090
231266921
581437129
28258345
503781316
100234961
455299737
276161834
801831008
958875114
320863750
446469483
451541377
898867444
368126942
23937483
136291872
611392146
962460290
869855017
115216367
142587424
36600236
329398588
63242703
965652405
164731677
851155493
729804613
58366708
810612781
406663652
437888423
692732879
42209212
695670097
184931103
538890036
273029950
511255507
885196625
397259277
799225769
294877116
835436346
434297236
944318608
400189246
33442485
524041973
205139495
480175715
689944981
479107300
398850536
877432665
194666684
252038541
965015640
538128909
935503282
604144242
546357220
743464300
148262333
914200096
8581060
758808496
856658232
672456843
839006379
597401835
338362195
451204783
984658391
717957089
343361653
741723119
493962240
628945465
21333797
764542430
817713008
205762639
853227212
330437065
716718669
958781121
293882343
164776545
501003412
932892560
573874394
734901040
575752223
281052382
850902055
55761469
146614783
921236249
425716176
185510111
543531013
360985640
685035592
607737658
141813520
238740198
494448908
680893445
534071011
452943564
758076300
336070175
516795112
170960852
786431232
340594580
890237086
817825266
197481427
49799938
464926153
691881686
171453430
906113817
23527441
603461153
875452558
703606008
867055033
287600184
595108335
572725990
203229289
835823684
221011416
456727368
520727046
245489553
188623545
477978470
464332212
612988896
630705533
48059848
174816260
237804218
218105928
404791371
494621148
510307474
165524381
328789516
723754821
375916238
720583956
851649325
189532210
778921774
584210217
538352365
363287639
790842899
813838411
246470827
857835227
185350310
132840885
680971426
949949434
329703864
819867533
644747533
629201720
719502955
585467724
851937256
61176153
123393582
731297556
785723221
385355225
470661187
208984860
356747558
122075802
266318819
848971167
827313050
115239728
369362090
267195158
