964579248
97056129
68378920
579626559
242014306
540002790
966545625
770221828
157767036
360004514
407263930
357713543
466484269
904609802
645801224
609052925
789801048
355137489
155007161
434109809
7328363
682499433
734484422
598091760
776125013
612972767
235412710
754647575
707635807
906031492
761447792
785146090
795254486
743304432
35929869
389185983
952062716
415540034
860314921
56601174
655428711
18824878
32335359
835462864
966788340
990756988
433169001
546010645
573701252
737684320
58192999
305175686
279401516
160262789
870638312
282079814
362571706
470287159
803501545
629041538
304590080
211898049
62586020
251735542
598556721
622117838
562459055
723179836
868679932
256615240
656990208
374261013
494822566
98405987
778681097
988503483
650164074
899021556
631303419
785368023
179803765
689402063
180946322
969951486
847838493
456272106
505744574
634991697
872666119
753850053
26614277
481775556
612038488
231273383
752011092
443530661
956238856
780599815
236906143
344670501
428297933
709989164
677330711
317086011
80694111
683931984
810353118
180995528
381581690
882134827
631915739
463550149
838983739
18133522
449237773
615188015
30951727
92634533
403897048
142284614
116373264
927467356
850513716
114829879
230000963
175214651
762222524
263549182
346394893
335150435
32264626
869564258
662115412
286632917
357070090
469814599
12071351
863860309
889257374
163906508
645918986
324749045
253410006
990531290
121934314
563064127
642791816
593904966
782035608
136823077
412578934
863604323
376702767
94621528
228297237
500830575
859475447
562500832
87085048
905479459
921709459
546803936
834600634
46431255
849870201
762351480
801434735
552350822
661063430
979423172
603116663
167091416
203377158
239990539
496365627
791624217
674057350
859982424
992895563
666936834
532422833
168317558
481513573
209571815
922571499
168660302
492861490
567493883
58335679
856239513
610339151
449570518
776775260
983777913
242197048
99115050
490148409
206978751
140661089
359582832
761629390
90440994
932841534
802612435
533706413
245487518
660227165
136712227
598255900
436673018
826773224
999493021
569605267
420148212
373056625
753391901
65290363
625028818
123859754
681209899
269489989
233940852
494015142
804823916
369084021
153546145
390316154
219599243
997793489
397250577
301475807
467078598
719321335
633312731
905307443
441981839
235476022
678901136
675865401
677083981
508433135
356149263
969237982
621662659
29466289
610846128
879965249
356627048
610721287
488805146
33824687
865119590
83118996
459451189
90092843
527688538
596425851
128017617
433528413
380160268
855171362
440627921
138918737
201005323
135197210
359694625
280171685
936292535
514840768
931074785
517915878
386389225
949163415
446775771
172776763
913340725
264702868
872352481
775357627
758237891
273580894
33689106
608877954
508988342
363425889
436356216
383959602
259870146
543219887
377618904
845555987
107458405
245372723
295705133
821912618
67805214
217230525
768232659
486465448
669771662
330674443
943672712
841786278
679646501
970889267
647435461
915956173
636343223
286674425
176752116
262985669
724073368
352659989
675290521
106579373
821482256
831749965
629930393
837579432
698840993
975735022
20301538
393072647
137221863
85518798
410457473
141016501
653458282
624863152
104971548
696110199
496470208
385887033
105585964
427563448
329908180
191902826
929231452
538099074
715990427
520400041
747616377
973195719
366467770
114633235
121482619
754798414
570082200
189125759
430362
236055247
587300131
930653225
787624454
694036639
310372904
550600065
704564415
594127703
560431794
506418959
262497891
11480071
181702876
480641916
766515459
338186335
247074024
247727073
776671191
629579429
902518512
91831318
121589004
178440951
228118644
47105818
26604876
22588627
964036178
655659057
570934300
464332522
624432790
868916300
108810068
565816982
598262577
411549324
117190543
779308114
487338409
335103749
977667279
209571468
257902150
736136306
791492843
885825853
348117775
783296282
507724390
322355127
412454567
370850931
333536733
495468812
809064220
609183502
465917994
263267086
523995188
681975787
630091523
904772736
935484658
798165367
387047279
312786575
371831847
200698477
739923756
835524699
130536529
997363076
142241019
567414763
114164038
912017535
920538799
491982336
255612973
140779022
674470851
180739895
147934667
248579172
51877955
253581858
535379566
613341255
756752760
989079074
945631328
853923456
255312926
805362621
705012224
72894542
274086808
459736782
349089026
478706267
513994006
147419297
43372526
672199689
191818598
415091490
228609911
766121969
381304773
897046683
688644701
973935657
7654112
383216166
7504935
449351628
756838068
686905486
746287412
133465421
777407007
758490591
443945715
750844680
889893369
276613071
742050149
336878397
862402538
41269496
637930727
460802017
142893310
776906705
626785014
527051553
137367368
475734976
56760573
636786464
24971946
769257596
232036481
859706075
300434372
971695670
846269344
872096759
797857685
255660595
316056473
587181321
713449369
215623605
701299259
755503413
703473581
292527844
782306319
915205526
673041339
891731513
903719429
340035277
259115956
227842684
831042347
230747406
756431150
480453381
311984259
281103092
630144912
109500947
108493474
8149410
526454109
584239638
450410308
918197698
430343725
869953389
539020710
606741942
725213022
50749405
747352647
927269703
75607445
871281600
823577971
844839522
693428656
141555046
963745123
133240431
865538165
892001203
600590119
72591688
140653323
615521938
115665608
317404304
943676334
34953380
957036408
603948421
107130130
693149848
229049304
119233942
842117535
864108619
484861800
803087949
352710802
296977487
614822254
208366550
480490036
903772642
155139960
885149549
656875408
467144736
587674435
488589865
145755823
975253041
142611243
634452904
983649518
377818619
777544375
814821786
754287780
221616406
663065606
690259641
93712996
143404225
820139572
382457595
642232295
704344028
2721986
829320035
656693245
160657174
780529628
568560678
277178949
392223568
592101651
236880679
460381977
230516058
660528894
476531598
447278944
468446542
458192598
131877087
550538605
594596398
135584423
464298916
86564244
670040012
48800168
131094396
633911879
924562611
114653554
337085810
83633069
772682364
242917253
952531379
464422749
758354398
831896619
985098647
194723413
574050564
357273955
591425949
785716967
540663695
354439809
523771721
561087510
186534008
242980697
625266453
685211626
688262485
831918989
47635897
568759604
538423069
742755790
986653231
111857005
649435231
934648798
352616336
277570014
255015841
153247610
687699612
987598804
707997514
12108848
688924544
636549921
473093949
937153673
976488040
237322443
544158472
678581948
545900548
315600203
525028446
570006884
447377871
681581914
489387099
651874182
395370583
940763373
195281356
383771775
925999679
15598608
845243386
873241642
545288181
639401764
4657618
313855935
530701126
387416084
666740195
536172916
853089995
174425159
554056152
988716530
212117676
751108810
855430948
810313452
24601131
859841120
196855242
671053028
586828557
79428346
487270927
671034421
788182913
603141657
757877026
746936237
792317447
324225738
86109168
673325935
791306534
599852305
391865492
337086275
232664825
230302537
147880821
158484463
648860006
988855529
716916888
272952711
127525761
500670568
439756505
644261771
85332425
384967902
359170643
66158558
818743364
174190357
286413084
465859834
152130837
333623195
525673021
927559467
629539057
919803957
743855467
528864256
88315990
880730215
197409996
612265369
359243318
518344672
577648627
794298593
711960298
38370778
22193022
597973027
362511457
214318215
543508660
287512345
163385151
113615254
661603811
407349544
965055094
19950610
854582570
617116176
313439221
926005656
184955438
899041628
704629514
220321352
528945405
729056047
245000061
188052631
184636720
246795545
303260572
827491134
285018452
566987752
807319274
564872048
354198259
780372586
151997335
688440055
103348376
937812620
790114534
238160676
764174316
515923802
258200145
336505922
563809161
68365380
26147645
580293818
298826148
433237660
333389234
678606997
89669078
491638945
509425371
293136973
352972966
174458826
29681494
296713115
984251771
335894015
828596801
94616059
600030269
400183045
665752349
74209983
465118841
624999164
822657280
247142816
108927094
466468838
456147035
13021603
470855902
908494137
624243469
116271340
220647899
722966752
528664986
851780790
233598517
128712277
475202970
862559312
270947215
858860360
335467089
928889549
908131125
493401419
253908903
428280301
687327000
163584086
736475652
163626115
402613029
951937660
115174977
673826982
610580379
86246418
569679902
623200238
35491910
496403768
822281070
444478827
550215356
913410153
76065215
261285019
807229028
976816009
861017541
471317991
924980074
803193036
803262767
606258480
289532075
893767729
339011689
615525674
212559935
27866734
325694601
307271816
172018485
460617353
713658309
268710237
607791775
854838002
241200411
147352099
559032373
852002730
827067402
774543445
36579289
890988260
378674193
994720971
417336203
992623882
621051272
710510990
302566543
265157660
238646040
599419992
148674893
508916496
384294907
716812648
747234727
954154226
410640303
7625176
170709166
515009254
272460342
89598002
199751844
807354976
653493242
952391024
735615598
713665441
912285617
72977343
976125633
28719321
569679190
398543813
515093536
344290717
198189470
219936051
406815461
615183610
4705272
906860823
221971312
114238317
120035344
98875279
470543095
524387761
400117370
604878145
441362427
819442226
603834279
521570034
618527917
289076190
794969127
609981226
339130639
668660246
974895391
588901101
352872042
165668697
623294357
119955571
939237304
985751092
201719112
402944010
755964756
190704251
600809713
555525554
510303982
365599518
867626688
85513526
687319632
554617963
481847929
211227836
313548071
307407471
631614915
156683407
424885041
48109155
