11997027
49673981
348719774
939649595
75203624
97735626
168950747
821770595
284015341
187804457
346493320
130567932
853841008
479463705
24440664
919831659
990370061
87040485
761968788
654570788
771413371
63161957
412567448
947830941
525566715
829276634
779158716
246311859
523286748
677464398
419332588
944521028
982107786
94014856
603470598
724542472
739458527
565583919
666671068
946713549
793541174
922854611
141481851
957092520
714474439
953553984
389045019
430901158
202669257
369113832
850330412
794800579
693063948
683553055
47237673
948835068
637106532
400888832
414082880
245926989
318576909
922638886
298483847
606550941
768471868
401972290
148460144
759826151
875993106
299898191
180373132
424786141
420369416
815255237
861029612
848558759
921680105
455474926
233356501
572012729
440231614
348257557
43642601
154172915
827133985
624532008
251457080
298554731
46777183
654635528
87435939
338569694
151501038
420744078
628136640
870902287
624370763
534930908
188620651
312502148
805093839
629218867
554908051
902771064
188740700
425544270
374431162
877808710
822523441
198678912
27154962
181631605
167532330
842070150
805695374
970319351
878996284
144310932
779416955
143939860
150515210
849905411
713048967
221357577
212462251
841803436
273285103
999625336
187118597
990127324
224187995
386749197
266854274
920854351
766918888
811012745
793349504
140871535
965432214
401589714
250100845
373648369
476031289
848098269
627480565
905804333
171037364
309430887
615048703
657817288
991906001
480059831
755513952
44680791
161986938
955188427
916169899
333550474
690308813
346937262
152259167
374805825
690690112
832396116
974490916
640405764
914777329
246677977
75151261
994682627
176969846
738124748
178878717
377827240
893839013
776866840
373874122
864950696
593877010
306657917
670766071
963854215
384576632
529301307
998221321
744128163
631235243
222173482
758867413
811730460
894842845
459799030
450562721
618494951
249330547
875295018
682958255
643635171
873607352
987074799
991027002
924359386
234279625
620366075
480847441
253781252
301181114
377686712
150841777
385120096
581314304
51219202
739673462
383650895
676171189
188404951
990229192
161388805
834174794
230362753
9170521
692603846
487810562
263420799
99839781
717170815
287562026
560383764
128496692
18543994
93908585
730238949
991343343
606802209
315630914
746406684
729574589
764210555
48453866
744440068
442947048
253548531
71331705
373747317
230416156
843623643
720125566
66911826
942323760
60925596
885065825
521569450
809460376
643244599
977904278
298423155
436548823
970858825
520526294
763676625
966219224
740797348
249190019
132297782
291211510
851075353
59875857
132871252
68019981
929764504
458830361
226018636
112934939
89734725
787415703
755621989
621272140
114063245
33004643
256216136
997045248
220650200
618060003
67571096
133478168
572339134
920778572
348098744
628897930
17207758
309857860
758715762
243684261
284777239
778220842
702149698
4358511
939033922
82535806
379340801
783747786
587254313
998891843
12559256
602095234
659047189
408634511
719725650
855828894
222282288
677151014
322485578
937854181
264310157
766631376
745569024
122737345
181618922
998819612
718872375
930296780
711777112
503973321
50812223
619906643
700114597
982334373
828157698
311513881
85266005
751263477
682238217
31527438
653663840
472468349
409790934
221758355
605500746
465475861
474430978
163704623
201052921
492269849
406615641
340056742
987372281
820861579
979374102
518145862
32651818
579412352
822739588
940214308
363663430
449044020
71970674
83280992
948079620
392652612
901980636
676712814
580476811
408211768
770562889
471018810
994912796
290958139
284190341
791841807
356840441
523810668
517236598
716143060
524388634
555167752
729243858
219507262
97357679
710755479
632534360
879253016
2960271
310011835
278862063
505853651
928523888
742023907
667864007
204619820
400497675
326509942
273678734
212848134
563495224
797718162
583227810
792841151
721706959
935596830
345143945
696414141
536671238
187532295
161305421
508841148
62175754
106596527
415825674
808495677
719800161
852463410
985923311
237324140
760118250
22727619
673752543
270464976
129349705
264709237
542494921
252888888
623094131
79570521
391344132
30330498
250131934
304388463
152647836
726670471
971939940
936402705
497800302
161760848
365611533
936120218
342581777
815427974
148706414
770020913
443677896
821927360
326198233
859368329
484819657
548034263
340586629
36354593
452729882
540767604
123965619
312762834
663491446
456997721
393101908
92255056
73320010
457100717
796188162
130974922
258709214
757787290
953948690
689155201
836555735
783397454
354663107
824162463
871712605
823998031
680145841
858324567
121758561
359328790
821031340
720567559
926690654
763725800
594750862
843309867
689743867
213777340
851658580
611880231
602704851
659177105
272911258
40802581
768658938
273356477
862800207
885481059
19239812
17731491
511311699
685890605
867978669
637043030
22812593
701422202
193371156
516424165
164641986
628731849
860621762
265641051
191004272
304162656
635966379
672534348
165564400
309594208
862349854
952878294
441231054
44931873
906128708
342068458
86450350
177378629
510486195
313860525
55503524
598356128
961197822
794664781
839084754
104027070
848017090
135140735
852588888
289647624
740913207
893328659
649938710
173319701
49135354
222926730
751258468
337063800
468172833
968748601
404836200
96124589
107792076
553205999
23131204
66361517
576500436
466379825
779761895
525910210
550592679
845433963
190936006
879510629
460920640
566285856
667534025
65956980
426556295
86977201
456145565
500825644
819945458
875916775
568680999
969021194
302939583
267911352
995796518
683201978
590809989
749386549
709205795
541737593
909024323
959378933
490564052
407991823
771533576
772723237
527526633
381637264
355378838
326678677
739054943
895479243
702392653
770428079
712399059
482849496
555392703
685301487
910507503
381195631
512603036
904010555
276179130
231875299
984524998
54110009
763421933
308589084
470583306
96559917
935100220
801206129
136228167
649198411
970486305
501541705
75721804
259542202
294423403
653833057
559450567
74508300
145446806
493266781
136861831
673201755
266628540
532511502
555512291
512947021
127809274
905508500
838879044
328010163
29134557
5013768
683199803
258688752
423466823
717423566
9301303
218937548
911053956
258818921
391578456
937848813
759251075
53194241
799941773
210857353
407127692
295850500
390878083
256674446
821745062
438094735
758563749
782912347
95013468
311323243
787481467
230910430
753076792
957636283
968750642
29591719
962327084
808218003
620063854
965472536
818341901
817033050
836075378
576999835
644531753
340513019
163454343
886627884
101688324
199013017
913950679
213434299
732569728
344654937
105819329
831958772
514630417
582204597
506265099
591039820
246450018
900287454
163675284
112143580
929942097
778390872
465860755
953417672
290068277
361986736
975521727
951033071
433130386
834469235
392515451
590094641
459775121
813878247
612142691
481232043
274640392
871935863
681224023
896000450
397372562
574047168
498340701
408421855
851816954
136791869
514961301
380122486
301952903
29024033
719022518
918054445
653357765
723931798
647057736
866140880
874652262
210036669
596559606
739701587
223491288
962917607
780303912
898100491
952139484
515724686
372183651
700752168
970061904
25033056
316399428
374514153
219063431
267674832
714771016
355894929
280050170
57438900
101600717
153276408
847025434
595399241
649080167
404106352
115446717
474461005
936736874
735843321
166820510
746001810
606579779
64603722
275376257
941522434
672509162
434454954
793743255
600240209
456282370
336092267
764608216
814209131
410060581
276919847
712624604
344508364
698991013
385682932
9160781
291162807
586090709
817213362
108435952
443283197
892676152
628092046
313837439
376197560
782653773
477678478
578987810
636340328
533931658
224060093
418453275
251795705
99137895
277540996
595165669
280316062
562151673
679809960
601156529
765508448
388668190
32816302
185338660
372160320
691481746
770938352
775469991
551053941
726682540
875657701
159911101
789366416
956167769
832093059
48846282
44417116
120617514
417545695
817586435
978603890
757104456
128267888
280277472
186000487
858466570
460828898
245370468
421450017
790517262
728844718
729011132
906280747
216056833
342927502
54615007
859859849
442753385
941677118
684715812
11715420
702208486
27933869
909657787
658273955
64148992
629086858
295627935
267044835
228694713
550748553
159698547
144605978
862223524
622552637
8403992
260400302
752538828
999338171
513693748
230652848
525567883
354019974
760536678
997837820
146646568
253630353
573309582
613240267
777478051
188986431
601663729
178940395
732829881
805871014
276395404
729170586
218610099
622003515
121851494
229379712
165200963
978325632
192755303
239768708
569146171
584405154
44057222
593504194
334523509
794214704
107321021
443415213
427983369
454062964
486147536
348188511
267397189
911819966
511627386
810518638
55777275
682387666
489566782
39708281
949084822
980758150
411776095
56352510
346157233
279233404
41790202
130535312
877486676
284314036
65451884
547242250
161264670
520767969
428691649
562241413
209573130
979805387
278716757
983263346
81665410
158248516
750957025
278766917
319723477
928206891
461773397
306790132
110376128
311332855
173602437
482813295
488758849
153047021
290683884
588388019
172629059
987704711
247346961
55290104
752424501
976785707
565928535
143669333
388611079
938905285
186923841
746629218
483128316
949385972
600945508
75971887
403670909
506303434
958042870
790836306
229801125
133009177
736629032
417950340
817460006
735000068
20159183
566153821
110711599
582638587
58483400
8217648
230084084
840303628
389612354
221868417
732458425
223426652
230838844
104879702
592319979
607287692
890155837
380818190
741283050
715144177
823661814
160990155
710387346
97630549
79142386
982455413
195004150
499847577
358586894
39619881
251075679
