147047704
678264977
413995
741161421
960364636
399949061
895056114
549895660
865210004
414031058
715301589
733618991
370798908
63119976
822765833
917346249
240563570
873397412
426866483
929660319
631094243
989151214
913875302
363107498
4010219
854284225
257349780
70398833
948842413
610949803
820755310
385568453
732202946
229118974
801730258
41301854
95689160
174017016
923182675
317494632
745861096
326141876
299541627
372471265
757404319
539484650
117013891
83362510
157097437
989419928
694675160
712212753
481690860
796304090
150521778
157896488
764389673
637306496
737151201
106080410
142599280
824657281
601053245
254260200
593275746
329733135
1416044
141679934
261389716
781463978
821657088
66546554
950214736
109371851
183799222
304952367
689609586
541404036
605703178
464525568
737270334
173987270
913301394
959422483
916274642
108542557
903877591
935898854
78597195
643833770
276912180
458382663
436865813
817102264
174895351
921203814
725088629
45281426
779195518
427671183
538068605
975333956
821972792
375633457
167762839
628128606
761998016
372319008
612504867
845569410
468286900
222985636
31603318
272625633
368810075
968612009
911355885
641630760
337985556
484733189
425855543
65517189
63082738
617555945
504551798
363274425
629680739
133112471
934476498
262595407
579863736
644328159
762208517
178031994
926456961
761936376
352014476
537667937
791659644
288146036
346544539
531558582
323393986
233027783
175546869
53926543
426779345
164240179
448292189
206283341
9847928
83457868
707295869
294462329
1815639
472551416
912251217
204416847
871081657
804488413
998447865
628885544
437842509
349909460
265705674
823958740
460777118
853571322
346168671
606873697
616597532
373687948
849971115
49839520
138188649
894296959
742123202
830054954
442009076
450625255
936495078
465440560
684820280
728193157
252747478
496405867
937032289
467746188
176216354
453905544
849685158
147597628
666586278
987171229
289698170
717658993
93716073
973484524
967322107
351588127
593149424
573208022
818071506
841418491
589685807
636159979
233486752
657456348
156273679
107518679
730428213
82196263
762407770
420456402
867993333
533007304
944065262
709649350
97161981
769299806
886926449
993030928
677354967
892263125
757188538
468999904
707101668
862799884
760141348
420529654
800580885
768638676
862732845
90420948
857475830
363287056
647369052
843401788
138507349
616587498
262919114
279575941
311472508
68697675
723477330
767488894
385189857
246129876
119177896
756690864
773593729
384066722
876322543
198022301
464661677
600118494
895853053
925808380
84229953
120685903
929058309
370686866
897314998
735744024
306937792
961789536
219463417
671986822
562980570
504706277
885638251
100663474
571142000
480574482
506380691
607350508
681558419
608657291
168785795
989699642
83810047
460971792
743621988
3450484
646935923
416514163
892316131
664710544
625759269
257357335
467434001
721560671
759171835
17821446
687529187
892232247
382260941
575728483
761759881
761687793
548025477
713203033
683149304
614471617
871052612
672930255
812924720
395748060
691641608
857311168
918560074
287195762
757022585
94530309
36875856
468086517
627064876
893864514
88808100
890423628
69473404
554752872
46227552
305623235
37272275
164077580
341491637
553320554
793045293
614148443
225089567
105829935
846897408
407098000
441674165
370607012
777822487
129150370
132397871
974005666
603589442
496568070
973068934
768448100
338797260
180238239
964538084
664641526
980945589
219442670
265167370
488396425
486920383
871336252
692214388
993272604
666975481
377526068
577199342
706975031
331438618
259604166
602702766
77493164
632221601
812730138
440298352
349924584
652856143
666268842
690264029
497914505
761466642
114802432
286834185
572905332
581683936
277779450
966825974
857034034
199539494
676850110
572374963
573602622
348981073
736693140
618909551
975561154
714883610
448401559
703631529
400296418
551951027
425422838
642567048
343985276
893865303
895575770
136226499
526067121
739939886
614613500
11785382
314676746
529178640
767252863
726929782
372117950
584502067
119309056
411588668
389196030
410700093
720165306
507435537
654588506
687229201
29100143
728512090
895528459
193820586
464737196
635040972
204454583
962637312
289967610
945963477
336043804
472235382
942848908
679040027
686108165
141552951
440758852
117094147
584925993
665064727
257698217
44423982
581728208
9763358
246791601
391059087
595574554
36812891
314435499
989596323
831785719
917987300
987978541
656756073
864765160
167063679
240698038
332246534
275202690
979572526
807330798
352039433
239211029
821289385
390885977
899882566
641653157
440269027
725480502
247643079
969941239
603071158
922509542
989523778
429530984
984676159
146783881
885765101
947028983
73678108
39466418
167641691
648201813
300371286
114177757
418056502
484256840
286092834
814274866
519044485
900854912
108512318
841891456
605353466
857733928
905658782
805212951
760438822
618877379
346909033
749405929
155305526
311332388
66792420
19655083
228714560
995477756
998454762
227225089
880088999
20279798
354932935
385217550
201524582
940106107
639689106
703837619
938839742
707111627
972829474
415625726
355560322
625994159
206436016
346788165
861428921
761179701
317156076
131789850
523872200
179463208
386345057
266887722
600119949
324272177
884160891
856309302
581409393
280716202
885463195
422578744
485802077
58867745
934185866
498764686
545921976
723294767
640366874
665247358
218044821
201821163
866373208
53327194
646047904
931283306
393845606
529311365
104896371
720004253
158226161
467534858
678321680
866664912
703352888
700625791
633934740
88045213
785097599
877252403
55945216
783379803
122428226
658123539
821648431
550250729
929823647
296692577
691808292
707671329
800866188
138134154
120812827
651908717
913745027
322051036
313089998
333017862
620839817
668836642
930426570
354849525
751412930
861405138
122490041
417928336
744257063
619137164
355514855
233560074
864829945
457876763
938197167
763114470
609302141
434665017
79392937
208249668
231678762
95797175
1459659
97153029
837503071
397225041
919138063
20092006
346722031
26412963
952919883
381301852
387535792
300916877
467205395
116260956
946825832
701095689
31966872
261023086
535633498
403720094
805993665
310686483
941177721
458248217
842841383
342989425
199936986
357698356
42606575
479080010
242658099
104840330
101339100
525042642
667376983
833273540
517346452
354187889
942267074
102398034
71206305
717844099
666217279
974213002
846024281
563913067
990671366
821936210
816288637
908206451
402698144
818369850
672616168
827958666
289803508
690773174
155975307
379254854
554383657
576148638
820155019
989023674
983806386
473839873
138643753
282695462
199577777
942162752
448883972
113552291
183749236
677778982
318756011
433235463
332513789
88149565
644469202
966964717
612223935
278928315
352318057
378000775
541409718
134400123
76381866
424288247
432224160
273380432
235239133
976603807
677298233
138091598
799804231
366118436
282243014
82182630
734037711
192377406
835569249
563328819
364335290
48508614
373052237
702736345
724457214
724919160
499613838
239380705
495444877
201653943
46303972
189010588
767030917
275455341
223830580
442154244
447613956
849406263
397458006
714355504
850471301
926197343
706923619
472280164
436254056
45657638
877974750
952637574
150992449
250331158
354111852
452091796
131395468
48895116
914593023
303809442
4948537
838673371
409942907
351462704
924674408
192843455
777935553
33585189
930299835
488287645
371060679
524348889
142287855
840088768
634568673
884631447
794919398
121213744
712857517
438137946
341584994
900772071
266482288
678799575
846944408
546976263
88388255
245113719
847542090
594212175
57615119
718135801
360862317
920021136
437205706
608940583
439463355
45995302
789681095
657627845
148261789
673338429
541980328
947966410
674596957
353625861
810349718
310903679
615762484
469480404
657172396
10181724
336037598
476455076
962224447
104176464
572191082
731143331
504518294
377698144
104455199
532821834
186043098
336087660
430672525
652924877
163486571
222266717
402883062
25628089
445168091
748924096
331532648
55229671
289876156
668246564
358791743
318515877
4202618
493318547
736626544
777484574
629351233
378061685
937039777
47433395
382098202
884407239
957796688
333029241
36749501
708320023
541477006
411982950
553172645
615439953
487295331
205892667
517293885
21672079
190139289
588083001
908020616
590134394
24312313
908248298
678649074
280807927
186578920
293977883
745384720
253675205
726940712
11199747
641071599
326970624
903470600
807981411
399047881
383239130
270826674
279079330
264470028
69853820
988878587
736848066
207447090
919549696
502057024
674436201
180951232
152899075
801221990
982530537
303179257
148543543
869463956
39216838
353749372
28791478
368784319
101290275
697828319
663818805
587644520
783074294
981379309
530277258
770911350
226202021
711969352
679313919
806844785
134054754
750845403
911059958
323612972
838166795
601255806
287464245
700801208
759099376
778750901
512142717
113026650
592485644
452453213
744410174
708020488
492528055
457506666
864253761
454232038
370256402
14454810
169536399
581251009
600651221
482209299
205804292
755468756
677169830
148638345
275855003
962466848
501637311
346054289
667167236
231685133
392119298
824930569
31297161
437961030
66285127
327990269
609684941
322539373
185685602
550792155
995158874
330621081
236969135
822256769
278383294
768695353
847715590
225081881
436588382
119599944
581309004
329808948
722961750
355957496
395451514
531995488
23631377
610461031
502895898
549675868
611389337
246431355
785285976
512725040
315901189
667597485
426209505
426292730
387946910
42266133
404769867
846997024
395565406
49859066
487050423
875183210
518499620
854913060
870255049
507159648
114751257
276555430
909465905
547567291
650376127
62310349
101968818
675339663
42509516
534289637
304358891
999223909
819643473
636009733
939402816
748727519
545335103
724244093
506355579
