787119493
417385928
491220281
345023053
972039529
601768018
81882494
265968763
109266138
862662616
524742009
972317079
207670914
938529234
354612274
136358464
875739646
336029316
139464170
911711159
710982750
680489567
116292659
392245011
238817042
309080991
66516644
610891126
92764336
154175444
356285585
139433076
178678936
520435113
497827218
579511783
630227731
628793914
629250215
259336741
937973253
636906933
448697386
704845700
293922772
284420794
415266679
880205526
748555591
786783243
652588006
473723377
326977833
763431666
50445647
106629926
301093268
98975269
106206010
662958538
535251374
470991367
173204427
955090692
506377030
385308933
793638143
687235799
440702016
775100490
506130731
246945732
706779100
880127427
973737904
74075817
231792181
411446957
98322239
954396247
893814310
186311116
862335533
305981091
501587437
882562207
812455241
415247269
469989466
391197291
278418514
531252461
522587903
966291676
724085366
466981886
463702506
493606692
198468670
908613838
490782649
728030879
439503510
973455100
280652511
405642274
766944276
446850405
789693761
976369828
874837744
889646309
653030
151809762
769144226
348940257
608655832
867223334
453503255
623814821
572853691
378390874
217246333
49504724
496681975
974878269
724357827
740487422
156042060
506756017
610373310
738185487
212978287
189708399
463613597
165783431
746807605
888880432
25328580
95945163
115617931
365604835
625553507
493619636
516359546
388772203
530599431
370778140
197147449
375145108
858326053
596479171
40103437
574653847
335760147
112391775
510784545
389998785
476773124
305774241
681284445
26456853
290808345
282937743
365996518
136652256
676668022
810944629
688196164
603360794
602132651
719775398
841894753
357558091
508196890
207248855
752837366
723626696
533145176
107909772
444278837
353579686
543339973
780896951
648429963
13894139
698082050
638324438
853948251
351221821
654998885
356808819
412107308
719554338
414660717
89161077
74796490
342615763
127623117
379707289
712104179
719654800
682581975
593786654
773012456
138550654
754584416
682545344
66456957
128511291
359554408
787157848
856853608
368863352
861495402
327704758
483116879
509911393
634507779
352102379
438570205
38343584
956996376
336974342
948361908
245323831
307668090
122340414
942897373
419035812
132452365
410221602
596003578
153437887
395805591
724624035
670997710
949553317
7884494
509879308
259309721
15536705
571867481
725436960
991667411
867841035
499955210
43243955
858058935
86955958
606044197
564885096
708107983
775520737
941137083
673760595
762658423
345607633
645424744
527688624
830882562
632244002
739647970
647421143
996058924
949332805
191154270
703415720
973057760
136871366
656707047
533563560
502026898
124628470
92792657
423033499
466476102
231559416
345306929
80520872
745368619
264424134
264281478
855941414
812991614
567567268
702113618
820482839
212300802
722044994
961965611
325390077
304128573
480195868
678996745
627065718
275888733
924446336
729378034
42334606
676686765
796539488
70186194
721187569
430248909
72480637
62858197
583479513
682728080
518103583
207284492
531099007
300703
564903871
782320004
566458427
367962524
883706554
834429528
428491656
247219187
370671429
491114917
251012765
174905753
331316970
229434987
21831030
445631724
465726938
147144765
542029765
502181380
302972323
403834106
948829130
194237940
543093907
425692504
740510976
504709070
118634105
137754759
694197218
514760501
430866604
325089373
739224700
697875863
112538317
259103194
392182178
90016807
300886377
795115418
306015335
305424570
819173427
546281815
98931939
843045648
41027167
137847789
217001141
370958817
665254726
28917626
697328378
161069765
833490872
372220487
824868615
458014049
93918551
923782585
128585081
232916670
796917698
736252262
744039148
6227596
490210286
323955165
333093406
206623744
754962586
452012957
201295003
507856904
97818771
643404559
375064511
996812091
326760565
897465327
463681902
980786315
920753616
323238401
849505774
401948977
627760994
578154935
864384989
740317828
434234577
934168127
996098255
377103790
666530336
73098664
508506871
82921164
802242666
92704342
352835362
717072001
804754381
10377397
615996229
213241769
827622622
189471474
63250993
190086313
997155975
828056523
131253484
196453223
460100683
147798765
312163053
473679297
886746487
342090170
378466601
912055349
459570174
592775577
772389165
820794458
455914701
824191211
841326566
24720106
134897687
292143346
194569424
234056223
544629964
746609900
176031934
910376218
707242170
636264004
574326354
438289520
514903941
674298676
743161852
606178053
802914643
799645031
917003106
518731570
760935610
34827574
196174676
460152496
714237740
440780011
257501826
211978803
237988231
795201770
757327067
3431410
348144906
38530887
55188625
705012628
633487098
897197260
651823257
713490781
971766830
401786833
766437125
250482482
767763814
940177080
397151408
785271497
849613723
166211111
17879815
656269668
907188103
322594996
263784495
100070113
95968670
734416927
519818481
103849952
489108073
964053129
672387987
912040399
878936936
570894943
90144613
476373054
619110050
38149224
972690954
905717382
147821774
203512324
546964738
359148776
268390447
945692192
692388680
774060659
43628603
472230327
362365078
71777120
777321954
101057399
96243306
25549910
774746390
955118510
609043958
899070170
377378778
547973304
224382708
7713701
729398845
854396725
371545545
196868870
850032466
920778353
166161446
811464499
193520156
112162432
508447894
703675778
775630256
904635718
831679665
150276476
42028246
745757821
60221349
16877745
601688050
600610866
134718444
777879537
474651637
64594703
701626662
663991538
429105264
73620784
528338603
599848468
979129615
539251037
629749929
413993720
574146647
495519810
924028191
122850248
306068881
550900578
878256963
665159522
592609503
392567526
249919652
870110671
123438845
458767481
857041923
631620955
487751954
207504962
406025650
128787978
719678280
593666006
722217232
785437762
219151690
502169906
382359234
119899372
583823827
908599424
724546162
236379219
274885788
417685944
576129827
546508435
821729628
937371099
710808863
50787472
722353902
469558920
185270033
82084110
814675050
831515990
540552693
970337782
216578859
896717647
112096513
771624653
133225386
500961950
694315438
980480640
773302576
138590428
903698557
803898973
168541343
758357591
81335695
684010078
668021363
13540432
595224883
705752899
882637653
310533488
809891325
550380854
496696097
355238178
406434075
250119360
408395972
640133122
970762711
387635699
961617212
412021451
903320511
687106179
796502911
952921507
103153832
773923836
723370505
595649186
773205857
683139199
33672542
906909889
882246127
963996310
388223225
501259954
414062745
801134617
236291107
834799793
87700128
906045369
86826321
561715658
274928555
777987207
94527875
444196078
572084667
133169454
167827716
516062858
842281760
756519890
855037078
394229515
887507166
715099854
910386599
821301045
982382393
286988466
537327629
126752125
516708311
589786207
472992049
442437763
861896133
907136017
226070376
169628093
151344592
126817419
324321322
997275141
600279858
234787252
677992952
325166623
679395961
279174426
23564519
640036403
515311483
517609683
64628128
125726237
108959232
993993709
613752787
698962889
890748017
414990060
852417398
800711661
368717740
960074194
45007346
685142346
304995158
652090110
582299944
664948648
907099076
998199621
364718266
715464341
432198567
857761936
793949656
652719913
37106902
585219975
141905084
703207966
263423947
897291225
611440641
999098627
525158079
347265811
333478531
867902423
293383230
527107485
278880075
736354530
274400019
523609660
628557400
640205662
189779905
992850605
20171465
27305850
696874481
358615869
732937325
517111860
152891416
349163786
693527668
251197295
200044053
961032872
661855987
305528042
273084976
149209431
537287714
471426513
348633552
45908717
159984267
957729345
318611579
714397519
371565418
379991591
719319546
628363734
441064321
908588906
229204535
153743993
462940007
44256295
565048509
114599233
6333485
904808076
164353900
94328780
846207210
175994292
653738142
82281236
667858370
332350356
865251497
973352032
463269553
125190587
986321944
157130887
291572110
143871188
832866338
62442118
708694269
982476960
987050449
352945734
797792313
524527681
908099464
784938761
21992759
46300059
498092864
617599691
740479531
158485742
142875946
632479637
307072613
254304772
199701506
983989973
303991203
236330343
46539149
39215061
514740092
745967513
165094180
315873734
922266960
72073648
862171882
319068819
211389956
502606391
405904963
23856524
917757625
811408164
296536465
321679529
267894827
868799379
60288476
621558310
834257490
247651805
232872500
304783811
982314640
353842307
850058272
37267337
944169681
848876363
758450914
472363925
935937810
947835388
838205640
51824800
359433500
592225730
862671799
949919110
184128176
179024045
406209734
237873140
752580778
119019421
714722010
495664447
957768305
878021975
716095146
435191822
176041867
424980838
204957569
267088286
513095012
860310368
333559092
568424652
222015374
824904544
374899137
362513592
744155475
933541036
87918712
969922236
973202523
244711665
962246028
675669096
6127579
110369364
437430134
655233445
841442070
994999359
552203031
863295218
639120296
354393824
79499031
66147705
132781216
323259091
296322058
510956972
742877818
571117353
538729787
499123130
258666637
294247147
727903735
359223631
804124906
43696141
493717663
819039740
31100708
744799772
522461923
713056639
915775946
40426050
429064243
65672502
987550702
549724123
425646215
518095651
308107336
470263872
929304355
867621548
745405512
308751432
229732376
420896384
637218978
576961739
227044418
402085170
705981876
463122897
417002458
711880431
382465627
78206503
851108537
797745928
501281696
733163290
832194509
894320522
831931900
366442390
150371758
92355165
894194846
230649555
523406268
193153695
145471137
20634136
191015793
