295088215
663536242
217807335
374397430
912141030
340353262
769047711
106435023
578634162
498047753
546644551
78781625
377898772
477897892
784374896
741114693
165807614
352886185
263748349
855852961
829208123
366141396
819398113
643814955
753817772
112781236
815426836
73967402
434642697
861312361
151587582
68353494
615187228
497376647
176787148
150964411
180820180
320965893
868645306
450155975
475230481
561650787
168722775
872284668
706224249
890167160
470878652
406855584
968297627
544977049
368001840
512870336
263701330
128642659
703463080
928946818
844138127
573992379
620579657
799359793
524926425
695080308
671792324
717321800
346460171
478291057
463594396
880522123
301110744
633410485
560294512
844841720
484240877
813592372
380622479
267557335
197418621
947113444
937590705
863650610
641902582
408571252
105669774
889665647
493310520
638717244
804652162
486544568
793913566
247840329
306826282
606827800
700386235
69285513
925229549
780150172
889858461
451400974
525824497
227933191
426572764
590356528
105744840
334887142
984682535
523160119
28629458
450108957
748020179
435905744
731528197
897024682
636401672
756929045
157457210
116355172
589410534
782126675
224011279
707742925
673638894
977049826
86608557
53270414
326584202
953466711
144455484
414955364
888362822
600472306
377698873
746017646
421288946
709657513
437077846
51546054
302826412
770782630
904983111
970150399
610087786
354543205
738524388
358007821
516312131
409801598
970426126
943457188
911828301
808874376
190739638
107731785
227389694
818081570
554294296
449522936
503747970
52474425
8302939
31215824
378704635
613674093
561746134
147547873
58206871
985510549
475735735
926744158
319851198
105911156
813528759
818627902
877143563
253860878
97655139
319095689
238525437
728600734
536958282
916782603
983040583
200998294
503127061
79488445
409732667
269967087
518627951
603207375
155363217
987554909
547798082
250351987
762479691
873767287
591445764
996413691
792797070
590976515
299800950
530801580
934065862
43681968
623605989
805917145
995345616
372111734
230588221
973528814
720426431
235198607
210997498
775147235
515516141
91520335
48175239
177706340
110547032
482257688
737815204
788239782
466882598
872528359
771380940
332296288
558113072
563176772
56148210
3376275
662415112
101241446
526298618
647548921
428799784
6156702
982716740
939358614
577392303
697209914
84142828
37620933
39378866
545099135
882780942
920164609
776557410
772650846
734835844
670959356
825592047
413739423
885866659
310539381
853161310
511561167
63918982
61537502
272301026
291309701
247804073
432168843
315963524
227211945
311113701
619184984
708899987
563448575
346347450
509359439
108803593
108816624
600314036
413337116
398114860
700194270
748860915
921783461
989747416
851216330
555738877
785462225
828340926
385188852
177784227
248675688
215374786
215759236
794387610
917238616
942237718
921179237
667057588
286082602
449405841
651973983
721657408
812166919
233985433
263595958
211264621
213108834
426303395
225476404
562155762
716775423
813425386
472529542
912424520
152967039
762700250
142135519
71790085
421084694
735570822
462341846
603827916
930774670
49427718
62438012
403810197
493140751
769060964
429108833
567121719
187624355
441759034
314231433
963931273
746140875
978536861
936693994
687798027
726151458
639951709
342630042
359158829
602864521
823033088
461008802
435250301
742845242
303334715
641420570
154538365
800102199
849389152
245972893
550511778
987063994
48146067
790882736
762739201
171547420
859785759
718123869
444047868
997194561
658354684
374531407
275016388
499193953
508598268
166283644
174430176
826006254
454337490
345638626
781132984
392940780
103183017
963394
107741581
588418914
627187710
660964953
189806035
127640393
274570467
767019519
338235201
195786141
763719654
976867278
697994808
187654125
173954793
516250607
866365697
921827839
898582172
361964267
944509836
448501681
185992414
936056347
234246974
137051071
466990394
328532110
345764708
503750526
464839908
157570998
883880977
47182672
683141154
174320286
544359708
198820805
528317833
316407474
722624094
891335164
36296206
79230247
735474297
531730988
468288834
986776050
652051461
938086882
479272927
859305144
494358606
741218749
56453557
659239899
402426500
691131362
426717979
52754964
660649998
946038356
421254810
834484674
730946232
606148656
92986301
650812136
504512969
999634505
971890897
667544892
393510005
582174697
639340171
53174672
412205475
106762166
200582049
702515984
668762236
480214343
676480647
407677825
24477599
605534762
663212390
142662228
990729114
23901255
771893785
853228345
772102825
475562869
655757475
776585737
470080353
201811530
348284014
129325641
438744687
817476697
482263080
652416955
966195983
811728034
465795138
912183908
101878577
3278885
247034424
295664334
490549313
724201993
383992727
180435655
269557708
13576984
810007074
125411469
942936264
950324072
660083020
480611714
227740719
118662552
895442065
917947135
926417221
862754433
583094317
210393944
758478151
71256407
263771297
851285537
997951261
24063692
441481841
212749563
139739624
751028481
40783650
987450229
776866830
476229451
362679031
47900832
91570142
475321819
507028029
456503369
391804455
222872544
186389375
488420613
157393676
1651366
424676235
847533431
916285967
547848002
985766685
239124142
420184566
36640480
537186181
419292906
460430695
532707188
182484392
245494015
572095142
597257510
985671844
191907783
909540421
672632790
703744883
751511267
755983519
847541233
826376993
451095401
355726404
126590947
818589488
535605606
884867030
775350682
693891861
996299895
599387455
593948408
296463595
591891620
765261794
801659506
567265662
740226349
939043268
943386124
587470135
558862952
292837426
261534013
884408226
794546943
237200699
994481590
578880191
484760885
297906481
673164967
91549911
68744733
721471007
534671284
883397737
293593619
218050991
1580575
534425874
685080011
838815326
186184496
646106558
978146732
300793915
393780223
426645988
107880914
105367127
963518532
812467997
812597394
260071097
267514040
158257974
94192391
242182720
24042544
298404906
890385438
196470491
209130975
698393413
926222487
502398497
227718861
870420611
230590509
918261768
273672043
522175358
937462693
408960249
902390123
720047625
106652930
615427453
906261492
493753027
843420475
567835602
470999276
379393757
334387948
860696968
278952516
808673635
453956967
376413309
789205346
51410899
194008446
703175667
644040434
488609519
629684350
487791082
719884070
475748235
73075053
523359610
196055479
189619145
831695083
441343173
875005303
403637144
357680973
547466414
51605044
478764937
335921226
530289516
454984430
322549836
725471214
829737217
364005464
65525519
223445981
419045225
416463644
854177198
129056421
222261144
328166912
234287025
764919814
413780603
90363274
618861847
895543382
430513256
420677974
320060864
371780122
281380130
547698673
893044773
985691663
875315370
450992661
906490552
324808265
310440409
715489671
663718929
248191237
321490598
763138303
799947132
123785617
654358550
252302254
654029827
106895965
341878279
60562723
609433939
113176261
640718278
638717329
943900368
457103139
432743196
583221553
905407968
109611541
134923565
950769712
444091084
282038544
470960689
79833855
348130609
968052562
509973091
529368933
818616011
506771472
664447982
986095786
443429216
650642299
290416141
495076229
241184831
178211002
766648145
213164898
29901843
220817406
938264732
779868512
344973384
236598041
507092292
449387412
892065068
727218854
810081701
554107387
113267671
370720884
319047218
517908588
652824926
574524695
904171643
685977263
596922873
812509344
241946711
102662467
448728277
654622490
195288113
293258069
166686998
937666965
342036722
727196966
342963394
921758665
920867869
223273678
343773810
691092175
734860469
111532568
460960270
60585678
637303864
91397157
696689769
110340595
872828115
72708331
331595080
772507552
842251302
666660135
274039357
80670882
616242024
217392497
978870694
835602265
331140235
690350893
41309928
213834222
282700414
954398102
385182131
82884734
211143992
191509005
449853014
95773540
174134777
961732749
839664224
792639075
225016992
536337195
175205480
150549553
405972696
338387682
781794374
122579781
961662988
394179445
95415662
675376586
453157608
262292512
305516641
703475371
244402982
508171544
359951940
44509576
70222640
247126047
777885262
682905761
706215024
613805034
899196601
681319110
622855316
235821539
598372774
880518552
826995909
481400281
855653888
79904829
42187016
828321140
429629568
992752551
908556517
918730145
252171233
888520968
858982439
709805544
629727125
948851478
885992362
746377641
851370557
665963232
601780808
795154647
722416434
977890944
758451931
492299718
444334528
792167660
439191079
100475264
499724464
725841448
795806669
214897109
848380675
971757326
406638622
225611812
661288354
416081840
78541975
367199387
135953057
151492494
994954813
889364293
823923320
996409478
984077908
950345122
795326746
876477673
384450981
932409540
278737743
31841261
758983845
877762943
321452896
549887297
383986612
637461906
553561472
808081253
419005680
526329783
92714298
644085330
861424868
657969798
542212855
660380550
85089287
435288716
587421257
234581421
659201589
570923940
982936129
869087636
668376396
447925048
808089751
488845956
305148516
623246790
341390467
863397127
936159364
816539413
212773480
528875678
904158914
111401057
32095228
441080067
813637914
327871803
732486812
468625029
796649994
179837989
134984610
326108110
408132266
134946196
791388385
949162263
344988283
44156322
372639670
188059904
894826812
452365258
881510899
936061563
829372154
64715516
502932736
795758889
184939316
229317169
707925965
44885454
445196317
13337177
756221634
973688228
403193488
146341189
420943505
331329786
838437127
514311100
72437642
488538406
312940437
481981640
80713689
170202320
831858403
392228202
518408844
892003041
443899743
24713576
634048864
451793655
229890156
96033663
