685849539
909065505
681819410
31442853
112922280
593526522
505804920
606850084
621893049
966026309
113033365
12423825
905018347
455452299
380220796
434344980
615782157
171633041
630794158
733645704
959897592
637099350
291290398
676086344
630341102
807462509
68534620
326567790
120757219
911697012
209103673
128476734
761087587
18784082
655775074
358098669
286131486
496471503
526388953
825386906
684703217
724316370
598175777
744863614
18472604
480110635
328530870
38527210
632539396
93768150
490844743
516850725
695236172
891824250
618732066
48750188
617775106
5733065
401101749
305459769
524991902
179237130
486092864
710196035
756922636
984556629
251336237
886234264
799677223
22122126
148213493
119310653
645244087
805407250
48942487
235581222
38923573
546426783
657613739
150230466
478931639
30007409
694028393
26989069
420852268
692252946
433240561
869263336
400052015
607024886
740323561
280398421
95369754
220929183
300395004
505466087
238223506
887979740
987940976
33915974
228774398
442296604
238849985
610417269
945554655
371534090
871606636
889828920
842881762
383150844
9826614
71348323
348119324
250871282
826528128
494984492
485208735
459103794
289343766
64669690
551316068
382072900
486182249
192652336
281798564
867815071
23940899
424314903
505012246
543476398
997357715
150943831
558485806
623697765
921456067
36635035
791157423
83611124
81434412
49318178
820646308
543411639
26381573
16901171
597198272
668975237
932279095
844498470
394401054
805410510
20257351
779119710
598635974
923271286
482599904
846701497
956114354
46197649
328618704
77739584
347593190
447291732
384816674
299405364
385793127
858882781
512862516
724421557
329415214
789893093
703827068
401597611
377669382
240025588
244023380
7904429
355691327
469281078
595454063
612823325
935535974
179442427
29913849
699601735
523219046
218238005
552307856
635214518
141097861
74754570
80520680
744959774
754992418
3694827
701724986
373354575
158594964
726976208
631108042
738315489
156112721
207857538
515083255
604507959
101583441
618659739
401450327
358610385
679247906
474695475
491010170
486833275
450743584
715795377
142203609
168150762
417377883
685214938
776186316
167555122
306574924
877647996
583323696
254660644
709372413
958867293
646605191
373974554
538300600
870668803
849309463
628715118
838173034
857138572
456710604
727678435
664359171
425405889
598018293
904559306
816787676
193697471
955966611
666402385
583744398
593687403
294216189
39197040
861491217
533574223
955976691
473380025
950789890
463552919
431740564
278464724
624533841
260422611
895135545
142716146
972054546
27475772
820309784
808579101
625386010
862295051
648660240
593605010
259084773
414525172
503791590
991971993
87196644
871627009
350767444
112877453
921681383
916921310
670916244
115685010
664651104
607408151
512483336
4726376
914692110
375929437
677925226
374620114
425398007
178245880
103144594
403936559
530270342
455302146
932504758
789311904
373387685
147387510
41016374
721449346
945027161
700611177
780112266
446966044
29782632
964004697
386183380
79162881
112785475
318863111
356783339
707612529
589506365
779450534
478065041
364646395
514992434
815583407
893886989
249456572
184369824
274040125
168207003
80838893
311380577
99855031
461701650
631894497
939122249
561455539
739489766
774293873
875904935
949466896
170657847
964039925
827295884
65517291
974943743
950687412
989746055
598762344
261834639
106534896
821462539
395532063
814430192
750819807
977237103
567858363
274319469
557804277
253500519
791559801
537079522
670987036
532404174
699273372
135585467
929927600
502303046
754288882
140040631
551329935
579373343
582489465
831707593
640039468
608792687
514025114
537350510
449475142
840639663
943199576
259710515
585607479
12205486
61672106
259376352
915848512
285424837
710881842
654657392
371263886
287136069
181685489
520793354
84345134
412387374
499670810
431635751
128022511
929931823
45016142
448384365
235457173
458721713
710504703
527161551
238973074
563824469
174390724
142027119
463211989
30507852
824844325
717164612
310300941
531849285
951472042
658781550
470732067
439897019
219736953
644502762
791421203
99631490
768776744
264193865
397687854
61696110
747362459
227652093
109121877
82389363
409327999
519543318
795623520
494815210
24253342
126885765
301700781
534510553
20403278
352024043
111034113
568854722
191445403
340756033
462291742
464520875
210492412
552495848
460915331
840889259
960903683
688125490
710194869
400513378
656963161
135825683
689944968
446310837
129473697
177276963
816462009
946738629
32905242
380822626
621179852
305301007
921541091
815485730
507595943
824586276
357080768
936221512
419493741
867712909
533468649
222566480
908186085
428020710
801902122
933166977
851203697
194866611
766736761
268232616
121485678
721202507
809348447
395110142
837852048
888427657
436940796
855389943
405036856
843126313
535562033
164295482
535949480
810622775
719576179
156990734
542979783
395006681
44899905
636329054
483808491
24682170
268631749
842481959
867044728
434396680
227639596
261924257
644408714
196306719
326073265
621595398
180001868
764672624
259336947
899977344
495952559
526430948
977633681
619168284
387645480
501690823
531184656
576367426
332150876
369173166
686616999
97563310
708444530
644911387
390187193
456197016
149966705
130407707
784424124
96803508
452570757
966866486
528065412
403455367
660788061
175016539
210981229
208730136
517053048
913966633
984293613
771276854
551285828
819598834
661038174
16548834
417372999
425731620
248683574
982117666
493497513
692264322
510331083
497871561
747779680
130076286
553479726
999497325
806119524
869876248
471628692
49594161
980248498
162533439
447406586
529086071
998365534
574178313
958380221
212628940
290709594
322454519
59314378
418184241
384879552
915340143
546277480
888845695
983873212
373638359
38824017
724235084
881724132
802306457
603305993
760306434
456535403
30193851
655675686
530711775
621536811
211483902
402610611
647176799
442337941
934699452
791028355
388752389
372192247
131952102
18183298
843194684
467351397
36054633
691408071
171042994
632949944
92146841
112992009
832439536
583798804
664634029
15624113
432481165
831052231
747393606
167870027
177942041
559227444
687100151
72550668
968171683
918502626
427668445
591092127
79225691
919843906
412137578
975846298
450180098
124311787
157525090
516653448
851921109
355455060
195629331
256883687
845669499
110898385
432262999
127356490
364388561
917201840
823236148
946912969
956902780
195859789
970129445
816124566
694944334
766829424
613086314
829524944
685092094
59401434
50011614
924692057
39682951
444962504
612182379
251199086
220812366
116300541
662811909
708127748
426273714
147980581
163703002
77026104
635422899
490509919
322200527
67043655
126964444
559743661
708162105
50969842
95266477
480755475
634189346
883365901
949714460
596013010
280901964
683350673
511225472
328000145
831561352
792519675
305443445
270937273
217200735
400706995
498716004
181063913
906544122
248088019
254389930
115108400
520639255
808922199
32156786
893103340
180701667
204434415
444628896
546042658
702560499
125348432
351239327
999041770
829425579
558927475
810773157
728816477
301484624
624799355
835398576
979461235
196902275
98273568
316419228
371183326
771582657
364485625
273309183
921493531
568327649
945900530
653199537
460074085
796579910
980158076
960116219
825267145
851209115
56611120
415311342
76467549
238721776
965182813
625439645
706212919
441280347
306401674
441511693
658273259
589933836
769899526
879579288
281744767
412689442
274928693
918206124
422365687
492502970
660973458
121520682
816216040
931125230
523135364
977715007
756659968
472148894
891165240
202461859
849267502
598811254
985506010
877607360
244873503
209488012
758931026
740739459
231719461
472833921
610206307
929902978
465180983
922973931
615035923
331559694
798428121
66321241
371454770
47384643
521651216
61951952
537750532
332764175
190235656
935090437
599095301
145342317
715586410
987467804
868779676
234064025
550115105
103939814
592244189
59462004
604427825
892292164
634705784
72256755
653758414
534189233
686486662
949531764
882296662
731070479
656339697
893242107
316089307
191575669
179286885
690338726
100694124
843780597
680810641
787315550
61060722
652741835
687371704
309783065
610392709
613588709
25153048
244251655
604054244
376142281
379787872
361241168
330729741
555573919
727131867
906135956
431615455
299198014
393626227
987461982
375465288
588218766
450467511
459165176
278750739
705853192
829253009
524010741
808180918
178440949
133369901
706334507
423129172
804928638
998401280
951685989
204920460
324922719
461864044
40169705
509036184
442235007
345477519
506154380
351282607
295098529
562512365
760515387
464443800
273150928
258723270
801496108
450154369
693348657
411850262
472841955
202274323
228206528
31032325
904539516
784335698
501142306
436070736
425613295
242772380
673453363
938111995
525801102
557172637
775445877
701215495
106692735
837333968
353456522
478425798
933230279
242741247
944313130
107882569
983652209
143340826
68737622
59566940
535029989
919717677
331873792
256180138
729780513
393078376
525559325
749411666
976713931
293890394
557324527
255834006
7893878
6164270
919864222
263382000
677829242
356986532
36711263
203342749
688997922
571935431
152030534
964162138
96697847
214922859
478619981
230100707
257961192
120323959
47380114
761198689
715598076
441575365
901040745
505895617
910898587
417273225
208331481
132722726
31613312
26034210
724501563
812802340
280009441
97622516
470531920
927066008
322877023
680931130
430053325
626665677
106629563
865394871
370569017
963094557
767687142
367711652
159482290
514857653
914458394
295458617
491450474
856389971
246510280
796125837
540235928
566318511
105123524
413968605
352483412
260556016
148655050
903988536
171729437
662963711
847433866
339228193
684152697
999075330
744390938
551553971
907223682
577030060
690270632
420714436
654569125
850203203
71006348
937946187
