554246019
861405003
305576896
108745269
689201380
120210891
806671384
33352844
62370440
841649482
115978006
514940086
489935106
777751454
357228968
710139399
851279131
182562369
919078112
53967582
68471091
795973352
791139381
90544840
415538965
632601268
24212148
311196481
322856562
477167769
583133219
225183708
817440653
342147386
687734359
173431420
967386106
948830362
212710468
174027005
85145169
46194507
445646703
382906127
121900870
59630102
905013270
115495264
952625030
670309011
380369427
35430341
393419403
365023338
17932263
758272666
70265621
215032055
693206303
56600111
95998743
495474903
710496281
585202669
258516262
890794297
697499432
147787719
90017094
183797548
742753291
902448767
969851899
745051106
968822412
22276584
350326649
408233254
968643968
355908862
727587997
908716882
358571450
652547549
96798341
547702878
831764304
452417314
324215123
929461692
103165798
752354050
255624059
156110356
78028261
589670265
335698224
860444032
124389864
231106572
362130668
757225551
25478170
768827481
927555719
477920659
65578440
648368295
396200925
995655678
407946016
662032366
246388085
337297440
329012113
187281859
136903452
57948732
488404328
710813383
59029993
245082118
823572595
160555401
80631750
990399239
646824707
813741542
667022845
379152146
686578358
489882616
283843390
737537396
993778192
970362444
883238712
589743967
724991828
618877681
482124437
183396008
56216388
328559444
521515675
441133430
505965964
918326617
827098242
890746400
452766813
277749492
372039703
413576480
172076579
117048550
933652955
864922767
688195731
937156478
831095950
251836896
981345449
17048779
309077319
918063399
378188976
508850688
343519246
358649667
304043146
547159483
332956902
869526646
228688945
875633983
188865729
495013151
639039724
639498318
484433275
728498089
986643299
776276443
926385332
408828865
117842912
870266908
565460816
876729642
36709489
18315944
901548235
787835349
787781729
230287541
202050558
39167609
19482124
603452274
62944454
997115274
574807370
468448574
586703254
905607328
944792589
502513056
184887534
296442595
928182819
438639804
225883043
48697413
452723202
102597861
265193596
205069005
90663446
900248452
800220487
507922066
943389871
466789603
321940177
285727202
645611247
545121552
81744916
998401403
673583424
149698120
475531026
35587450
576553863
487317999
153690718
518194724
189573189
20778004
464036275
615329854
685379373
269018221
948546822
598069684
792432900
852850821
335112146
685183867
965093943
996981552
948504161
119233671
803231786
555022387
53725403
108017767
146508396
300976051
259996080
399671037
420768140
186486130
622859169
778484698
963108776
190295593
472143548
965405202
948907141
746998870
15495815
69885441
436212176
184890633
822542691
674371649
518242780
723870492
493294301
792760424
210009405
396561047
33307459
676601871
201193957
356297355
232355662
21531476
433592595
45672951
371686327
888597136
760781922
64365238
194561714
498893243
646159051
170062123
634960907
602137306
380707273
369706942
736276724
218095072
981485736
878618719
683021493
618341152
732479694
379353753
589774985
422637903
807681749
467235654
189661631
24207092
153178670
946257296
577290740
606811421
957939929
450612072
531812606
903234190
375312543
126898677
309103518
371846937
990328918
323649448
28212598
348180656
88909584
891156993
412053151
840302461
660284321
815212385
695116133
322575236
673275861
614014509
289051781
54238842
455897964
949048422
80915387
293546267
874703606
170354621
345714572
699901753
592771382
28149486
644197376
930095199
837894335
833042533
842782528
854587058
569515201
311174555
628012233
408830246
351141154
241594329
333728318
916524755
55182503
349359168
363922769
337966284
251141162
254715503
933535559
343925420
161560290
477573763
447336226
426264119
45983290
15557250
497143330
819974296
977934874
328310844
755409273
60760098
246959616
481957950
2408126
827241787
972429856
840529074
753060034
362101305
986002274
880221534
703097687
214303634
615320103
164390630
238363764
525344438
806431851
7748288
448760590
338055878
94613925
300271956
768534909
360320571
385706306
416518409
808603767
553957950
814031224
808037936
430895370
22830310
486185054
272968219
669565138
573224551
346951042
536680980
365536426
410612087
501655467
571434253
357923144
281338755
774476075
233032591
810944014
881592658
777193485
971798891
13542444
970186585
879550253
417353394
966146171
946687659
713423040
642087553
441535481
555911447
31925306
199102084
548070080
177964338
449326163
680267376
728118578
342351883
494825491
665139212
178393395
269750870
642211860
38148502
836400409
523179671
942348811
487196153
585844495
152673715
605574393
927011107
776764464
842232332
794495491
460708783
143280056
68831660
306822046
722877478
859801509
704863487
95145499
809624978
378686780
302553383
23364173
179958805
832012591
94208698
504914011
468592130
386767167
112054272
793405495
743791573
327974725
841401750
580952983
442966500
4338847
226226887
56243058
288861765
950337052
104914197
422337618
705837747
383468846
988617378
536987320
659286918
35529836
771948012
805337701
473529907
174605370
832586880
659461720
533847025
499815498
762390005
655183560
491635796
647759702
136982262
540243940
664710191
48826836
50703918
132734058
301878304
487878675
863855545
718538630
633574621
648620428
806283732
859287925
273772583
880215764
317526425
796489958
843395211
557221376
845627091
433062293
614819154
306716570
319875587
569186202
495387843
181940029
47105958
943151001
241948841
571043325
564607261
641102062
813354790
564670256
757627426
657010910
332764928
855883320
235109015
171408243
171674290
53409381
171763080
824909477
368321636
973298954
385689137
653631260
182289073
965900045
811788348
934414418
802132609
703919967
925424785
357993621
728951248
481517714
637346213
119938275
440772717
920704543
476589788
62531296
84013167
165181670
45933134
709102326
122588337
660515513
463725030
987511890
322112361
674218848
261388003
561409772
134953489
494966108
200864565
522088887
796250890
393474696
760861928
276048794
759254976
630192841
838969451
109434822
639245469
399633805
928059660
851247212
218537106
115170739
730635525
250969746
576819591
109231783
740896310
203139966
927365819
676586810
531042923
521773558
502175015
824276456
612302057
127913761
442531964
364015012
223040131
233985139
280653149
115257325
323687384
47298020
159842614
200540994
303276318
453820324
326212218
936498311
69856856
722954530
732455852
612477817
768974783
206941621
943583322
10418256
984590179
25721705
754069796
997724598
594723066
119664079
862431772
239088369
773873778
934978519
17890784
711055690
666902857
275230456
176593674
694074520
570594063
103279780
791483354
683337504
91127131
376278597
805955464
287075986
876927746
990867507
606729954
808088391
789317705
889697196
55301672
405360435
184330438
432113707
379424832
197318425
479915342
282928549
520534258
204023304
184866247
920754244
426667214
368297798
435929539
615156527
269595454
794626398
546360856
38381331
41883754
665695003
415458265
260245817
919291124
608311582
219766240
466993810
120796851
603855558
512934124
54343380
449770663
884176580
879676846
612530348
526725251
234789149
895805623
979275247
214159178
287665513
582745521
587460050
498471257
170372886
949611382
437657666
851146446
261771219
721272053
812103554
261727535
750936374
847813442
389606668
989902169
924084619
512822582
771113249
977552183
12921531
162131698
916678698
691089178
130522867
470983580
542490632
488620951
823399190
88431275
34806305
898820773
567085607
824222151
754218239
82949481
827998213
761774559
748918237
658700198
782108573
615847363
859025630
882583504
700830569
792615844
698834288
36363137
490070177
622628177
602640631
721966565
124692374
1723064
201237647
125533814
666066821
896370870
367948389
699389305
407120749
949036714
27747255
173339944
686465748
913282779
694641926
926714221
93595202
306657186
161903955
162310060
763904343
112413050
195443610
397074167
303106067
34095194
990258608
337907021
772149290
506127495
998550772
200771012
485790643
312839738
774128398
565362543
622984503
628684425
416882659
931627341
393826169
49528932
251579449
833071858
588100107
685685686
196117755
787547788
97973918
772120065
942767933
183412991
460724222
440330571
958062220
12279324
806279452
804163478
822427746
631971627
906112261
30041368
927240013
900993253
950485940
826976242
687549300
373626009
139154381
129279382
303729717
464910776
889774526
230276612
768483889
714375411
860833599
362371751
808974058
617420379
837977437
202710820
239933103
29225
563359560
815137780
740046789
45460071
354777516
761849074
759083089
818821024
806256677
784911030
25515080
363784801
122288918
350586195
882585916
761123864
998136385
822491745
648393407
968694534
468390347
477857157
293638463
230447609
671846680
243686809
151445724
443907701
995189418
205007366
793994188
703401441
790108263
927210787
337633692
135348160
86929452
642089228
18848493
377305305
370196291
484908692
658654097
104863495
204761532
404699087
592086492
510247403
479785834
47850194
619283993
15485692
554317412
271238568
531638876
85502402
521499316
509599179
373613389
111090707
610403349
315175388
823631604
601249311
990916841
322113638
573676536
195078129
12952502
747237755
674194411
356047157
803643251
271088101
598498242
983481653
819203058
188774968
25686077
267147593
651600315
641198319
964121865
947339224
585723372
778508495
149084029
518869694
395571911
252131290
613848842
577330271
268475838
907757785
766901955
55020903
661277087
57404786
113946652
882647892
831022549
397008362
497294900
732548077
373655781
263236836
211842439
283229310
672740325
548157221
266299343
332724348
483913101
106465796
459490390
969205028
351053521
876292378
15525938
212408346
173029608
54806841
799506217
760821211
133388913
96864140
87571318
895885465
504186145
543477338
322204566
761798272
74828315
143038183
436125042
254591952
