709093256
179118432
371783087
373388258
206094076
52628579
510414860
500919465
979507565
416948945
906475263
925235155
27461766
951550553
615468631
483835557
743722977
683172386
84876546
124669175
298198128
425431352
734696018
768155808
76080430
244798438
274773236
768267494
175237390
160239502
253675927
29270879
606477402
279133934
94123256
913595105
594091996
221179008
452337864
612264269
484760903
298081792
105717579
464844676
475041319
689068714
284268637
96018319
591325292
306717146
67668109
401657034
260465483
737985617
708423338
283661904
444422412
603627278
297307827
961295637
777855341
742147365
325682074
819268062
163273017
877204383
318757752
748327830
857427296
701873525
889743559
522543968
230834522
472612275
639908270
116336
319713772
269851341
293114488
387011715
960529799
178754917
176942201
868520243
92571393
852018891
768805394
868491784
570710595
810461351
469172692
990464717
923871180
491042225
834408926
742613537
972399717
286449516
301571658
597836935
370310961
535940806
238591022
889451766
416973585
545124139
170822512
787853206
98077347
708307002
963948130
174571071
310512789
910296111
765838
599100424
565205163
457161830
726696669
311254125
108398988
450265967
177617235
46965944
232700832
899278840
598672787
739792296
638203348
897294731
27716618
33264256
968279682
695277552
16700753
424588993
940163894
287490433
451546657
547447252
681196379
980952187
770414436
862403592
846513220
294601621
679951928
13575068
490276387
235308502
177408373
515237886
559752845
990317532
489437946
920044993
358323571
191625077
656750934
517694744
946451351
431030214
149649858
200782615
680590384
930683874
206291388
615235235
893595357
576176843
658936529
277714730
5615173
179249417
630057745
127446800
679851529
315213641
200452723
938099210
219326912
585097719
249515909
402894845
719886357
512478730
473511410
977962148
205839606
96655759
66265422
748538816
630739498
933851912
600995900
250166164
831302328
569631821
181813207
915829345
88310233
64716692
119979710
914099542
576371971
899693642
509622713
380503427
360259786
361991145
240193463
43109929
991172353
718651723
298367831
361353631
181514305
746755011
480896256
168111653
457172463
228329238
409395629
796939597
509911421
910397712
646975231
71763260
578253516
379891581
296144470
110219708
133400434
284623377
849788976
154610220
465118008
335416365
826522873
820192714
2856017
93007982
617702361
843848459
856462295
23155493
757366462
912087773
635484080
239642268
68651858
84547317
88735565
13701553
458656881
859980993
655321062
323040111
404188120
665974258
252718410
437859453
802249910
980368204
65846675
129973755
909709494
706548975
868862745
143757610
896235621
846097939
920232137
660703541
165255636
364164481
610626875
565547168
940477300
486755928
153031249
734887456
436279178
338611247
311239722
211597152
21484143
119698880
825966495
989807981
499289157
142077897
931228243
160548614
567474303
564996563
290758070
637334155
778001783
726488540
113445998
50817486
43225028
491726469
343406645
222553918
164315179
428032022
848445916
94492399
249354118
89773893
382562809
917432191
512943008
517830953
1580274
463638663
669128481
854249521
108489612
790010613
880582479
879054762
644468452
754157724
914869694
759683522
93229237
600259072
73406411
973292718
787545383
213988760
373309930
102213763
691662428
944552707
995204601
88685804
47281973
593452119
271252963
731474095
740453863
409515263
759515086
13796051
647605605
49643350
563416288
827119406
968205673
923752261
617998928
323435383
170235005
164170265
847258016
589248919
307684222
404631655
334802784
248186843
21085988
276061398
302228508
168574049
544122261
410729245
826168524
57027566
468434060
580442676
806967548
515037491
518757650
149108384
138600898
234953189
994642637
901073642
112077917
43585887
36842784
246287003
5087045
863793121
595989830
49874546
931978756
527492162
97294691
405955681
781001581
642650316
258649334
23066119
710388107
464392464
107286755
590941036
469673789
236876360
223474825
506388722
358685345
387762996
116784713
102961436
804677731
21126621
25569366
612304826
594606280
406610579
292553738
291216897
211344058
774798983
270974353
438435385
572584217
494247714
478750487
298676361
959732873
62478378
799441094
164317231
256388157
495691531
438720275
674208433
127666433
403701600
431399853
875201556
820111061
530454061
887601657
617324048
747008408
493028394
245196814
910852135
501922796
484989863
811349399
374391002
350096578
967432436
811722059
935589123
193418111
668851368
18356819
975426073
758125871
924798462
546655847
296206966
588321900
952467480
846573278
308986200
582406344
351360932
484638393
190904680
975210724
417352181
471105834
680889996
887197324
653650303
691426976
79555823
249050900
567898350
796753563
474743010
251128977
425050092
814220652
288955719
683969470
503131151
480790321
458815064
385344781
455973778
117075684
895312597
983798212
591394690
29002147
794540926
646455114
936210613
328445791
150561864
351470
620444719
399180276
932744395
496326601
130832062
48391798
539767806
977424391
938800994
726375173
190227521
128044899
71912837
45077988
163271808
138246828
557617559
625016729
79275192
870570609
25823329
805559897
519236946
300276496
575793236
697091783
295802634
624648156
896886048
433100708
312840286
239452559
646191699
474391539
630684257
25869815
881476255
792629116
553137407
454739353
941022513
481390671
446543785
729598604
926848161
767267698
911885375
546316701
865730338
656294098
88837555
311193884
249170598
279991253
974528140
814884821
879943329
632467899
920533364
433740278
752589162
915119649
80538343
505700286
413534887
950774961
481853199
597521296
414393730
137401992
256770571
764988441
71879321
624535837
929548094
544432656
359016111
789638340
373428333
808525537
785206406
749485931
758917816
240591949
344263152
1646401
990281959
366200445
499863398
815799434
145926485
249008356
872095751
119397128
702150190
25902864
400852328
940843498
316063716
976073199
285414498
314364079
131922970
728328345
399523527
323849112
239314562
624634759
350443157
430095483
455868710
90304988
259039565
112007827
648533871
3103230
156201832
839946392
161437133
411888485
960493000
115652753
97657897
598594295
991475506
7762215
892892689
952482192
922385646
903645230
143580328
418172612
473574624
397355132
523111038
470842327
617562960
30589471
841068421
20414040
762331838
365647200
15757287
69767914
359930724
55621496
989968790
760087923
470863255
699046959
869701031
560905934
779406364
904175230
15580199
169761744
216706181
533328674
736852837
391761312
430956422
286832369
702249112
446797926
286515155
37696097
616730363
861684431
588896787
177691544
385540268
125612360
998877969
141023093
649556646
594845799
99895466
27889983
238663570
935854009
17793423
132804765
481618936
223338686
33944199
582674392
638766246
569399392
381774933
353349293
254136145
84234286
293736632
449307109
589457617
475499469
663398087
568959360
783252758
322234626
438891132
128284358
171191135
293171711
313506691
744088670
562027963
638383271
254618584
420734398
69866278
188816198
294665104
800998827
373967888
298151656
805213431
478910425
412853726
703840762
398929850
47330970
479909497
235547494
923555397
301305982
831875727
549570860
551565475
174057177
931447711
530936104
244637224
916428942
496962877
889509064
961613628
188447224
909831994
289855528
20646428
382975
314780808
961040533
283483015
65319947
789569180
492737804
75339221
291305960
670286036
184487661
156105633
79411995
923304775
391560162
648374859
935643640
369616313
12200708
912212942
12457103
86817796
80561406
489286686
538930173
944178972
378236160
304035949
484458822
336538026
616766207
569078429
122998198
683194334
398546875
732550160
518868963
952064477
858235449
511736801
339137922
474231639
260259514
503771139
746960050
374830470
165225228
993124166
105402714
241134204
25969988
818830910
897631286
377642584
8189324
913565177
234219401
471753847
744552841
121140974
411333019
188701854
590880397
954767933
53519829
615409230
33107434
396217660
524757899
659010000
129505896
983579161
511380862
500463906
573075019
538225463
826558281
576790265
742326635
164099702
778953744
385111993
198633234
243324618
310568038
797935295
671447142
745355613
675005009
484981696
498330758
47115115
207511636
737094475
100403781
150436067
883351240
305491579
450251310
131550819
341723035
769007567
468366266
446392713
111628307
42390825
307450047
397167379
804567563
469963860
87006896
657429135
729427211
580453138
342187228
26221026
990068619
347555778
644199895
255584532
943962087
287751820
721212649
39776203
160679242
82390780
776067525
774286386
400060124
422638952
654874221
521066701
126538955
610775815
822376665
9946176
916745725
752240520
131696310
268177213
490485247
274279762
940788048
205041149
397974799
840901622
317687903
627058497
394907246
74182755
160367447
535795462
661291683
194666778
187588730
53971215
47794917
428590062
285713471
29237527
266323299
533163660
997107253
381928611
815089637
565940193
530890179
118651395
758076471
332241052
109475299
237828098
215859467
376022682
765099284
669682324
346963771
516171500
641801403
319777618
764702876
149009027
379379139
325877369
262271505
119078759
859775017
931872175
423187085
768405450
962151258
488155663
466527049
102458783
1853913
957321585
277172508
558859436
389951510
832034604
310011442
199036507
868982024
62666194
964707455
922539347
319935994
285269000
429567492
517906405
707007442
531623415
786788658
965935851
264534650
117314271
153784521
671229884
119657106
696010878
706165175
599018003
695464309
989671020
370089792
621319634
771301048
113400684
374168768
807777697
392509816
788104333
126219990
809766797
9766175
565666368
280027002
316712945
361169913
339732156
799142764
574506016
502304683
905280678
61398007
430527842
701367003
500591196
837924132
884539641
803537064
605942622
439202330
693940630
125869429
710993438
