480674214
409242816
742910792
185820360
226593655
674864495
276818484
86816386
262254397
313077356
778938483
932466557
836288912
17498575
589379729
338286376
167607503
614260068
342409887
673841135
575245073
606502169
993647759
30929506
383860854
100565075
296061098
149484454
145546627
705361357
83215578
214535931
988668659
669385964
578169874
974522247
544396747
764953370
797447576
323540527
638874324
864767014
210471215
570066167
92024004
103093694
34596781
632838080
341445883
768281263
314262462
602483652
459749090
741830995
736226344
874172044
415595055
711981286
801959504
126028580
378803396
127334030
941269758
556893039
229861778
564402552
943797897
166902948
439328700
614857480
793889628
402654132
816812491
18869359
34966811
710478057
396030953
423581591
938905500
280767160
65968294
663223017
808038570
377265362
391098894
480731925
754786839
246837663
933159619
703997829
558927192
832415459
962993864
671418995
944737129
511540293
923497254
653578174
340204389
527621451
159295795
867693832
193509380
726588401
974391633
911608329
785671160
440879730
706864183
25748286
478141090
992013463
773075785
521192344
60060286
715580378
319295459
564004395
165794145
749129851
809615712
696960233
233743328
735330869
55930288
961474168
439660266
145393495
74132228
523426516
786980801
742452777
83377201
411284049
121471364
198274460
469713636
81450168
402873728
479490564
695060764
313907109
539973478
907411332
225856738
566913727
59339674
441801520
611358709
229156751
192244834
359492859
487784029
591074536
718005737
462335561
633950504
458178509
670658112
12917465
471948062
640277664
366747502
183437667
238767484
735688311
908636261
361791735
399720979
861785824
245866742
237845290
161130667
686303579
54069087
495708603
156986754
326331994
509474131
489016560
902134493
997858744
534034785
844975476
331181682
427487942
254668748
492302664
693278310
659135802
564323955
11535126
410792054
389956262
7542502
54783099
947159605
356535811
668643848
490168425
658277465
697547937
42080541
749572883
983290007
954399542
198362191
801480448
537005448
222297134
305348806
307618509
948704377
181641552
110782971
474089316
106242878
521772024
852255984
811279540
481019563
416333596
668513424
740585176
297461868
234331615
827053234
771174403
678761077
999285987
548548996
800450942
657688145
19305705
830739093
204586555
955778203
784461900
861685467
376782138
229125751
453188298
955297214
470981175
353786995
256705446
62830748
229150502
279173291
533453184
948540219
425387581
504279826
857364306
9148862
241943868
29034513
301495363
452111015
748958392
127346307
427187786
122719371
537719460
673748137
504897863
649930362
929398671
350902457
906196414
518311111
321780977
660086555
475473846
582153789
27831264
461036381
197532248
386798180
40756422
171500867
597902732
492001112
145307892
50745767
123161414
296171115
800323837
10156842
588795224
175552042
654282840
332350885
112727075
249435830
801937963
330468927
417577753
797233037
848889131
606775082
133432075
878248043
372976876
15142073
626759242
765301025
28805980
275210517
981317596
780907486
831502263
914697182
411354593
577457524
529443574
935186673
977411477
486973693
550586722
208726747
849606523
919241828
762107232
730644372
864028270
989430090
547359479
226038015
780215825
697362336
43458627
400299210
537909047
433981338
38068791
719654688
119024236
130165819
423986523
357860388
267365135
525113320
28839244
807887737
344049777
739585656
920996291
535269549
719992254
866751288
353057449
930604058
246646314
640162383
757168558
214190245
116140811
642332502
151113802
637329151
217941545
802767963
494994691
283955260
737448858
431203053
376788134
977373253
539388733
809788885
816162437
847245657
62987170
192726334
941361611
324493203
890402583
954219493
386594595
124442613
68433799
12089930
506045759
913464535
344304887
112854568
153652896
897746663
676812779
823878544
603513877
476691732
979052016
786657371
139918843
464597170
30118629
744883983
70438879
912846722
362797522
943623036
995880815
910203368
50588851
505811790
867616888
53919979
698800771
432675354
323787661
161921316
255737907
26671188
568895351
205851615
296722203
581530155
939650372
624594289
277550157
479041470
300560474
715510188
206275008
339470704
868193640
276329798
52807491
476764441
294374573
145518600
883780614
473747871
761645090
124810762
16209113
595842390
862875683
838493096
245237679
99732916
198945891
244137424
500090883
441592560
220953824
952380828
217762019
934067226
167874966
448588473
805233610
445844588
635296565
883756050
643062561
280370626
703928360
711118145
637618148
591287089
1112488
222036329
138300781
178269060
278140701
781990035
265026097
444084588
189642501
700879812
718654471
101157275
379356610
177817241
280095578
56423050
215419304
764682446
118516880
915812811
58567778
118740263
308889474
845786099
340284989
437936025
838451305
877889038
481748200
735838485
891914028
151757537
200874947
653950588
98620427
976909561
105836643
321821822
163451858
438963788
687354731
773677430
744424725
466995152
729934000
704076334
66487977
457479323
603660472
586639511
64951322
939245913
592601265
721805336
532719311
882372224
913146854
292514680
837984070
840204675
943538728
387137057
962336387
453804014
808965783
566896933
900282327
725406021
79196813
303186016
950586406
893597481
601230587
679553090
228458080
284890347
374315536
841894320
115852098
636208653
371448047
380971981
274228566
895108688
670887163
952668114
559156270
479069609
121231277
216248202
63762706
813321962
483837750
323247182
495425059
300217673
811341041
290620711
658029368
163037067
803794005
341081955
378282510
300474455
636053104
171353839
338015325
913048174
493347256
247828963
508056687
71252533
176662581
201775417
468756627
562566747
112908491
67227699
782916849
856297668
7740663
421212717
604174744
862948609
239423309
137264443
409759730
277983405
184128031
928240405
473549304
83694825
183864952
952815030
832414646
30366092
2689471
973754109
259055584
499533324
614652788
646108094
985722352
873402312
708191514
992510172
636659380
282062333
854490553
932858311
187309182
744113342
507703860
801731698
155296403
382581288
736907210
515333899
61051146
498788660
761594108
60031919
728920143
565106849
774279657
424361861
887387580
223847549
369360769
438390535
559877276
139154381
808172114
283383525
241644879
361632567
435490363
730772430
154757095
246913136
500605062
127697396
423492850
251269718
740931223
729435961
575990964
382133252
797518626
449833358
293458881
487355570
912702963
760266922
737939214
554620869
917187950
420615503
99122655
283829652
105122591
412811830
912701563
416100018
372981034
48154801
935941227
224320335
560086819
793663835
947090923
6134780
360576803
814138008
998183596
633896711
636539068
477650424
824175624
44843696
848370896
505254327
426328921
919527410
144931653
72521705
226451416
47905191
545444309
687024009
444444616
14874860
631649775
870927442
141790545
87793231
214995832
7392831
878288683
692776422
793494733
351670629
822046432
3854791
502742434
287324101
126778766
98564954
762083325
104042502
918081799
439537525
596439877
54278958
435458755
599868263
986482907
993174152
271168364
300459329
821703383
888036035
678876024
873062808
349219218
932216062
374485004
489649360
672347463
910390365
418900879
629146236
599361740
131399202
251348962
496700267
683207893
422474130
416784975
857607551
945742937
127886461
285821865
441401806
768942208
4907091
418434981
577370816
435468686
541922280
101310322
221821678
736224465
577829353
871073038
905458696
672794603
948983623
654635571
570526370
912839096
637129405
426217490
851692958
685141622
288935563
840175783
465040675
802929995
938758487
916660368
564008777
576389176
413560812
354716390
693816921
602214170
237474218
104120599
344312127
513781080
797114186
54180673
130425182
809080042
197079201
892921769
21532386
260326162
345890265
823905662
734224269
767838557
846258604
944768454
308613532
701668970
434128905
756260183
480006645
164731306
953394305
774440820
496710198
625261911
537301543
645432501
322663653
223112963
177256117
303244525
435320385
844863023
310323444
56745289
115724909
582948732
295792308
42612915
488062421
396013792
818643396
204714512
457039729
114852824
182436098
796170219
730130571
468792356
46102858
992147949
168085265
481214034
624113953
179580821
560386774
22673366
557470473
505163270
271778499
551646698
570258116
798419422
83070045
42645739
388585277
889361245
457515112
789513314
829043545
725664798
405876662
391515989
268197762
83992852
346087908
748679792
317401090
381857374
442825812
741131323
915301929
853871296
177010104
185108166
135159260
954106349
220749069
130742623
496358514
93051543
25478258
790629036
770834415
936415721
825755674
20223973
121644467
414393990
726267546
293074852
338655106
940617255
639748809
320438058
586271287
776569274
213016271
540121101
833492911
811706980
705272274
175613099
62337457
530647174
636344768
716386819
621409318
897961878
907486478
434478926
668612176
326772489
293154800
735992001
700186539
615247624
620681572
331782040
258237176
325863934
627035325
903007099
655589826
149750960
402476216
974684672
214122486
856572044
598836877
358589984
741090077
680627967
297249710
684651532
387779267
849865158
728291579
240187241
300070952
109368855
398814654
223682587
506907510
291788619
624462674
11882617
647462455
903756807
620251517
971023661
155887701
881234230
281883924
507628976
184671655
802265174
520023271
912586496
128170957
661660094
502264333
764837272
299125001
548896494
693388847
987984207
29522778
608503266
348212734
850321380
886956044
380494331
31711087
148868321
927049279
403352738
396099589
363801207
525288284
390593599
327222217
310365678
236320526
627813214
202702282
859855846
398744043
789620733
499979877
585514092
329841886
815705081
112016283
638410856
607104521
633977380
924557585
958011014
598399770
636478466
982359837
38959188
555544072
769930135
84067617
775393369
