613374421
977747393
854832549
155467223
168457993
716976684
780199183
753847804
960825175
211469552
858413917
182198186
776661896
313063819
469773392
25612362
721990524
563455510
211370125
68976874
919176131
421123098
840876577
428912646
400975440
770051846
573041902
283110054
212021899
126290571
302810893
288920677
239595665
277982252
553718120
755777862
831761749
476165599
562027524
786340692
718400674
699784590
422332300
605420760
317434242
386138706
661265215
668250645
705960776
246542125
113081061
956606124
476354219
753970406
77751151
192251322
136870815
425919903
754491781
398406145
143934782
497089128
541825904
834534604
908658658
569493240
942602519
498679644
759345697
713995528
193850611
245824924
1427985
425029432
350576199
219391541
998790796
235455817
111478404
14836734
108786630
904791255
577149277
965479773
13209510
346204767
812566456
485625258
200231100
361466798
618907047
405841846
721673817
163621378
642405910
221311545
157958685
587797694
696762101
747941000
443536185
162585571
908904946
991965246
52691514
867256135
955178139
51324787
403394206
858359608
193460524
901414996
314441499
739655046
289619515
239143525
919939849
576346130
821325094
562453890
756926782
456977260
298448543
397878899
95088481
788008763
524151106
837806606
782623521
129264654
61432856
410993101
538693715
363537402
571300547
946201058
995886307
585184030
912788259
145953373
391026627
761241669
82231052
341871490
168006273
717492049
91400347
982018769
874001862
403262384
301371694
581612554
766472599
134308210
991014217
986558924
864137027
511026047
896876764
264682749
343105029
117371533
268701265
274129552
796926752
782467422
362721281
950904095
168354499
343418455
243257216
334755819
663557869
675371721
171427262
995685112
374746208
956577051
229872626
377596431
696608415
542132335
963804742
379361136
827892958
479820301
644520501
404385504
372523183
584741622
82064030
484860260
688307264
648105509
802848342
273655094
492540403
808101498
544944737
385538850
354770767
140496250
813664270
530583406
160005167
966615873
918054683
91100878
962880947
995329104
611812716
907559975
281153421
519280332
568074332
800972693
153566789
889340127
446236592
317106451
137946920
958335776
578380912
583612875
261354425
758396955
646448553
15452360
872523377
897772167
503144708
566644708
411632314
844333774
22825664
556112165
728468063
433221336
219355969
861277083
561765616
553419622
441504555
377194078
972928905
174504054
203706839
169026932
80031176
1875649
120088305
603200275
361864905
227838285
247591929
396434989
562115337
230051394
269228981
401608210
320167320
902602322
218577500
65108779
492184396
45168007
495927660
436819645
496454668
11962167
72504629
720345452
669984158
584959508
755340833
584527297
516831220
201186833
610683969
86850370
554690116
477421621
935421182
870647727
777683862
899944432
204779803
183794028
596741845
626390673
993996826
498416668
163992355
817747757
541109763
659163293
334842122
376395776
885009681
927760898
678576392
766887192
672572262
68069009
929371019
399742852
933216115
776905396
472497450
663064631
879603767
360928503
619367424
182378610
846918093
842745697
967181139
347929771
287424916
592239963
840388203
312133632
840077798
870063993
17965339
574087959
556353097
852236400
43849744
96177540
249685174
140435444
316177151
682923070
408273977
787802923
804849357
867352172
941276707
377941009
966728315
427874405
711296576
933677213
746786905
633068323
879049243
981613743
970829663
698364065
691982152
986912349
88970859
292769718
87372695
366442760
926809392
802508268
50103669
355283059
843389754
80979715
733055652
376319910
413379456
739168323
44751352
936444353
774104632
59115170
37896339
99828966
406653063
909483905
625511646
412513797
600837054
906400584
123277088
384897015
695038715
574739352
881406736
345485678
404195387
262772824
51464585
23407433
595550375
41831216
860993529
2341089
817248502
585993647
534551254
885748600
694818752
334976666
520297756
7618581
588316971
942604889
207509111
911714493
660467725
592153185
580259286
179486952
667258070
674858896
765605704
20408808
679231179
665206653
660244343
268650401
199572977
387569973
972124522
150606632
687703738
21343918
340893978
732273415
198121639
35555249
282580463
820659415
374932651
739763044
717695043
265860388
386102827
115658506
796580043
752433824
367230241
969692241
685017951
812042200
682513536
871977631
356149361
920691477
276225511
840584720
323109909
152041849
925749302
265900852
686175622
307248778
362852143
369691123
319914842
566973052
601710911
475235694
713592853
624912475
309572722
759599869
804554300
927495025
957163851
499745316
634305979
563572672
868626609
907810518
901420159
229880735
702552021
160082321
468093094
815726105
665194556
420202499
456047904
357536917
712445339
130538613
894910112
109031798
53587422
410446265
903008243
16411704
795743662
229606991
150722913
891994546
256099388
60105476
502469477
922913666
67423331
428654335
963527624
776480194
206278741
759537235
283415238
17938784
364480692
456294887
604696756
202769821
901598028
504188736
901778494
181508411
19187789
356055935
912467134
179034108
864689756
695522502
873907602
546717586
596737071
617894275
767829008
639019618
757087604
9425613
973781345
642446544
657612842
545179427
748302774
236540221
456674873
679567709
151258176
952908103
847123374
876971327
744551104
597292533
805749508
700238422
114813674
291554926
327828495
969214501
872806756
900043451
147638340
323435369
58223909
371900827
554746731
416810038
179743123
588384465
991708225
644395619
260851179
355055079
482513540
962250210
545156978
356418601
755885960
665238272
724833536
339620079
204797759
959559030
331910733
987718427
950971396
276615069
740968077
896498647
503080600
476274082
311191122
787873101
136618855
73737894
494808203
334177473
486955517
376401946
681793489
39864834
499824586
562873709
961199876
202727754
616120148
389496024
114778993
843499296
155081443
758395072
535668965
662590221
244380964
533186676
695245692
188079309
991524634
70505480
420929430
278131662
675841960
283244474
85303864
515434143
333204496
472978076
218436223
408775646
467442007
210979504
869463082
379484013
983444782
684968702
839795492
641924048
998359152
129182978
371598279
561475371
161836075
897468779
741417204
744685527
940605116
648600900
543492137
603432178
378492201
306728894
342652837
416450036
955472515
403661826
364022873
216580111
477569844
445765733
869523257
143142072
171059801
706003345
376057289
944101938
888931989
156184951
679145437
559412261
693391183
53321643
189720156
862341656
698907200
859454057
116295586
778373180
541827269
340618336
574829026
684603595
929485937
615004044
30283445
160713112
868326666
453013045
424011497
579782955
320945828
623215380
164354204
552593419
259659719
228456206
390415570
455832729
521411490
797315265
855753536
784420164
969455461
984079875
910040994
325170557
117008738
480311180
717542835
96018457
287366240
585649692
674752841
136951507
870936706
184919662
213656133
556055755
675719900
215344176
75775271
435918943
732173452
99362481
238466432
70175802
888967438
637126736
602681936
470450993
469038487
660462855
256961689
744512002
484864799
790408860
715148132
945406061
704963049
705112886
43704374
388015486
735470208
327993039
292416715
735296135
948462537
27402696
681656711
74740057
14800073
834359813
780112828
306067313
721539993
419834593
52246712
870092979
745613443
839865191
436203118
479882001
877629242
247091842
626979969
626903383
328688002
930240837
652086707
80527845
469771528
268250071
851092705
970607012
171639801
687759784
700448733
404180412
806945765
503170295
121713263
861564741
955470023
527941878
455650920
634678672
880350026
950894374
22972009
65030205
738162148
845055152
199792617
865097856
268909768
563822372
510386242
488378366
701013069
665513330
406608133
18221700
375315987
601128866
604968528
746550000
983267107
809505814
134427511
33780208
719385858
648066298
63147214
242443147
718151928
574638375
524411976
349687364
791440920
992301296
746553355
377793626
907268828
587056501
342365696
624716375
68457453
985994847
701697244
607817428
177373542
212070367
703167342
141432434
96562161
103491563
486248754
354341157
922973349
709100918
651411563
70844212
816466862
989191799
345644346
90095850
781907938
957349468
146945928
694271391
39410395
160698878
696937444
708711771
918959973
28814506
110952870
788259484
258763169
980252152
678092546
997272259
107808570
526610082
856406665
507315491
944898954
921714778
145880985
614660365
88389621
170070819
426714014
82340002
340889733
675709143
561326762
918077027
241412155
252269846
842808436
111107984
839048919
7425853
568407032
16674664
515132921
994455569
222472459
67747655
992538691
697989269
95577987
942721195
31008372
654139302
963035640
289856780
132785134
838328854
145196894
860193158
811468482
532285561
605881770
869339574
733984862
614597442
367822038
243250829
467487742
192875842
546847329
6493323
137443716
566984562
158223340
100382717
958203048
839732001
992182568
950443383
699242318
78133330
622121672
390400350
74492832
483992817
51331629
686750429
712673502
271469982
785291892
403083299
107072951
982615276
299639500
306763357
401544081
699067457
282689800
900535477
626633531
979221628
600259911
799662848
151141940
89084663
805277479
464023809
495915962
862652923
331653730
293053132
846146285
194753509
160950839
733335152
910163888
215481419
794846741
249992045
563265813
681071608
530577326
196017760
407583948
143764029
899420370
154828438
267345062
851459981
698838634
259135591
557042200
91647090
323809852
720020688
477873418
822458822
239258410
985408167
678715336
587307819
190834466
850020577
939816251
492238760
556937013
912319440
821664436
566304346
396599468
186062662
904220714
32697754
337269664
945561921
448644302
404242151
392078900
7377910
189664292
650449041
196678746
644455979
163814288
72518138
736010930
754499194
870943656
440930150
255461734
87705065
