614409241
200028185
528057968
936010032
226443947
378707508
788315785
695053644
576429339
773157058
964687346
545805911
867373487
214779179
922234743
781924690
866587683
880667267
422070984
667688049
747299788
790236642
752462541
789238904
344120225
862235973
220274457
704278798
574333514
893628064
98117287
625326132
502309245
515289967
403291161
624639341
579376461
66514151
669259996
800434945
595999494
862676672
592436768
145128420
79374855
313964416
72574851
966221176
343043171
7638411
893916157
700054509
522058726
51534698
247240121
824172597
447565642
738819063
591889806
364207973
158433051
84036987
120720129
682801274
675039771
339361214
43496665
352083519
811488016
297595402
202548229
800073531
211407271
621636038
71688554
884623114
197799873
607334120
709864048
30155809
789661121
254053279
361235626
566695103
999711905
398062777
103267405
450774546
268049845
579118563
177073698
840557397
474624343
305052022
642001893
511962507
741956542
909635493
470088648
740013639
270467750
720491331
154733159
45447769
805090181
93842625
488647237
900422687
979846143
362617005
626372724
840231520
28955014
561733997
574546851
904379771
722801359
554025025
683089367
276976993
236093809
592722117
84033674
232369453
120521703
361990830
325449188
906355247
979634143
559726045
142666572
288164378
137245471
969850407
759688057
69169789
99320119
315787857
761604920
905869279
909415538
202844716
470928402
905432838
952745837
336842177
811602382
912890345
730505170
737622121
789161147
187931517
226546125
193111655
503919830
677745631
636457657
922363705
924926065
443099350
768393436
582291988
920788542
420120097
219950433
338208345
702986048
59104605
802045938
505377061
805059651
407013502
792420104
777220086
367561453
33249093
121793715
178600834
279623614
783679524
550388446
412558841
175850077
242012022
770564897
954735054
61618253
944133815
465930577
81942425
432712131
176956413
390861790
318505569
137475843
327123550
282056172
50808304
685482405
614537492
633856127
752497777
110844407
225128108
932562469
382147644
395511411
449326038
825550200
470670737
555951916
457856822
642740090
141246540
892710903
355834595
406441911
678776520
649555199
265215378
276590092
758852231
593174026
720103512
72664929
628103238
16151711
473914534
639744243
40437903
751192919
70985410
493118427
665086121
149823397
797890668
301714433
950721967
309449552
388417252
559223642
612292213
118583615
995259839
525990508
974855307
534216321
249615250
425794665
781641247
920681637
603279651
401253103
420267026
337947399
875003894
159323750
390740894
152463179
304459230
365995933
921596876
809581793
785112296
719477816
484966505
964738394
977653967
991423142
94820234
54120161
455719942
369326968
261137946
705991735
664297877
640268616
597914186
194113003
97809620
93886916
766536459
48119869
858102994
119756265
147913268
669732305
72851401
327138722
274819501
638566917
910973538
798258787
4990321
22421319
637626764
802710419
333471317
275782022
41024002
10116913
556562353
258192107
330974430
727521085
464961694
233952683
140115157
714275290
673649521
234735278
561409562
196627890
54653558
210572314
599459472
873477007
951478797
665356031
571564548
815234199
891886992
650515245
716603640
456253316
143146622
657461153
364336646
238716627
68364970
861587457
306797298
322132163
153089001
87692706
537324562
508344352
717145437
130581909
654794569
913960583
529617148
358576109
653489200
40084223
77157354
714345647
743605229
794418006
422961845
764149756
851231620
668115284
704217473
225789802
118229919
906047106
541588465
874721113
584374463
807500539
869616035
901398528
645910319
812062062
927937978
239277399
43538888
966960851
673247750
91115120
156331569
820896888
10561462
657603963
285617050
533310882
997026044
676519417
379095961
428800973
913855923
569918639
815754781
304215212
10355837
638682013
617914688
927299198
969462785
631277454
966755885
842424322
546207444
847294028
44344548
628218619
712665788
841427136
112146243
837879954
670806758
776644377
121170255
331846725
607818186
30334731
657553822
46613510
940172750
584919036
909021061
865069047
495625152
155573489
893644615
299697396
85643746
341695107
801706225
289255965
621362709
116239689
997498064
41970296
124359233
313907245
274689443
163267433
613259415
657398430
820645093
155598908
564373173
541216005
757994214
137211546
448748383
483908056
696397024
980021104
981128189
571301178
987126447
384543749
722256392
101686838
346799170
390633955
953649412
744647150
542574872
370970681
39720910
822890277
216517244
554567069
779146311
79199959
207487491
293910940
755645286
494286389
433354093
282774320
764273942
753422153
300695874
954409145
397579274
756433068
850949011
601735689
645298081
821685120
308127774
50061530
129113241
612954314
319713902
22672395
967108074
884055487
209618019
868612263
114823557
449674411
115877997
741482894
324698760
203427144
358065233
369548424
276420565
402486083
224375817
486841800
137947084
704352127
620269806
968834238
800990962
392390023
993054679
197216343
893698137
940839182
725672599
218035789
514762502
166455713
425453828
166191997
759486055
184815095
326802865
871589798
284668369
564741829
167950762
314599530
637544155
559212978
629710384
194152129
398367834
481400586
325315124
242811997
597309302
821285973
912114445
424761113
992684506
350879663
221681431
574718050
891000806
12401675
974914125
173984374
724001811
897842206
226720392
158243046
777973315
191873236
610062368
91605469
75683218
352786018
202173430
573205254
536401364
305670276
331290082
241777984
762679637
798902550
798848508
412297550
615524057
482860601
620726486
693476528
254341267
692715
173507489
408606391
963133662
752084813
980588991
272266693
589827702
993966386
590597718
739701947
332492586
471467337
416178813
206494598
871338217
233709654
167128779
244523283
619112542
338909190
888359747
687014230
19589581
979903445
812038411
92098256
213553166
562616574
558460315
241141210
277115720
533243862
903901778
777280599
18365746
201455977
128471805
323598403
372197026
929906736
983377550
542434977
715072556
591588133
909285397
291212300
382723736
592353910
540959332
381814403
315731821
376203202
74363985
915432076
112332967
486493258
389016809
983230215
940046400
888490735
58713527
27211128
435506070
349456507
462586227
799248722
567565558
638898212
188128851
669882239
105237849
843530374
872326256
689205805
355531638
345924770
971941672
428001446
70618048
520826111
709374518
621199255
21657241
176645912
925409387
900912517
458879876
988469700
664947632
531872487
812439166
145241588
383552002
483706290
871193208
956166421
106928906
365616048
129001906
110036675
723646740
743825523
404225059
871077092
276576554
472201446
503876944
385158179
559900437
766408195
514551584
961015361
912612167
419220288
179116216
437514271
5553887
258860158
424047119
561673708
340368845
579095856
973950578
656256362
857443071
959996259
459978372
388619966
818012595
399365215
238995863
606325623
298999540
960581371
797179370
965548993
216974195
150580148
900069357
453207941
397035572
73721697
428569263
898539436
17320903
851423804
232629420
964331712
304590073
433678937
950612534
848068747
941568928
567328196
769667828
144550883
769874943
747968695
13634020
316580293
12223073
115256978
567145582
160535221
527412331
908225959
662015821
952030794
622040917
213567221
220540075
854973738
358790799
970839177
164638136
266647148
150526593
75411142
638935458
6019267
727366839
495646659
84029893
384333658
448752680
390927115
664756694
731671342
190913543
652628486
195674050
469005499
136946127
583489063
440984867
281778594
506576113
268034041
371127104
109094942
189407982
280598624
342290794
91022851
213138861
95638796
489277947
970729749
402690060
503020679
994024288
694463800
109033236
7614753
589213453
516576413
31227084
182811924
711782540
136485216
243469265
930344477
761117251
969412430
17893171
751534575
718027610
775301735
529854310
882859541
760071034
882492551
704284037
529840516
816611283
446768214
153355865
993007040
171194796
353113883
901649167
694026943
328981282
687892862
658604196
501210248
359972262
129331373
994275608
924408453
250551509
323764188
556251499
234641888
865625676
259063504
519481372
372878363
73129679
461604285
377611184
713976210
440875439
519830518
742949644
111531737
990179762
579192719
191003469
142445239
363220548
38220042
11617128
358668657
234836047
549442320
601363195
73224388
310808233
516682921
391562312
588696237
781026125
605445856
632308031
436306846
326241052
469642149
664214838
557547779
927286841
780477501
919877361
709590509
975502697
187672956
253151504
809150763
944943217
547072459
511030485
780779541
938327903
851830369
561187904
212331466
312147060
197582842
999805839
316183356
657700307
446256983
62070129
556446757
70041973
788914946
932950084
835429581
887522485
306642798
785290684
520537612
914977880
633455688
215158396
582743046
118342680
302026617
383165958
47163091
296290815
792212430
128281169
763735772
5652436
610782769
650368332
929195755
44257951
419976564
124159785
128658209
469836309
348031482
899847470
481029857
718407371
363430603
639548536
186587751
254722871
417721921
921628276
638300419
761781774
990492871
865801660
304872214
636671972
978444857
93988785
10120442
814416882
952642747
19892540
865487875
317975813
298334356
550794321
459259202
138546613
3754328
791171630
467545920
182483012
656632474
50701303
566946398
733608217
734128538
864335673
754912076
662478080
196578207
792440219
878568892
870584153
489980749
1953998
15159563
744981107
345496118
292523783
65813092
325987778
114039343
314241326
517193560
328138941
34359594
163054043
420073014
812636281
180289334
48041137
250968542
626550290
454082356
455817407
105149300
939791568
298855262
571263996
902543433
114109184
339076708
347642361
617838675
160202528
141323646
994903721
827995063
296380358
535634758
714278093
793050494
711230544
725358537
141558141
68443668
342391148
533507741
238807456
