371403211
948990639
520049924
330036103
621082384
898394845
649522387
620088410
465997964
97030329
220347038
988721819
800499734
85699894
538188543
286004872
343741973
360968434
168746889
359968273
264537492
162359698
665794606
8748024
36296069
33916522
358417441
776112619
80615553
811877455
705022744
257724692
54485028
145503183
449089711
2666642
847740297
135398411
168877639
464083099
65231414
598852634
745856610
603068945
181597008
190389853
859578154
230051458
619073963
511697682
653255732
633203952
708652180
89151884
243237302
209043513
283196033
511301899
293740033
587165861
539977404
873409767
539472856
654120508
392007584
962622344
934236791
654996550
636610181
535521901
438264573
208343561
192090795
704663788
294736859
665684857
416503086
62725661
827151014
845906214
174338367
128365983
157038655
568917870
158621722
71818792
549072511
965333142
902265880
240046198
719470608
336438397
841658376
581711776
924105694
191821645
59379777
91736102
211061360
218974662
256153061
204581603
593441276
83552062
73433109
444912170
441113156
3988392
794415024
577552444
792540425
220470372
684150884
447833818
412827494
411611420
716371111
970554985
495498785
320188792
413549833
968903648
752730669
396563983
816051292
101826175
366685183
610379017
780558092
102915213
606305079
324766984
851664299
608176352
589753152
969756762
534924706
73486593
495484761
713709550
630705634
545084119
170918117
324713435
447505771
499000236
652287512
393824558
168884282
512494274
475450533
88824790
596237315
890872567
805424828
287249412
451850933
196877292
267500768
971606932
78226986
830734138
223430299
691499811
971247363
467773441
368806071
75974531
858080664
443070730
876686713
642884517
475070224
781789233
689483156
868465713
797985530
428017233
949058210
317051056
449538662
972860624
441494735
268063817
627464678
517480288
728529667
960791731
802751523
302503740
517905829
338047413
805985824
523877828
635482564
799971494
321653819
479418305
353466070
979732328
130194164
576312980
535743892
725813550
635807559
832566015
613754565
814448081
201389410
936959113
489263880
23833699
247819080
950449711
522068269
105366360
389239403
955366480
64035132
453767074
739243773
408014339
273223007
555576923
925164900
538639300
836898691
951192395
146306669
889511661
546811893
318567225
74551162
969325881
186856891
873225680
437116732
715681183
632256257
794898662
903725722
914081584
759402320
865792408
813239858
494072129
90228332
855536111
1809558
530116203
410732091
366287338
415383172
899698995
240488554
722179824
303089972
980166967
800648648
97168259
995667322
662562169
668141412
311877748
390147219
170696655
949282535
278493198
763592820
648842588
668249627
673558218
323110222
269136469
550041351
825162188
648612017
407430598
742337063
431092771
448410967
981362579
949382836
616190464
478779569
180524554
903184051
174852166
728837326
464677065
570135707
456949764
915032533
535087998
799231338
241163553
245940172
447524572
475645188
642543203
544789592
811735133
91943291
352966969
861866575
737173872
43177116
146246703
349657643
415326365
73567807
895659373
237829903
369555877
648757290
14304743
713179331
51950947
833098177
209622664
267512603
774430369
549655870
298915754
78706880
211299863
758525683
788022223
469905129
308877798
579222015
201087444
931785408
99793860
886303177
636675833
889419287
596415867
754323888
741605696
137347438
756937347
825194522
313510961
391109258
674476333
219119860
545476656
886330706
784926595
527984220
193989225
614426393
266022524
375030599
770359222
262079262
793027536
274260088
650566712
978648187
255154891
676341573
40779844
836104348
872480361
963873964
138036042
483252699
12081457
124885454
116763463
297627057
91492481
72275225
510575255
949235845
236144909
907806494
404230546
992180001
213049027
901691515
684978532
780893576
385232790
586661050
665762884
724763259
115943954
374596570
96391751
322155779
103757176
762957507
882192546
80595774
784414677
477406611
518628896
710602367
81083817
62223956
874249249
660041141
411220757
896362166
522933912
193747298
864455343
821123376
25934352
885221040
870029541
658386709
765599160
353463374
991363039
259886266
450871558
285819311
298111080
413272782
367308745
637484885
28493702
794607683
193869881
328534972
190082678
429979481
164821168
758738297
389177598
693628177
911096183
150825071
27442266
24937391
369672819
488870623
63727138
472015585
860307915
294820577
348662217
211170710
452126236
445370465
997358346
528729171
89232733
524528410
26535053
232809585
412491287
667811034
694915209
236764363
631547439
616613072
702492285
194398939
3664619
434475862
656302207
267196054
496043442
176401363
747290525
614774088
326021108
966425648
890213446
962000933
222092172
826095493
552964865
72488168
288822667
817322990
342481446
748499414
331176624
661353506
340746747
640292756
732203243
156368012
281136889
243285148
455909860
790677901
393389951
753059746
786378337
869328197
468350966
425832052
638518368
81466162
715127267
275724873
698079939
382584257
202708063
122807084
634314963
64534118
10717412
586395793
114846168
622427041
947941695
814224447
274131625
953992869
863222313
342311111
93729115
16009450
534992810
339675429
895264472
504005376
158864228
535343205
573035697
137153699
175622596
352763974
357744526
127132813
433969798
207356504
102195723
66756573
50419474
948592366
458645443
217939663
5977793
667669125
145650600
694741095
128438979
833482817
842736205
579165503
478928120
832385466
6105883
126039855
332102937
622508917
546473351
375451838
380460399
194074563
223720028
667364856
549771385
497161263
888911520
657953437
228651267
987713354
188457243
740585190
712028723
207375052
903573394
914629946
883665666
875789450
10031657
867323683
194024828
200523377
375566396
325381410
692606998
993870193
658225578
343237129
346658090
231704671
795029874
811460880
660883151
726743883
686296173
856344910
724872337
791280585
668168276
508816529
778757603
487697162
466089827
140725624
645025574
102151014
867136778
271553068
928812070
91475936
242374187
456313485
612477260
679149667
181427009
179937021
818508165
898338617
974757857
555901191
838935683
545674391
311295346
996946595
192683479
376996361
79702039
985284838
521078878
47228483
189757609
92385081
207621173
501215127
88566079
706327665
734433549
234840772
680355835
590455983
126733414
386672510
414425057
255182153
989330483
338716388
198983619
981733483
545316874
506359151
37836745
826533718
816522727
112267084
669880844
233083212
176401815
469143231
948042143
268029212
22448975
881851938
750474189
881583586
901718326
149989106
248692312
111262133
590583587
475099343
445503471
583667392
217982781
384301873
429167777
452263173
131249333
56113192
7616112
853967089
178012742
97968555
439967964
14719726
9391738
363223889
275862352
95354088
831334281
855482866
529925849
265290317
286798627
412326622
568007008
244881475
636198320
532841469
353463826
839341376
90024076
87721486
391149895
70217530
60855679
454169351
608550937
432220854
683099306
217617670
101833878
120288622
461527119
94075053
90016470
924480419
441883974
735754462
872191848
538494437
874126752
153338223
279927850
735100720
945173493
180213154
296868765
805656157
816294863
184286301
816064852
598407862
702649365
168274734
763943012
90291255
706818658
369750433
953864046
555222386
754672951
843641496
412254781
613716611
753648987
409637226
803763196
192723574
322310152
643526587
802997500
900443857
660649620
814969388
965214623
936685852
807793634
656049173
125044036
880642524
157300586
802894778
615925989
498813004
401552816
503426015
417639256
293252385
330132040
999725213
217661761
72133540
781890414
316969462
783821485
30485256
741083440
666211238
981451732
535536266
376449956
104145191
483346005
172768276
381288800
915620994
937758241
887679975
203060109
827257159
282497619
50769484
244706397
73221521
397921799
951778172
227715507
913441775
212163794
250222971
991997968
510510811
862591532
322584938
425864826
730863960
118553442
343680158
31147903
934729366
195602411
141582396
674597440
589507769
504192568
53155395
319548772
443157713
117524204
485931820
565667772
529959279
90192275
502874879
717227594
166892276
827427141
708668892
919047661
832043312
802769748
827641664
454047443
731228760
543538296
865939144
241553657
160761067
746903448
650424839
797067552
594078082
856532072
268330741
631654747
140915222
376172043
655198627
569028952
344766404
632229399
784557792
795917571
726231972
684555198
462038689
420318535
359716653
605357343
258972550
903436817
409884548
424632496
199104590
131959618
367960746
687534952
943368678
45969472
638253423
811601737
158787705
696254264
467099363
688864267
971589689
673427206
821861532
871220131
576312371
790720232
172228514
139639940
574281256
199813912
18211955
31724093
727815469
46673562
81499607
445620608
881837002
555403723
487930898
746988021
387183003
169445586
657427482
136371123
263694001
453380269
432803363
609229155
930775528
533164666
473441693
88303528
328818207
37367705
712965508
788611481
598457002
488496520
29044971
468252316
731208302
270244608
850351239
999290676
113747663
336236652
959719481
896695116
964469863
192632814
929764733
603383981
208323365
720111341
301681263
802144102
15999723
685490409
607526130
122932101
357916869
562999358
208864410
41116589
726372218
929908426
702905885
690447764
333708053
292888124
847163605
393340482
526358751
19678581
15779718
116938395
319094346
658136805
22623459
927457347
493660787
536108245
644759290
738142713
603399932
870057710
879980161
608706865
735686440
910821404
772611758
912966591
880970389
906112869
110335447
168208944
61380198
809234649
272918457
183839235
633330766
269271716
562987063
671581738
345469208
536424250
77025230
188644784
704331622
184742868
483049756
357862917
662866949
680068781
629271313
821808622
918240067
470721695
437716656
856314507
49928265
94199019
954761323
422886647
520276365
934197012
512370091
620245881
