439965018
287147481
230104472
124205033
377783534
565918325
312945400
652790961
461991579
774301655
447391811
668230200
108448852
939326459
453554681
185775474
321123693
524562323
683797065
674160826
719647732
445027623
414609657
969286945
529815754
786666016
251775763
724409869
105679737
397650096
601242409
156306883
800829225
559136577
657366505
977896865
98874362
550636548
94330532
918579461
1769759
900970936
376651730
663774557
443860796
158887199
355432833
805679508
413166722
669383788
67776942
373114099
353999109
614681426
19013090
994937393
872537822
260817526
594389278
591117517
314142561
588535529
547111224
64341482
173059245
291084927
867400974
549312274
281959954
475657814
86901111
770487144
430231790
765217603
672391066
818676794
68375892
750835098
525426148
370928554
431233182
446096254
311243146
436295947
329873154
228128310
802307772
186147798
540123487
662429110
105359042
838056834
956247269
503213014
604436899
413234228
353859712
312310248
490715312
152775869
291486224
806120557
523719554
937508907
582482676
297289796
942882307
588781504
942290359
200336294
926561500
121702724
735391377
223460723
159884334
868046306
277292382
110815276
734468326
944930934
488777153
681253175
9188787
619530842
370298771
248844276
814239874
927018775
160780704
259156837
464817082
756065643
260119786
372650278
79442330
625112624
922376698
373734238
853813270
32583357
285246001
213526268
243857438
339787192
735867608
983656317
102665456
732786545
343328679
736390591
135941846
243044435
577841920
545784376
663998714
610233048
796931770
904188711
567210135
333638400
483049921
15863532
428000800
683133521
735519210
170495857
861582937
362741098
144018393
534771709
945669606
903558142
257002005
701884969
659684933
275250885
437395736
669401593
883663232
386642453
146178819
81453328
583690095
424390111
123214991
221772647
178223722
714335409
708651563
469209281
828180852
18187987
806524102
520174869
549533434
269382468
785525467
560723915
604267981
565371751
122073380
739924357
588768152
808556968
790720983
232383702
986042428
875956949
886099441
388747828
172837311
127530176
20525478
180567681
187459580
401596592
432173435
3610688
559918530
513746563
992272133
147247528
654089533
674809111
706590856
927481619
97034040
736827134
152351534
390302464
489725417
876671819
65133612
318291480
264569073
406254461
492685175
775133126
633669126
890831287
235730217
302266772
828235966
319903734
296371969
700650676
997662507
625956420
332715289
147936842
837209031
781914779
805385
90521418
573099617
974825851
85834823
913959039
101966112
863239363
135349661
249215294
723605414
495796977
899022410
296165490
62396564
702233996
915998607
781205118
908911415
657040308
369941560
669087241
278016345
690005361
319011560
334185798
378437141
5940179
929819110
471077618
404111845
4414692
553093431
707810637
875866434
974612192
745191862
289743221
320419637
578726134
673167014
770429762
755481625
986514922
578661356
332438988
420881323
206479
638254111
295428511
709957812
551510170
239025425
180168723
411973218
331718142
812505072
883094254
655814290
751649023
535521898
96025932
933420252
664272042
845103447
719190722
942703544
191211773
420299054
87784370
957042132
626255386
460785480
330185280
983873293
599511797
913605614
291501421
111344004
986572571
913304474
378230662
367686067
634390599
761119804
852601673
765389266
372924708
295837418
544148291
162107120
862097606
633928930
568770613
43204236
577141081
837009508
91209583
141411474
859470632
389735443
229669549
579907423
550469740
338386377
83702426
90724689
908840143
196295429
812461420
418112527
521003650
771750249
669241718
838344547
157291235
728339864
299029653
903152236
992501772
953801455
569778836
895374353
876150762
925677249
94944525
992326455
892014866
286981044
406732211
762502287
822396031
150089946
251873371
596837127
683634924
798323237
817216325
296004222
677417378
761876984
856549121
176629278
483375997
126035764
641103469
90347357
964687210
730426064
885912999
848801216
537979855
188057345
148909700
905669176
819956605
334295194
703756660
624792490
243441851
91375970
198709822
621859099
789563216
49959132
595716495
370913703
519876878
72404590
154709623
358967996
911123538
3025431
225734858
230624788
97252333
393149557
411998356
750114997
284573779
4597168
27639244
161588801
401068043
557930994
224522432
634338685
1180246
346204193
776880520
349339729
94566577
192423834
52562370
586041408
563167161
234690022
387066060
433416864
530319268
270189766
570470477
892282620
575716441
526945003
937677676
534954424
962322486
918284911
808416842
426807048
922296836
953641661
340218710
238844682
63736726
37121020
220791056
231632222
825436699
961377808
369733457
173672685
295524068
805369892
264401419
718699704
950463059
639693448
667457626
862562310
6083496
978581491
219795729
14384013
434126690
135356622
585872359
874123039
620253316
689568006
672016197
82895333
537787350
350073472
427042891
140924915
852205122
813717687
522304682
526046140
13898965
155433838
607980163
568941458
900456307
396797791
596758552
770346547
262543583
218977972
584491363
322629037
250827284
945854530
420723551
943715344
733845931
325834697
804717990
928380102
451248659
346668015
611378904
135868692
289361610
286838123
635885334
945450594
378327000
123476504
866494580
136745371
117388766
141411485
848663344
850649657
370601328
650854270
113927704
37328898
538598069
815525810
611579455
401275343
105076643
349387160
832068047
591932818
929349920
483327546
407078982
526370424
8999696
593924578
74797480
667230948
544054933
472111470
279579847
613618184
760912456
651307956
392019547
139067079
352483391
447745992
205240270
109415799
97191185
570073892
573114015
82991660
211906992
767389091
389782032
635722848
735088559
210103560
30792049
939974449
454770074
43952515
16100673
894999452
716397520
340124155
127745674
523464186
66614004
181432396
306594724
898489856
371274423
500309519
276416441
887290112
423506262
472512376
48791952
657330650
144146889
722652248
494741632
359276027
910213530
324087321
314463432
241610604
204142546
439074631
932142388
333951372
441319421
339605396
158848110
716959940
635207282
497020094
422669557
12359235
320000317
681776083
42801794
915758788
263479168
674624158
711717236
711597472
490972650
502491919
212216585
262576183
161311607
373461398
795827560
732117824
549210881
656824645
984785921
392310199
25660723
886135069
319321640
627539372
249290006
972643350
457170435
31669026
341461409
559456499
252082829
926486167
49842818
36432717
337330332
462370805
679850454
578982843
95796858
235589371
612370083
602865958
750637952
701650625
226858046
669566205
172639764
67858022
543777835
426730284
167749058
978382636
512234172
30359358
986698510
433865246
362454442
415262421
666468781
290835817
217453722
680048210
370136063
931516149
250409089
285730416
212733364
124878890
36131065
333456754
52267370
970228037
561027786
749196549
779940114
422794763
135497116
617671013
400681325
579723800
800003585
389312412
487891189
914731123
391707440
273700192
414251995
19483460
49734205
903465085
99916362
264588032
912514060
804961040
18135649
932321872
232729895
819121801
451241535
941127628
456832840
47760874
31726956
210321080
374462913
197521020
417354849
763037621
250419243
563903747
298368129
744783427
14581095
86744981
490832230
828141308
192157021
455404938
539808709
976708896
871478420
193249904
75144684
132665979
233540392
787679337
57713977
756066744
731060900
847618241
190064868
316375314
166429478
459553696
122890959
752242711
357585456
277570108
540268210
194186420
856345341
651214372
769064215
485830457
605096955
355132933
250006937
825769078
314128810
189994339
740164850
777324955
279313092
474532638
69649208
263582936
972616188
899060976
976780687
586783575
139807042
661288104
31976721
402801000
373838878
981992814
578353949
555027397
963854021
738589517
470555852
914586911
915136727
345622288
120363554
220264047
424185687
589314226
527569023
878407457
537672399
231944898
441937934
541066561
107453390
412739911
37062221
691896838
389904488
859308022
779626521
458524478
300789420
953484633
54379377
195057237
619237651
366263215
111991578
623104139
776778983
694979538
861915056
575539291
719438485
825577938
862188227
933690802
354169083
849385160
839397247
383301961
371491953
98373230
49111175
907862143
219350169
490910159
295347610
961098966
944930592
886457109
165122909
104545999
958962995
12031374
613797491
961652092
291242910
925306316
601026394
57922472
477322648
904464882
101628473
842692860
370029840
866398641
821628074
281875450
550551682
103371418
337727755
540519327
19910774
396324559
87032525
202416190
904373458
146517233
975707066
128327492
70915604
150892610
678173545
890321872
529856628
757369056
616576295
707407111
211780447
900536134
642447891
428862766
248358765
781474775
905979312
467027069
996744755
206418314
537832302
352951526
669282083
13472159
410547284
841559174
548729354
624603581
84635225
562638435
924998847
411381300
57278634
144725677
949599248
472698901
987006866
326430037
226291336
211306600
312836231
612660783
249822346
114220963
70095003
650015546
460923525
908864987
292160561
238435997
490345246
620005455
205671434
697955143
608684929
622755539
459045408
57443445
740345325
836614369
341592517
905253045
672733831
53937860
782408263
800399145
843257500
497722214
479263516
775659862
794467908
579549274
240735733
785438154
893582081
925171518
103129180
555061120
943377154
760531736
380635649
639864365
332443020
846199226
72293188
304993392
205709866
359323489
536040746
326843709
13653493
929563420
586084711
389676965
869714081
407583185
939926950
195884486
331812699
269695856
806758044
963201309
429601471
516500698
443968088
910795970
379269721
420233278
804373061
683513410
519626359
903984286
114066289
979813587
455978720
701728151
572810025
826534604
981644670
477414870
594689279
483934011
961681466
152419807
762006368
864904486
993464562
