363346326
177683390
507257304
954100477
815742241
222192600
138604655
299566504
131108515
133025489
471789959
934865501
399441527
604238109
570856961
325924199
243560730
187210364
616294466
462446525
172913689
327615146
978540795
203422924
866497526
429000452
337792624
298249897
793572363
952900621
977011051
38582023
944642653
651517529
343483099
461085822
168327389
565841747
495392456
582643744
568965049
284658281
189434904
480927735
707700771
620532250
650421740
922241766
527293939
839512700
321282450
833983911
130311718
194423952
934502351
35731179
199142593
303834379
87602951
386741789
884399974
840354756
505994139
178207892
156014437
433207935
990222847
747923997
260755010
109771139
157596810
677718982
691817906
33650721
893481475
888255406
138180241
497613060
495722152
245965275
778578710
415550856
770955957
954059662
631618170
143027140
908270304
750218701
717015177
307751919
261943228
864493008
478238796
108650667
698243768
728610291
778664141
11227012
324913298
274492835
630309402
902497742
661486756
417522799
681915890
643563467
142166004
96660996
300942476
46246944
897550936
701529532
808112226
841637674
608163077
468849118
69398799
551934476
546589721
12987297
524937630
240004145
30908819
953003089
847827909
293103800
199480186
583167238
335406951
164871183
109591264
126953229
172699761
221229317
615655872
876080967
754064098
353433157
272143771
988054701
861135
811609307
449276224
670768232
410200981
560413694
56380781
636601120
500487589
229394650
659211492
226729665
464637289
311926001
749555203
390305256
871588922
708483665
569694888
388812089
444083281
558998765
761254043
136071292
936655679
770597707
528829771
586882909
225981802
732082109
714785018
715965640
279790704
558535018
12126161
713328322
790727919
360140586
542802108
287414215
236723019
562879064
82679649
106012300
505659690
882861598
662315938
860773758
471674112
225350615
4492044
45580433
783738267
883331681
543971420
441862369
50355263
313204932
734112552
639603273
31583923
469497871
410619318
768405478
514609631
943245850
946938959
906102270
299799839
36226881
599577335
511448336
165681557
282280673
152089070
881204216
476319115
655241742
630411601
53794080
108281768
668056011
115208797
631186
727590064
669204584
932227372
396459022
14563597
570263791
662973058
477522987
626028032
903198833
255830291
767225146
152259745
314274169
591402668
562413838
935922637
756213666
560973919
435447231
625773278
493043707
879898874
501457594
731242610
662767203
965543252
395113519
682793330
680318471
531321505
363527911
354289074
409988132
40815414
845405045
11018478
550479937
891538673
729536047
373253821
122054348
885420302
262482723
26450381
384863922
728944470
162044945
63839074
67997762
117871442
352068100
107082092
679761564
374857906
234546356
789305709
430769778
665216410
351796393
604720537
267859539
794729656
945709560
371877328
892302379
412936072
742271612
273458754
745997621
551395360
385442700
864674992
831437870
62193409
503718930
607623403
617416151
475007212
346378688
933822731
803498307
331274444
614795567
562447029
179253404
256445818
674527508
35130225
806269057
56099336
580248699
885263525
539742279
124815509
105394281
327324690
939710741
890605393
134148000
971927849
986672857
888586189
317841452
516602400
732428741
487393106
275644220
617568154
871138975
626922952
171889557
955762564
318837722
417973661
801222229
936585093
179934088
383262530
192623923
635856561
738408563
707141387
467189696
689898284
971146660
500179173
324932713
706622361
956799127
176394239
667912660
726810756
340859211
374450837
947149873
914912116
13432992
98193166
830018287
691860297
980801597
56959353
163991248
179346104
884209777
624486133
566425803
121768618
323593279
168809187
147390601
556448211
697981470
498291438
233519285
279531469
421396492
627943166
545455739
232249568
162460393
569021857
660769026
694744735
959010290
445078800
614903352
944386883
470823786
886310111
923152100
81740922
553244242
500763625
655054962
681449209
543150138
287843591
805688506
346660526
933753368
203164094
383029082
787989939
29003638
111464449
28829286
842567772
140931552
667618403
493515623
385489824
552737426
597768718
529399904
411779739
396190325
469246512
220335813
439130977
9582780
622038918
650944830
437283166
245657085
65649679
3203968
197217845
843236475
552070074
736381330
133552900
822254659
198795212
298496198
959296297
185992775
872779086
665741097
847545840
416249513
772335579
803455331
803205382
392794487
537662275
529003495
955475522
971363719
243275222
285258884
73903626
67507778
366557528
337077745
311714450
552219263
945745914
542332853
963353957
108260481
831611440
999331295
588861476
931237072
359962723
563235164
353942213
299272520
570103605
225786963
523411238
803505413
372789971
22881463
237247200
818583586
847739446
44488678
707994808
536646183
47728444
225854124
599961252
266811190
662477703
66045122
455697131
861717465
986781747
407077033
240246860
330446232
702387138
739285359
584638072
773004282
214593855
871968309
32831764
974427110
175061281
656203001
401260114
17488258
761847645
270398211
694717805
343676064
99830545
493130862
704479815
901257236
834338043
426707774
60532036
605757315
399370043
322050285
268759368
293917600
107538033
492224746
312490772
163026572
985540102
192965005
101118275
633504611
438243389
464242916
603989731
975771136
11656913
733567697
361584901
391525442
824594009
582472993
504963544
392079491
371327316
112021066
761886919
493650884
702597217
338989623
496108187
275679363
678753323
978880756
373634239
892543568
603208940
738914163
866889077
682836534
343712229
238233541
31948155
568882639
169279936
61213194
905432674
635587628
889141130
728708678
889600322
100770346
65122873
669006593
781163305
816897048
817086740
876679876
922590283
995516966
730337825
818839887
460429353
646550479
696856817
825438910
954751286
459362632
90608676
711446161
372562195
272742749
866678619
678748366
47813212
586360467
550524838
936080904
222799554
310114121
206588391
126299291
604509752
973888538
449389300
395337841
210556490
9746730
197717450
556737189
75456827
726529063
816323879
871372110
952498707
524872340
777804187
385397674
872025820
343841024
106461906
446070041
544978951
177694968
356146482
616857572
234091726
386374505
621193380
194802838
266372210
881005835
653880321
612476161
788928574
604038534
214330135
486540814
197161179
301518976
614882419
945004556
261645182
533871486
635989334
646033131
456418869
995306508
726249658
522940871
808556279
165127163
64055083
878958528
203652215
760518348
581320338
426814783
617742056
832531726
161246115
824181984
388553349
2914612
290364979
194450991
72648741
203847717
82443535
348460173
310542205
291263372
188236495
570506844
728958604
161457349
184424858
11107465
541705633
710113349
160438703
238785216
660124846
98252508
386246558
101245046
816950751
774921791
408823946
28410226
22718195
787515350
868798757
364629451
140272860
790700434
556451207
258730570
243506506
441538342
573384389
252571151
912862972
377789485
212398666
517292906
976890667
493548237
149999924
42194865
576093489
570212872
885109148
907628705
672093023
922460897
164057137
290300840
616668053
189119933
377500238
297726949
795023770
54033309
325741977
523026853
422464614
823607042
430233984
938258168
605006141
925694287
767600958
100167291
136728959
907867550
325922243
282335361
885853841
868953650
124354378
323402514
624921866
366629080
452316735
452505321
902406200
961170050
692536427
217811962
626643296
266150366
642062516
54386573
64038103
275657440
457547379
858829663
52047507
689371811
94828292
153283624
63314253
211741755
437188723
650399201
802611913
784941857
770899746
764225471
596538654
881721775
404446997
747714401
64765554
54097724
672805081
428394689
601716573
873236654
620620651
461294562
131070614
212422021
311614871
338855774
283631771
713214384
36129187
861071517
450320170
467092578
230287853
196482029
774125357
971070752
260088261
413180111
929440356
801917532
649893407
117464343
190270304
928310955
621273307
744921520
861703367
894348113
989621017
9940379
602852358
29152689
257113090
178810852
68751160
633533729
22213010
850892230
900126883
98332948
366767429
89397528
748812670
909828227
313905300
129446075
651433922
207964968
973589043
93694801
794009462
259624970
498954332
799799039
223343246
503156308
271024257
202759658
591148713
566693349
477152405
389283657
723593366
26188807
258219159
421167480
209979487
51477001
127730869
140591628
948857742
409196029
513053226
831107407
435150103
560495878
368651671
280442076
614405654
491827231
93487598
653738399
920759069
895926216
215930916
343227388
530198356
457314050
955467604
565594850
362509471
819453350
259743517
333433533
621180542
977483771
365804161
722623862
651609068
892737818
919466586
599956920
80234098
832997414
144837058
384813432
746571742
667846924
364648935
662847367
134504637
990582180
588354002
99321481
473205751
823414004
468524587
827667149
810257889
914991769
890969123
752665436
96009395
562136018
778082155
129404391
149452511
179619693
209926864
457666331
194691717
646027807
628833006
721667835
572360643
493530676
573504300
87761654
751089158
831117482
596655645
862351431
92665114
292620237
431090213
371927290
231099348
160422035
860227780
797766536
508959184
538137010
912365972
736617297
1768694
166801150
503947525
518098079
54915259
15432666
235360921
566952048
457920059
906982603
468155649
488476828
361749173
866686165
526960836
979675074
249909703
380762932
76577991
979140405
318336123
28617692
660000321
803389157
131045805
406154865
898305042
989030474
319391911
412160327
948707146
656554705
733661834
892215707
719899140
405559493
989583149
55406221
32846395
735656491
595756561
29703597
404431371
185682510
824464586
942613383
10178116
364413181
633461197
880552705
547856832
128196251
461559019
933225565
418281174
973151001
506800827
700558367
387052274
648760392
117127623
246330445
247560136
45759731
