902948707
804054656
194718673
343272709
169139744
775658621
873059978
473945358
555630145
151669802
579127313
686913862
614952161
441625977
156694384
484782248
341557376
79640610
783248100
40793713
54821480
769643368
653981546
104734779
896772660
346963525
251207444
587755009
443283445
446844444
740242861
499756572
335834954
611961709
425493377
340757115
44432374
202699179
541167089
216899469
18624356
708651363
136882170
36399267
720781394
864075401
267231985
619644922
708627719
166261696
393671507
749947995
545099407
708728068
226036333
133305339
150073109
89983893
446500048
822176218
524451177
285304969
30661913
108785700
411426940
79370740
351078908
2990451
16132600
815937268
440349873
138858197
538473520
566348631
22169357
346170116
632761198
617582279
383953383
32697258
79731539
631562520
879127289
277021749
53172937
990294865
954657164
627106885
385925376
292188037
190684005
954448479
756199129
718990870
692448291
733319385
677989450
28096469
624972325
641410654
512996493
264241534
603512322
892690449
725911821
254813310
211474474
978750775
686558711
879866216
500544140
532490829
706030509
413802789
742444678
892888655
406177678
753640162
55612763
421132073
124713574
723972022
617065073
723944561
625253263
485901393
382659066
819482648
873900338
288849970
668180664
604664729
992609952
742542728
519700763
815490004
28050197
986436838
551109926
798359626
778820390
975906387
940548172
506059159
791643896
658193175
248417970
342396340
976546191
799559634
327141707
924349286
972483704
203840251
516697079
789024470
647176459
879567760
267437186
240010428
872154242
391991825
104850436
397708741
211685551
895879410
539880875
963487779
894102024
926954672
864838458
419740839
202530236
257253135
642311682
148807186
783423848
111005914
932300664
967060086
237483423
40262726
842936456
74340703
961708262
743831377
632181023
788769700
225845649
730676292
168313545
148482436
718999651
311099498
926205382
386828565
871055950
542839431
294373607
895764484
118312299
284930189
448294314
49591518
934721175
907400866
721819050
715230568
561528568
367889893
5600621
536170545
947267094
300377099
2527004
831891516
549055367
30509733
436000478
467854173
263698386
751111174
737642129
163425732
758641127
716356021
700741187
891430736
331047752
255483117
277751234
240584417
816632305
36536179
848747787
952553232
591968410
793344938
139619527
54307395
22012326
916950453
227241132
857955755
725075670
632142998
201215341
418622552
308572493
94313865
837773196
840546217
106838953
826519432
632066098
367201124
547288059
284868581
290950389
218365154
206659679
830388312
384182816
306045451
90138658
765016203
719538238
910730915
451629311
49973770
239923105
755710428
890890204
381693082
445841846
346747932
523870041
879686372
438350060
126498128
515140680
282118635
582858243
236733886
417709919
437205015
133745463
990112871
404470080
481546662
405265173
307099828
502394548
921254372
847647715
191624013
532767636
921195680
767817096
960059465
912604759
290484424
966993240
258598722
854390759
82062768
949656011
725145869
380677586
285318165
843331081
667601685
846518520
164452261
703224472
924541043
247530069
147448930
888335530
652933642
631270739
729425365
506260834
970082647
644708596
932823276
253315879
969635831
534045366
254217833
813980294
602674360
111869275
478290593
213893368
224656255
315125393
324259520
382343126
335647150
487549002
408599593
609435285
119151914
638215579
737663486
460581307
337942287
218029899
923106671
944093943
385318706
32860149
114883454
328788725
183179393
784223589
996910591
613890125
921567481
828746887
980020179
191100503
126459753
471337870
240656721
555732409
368227926
950558891
478568217
609415649
923270547
765105803
552688379
165384639
222671146
119990080
387108920
331867067
907045109
472241968
915373591
751605932
610938694
310123888
428661587
569814210
996985820
149501867
30713974
440432665
318214801
710369394
460775643
506900261
507528822
217499090
482975532
647814042
397558858
181931076
92353381
387383394
739461680
313691022
20823395
620212902
480171768
949498813
106117579
63189313
397114668
665043523
706845014
449325513
913373295
228414247
580161808
816335863
42676282
670842509
558746588
218726058
919844917
38135552
291200847
212901153
304330159
45788118
657855816
5172056
637014546
739294876
934308208
725114032
379888587
527990197
12144251
297247671
289300492
808448684
89642442
47487006
43384288
967524659
43317996
653171276
3524379
11450130
593526965
279114574
637337281
666639668
605137760
726716348
623184487
873627321
467538475
701326128
22490174
807922241
315882742
434383650
291642996
100945523
426174766
657819791
730735314
981730981
69436925
385383097
216269995
282914136
527035370
234227597
581200067
511259581
175341769
952320256
994817554
638029569
209376774
292880029
452261151
378741241
367834774
970374877
134157115
207591860
101929544
506261264
60451721
310818121
274757497
481378250
492565941
655258790
755844009
942438763
541349893
385498204
922435961
21793396
942013203
208143867
62844579
354423144
139604297
370910163
145516280
111924906
698285551
515218218
706508572
384460603
598545467
23002712
982122498
912901754
733110748
455799887
523662675
523143453
879801437
563175660
324931375
905451873
8156639
45657120
741661654
925941275
755415570
232903004
410970363
609319350
715593607
187583377
350866825
244117283
315896662
13411629
830770580
763246951
62075579
990004636
807975711
545233502
604309547
890296892
882832782
469563228
673136291
842942254
209328015
85550005
861835527
399292507
141991958
378837542
883212490
157392704
346266505
93947177
629248507
219575004
356509334
465382546
104247854
97189221
668866995
410962089
672135886
738005214
597005091
719699118
625029306
760415722
461067874
889796799
755199947
779697872
301142325
117859745
162824336
272098425
252804983
912473315
23574989
325420357
747483822
316301099
45591419
972029281
360904791
158503957
667145122
736823402
133998443
842500573
633495302
342593164
440985647
507120325
221429897
471870692
797427341
935131076
245937162
489628895
460520698
101419805
938224632
252195157
623637594
103514618
856250378
228406760
931122839
357150082
966770019
444036017
441807557
778827496
349705398
352565896
365370670
700106603
377100422
438501133
52553995
888205902
626417278
618567299
256301497
412606782
338712224
794021998
896429846
690953643
474671083
317673906
666536152
533946092
864899657
646064017
378076465
793396260
348391687
257390173
302253578
438738362
805700562
776848360
875730553
189459284
900785606
662158149
157414927
868864000
106500022
97320737
558030653
807436028
437074899
572314794
475002525
319657333
995893659
211030811
764802393
62228379
331976912
240169196
882478998
649096113
777499863
907861464
913927838
703641380
974489429
571974409
351714916
119710249
136247554
613815632
82505340
849568917
742836745
66842213
511821175
676554073
636607071
27565846
584453621
377350345
759643252
859100123
96871192
292584862
171061491
58419132
797502599
137360875
492587778
240025198
106761450
565531366
894369361
226634439
411959419
992924141
748230310
453773545
894374569
534525611
745605820
438320403
671188473
823259266
489809454
625433606
576820587
929051446
699209635
88248319
425621307
304411065
655715574
505128652
889452860
918399739
810990271
621342975
532579888
916070297
774471808
214354040
627122469
896222354
507054181
516973972
955199554
516202305
654882792
518897033
928323761
182833526
133191275
49928009
631744524
321322848
187911649
273611924
802775407
545627884
481598543
868451152
438151238
404339459
814403890
802350383
909815791
389240708
337181578
493559678
181933869
126887335
921193655
978304271
760053801
531251779
811197932
774966117
316205084
972835480
670234050
60618282
274168653
180312602
159924556
242787781
171219789
605787564
873384127
568130011
730488089
537378346
818567567
986952003
434471753
906020655
776202801
222783010
81818464
704703797
607158180
565958846
179020726
161323114
336963163
801436426
261639869
154887003
289874206
100492744
510124914
412945530
957406839
829939925
875393832
420980261
594282499
257838636
244414903
571616109
631130593
304028226
515856580
769051565
763071587
644555521
308319767
934241651
543832517
854033145
755048977
588414922
693147653
611501286
365677299
104275204
881597554
112845539
843349438
358488128
981147910
16332786
315913358
772891382
58005097
317542559
579971506
988627640
111558170
13491492
311738156
518364165
978368106
510202353
73573203
303129954
50102265
409969159
398251525
692407640
493116659
327398217
611054484
435841060
345443766
921709991
719797875
345905552
464262625
771118627
539382705
481436960
414489196
885926773
590468198
614797807
988114867
742965196
711046468
445529028
64584015
319692125
822683480
530341025
542294989
236684812
610046815
182945300
537928083
62547345
54172939
471628395
714594012
150941797
865371468
653749692
405278301
880072297
427447616
136295105
597744682
234065953
524365014
340439542
474108785
830301194
103874968
92441332
919734154
458775394
315015086
307137067
698922690
952722495
627823625
173424533
504714736
80713458
893546069
108758954
311663175
536852575
807977468
401715280
716945688
67754310
766842946
263547399
20555304
936718504
209519506
108042570
315517580
574751363
847784345
830518060
795327110
482243938
56232240
711993793
132809843
517605482
263211144
79152688
747532257
747035870
772705704
761871515
523118171
691946935
149034956
324564842
986526226
318688662
824631928
60892106
426088483
122649733
623493852
406354475
63458248
840327567
71886028
983015648
249255888
206972516
991619486
124171326
104938150
797305563
378097422
22470798
24481218
181552275
975949109
794057692
273641430
728824780
654183021
969909817
295048605
4971430
740429227
328608368
787683547
884954662
121516342
996828917
750119433
786892238
404429577
672677376
858750084
649877763
648535545
292482274
445719454
280195494
829896798
540559741
755416383
648534377
656933365
725812606
313849512
