351522933
609149662
15675296
396636236
272334004
60062440
631852015
312439600
666303648
919023584
932776975
965863624
54254135
736967586
198333499
295566049
192280668
645939593
911367163
242519595
280185879
804324327
642458867
528786079
668167424
310266869
153437282
926463173
535440755
117142282
747441000
336709518
24623016
331655169
751360206
351790887
236584550
867274747
258859909
938339670
800141901
604546946
619788921
762690514
868891780
944338097
831366049
731442173
427802519
444157044
458208971
673491135
586268007
278554750
621119564
547198605
966690794
486889215
728468810
962067133
906625156
705388841
776998844
549161366
171582583
596067457
941240607
722598964
985607378
846542611
58981499
325005920
387079684
973027492
442377693
675638931
184535406
879768352
659894297
723829326
478900819
421995107
498660654
91283711
658933309
73949865
750441510
746068265
710535603
204161601
385100092
749695333
138805936
296792774
31714513
94753059
827548101
70627554
591107931
272824323
3097489
108767084
745834793
581259906
385175544
133203050
286411451
613240513
836177056
945480631
362663198
86922441
826994917
4639483
483166313
484630048
206728187
685715132
890228055
97632718
845625945
195172342
12063361
781445777
461442518
309286165
186199983
90286910
941312979
347624633
848090829
113907851
288660421
387069973
720731836
370133735
676160312
917400746
706108165
525730258
787538413
137200996
909891208
765054971
841498401
298177650
922700414
134166452
813626459
547084463
888024871
141832969
180399498
493475212
427198376
807925146
96703723
964389015
119817388
75889379
947003066
196124540
671927533
488552422
97389802
248755347
798262019
439924943
283907646
113032578
808469735
289327440
979606965
364497796
310094304
708424949
285281133
247008389
939947375
163264867
386585749
52033530
276660450
394228515
459599760
706257860
933508352
795185207
959871596
912806688
273430012
711771296
797583357
630218786
578727191
591413872
465273462
421338785
667665168
592743053
499915630
482775471
850258805
700593880
738614727
598697431
162226002
815901700
183380908
718773426
522644013
849695332
24441639
956552519
689303628
894969535
919464089
277699017
28952662
391131941
315246993
3076811
480053346
371100956
839602564
96698438
491744081
349388178
785770603
718680430
243151486
863942347
579343219
347204321
663349236
903810277
201774724
576066568
655613787
860902328
544031857
117606651
611804298
241098169
390162675
423734678
687329656
841030837
940915157
683757654
671949782
187574445
392386122
276533227
277496059
496838818
2722125
479157848
860991314
641916288
106953350
812837822
30131096
464700476
475621939
658701665
270352113
677237317
293203283
785493350
693194811
343397521
622085228
168050333
847100082
197640342
391272512
238955176
980938280
415867886
409368781
650713242
408473020
102012949
46730648
55577041
471556224
302809991
69708262
166510417
901088152
722616874
715075252
13697498
753948977
731194033
87475554
147103821
765476228
731461009
153382565
10092339
547827554
155421806
990562841
328552260
565489215
224335789
429433144
79855717
105566306
763766947
498219567
445123428
232547507
456240106
404364802
928118146
417969828
420044898
187145441
967542120
607529055
126692866
884405197
970577936
628322268
608387729
414101354
115906048
110164788
244168690
473478947
249477271
262485321
399276441
102885688
253051214
111450106
718178386
490087825
247220434
873376846
989852543
60944110
137321204
224397307
269951823
781149990
297708871
326829231
159357407
729133992
345431330
544315567
185840443
402563283
421134687
271016607
19984905
700229991
957101484
810234434
313527095
969690928
861397615
290288000
248742295
182638107
833271064
353354417
151313587
816668039
699791440
929957072
939925005
94165274
617676510
65748756
747083992
746180628
358370444
827237738
116392483
789076815
950807379
515034696
128047616
705161702
76644877
996713157
681750999
982034605
91465201
17948395
532986339
436985999
559849750
20161615
199546493
847033203
975655010
87313715
947878924
944354452
175515643
342689366
29342552
415474257
604390561
91675169
784886772
355385931
523932614
273804276
341859547
129863746
693841950
524450279
18883548
346362918
162240383
543580592
105993230
836557906
671603417
169278981
725202838
681843045
396970732
502939006
534315522
597514894
866202261
900050788
770525616
271056728
879358812
172038030
613561172
608118013
485692144
712573358
100771141
984969707
211826384
326365068
458101991
817660924
676088846
403122592
743144047
35399471
1278067
853183573
684792819
432074418
981320484
111321018
272751035
6236662
617486526
347499505
18503524
101451555
557359645
187371877
489183668
623881824
503278658
70802818
250504932
521803920
910889105
410765533
860670773
449667024
442809451
121023522
624731521
345238348
711176989
907541913
5754198
993848138
759794957
498916051
596236826
13018688
215257968
338451198
289736243
768037794
899286994
607324510
990631485
138192638
694069834
999319584
427610061
24454507
837181398
834220165
314382265
605286028
152617660
221340127
124510364
590512532
992512799
235125795
989264966
860296962
486589495
927512685
295059671
709944612
341745307
24655384
341656597
58443593
591135049
476164980
408623856
164827460
781066574
482467137
622516925
303564595
420134046
722478134
755597189
443489865
693413459
600277014
508056949
876956822
593159647
400468169
841230478
538454829
374405687
5724294
20505887
980132171
349186230
429439279
281448299
971774307
312264838
280686873
796447330
669414449
657662987
369166468
433319456
361016418
425596308
149554805
824219453
670150522
598823201
820945767
170378486
270034664
479528605
545775101
166883502
886312479
419455736
418102848
116784964
941277137
183424904
803201766
684037905
585410755
455659092
428491684
815641228
351627294
201018837
650742616
991299756
139447173
926030803
86182739
785826876
324246991
166957558
147040530
451360514
443604842
576248714
171079956
939631626
553459918
835345807
750471222
500603565
803411128
262555776
395135818
552318571
894161988
163901908
855170191
485989544
854461220
685128561
847908699
905357324
997104623
333913575
472592158
469131684
948080584
829646009
30931312
344003860
393345866
759948223
842636510
719354921
272415205
966742332
673180121
365028422
12344948
863570138
130577987
750064947
705187869
927888117
12230100
89071517
805883017
98424044
97137767
975545263
70860611
600193193
931365655
639118428
319048858
241683205
454255889
109691266
103656555
701948270
991551041
723813907
804414494
406467362
107257699
43462904
419919265
675780896
279903366
927419654
490721786
490141769
473644596
990891080
554550573
97843751
200169455
69216505
321683475
383520641
663248665
849656539
732508242
55386047
273143248
793152671
828582567
203518081
400306063
30731999
512486443
563488854
261371866
310396676
872019096
406764079
945650452
298720507
820630418
968767194
669152251
130102121
818520676
169718111
484823477
580718841
126548597
940474573
84567855
221205106
41513750
385039384
788007790
720135913
38699605
141894501
991305664
749028446
133324113
314105027
214880335
216401183
275474833
249171366
414933211
927232931
228769902
163247919
118871984
147786494
152193298
901448946
248586086
352916280
714368389
533146544
31135863
562790130
570562569
692424405
666604073
888107992
118950226
179100956
989218248
127447058
775481062
541235952
271697071
730124594
415458414
196622005
165396393
506525390
753886858
452751067
854627286
569349310
754784898
557590544
351948939
963300676
821602589
936781359
69011807
140064802
136453297
435091510
5767523
505553059
110758638
428515533
178465877
440899706
647500952
326772342
97450956
96373876
259953117
287486153
151751868
687533949
891550846
388747388
732328079
955571291
736052553
742060694
599029420
261617321
678519256
461786552
808005230
12972024
340475466
703303395
66505402
182168866
110089148
849153446
990993759
340389552
535468428
766144011
619365956
986942879
18156128
724496685
859024437
427114516
355300111
758253409
309396192
467298745
405838676
664414988
71749830
432855201
204453279
113440514
404012248
394392602
836062088
744150200
827033801
648972085
620510302
165493852
100424239
944197555
260266939
915282089
986284727
410799670
296492392
811362314
152065520
125406835
769381430
745385199
937415163
11555867
883036255
171914904
906317209
920265846
152390359
340706484
607133347
676060476
631553565
633650200
977715585
996648632
445141197
596601157
504327463
791318226
939110208
970393869
366432577
852662275
624072446
914826881
166847576
440018020
771968681
898596521
170806353
594476360
512349468
946342993
663473769
459068079
176025350
392456380
511356345
664147184
837832990
906767954
496581725
279803817
558360504
424363761
312643989
626616738
937566502
989636093
965658471
699891233
307034851
360747292
186296625
798987560
378952622
84752888
387483420
968209373
5067327
466299189
148297164
253793836
169900130
12656986
163711008
685210571
970176429
518647506
820623282
52684816
85244812
840180277
953485235
32342254
473812143
86628759
294301770
199708684
602182891
540230837
502451517
782332587
932938049
470915119
287441509
151602175
760046367
864486208
80115457
91272462
4972960
543146970
659079856
371533801
758470789
242787889
109903686
545703517
260652753
627433417
656440307
418918995
169012810
912973654
614646421
466854572
407262056
153954371
325175416
292323862
790451116
187774735
366026482
464836489
963847670
365964576
320855786
698985010
725215475
12108833
925164202
105690220
438532049
729350820
47711856
542097840
181100421
581951434
273871464
231024254
976725072
748598252
939055929
974749472
883790528
83532521
613319776
19964394
856268696
820586936
744340118
606091996
539310792
787791593
300821344
817198223
177120488
194243367
407686129
392506212
921932101
410918675
820488041
248543920
702269213
550750087
980386945
439661989
865261798
72548581
285754151
825310620
880082905
94151161
315598789
41852864
248718805
391277008
581045959
880315149
