914413364
433298223
59659218
57385980
482416523
571963130
740813600
169835853
397378353
688709132
225605567
834938826
27587017
637413993
253049045
833827790
217165050
353119254
422877867
978268460
385016297
32071328
767843609
142640475
422166946
674562001
342210782
907165842
747636751
894487318
629074258
562265528
441223253
55170801
796971278
96825138
372618717
310650595
935927140
395075338
569657169
87396712
9759069
241813366
79463452
636992742
814172734
590045304
320976920
170329912
406811537
822249240
409418229
711590307
676651950
882342035
665454612
917018741
635219033
807854521
229752348
833647756
422199100
502891034
59634874
663340038
393715572
972416214
840442714
156223906
461209072
906514453
417192113
27802529
408611290
297619584
22312258
526030243
63177023
785174202
860389266
752165476
586188921
577306838
487675781
806825017
152847298
729632944
378518850
914629241
431370524
455599975
675431561
128072618
165322990
736009412
665197610
506868034
182178492
416123412
243277170
841756518
749602589
164753014
709120839
500297082
405057126
381615699
302979016
379032365
860029777
139424369
853841718
850044829
947465254
477586870
247458835
844892261
15215252
252809855
510492739
664082626
593897363
925813471
724853380
5609097
231082892
289119495
862479537
672601877
632421972
515444222
343851750
647053609
541897032
18632747
2562887
421435907
868185997
987378697
401767890
771231597
426653927
999486484
54599463
291946155
601758255
825386730
180607363
687736118
488550577
820305348
491652781
929368635
905630671
579194542
247859154
823789116
439899632
703511742
269214189
115937631
519136161
630377138
746610391
344585554
795572618
206788109
308147797
928832506
475023983
826022926
976706262
27836554
851041964
739261141
237428698
594410878
871214007
432907225
403850841
405696160
108512132
174743418
184051300
812116623
23791440
414483113
741422936
962702488
770773591
178773769
981536274
164674255
718164507
285830258
252095436
796276788
252876093
710013907
496373536
394970145
517238933
251774855
212712135
662527649
843599084
463816227
78326670
166369530
341765844
653448275
952575107
6992407
299660900
863518028
7425499
344392742
446325837
934493767
320794114
381089504
465365172
345445307
158058914
296250214
844486651
812032006
309672045
565211706
487165704
441151908
341534785
161200100
936533688
8880695
888457226
856737276
962031282
521523649
968517537
559975212
336156443
575053405
620936644
117325316
226198661
974543867
865013353
854646478
278404759
907702693
349950951
318382324
389219793
115284032
929604972
171793626
93715940
916461919
818040997
31567078
154144182
513114963
679203825
900613934
311913490
791375007
70458718
290780205
975060800
150688222
382361458
924802186
965976228
760818901
44933061
890311765
724508661
40733598
70051553
869942782
947018651
455025565
286806946
579463010
91200957
23152460
771980305
821249655
79275721
716663600
763021335
45569363
703482651
936950459
405831029
823041478
895849579
720322709
805411825
434823652
904085149
574233148
879585677
127716537
525341234
425148763
352406095
628400891
70350971
39293207
447284963
52982342
846410366
948098213
84548425
699118615
226308017
99740814
809412976
288761029
19394702
249209061
211504483
258397200
387666885
336792095
221319535
29025768
354987871
221891581
994462185
4185951
235321771
635227899
965857632
372785503
575439887
159090408
54121775
666052192
670746363
143579413
750898684
39982514
269378636
710038993
199158995
755384436
852402034
706712413
596733460
796108764
910909731
516650795
415428950
654876087
362728664
621188477
740049650
188549139
203829228
323380326
273413020
848459388
44831021
443099011
817660569
211182467
982240579
711762921
123678728
67217608
45619039
143360784
618014664
875815287
498310375
171521969
989018562
677627891
137633100
465935097
176623733
648275456
625158120
198353420
93276218
718670975
219798949
310981544
10056838
954251408
419040757
865572635
462222963
347366037
870166392
902439295
995151492
826279623
892378422
987976527
773143855
140639113
583033684
529515852
750489725
767548947
898636129
539613661
156565712
191206694
632169914
62421759
50916039
737894130
146756593
625137562
223301268
846477599
349822792
98989594
991383516
671259034
701706082
169427318
648176850
180046403
681137819
270648627
5648895
595871078
176370476
162738938
785249467
149656571
692791241
35984620
65241772
95642267
447863694
325727270
820034844
680185286
154415832
818850142
322081494
356618997
814656595
724328832
200609444
245028829
679138027
148673892
476456830
793388827
996593009
101884820
438933030
413606366
881339000
570443322
86411128
627987501
533964765
560694633
14836218
469430975
277172290
901259466
45102888
110771972
559895790
127659000
398613905
24095522
278954749
311198229
516843202
882855938
847345822
291557852
365389806
956808985
70039183
760620065
916733049
27696583
686282106
991860639
153063561
590906420
597051589
651635404
214303265
877420370
239316142
192047342
146220520
593721198
804013924
852650518
79446706
913397128
679225944
89837471
685133038
551479027
750059985
452361308
514434078
685394779
585041616
556077090
566260542
589781148
205053515
129602141
557948318
773344699
643961582
987139633
783148868
285311650
748195905
454196466
513720382
908260384
913355733
521193533
784779379
86907406
164977708
923122003
78842014
994695303
212111146
451992677
277583041
980201711
75487026
365254022
277636597
233920798
477426560
467668780
5864804
40974498
85374861
624522116
672366855
109714000
634099023
372875820
949759614
816874289
69501649
794135055
165201222
225029477
576117088
776872652
638123292
228866451
667581927
427526671
520417071
661919612
477235076
571565238
377670001
753060837
852019099
577746605
697857672
278707560
709503036
549228070
807885088
280527124
448331662
472745883
822885522
288833617
848826677
675065379
452808382
792101887
973362388
261967723
925193653
417976089
286791454
52553564
404084623
298614373
727130728
48770145
566338869
49899889
947251708
343945191
563739421
513809622
246852114
919306016
257694900
56352417
675018146
671052054
107371252
520273578
986249966
884674096
776697813
103371204
953987128
349289675
380039773
992516547
974718288
728315182
688557223
215267353
646371583
959693911
466269382
799465534
173661982
399243299
551576830
660732891
982889200
757985199
333275415
104386471
909006461
309075900
41981502
929520659
417370478
396455964
117083741
302310333
154596470
404920075
431726122
402117356
275855749
300713418
344627243
377841053
668730371
573822321
75181599
218936525
655387967
348472067
867438037
287158202
453036634
458229364
882690434
275774846
119475224
446638360
537384377
228264766
551398681
672311341
194364742
644911228
307308173
450519112
575146068
578262324
611231441
386246889
60670882
241451507
527967788
64152026
523609785
872948563
54616056
173735776
992002518
409066878
682803599
114338890
448998503
560534393
441637861
754823299
476484025
959141113
513765528
841308893
182835108
707958108
867535697
203461355
850718674
603544406
106348676
699716013
70532880
218211258
998676251
496919274
607705083
269141077
287801185
625986530
759190412
388884607
934619578
9741871
221158790
945739446
454635841
128317498
545461165
437059791
223312838
633830347
203273367
552484872
974035086
616004954
64496795
769922546
203411780
352712772
373915809
324506433
213433351
920065377
766599887
354900041
103202896
773791260
410390626
185884325
506633805
179857426
272733208
815651330
995632885
87599418
24521534
504023657
620150103
237095661
253322267
739218199
658000188
413658883
380231568
472518327
496442645
518048006
244176171
382671297
432422479
837782535
65729296
935088411
252070721
434683979
175451256
14554201
243141983
866258747
842536550
680844579
717926870
359576840
930425984
43455412
361097139
387622036
556851986
886435667
591483419
560473136
149772443
966316118
99390504
634697608
666506243
799774467
539833808
294081559
858457394
585154889
529615088
27719329
753461844
668851269
114128129
337644795
563580609
560948906
912148160
9967333
260881674
753891354
394559110
572477686
21291329
298423348
483232897
336776156
111421187
108820609
961196019
357740502
791187876
871949342
688010092
99413177
835697907
617373111
768177735
375676788
474720391
949060422
7801352
257381660
151229491
690207541
606114994
261574715
929327281
23452344
824041426
995903078
974287506
581516085
299591461
395881087
571757008
526912816
613406279
368082894
316541569
203057652
182660371
749636785
623958869
171874585
236531451
881512501
980841175
14714952
501946887
946207496
792771170
536471372
535246941
311821251
746090002
137177449
421248195
331083786
692308352
221658182
407448873
87968843
284779182
965292939
383452995
209671791
572357880
292129005
527656168
308785090
3966832
400094840
59135219
271662738
766400050
258164566
633422790
979354904
453676090
724602492
280733538
914612329
521505456
877833928
203131907
437816133
46269144
987770209
649791083
434579558
105664621
282322492
675774541
94883386
795608778
94691528
464857602
658665928
788421589
26859660
309154621
688712170
487058782
193161797
942240663
392676329
477336153
263584202
545421200
487925436
503754657
441893290
877407695
967705859
940924643
492836543
566463386
406945252
762161031
945636860
163402646
584587670
642337920
93076609
203120468
721644338
724320298
964251831
476053959
671708522
793306962
974756861
190933314
426816430
415447870
592021367
427553546
328343658
935593264
810455577
960479978
782684940
442349008
161865647
930824899
663771330
404914796
708068681
153958742
302772234
528228141
57912350
896504895
842784727
863457012
724566949
46374250
393982172
990041327
220596325
668356030
513084321
787530242
873712677
694618472
528997795
250959975
450591264
552257988
348903275
65282996
238119727
471351987
951705453
985156881
380717705
142238661
480472272
162251709
539349137
316729542
16251617
810293089
173281724
143480380
735394612
78251966
348148586
563359416
690880920
