774881290
582593494
636402306
833930448
906332650
605014330
774164991
413264643
923902483
294255119
556050756
504953197
506328281
232521238
17325060
836418438
53755186
302370640
534654769
324006959
345104931
590671539
765487924
317050991
146584427
348307414
177156473
17256331
603613803
683318049
636495360
372278465
808551502
911190886
423446854
333654987
314767422
654687807
547081671
90042986
29323522
729989359
557149413
931601031
375973830
703199850
403712659
437346006
765415654
998298934
547302679
414379094
583993278
604985598
298367381
184209750
817105568
319351314
687346020
558025236
427857856
756908659
809650839
240584433
657759757
183772290
696401693
595137394
809074383
683670071
521651016
399067377
755288967
444611782
294683437
615115570
33522126
833886892
941077160
443384575
944594753
739810466
251840676
605314867
136015369
222116266
788285185
203565903
612823504
239237103
516549417
995416106
967341785
989056433
662185129
272414861
920338519
316564979
273841273
192201539
6798156
808575264
628271622
81745582
476647918
148235301
659090125
139381496
310302161
683251809
150687624
983218675
378274153
243961444
613430481
688047389
505067983
204335971
104569064
435643491
395487104
492835790
982313888
569837279
167120654
526234908
431725591
766232532
782426652
22268575
694777050
716957146
560045619
748875621
436586418
136019489
111538844
170095093
128666949
987780066
563026140
648903689
893263741
929571693
88549479
533330741
617141953
723380341
375625952
974137739
767346876
716002547
211995914
838197781
796714433
513962365
826261374
58434342
914624926
950413008
716509709
892857591
356954843
288033585
988474758
433730476
423173056
629398530
807375024
477410991
576508545
334972889
75669022
116788996
872617349
746583413
599572047
52742194
481287800
633789912
909092954
708345248
390606580
808288911
254921697
978774501
504961231
721847836
952161186
922624052
309758113
53104501
255470166
178253939
271270356
670168548
291948846
605230155
941096934
654819001
110157684
987743421
916005315
898214959
397629194
432373986
640333525
95206918
965580430
50131020
914390317
773519179
577146541
280835014
41320054
8164460
502251010
548665930
33111887
9700256
928769244
701325218
677237343
884750971
167652877
523404043
79502723
897415081
845518638
202448801
454634567
994341891
111645259
826468797
523632227
921349531
792339932
492391620
410659717
822547710
338440976
409754313
756267405
902030166
8233734
536238933
475957959
974635151
136933885
263105896
167917537
743282915
572118267
931396678
726049756
408832465
310506077
31254344
730562081
874225149
352871263
742918443
249688278
763131629
595496451
920048424
661873920
750677742
757202785
119970521
215824527
9859390
138006212
210564176
671259279
519014931
945057812
775207176
876517236
631413943
47446083
104867571
760481196
582412742
34531263
711351651
422223623
180248580
100419041
114799762
610843454
761085588
761829537
536434566
469676446
595522532
160066035
993135774
306533714
88185308
874365011
725280216
217432365
16963364
47281368
158058147
605276702
361554090
260137399
207034825
463774652
535298900
154737106
99148137
826779066
248003691
982437245
667275534
728600366
884144799
497824801
481625340
650258700
642403023
509127066
454738938
248029852
601571644
740887729
75736746
358948895
951922036
468673461
788331927
757048931
322165866
887435204
743517831
535131374
876473114
106074948
60669532
920111180
893384215
651025108
75544553
606348481
662681399
709655499
221672755
613085285
492790499
264535407
422388914
590360506
392739671
75021516
575029341
507836296
592542429
910028294
3705057
620666360
184400652
848085928
511852614
66625438
366405177
342099205
504613199
360568485
238919413
132144160
852127250
778069850
437155268
561514158
756874484
991377913
433582512
848390455
585348451
891916144
519214973
462651460
866158395
687386628
46284547
197971421
364309259
247144350
312405863
235681535
942588943
966444819
102369890
440003171
735710527
45298287
139172493
8919115
239943303
320582193
205042299
861104268
374165871
360646338
412408156
644319062
153205238
831225511
318147030
583651426
74253784
744151972
324679842
111788912
101451386
721749191
981927531
824465984
20340891
168433756
977789945
257468849
48162622
3237878
189555215
885682430
675699959
997152096
825803630
711576196
852205419
424663397
608447151
264766258
686873844
658110704
88485588
505512056
274978472
401965483
44766182
533083746
928997318
728754436
161427750
198436971
641764977
990580977
338551784
13961336
63370754
314706507
988578223
71509547
342792247
947573448
812941645
370927992
171091123
526725724
968619102
156053141
5421881
606570833
731446005
649590386
135704820
59913584
424915067
443340680
633263602
476415475
549487512
618375406
123667573
444706198
328471530
319408185
841810127
991118242
243917452
685118981
658600311
811842293
648205442
537498912
436085173
536937604
921974009
739300394
845169058
717557595
334420933
748252746
433346380
888713040
527661865
322426485
997308429
511837363
62732151
581851392
565665910
895211102
380697733
586955278
765218994
370202816
947841973
898086047
619101918
493533460
529117864
179972879
282808272
283500120
497452828
193579587
958365389
193947093
213505213
598767215
137939573
685614671
598171621
915706006
141994541
801234764
185029025
234954531
917044332
6045045
322099754
329972763
928386091
662066059
119453071
763389207
431144560
61250164
772279916
65882356
589095630
23887962
120198476
351635597
188439730
154448053
465444474
149846259
391260212
334082278
364061094
803361336
298332150
463964935
443911819
880051237
297039481
464991725
444960736
963984229
185173791
712887441
981041714
613056873
171433706
199145100
251586786
620742211
164047049
734063620
762435025
897115225
421667176
147622856
9671584
114051611
565416195
246536024
727266275
987546487
335790289
35182765
843694318
582962053
641983949
518738417
31640613
464421156
218154240
239401832
466349726
966152833
616289426
808295686
880708564
876208188
42846246
507141601
180201891
989294629
902861265
844702261
985799209
657196590
571647251
466945868
381694160
150709293
454293350
329860207
314635041
50503456
737725449
457414248
628193939
149991025
869193121
398079660
971072922
652695288
167504487
787165629
402587971
924645216
267713893
796282190
280825798
613371488
266914291
133463395
71205364
58274593
66334133
737971644
84685221
491088026
49383555
186497727
11314802
175038081
137044256
880931318
10127806
888294031
924766789
415846269
228427384
158875178
180101747
730717538
7015066
644766585
536068678
527506602
821790142
115695636
442114290
61153992
389482696
775365059
186120069
768322670
883795001
320829954
258654842
256360448
984169322
999753803
372729026
137105912
100607470
682695394
386764858
796034840
515651031
286573167
777037823
514293938
999878425
851867623
567854806
121950620
433269741
536196752
126448329
426438778
522205914
538827529
916181501
968989583
48973736
988229561
797015029
235949741
988918011
368721585
997136316
689297850
629639189
668406341
431676945
228673579
786146150
42995834
630110068
324319671
258001726
740033836
11855571
535216975
338657812
927820350
61275566
537615072
207510253
64169449
335052928
347598248
194381625
832216062
734154533
445341793
83572301
403739442
88132176
112377907
885680363
150815116
807116828
146929445
289436849
87739972
884654748
331472084
420190678
339181226
335804468
390273907
906086682
802128657
168437051
782172076
526971958
380964526
630331771
121153384
926953995
259399957
28439488
924748561
33668656
649538067
494916225
797423125
934251807
986335151
145101278
382406708
954863657
517732160
438639307
107186610
932917006
864926124
245780125
250917839
43165602
729803481
117424393
868329025
728364979
944779020
441511565
392252967
663779010
951982455
918369833
702607774
773407670
966978790
185423911
626280405
122375628
882368266
113260788
639898780
592823746
87231622
397220276
433855525
194079948
953397759
435410248
388354521
363489350
61250441
849255068
662045833
135184400
379413931
77987781
197150513
141975563
160110461
196383582
88889635
208026502
102663258
133644115
982269350
67965317
442493502
608999036
987884866
332308249
812358900
984810980
50548740
751665335
605881343
658094091
955933979
332583205
683568867
674249077
774967218
509368772
53157043
28763616
602528568
102727387
256324000
567423374
393993738
888991008
988273396
484304841
962265165
685984683
24371153
431872278
490160488
953587506
414950924
365890207
751586445
344398722
447525381
56046272
551130448
76439459
798706328
910380496
529303055
721319838
122053801
864567307
458406695
485861383
421416362
579520861
154869459
73899641
531115545
879541963
811641316
875070127
215005298
98893857
344034851
328054059
22545814
364564055
727294182
174009065
167933603
2346472
917632279
317678659
922662631
430568496
61843391
997110769
477633167
526089109
304021057
345943502
38120318
672673899
766937207
123706088
25898145
476403782
264568321
444850290
277002818
416260847
422471961
535408960
554248890
876516317
129393424
348631524
712011419
223076388
53893644
434142272
183086314
355293990
553386235
119707328
946935027
140728036
563198751
990847865
517677470
157758688
596266472
5026435
575520905
465697814
836949809
542331397
331956648
220328763
302155914
546142031
99995734
282443891
897006245
751672754
579874510
382223319
763429767
46146314
301175071
713211865
285099349
254556779
472195464
869878784
162857187
682826326
119287664
647229878
176771060
885170107
913205030
273720454
927172819
119244129
819994374
417445525
959888054
88551075
39566508
587062026
16674875
491682656
920920473
507751612
334146537
900642422
458287743
801713479
539832817
564711708
377298267
517052436
689672794
804465604
872659338
341709693
532830970
705642119
302840626
154123482
423043733
684726768
43557702
416985805
632936999
826275278
355271071
777762115
931678379
162428985
422335264
674878692
6579806
714113044
696536989
793416691
333636304
964443850
