189498357
672462483
314340704
523744184
947241764
407314385
920602780
30326355
565994800
723568968
870793701
709955379
808137362
418383217
514912030
89119991
430989785
194328512
764171045
812773327
280976116
603339840
783131774
144825068
355735010
194533015
148078984
150926263
695606493
875938251
870249446
750417179
139872480
231993159
396792226
568521609
643481732
793780115
601368843
531165706
495800354
817904952
535647140
916875997
575605537
662387964
720686819
723370978
829236190
191029615
781711540
958172893
877342856
422313807
36564480
586158516
889330708
169515635
168009174
752708748
259235401
769676516
334719860
690056547
853319520
120376522
570082898
576144202
21590990
946390420
445638258
637209669
592959668
233005338
316972973
463071162
67692699
866255776
569219530
693347044
473846195
424708004
321690072
504576878
94226710
912076552
873074322
717558671
195428679
810633709
679190899
473966096
625770940
848660093
271930305
726123836
483185092
845590592
63556476
455229015
92305065
144542616
701779987
882845768
745391355
144501870
365213224
644337517
105340834
573493316
518465816
23074932
600296104
474662128
278862553
834527395
447986443
830142980
595829836
941242967
247302198
852524226
380715523
210957280
267199521
971672160
11438729
744299574
961075032
590849135
979886068
222102106
802699299
113990514
601041979
329303578
722928016
438844302
759185521
949724839
546863327
228736805
612217837
621935362
292167892
656115966
873669991
151108811
569797539
437402909
278137393
653042111
249760755
122313508
207926816
239780838
763827092
490822706
615646247
773719194
133063141
620913649
683262484
514491697
593607246
296363709
220375632
486305589
873620148
949558974
111599378
9142140
70957458
646104996
394379639
18565393
240306388
758780160
918789386
611083553
98002169
860329916
174502035
523672122
312711742
326843957
972341349
680385791
906063697
361261140
565476484
232105309
823198054
985466326
816661697
925949677
545474319
97726140
28328115
995804182
435740334
387364401
277488662
620238563
325803530
268995252
582084652
603655757
727933867
189361423
999474449
5046932
572033318
4562693
675717025
272733224
446411614
159590361
201779954
266763288
324022359
539989839
580241891
512359007
384082489
879494067
185944085
85491131
829443298
468429960
473091072
142580248
730452044
922985203
175343219
710637766
582841253
554263470
197868592
43716490
744759304
368685591
952451922
716702274
361786690
560429552
660071990
818635360
309749301
543928472
479538063
385883958
895946184
761564825
671781823
895750493
807122509
765129654
236156073
446309461
83051166
496593521
774212458
259503907
716270349
856894200
274594887
649048114
829219473
965079257
689891969
892148142
961721768
158063464
522003983
955336766
587537916
863539616
150572316
823652936
219422077
367308723
775741828
285514825
988891895
87207114
246634063
968887217
251203380
279592725
903515255
817711598
318107396
751559129
960665322
248165782
594473132
692948015
431924
504892489
285834665
11023875
989415886
344670042
854036502
587389920
424162188
737882719
239560841
716445055
308212576
943582892
614557337
412503136
226887384
715742442
720851691
488697633
270612010
629063235
610260137
305707668
397844733
549626747
61564001
872180370
574040746
210162639
197398141
273838201
360863634
894589900
863107691
645679826
537818271
208398201
377892835
431071785
431478322
401501975
663044924
508751342
729326375
534758323
971380147
959932362
203154260
905604259
524671744
244922879
527314089
105775498
422336004
371368688
894632350
980126996
613179140
439789138
283106040
981856130
13349174
213999549
540484578
965722639
355581421
413622675
80475200
968877510
874684863
18489182
337849606
289779906
57219311
869110033
966018309
101508794
576381291
863086409
578246599
101631638
669026109
668436485
685490893
952475260
746524110
255088135
472253896
491739003
751047474
557691274
595219059
938103695
147965744
449622190
388152801
449045375
968266763
763603735
179176901
557757472
879457161
234276749
30919395
506182562
907073272
237534183
48556187
553225969
405350377
793123555
403745704
750092730
861542538
181474402
312830020
344912687
528508654
588009316
219198528
100493286
941368778
588736196
217830035
316993589
423270121
399745909
141814161
607597119
480957232
516972934
133242030
812777555
683909507
20489126
222174475
434749360
637517089
179308331
45401988
508989927
206531947
919027925
86388625
957923917
153945569
845126328
76561157
966491341
136792170
43240114
920536719
380257447
544405206
78683615
616388693
290720965
16446714
713925805
82912440
507327362
95720022
440959067
72268737
888377442
659881525
590968148
66183222
841053411
959299926
878080659
707395596
349200323
542607328
710208600
893961337
22340852
502347571
259906116
163048019
578143791
323184752
175322818
470804949
437717118
596436213
752984582
268372348
605225891
404100432
931453509
418302646
923591283
96395890
538074624
413269905
765572879
846759188
198011182
298042392
562977420
778943105
235507744
7191414
258711510
335844516
571336396
837650117
834196605
184722277
594047840
788373393
756540597
550877785
504768647
184142609
920397202
970154117
634551618
291941228
906896942
322595800
460957329
436952979
27846417
459778012
783804312
252804432
4532704
296938694
128388457
175581663
304336388
961863723
600070598
799200685
87677008
168131404
212093438
101872601
25099817
915334463
434175741
420503614
810052591
143080116
661762048
372713497
591627241
353932014
492872701
795418761
212207569
906069953
391145448
240381620
317985775
798554764
979344996
798933496
552040202
318531964
833117413
537257910
56333819
418466176
484037004
794676872
950807186
705567961
96465601
752265797
758060678
532679016
266841410
991562478
888420057
40453715
626900386
884766300
798015963
411090815
661177189
650600688
804065992
332969695
963374093
398266433
570718274
359688977
481214909
289122243
188786407
413159941
549832398
706567851
82217050
896917829
364169795
391586414
659043110
867085174
421906309
886059279
257466412
740606902
37358082
679528552
639228542
399582969
351961561
277532060
171654377
94578695
917532
140949386
657354773
182516724
733191917
723364122
455092082
85770570
223958598
591118208
224353052
807343357
563479390
344900736
982846616
560273558
909345427
991502226
676283918
235313971
225723189
930930788
989184505
775117909
393134275
63459089
295611612
283845540
759037890
171135305
7727416
203682849
117467865
94207711
412242409
408883012
49213078
899700324
163725912
640805671
936494331
573272539
643126575
830788099
661706226
450123054
177127512
692457344
696681934
78954984
490237540
360459334
601248140
936340404
868855505
69986742
151764880
882236863
789382447
669732828
427752509
171246541
326732679
52823292
583390792
20670203
689875491
469271679
932658326
573963604
511060479
9645103
827776314
35478247
298819639
652450648
287804212
158396405
113411682
943011220
886331576
603154266
587163605
680082906
680897764
647268081
602434707
181127460
225352205
342255666
257118131
166976214
110317876
493993082
213053161
765247789
246539860
590303282
247397307
641036023
760247562
707855831
759799017
122718329
567894503
480592436
532683018
565769893
637520765
216404856
782182529
993368473
768825180
846371226
783401250
824598242
584082935
646649771
371925527
936122710
418235494
508748031
243919473
590402660
316845472
344084265
899327225
333783231
822425084
533571848
405910787
697500928
910999097
472375657
182763657
178475744
843355248
464445275
112188402
200305327
114585062
36664814
543606694
8947348
560073136
263749657
398151032
263946648
710591830
388454918
181164854
599890087
218377754
311274595
222800529
251499530
463936357
169396356
805872856
223810238
581265209
198899786
743344807
103948916
810494067
84681600
82369376
296449522
663607569
604925506
981242992
119637659
534461369
171620200
821537647
381570680
965141336
234972125
30329524
53095815
945933231
635380577
623191400
433970166
352406994
806020699
479123173
599724501
249575128
931264126
714539385
673958892
658572418
888378163
619040116
915685275
293320005
439657777
198453280
475391535
181380280
101701510
600339078
105666324
407211925
61527194
65428718
46757554
489736947
841229848
286358193
228964232
139066832
752777040
277877005
945884631
575708385
309374641
751541921
4473368
605558425
482644873
46874394
732343441
890386119
307284100
461065240
646083205
552580083
905852370
88250674
525483558
36518845
554937987
871715534
844231721
35041498
517525075
26758240
290879799
740591980
432365619
109987554
408345279
644905932
485575152
534892060
905795376
610501157
673155483
339976890
983945363
688115855
193979911
869833109
698735405
54827115
867995635
215280203
99927824
600461953
419345512
494177469
583884575
752979173
760874633
192445387
584128843
881061505
433645283
910843132
58183309
282616400
460662121
263881387
173192805
372657319
638529114
87437509
404810967
772392039
555269862
35582047
879424598
565875480
104305310
837367701
842538932
685104877
172980128
789404606
167045862
302244872
926830415
690417844
321246468
938188149
526102977
655366104
884031298
293129765
950763215
24733871
176855874
762312350
281793580
701328962
227453734
930098523
696640303
326078085
416297999
780558126
810469235
327535784
45192090
383763464
614752870
18009094
648673862
923506930
349906453
899023964
708081377
644240676
743797270
755938436
355785984
770244275
942634917
235004655
846554341
983163008
203406209
111681201
821628822
530535991
858726171
117112248
284081899
402976346
609913967
912440408
988464572
846902041
373106606
386487734
491775635
599294630
645225754
937483002
323435278
508093882
6692241
960524366
943223310
51739250
316652492
532615197
18515080
525855143
345542978
457209457
987463604
461635648
479523743
433134990
577151916
698788033
505906961
514656098
525037292
497640622
733927194
245697515
313592963
437466044
910559391
861179335
271134069
357309535
264162800
756491352
125018521
5151915
911569375
338460458
