661642619
109446389
41925700
856963080
524199903
323212747
174232461
767783640
903694214
712383955
582252828
689246200
900612800
804092322
745028401
678748139
487097514
447513581
982797564
473020795
987298249
482341563
76323546
440193033
230089861
910141067
294526233
110802275
977058458
517932498
753330488
784543906
726658477
941746762
367328951
651528016
246884926
961400878
926153812
336668364
344142546
556559255
732818211
734729260
73495444
485793175
285134217
886808023
950190437
5748828
264239550
172720877
310420748
455673249
820184492
179301056
33122843
601732666
626873218
614058835
28686514
63430186
790725181
385761716
959053465
797708920
962587722
958866037
436763370
93500384
431863213
525696635
521359768
646129200
128878249
430738993
749523351
341594285
366697588
744296685
625006850
407718208
160611836
971309629
253692947
580609611
474123157
270985227
121562270
188027894
618405173
645152258
334527659
312094977
307981849
280712359
765834073
347056495
775675793
275786523
523205452
326268179
450044652
856690053
573885614
738542914
651361107
664291546
326794999
389445498
429777704
691528556
235035078
882576532
989051984
620968304
902818349
819415551
132068769
378443854
323585762
691602494
837303766
248735475
475095209
786710954
191168975
209264790
338147350
848165888
664904919
402466855
565918490
90911065
221091233
298738670
957673555
303921781
397424015
515150031
929248502
809831609
944190226
732116771
758250189
926876615
410117179
451951126
323042992
687013544
377894009
946418521
214987726
397231939
952200759
831602957
488964411
201309176
381594843
787174658
547373939
442096316
326144195
478629110
724540578
27310848
125610066
144124013
661485299
690313313
663294748
598896567
421991536
616918736
449195350
513754151
747412266
105186995
490485285
548218593
376593774
739217847
886221797
651133805
470271878
718486396
187479129
168686550
138710305
389488274
809774258
756364378
922326937
610249355
967776091
487152185
483687414
465561116
7576192
730939340
801266549
265993166
790465826
632729678
23718796
778997441
524426985
598068989
948036587
438446607
84190690
383777415
710823890
833376249
410580884
808156090
555874518
675010389
8357231
6054181
839831718
956923514
5413708
271997024
880539053
906930368
676569629
811742180
649142643
962043164
30066737
281851149
97610803
759545943
746952042
110600607
948752019
253492119
627415008
691274436
194059411
589410139
220649962
700263696
305297584
425996843
45540487
88950687
199668470
159620001
931277666
808677023
457203884
1522011
891107621
844343033
260579458
518468802
752190623
116788426
102427812
712684804
948926344
985993422
408379869
802339539
286166611
951277946
86424206
299980276
859404069
302382398
47595381
317082794
811994769
250421578
736273552
305150010
966699439
454542210
861389881
587618941
612073709
489522642
30765498
221389713
824647264
96088792
868438320
902609008
850021148
430283217
501301495
510626581
588846624
481374606
640483793
234656538
291883827
502958043
139830231
94262539
2526481
899688193
300215930
628895267
761081642
140121089
189527240
640686042
108069481
955429446
551769362
297648413
255398544
514808870
100611094
459403702
955227924
186990155
977692274
190077819
82839625
183815196
449959126
429120851
801080902
536968798
728236169
330620162
609937783
501617013
13266182
463741395
314711978
767127341
585092459
712385515
189306711
401870229
460308070
684526174
906561550
227752277
794539527
894591700
878513853
203653081
255228037
74037753
380763511
181080091
279428613
104893671
525265767
949752410
11422913
818711283
449729066
871095078
827814363
224112843
411884919
858907077
30748258
606452466
942163263
88027966
982936433
488271201
929716409
388225578
270096991
553357694
726682084
293166099
283516268
855087346
389275668
555367425
550606996
597427820
281740761
654198415
949856650
428857692
222188400
908372510
938475626
364959566
755704427
766381174
262656449
318211632
574055864
236195227
272641255
47654473
197004019
188087060
952428435
790485887
220716646
766956834
144321343
992537931
910983099
726070917
378211586
232099668
666236142
156335566
429435614
894361639
320488081
230386542
942372081
757686502
909050425
601890565
384264066
33790753
149552338
617976867
732566773
163335234
125569129
951885357
979301829
490486857
20524843
235861795
658083327
201188608
602938988
760121108
376711174
514783925
509877072
957318717
517874591
496117482
530160923
706375958
698723423
599368861
336945560
368294808
997723550
343669321
293823144
514954752
138604046
595113452
803822993
918637682
640933548
602739778
34390061
980986107
866968802
959097740
746769086
887724728
211574824
430374346
498252237
228247006
291422651
560366971
853675367
427588155
247809429
951731706
84015973
888146582
503629828
443176379
919253442
133197911
826389673
757274319
954161806
635632507
196663712
505570090
97257748
62969875
397365614
684301305
119187559
773971394
480393863
528890963
90349914
558776850
749348394
642436194
494801133
268349076
101116624
108698553
76872156
437356578
489993952
866234987
267145322
186872338
511097478
915676409
415007853
197757169
683486334
901192149
154596433
109694482
4935933
111136579
691061015
706004733
333116598
435282362
830881391
607121345
441179411
79703973
947194290
718918465
861381792
525239122
138798188
861193633
948375244
650904366
32081287
717691119
680402163
516805228
145638554
330428723
238424767
910385408
551872395
481689203
269293452
921430389
90485060
579201713
374294529
980655431
553840916
638211814
951375177
788796398
935232477
665834260
277817161
469750810
996177165
410289979
919040696
548226856
325490545
985858355
776878220
553814218
249381923
32581968
869110861
436905313
429292318
488130704
965498023
360632292
467579966
422731188
883409966
349192187
337827893
519749021
989218912
367992576
344623935
880726359
971398205
500586372
909818455
159578845
715671888
366247025
439873958
210651352
520628061
735348573
411388026
690197910
584894863
566014039
704810982
715479232
672048465
57903091
710090851
937389215
551363112
65710212
672713790
590742885
321216432
512501288
782424293
928624973
131922917
476428144
421071066
551048119
203602921
444764184
14460149
276291847
643995762
89803078
316910079
502863836
997031353
218640966
967502641
230149449
949244264
777382054
837836324
317395927
644381204
622348659
847700554
931315820
657901724
407234718
329363247
905687993
827872581
319075569
838362412
203170599
583822731
511248984
78728435
44199917
314277507
860339906
486594989
140130678
551553889
428519134
71483469
582245387
740993011
207227014
940357861
332722146
98207569
442564340
641498619
543834376
674664963
465028366
284243768
509574256
628727588
489755245
893146393
796368201
115400937
108772155
448419264
324920192
251440665
113739479
919041104
485782369
139912531
923302723
915871941
88904358
290787065
697705646
765842036
215862069
550865189
265455167
190322808
450674710
466876856
996641099
807480423
385308241
677576949
294528035
528505634
118794364
227005215
569154177
415472327
824522260
967193511
690226786
24729740
442781734
980099868
746563276
330804722
627253532
288185909
454575491
192809615
174904844
526692398
552594260
253047311
976959316
699186328
68381699
958709065
363272420
299432437
442471683
329491345
118759836
301291730
63111023
647343242
956912628
585233844
800246739
258777154
570758352
507830396
91349680
121710846
600560278
672975905
323060302
235762199
804301912
934650444
563069275
162488800
12301364
803831484
632575579
858615842
124982688
41480724
551546317
419608035
158623516
610445110
52199907
525089823
524721828
360735440
905969902
141490003
916988845
99220034
373892092
42019688
487939169
195798336
622051261
667074447
435342717
430883414
652487031
303983410
376126025
832619498
154407153
428621975
736363160
279982882
317189980
314928351
668716150
204495180
522360553
915431904
33687526
380638703
100153638
960313240
455630488
566259856
596989016
239824837
767006002
181570299
318773353
705081878
560758351
521049587
674549630
816503027
181780223
965501130
423273124
694099273
388993691
247562906
43482009
326004016
456037957
623577930
788726661
244738945
43545460
591041551
472773852
712493665
576859479
458460186
8332161
107300465
95644698
661738019
211443958
869082859
833894396
412662194
536977407
194555726
513846145
449325273
867863622
215313573
605433251
500686952
133148128
703215018
781222054
828261278
526438213
786124619
337156694
774149620
504275283
832052557
777533194
352250071
196279377
175964451
708796446
606279687
128222398
102298165
512717426
567249164
720858328
520042202
754057171
554190264
860204875
976331496
710585498
848926282
812157870
6712683
755714307
573413087
639305692
542858506
457893423
769558832
931271609
748598200
932021972
222207540
770143770
321495076
157462736
379391400
91549665
481644325
216382817
361012955
485759278
907566457
321102875
765565457
702596146
38184087
779828622
613105924
949157846
227031790
968056401
550106716
75539120
488230410
961991749
497562600
76338250
204120106
712944377
653420869
718071027
939237613
675008076
379624197
170276191
290509885
797105393
399363252
362579466
374665771
462640598
378560550
759948678
349572542
363167003
904591412
685609806
990148848
870816939
601121605
763029882
844787497
820400984
704239819
780541797
381915256
146668420
281913359
359503325
659900135
303053150
887429558
768699947
562961946
642941927
546521664
232558380
941478677
595289265
412086261
241078692
380465370
250526457
574492074
764391190
589495851
790158036
725966577
125063407
57400337
811952792
86189400
333303165
111822771
890390985
873283528
118836628
970768255
599082398
788360933
143841464
515192033
39859926
702679330
71612621
575211039
609860601
196986731
706630613
816645337
672033031
744131128
394859582
458730678
360042912
382564511
594261039
245908910
939848628
191045946
591757219
420701841
156849952
302102988
847947341
216863749
554126392
656877175
672570960
769658397
427685036
261790124
342396279
806928331
268244796
