148533147
68690001
322584023
424626592
697791536
893626772
545764579
598724078
472483921
849851540
430774240
589610495
82711983
16007480
821905843
155943788
327649702
687078197
702549489
475166593
651457497
253571895
331385031
820224435
385639723
525287127
490860816
832309441
973574112
729900955
251372628
548798069
873347211
382017475
12563584
529706948
538136389
669830882
640415990
435406517
322856972
911872092
873384354
804034685
845228080
53491663
392290917
755712607
268097834
193280352
389763499
291484921
227793863
715240943
75653368
894961250
737304969
502359586
38986869
172504409
402765956
713455136
625149965
742582964
598478912
881976169
716263283
700694507
3443895
292198895
617807398
657818819
46662206
267142971
152309621
739585404
380187540
527350344
974996353
332148060
132996210
735148208
564211607
780293759
340137456
959887705
321004206
158106267
306364106
117602333
792401977
35776802
630844013
467911581
32640561
609401834
286722126
130801389
205555773
963251909
337228379
691596408
752268711
975898937
575472952
731944679
244822714
960650891
562931322
336067962
514773710
209954625
527363232
706838808
39508198
667617746
149243529
844856204
402445508
638591205
560971963
558157015
394330400
885841561
499796917
582030595
26974805
578750624
234502410
542907785
452863278
249386150
321794570
11744444
994919679
441399800
982879495
588312668
204820806
608192776
715064990
360353314
595174943
970296143
602828622
582447352
508413569
924005204
428403382
365022813
460158304
441865921
728355880
566964567
402279945
779071362
297266008
866427149
476102019
993442356
704969873
666072089
726148480
20023536
883204683
265387560
888160053
515618787
711919127
598108397
684738250
560930859
640035397
794252731
923526213
200618649
962982071
424034256
283012939
917349564
73617026
102969600
150347241
869479595
82749481
10997356
521030268
754830002
609464497
215848316
144133791
116452346
112210649
211378449
903222901
48992901
634204832
575151406
87091459
337441061
694287297
992794780
212086076
830294984
680284562
899227443
801830522
934103148
643438352
201661296
816089290
873231751
583414210
558752454
919825329
602000273
515724848
856668883
937274054
872207326
744357290
133330051
906154289
496070810
453974605
568285904
448720210
428656947
891029829
874533312
566413816
387830664
336942796
945571876
223062266
80822245
890883522
320052255
189195033
183522036
209166833
586927119
111391649
407803201
399759025
270902039
533038134
553458193
291553119
301222627
533268051
777535947
637877351
214884131
593083770
560957246
86640491
716015264
376320378
111998658
450507232
373173575
43073318
768905039
635247478
428258626
536288954
637842333
335690187
839003084
711116749
195672592
667473850
753752017
663040493
157430170
21938401
498351087
96311785
183072566
35247769
895262016
137103828
589807201
341265260
788877867
749953311
122058665
352488105
662105019
994181753
174868257
943731876
77196374
733014802
835993256
543853800
342486609
772555721
971500397
734613083
895195799
217768005
452550034
590105876
337595458
110062096
884125332
551843636
435653600
539018844
588289402
619703479
193247812
76750888
555245215
236069747
453266116
427639778
846369610
678305313
414230289
285354228
673585166
844821330
536248492
251940715
590277476
20737214
827047235
613576368
679451791
725795365
124811387
448459481
140051968
677494010
684553792
999701323
3669802
678815770
865827978
570215027
916834504
123086175
405892350
555164777
750484063
445485
177769587
599923509
90587684
914846829
926186110
293195084
320382794
609841571
544182838
607728703
53857384
85654742
519784619
863388117
724796400
822077230
859567051
862494035
494892092
744788329
936698919
877751203
551515953
453564792
423969975
167553839
812477333
844015260
368519722
550498991
438928979
981083713
501456651
589831990
842967626
227123726
522988684
764604961
799609254
831616302
128076686
530210395
133311172
76825089
945843938
918015059
159031151
2439861
845418626
94757273
263519122
543398314
60272685
5695734
63746565
300018383
48407556
637022891
490876853
758632271
480717749
476367532
241321849
993683845
168799723
72773669
584198090
929952627
20420491
497672673
299088546
94962090
62884781
663275789
616711642
406488523
744440031
474690863
507720852
505954915
8522687
810037472
998596633
273762449
286979868
895530663
920811028
495760916
526085425
542949243
178716169
885965791
273728107
40976983
350898552
651709152
288888546
139627325
908025364
873070268
333816968
229078523
982019368
347745952
795668726
168557031
480513532
396996895
388984090
657258041
555578350
573716691
129302038
984921936
750109583
670680275
477770898
967559399
706703976
273269058
151962640
88437173
403867202
477471247
318956504
413122753
821233982
21907798
312377236
965002488
117599976
604812705
566665497
634650582
172137947
779444163
828018102
650850680
478093721
118422836
415017131
523814133
106776826
868827383
987370891
604999476
756663753
288806169
290867398
680218276
173938254
321329146
432923347
634756305
721107628
245379795
825211320
504548121
28789448
382545972
347323048
458605734
84619658
423981600
539658065
950765644
7051194
494651455
812783989
970665419
842662171
826920216
489465677
588281139
858251926
628148505
981660345
535039818
490100354
713957026
656458999
532427812
731040399
632158958
791064234
796270828
171889357
931909190
913542952
926758151
954232842
323469980
622061232
95547748
771099787
956411395
439194474
682795224
329169317
36605247
597948282
262012298
476022178
320201977
837556104
347018036
831863468
844642207
776504377
92959123
263719448
290171502
14447767
314832420
726086972
814895235
727565334
452460699
632917365
743387235
778876286
75142002
581108501
886025837
16432577
519192190
204858984
393917928
817181351
901840530
188954030
298865121
205870500
453495107
116008744
394446701
56405633
410838421
794602853
444046198
964407358
327247149
155404813
820583829
663038702
664061340
309022213
307228812
369460774
956204551
228846061
986733774
49877859
585782081
257728959
522806280
680903795
589996340
303769400
318363913
142159052
437945539
27460855
874663846
904005091
964854326
84301001
560952658
198823676
331640271
758489601
316726913
657857845
188871167
778979876
451629136
919737188
760524670
222987134
352371236
210169976
897630170
24457153
860976799
672994468
202220255
248987261
620088418
195766147
593202462
713542904
466409292
107069020
476238939
301887146
526461818
299786294
280740965
916578737
698184375
579760338
748069553
108405135
37820503
197714949
912119147
328875928
861006691
806802203
806099821
603069091
920379124
367009205
951398163
108193936
244528880
413488385
166484055
201669377
701784835
715867064
464212582
365186511
605621212
618097366
292080309
209657892
181618905
886984019
252518057
151842842
638996222
843945932
524802758
772610896
462100422
789225034
986636649
663261849
760875320
873344325
387980568
813286213
389666324
990133370
793163779
99400086
155670856
368045002
57358265
112973432
133302239
79071587
214793902
982317310
115547755
382883042
502783922
419723135
905634639
702461254
147257023
974022670
554284146
654256979
964072867
76433191
842206446
178787266
646093513
455303844
426851735
503222204
440794056
828440508
327886495
650926368
975520185
615487841
824933586
192680222
53987036
813573901
829625754
139544624
18540603
559924634
629152029
542485446
657063141
79217379
286441112
566913514
757627208
58414065
726087302
413957897
259002066
735409344
26060502
716730587
257193639
976883588
721951488
602054420
686121696
630080033
638277530
386353392
654430814
464621386
407362855
887296079
594789548
712954417
648474218
333683120
144396916
414739522
635716375
404148232
447281161
299720999
521724124
566876133
168862731
859938220
745594994
382379990
102353205
913928597
391924301
240110840
589427339
108202998
935486582
77103447
91622413
227571333
453422926
388460568
921647103
242798637
888054631
192441754
671854523
399145032
972123964
44672791
409939846
392404181
269560980
844262543
99692969
621912268
269449426
957472638
455159463
155075354
433191688
826183475
884485037
255897540
284000187
740502216
72697084
167252014
297868740
486586549
777467834
571370771
242060707
916825581
961316594
247255806
482501128
204482524
411666367
329282369
895021609
769717698
887814254
700922203
972440143
709949023
644367616
547661757
140417871
967515069
838753571
978013942
621943982
936547057
794379643
627239450
503975529
665749562
958798448
147552414
119744670
504602508
101276291
485537415
267204956
838569073
150343473
352735398
882945947
852437161
139411139
64966902
545806271
125877093
260053744
663473989
938369220
183562834
283457396
574051162
96134600
525035325
26834142
330353670
647832976
799453890
949426787
305513649
122445938
334077144
743280275
816751565
245684074
264113952
209537699
390419101
668441407
402276839
433717247
133871069
559605549
291632218
664715809
287980709
828103929
773786669
432207671
496066888
676493312
130905654
688870228
320412695
382292166
384747286
51417814
594709343
477768365
770922620
837704437
467751064
889142285
844829823
230289460
548868802
109156885
322659573
819282826
281692318
916339393
869634642
995032581
536092380
749845586
149586327
14445613
804502381
860319515
738853432
502249739
874046306
367246219
453359899
629020335
991540282
645206914
422867580
434459399
860936786
212696138
614828354
912650734
897518785
564572401
965966182
244728783
714775724
61342758
115847006
178823823
505444356
954503841
150515352
579727493
806858669
135873071
152777848
570567107
232705838
370301672
246915432
734389827
738914932
268672881
963658130
100504844
435782385
215809487
238749176
903661886
686289304
888200173
958346039
68996180
301511039
956983906
97513795
971519978
783879403
904857543
299669887
743159622
744472508
560029608
996805381
919542463
216730866
873632404
822161665
855667211
492429066
852300471
201753560
490635114
965780704
880438525
173735802
628845904
600914269
865461337
808946396
498966237
822593580
