354657934
207674314
546751465
310396089
341024641
723350510
332367865
200379580
952657651
506901156
564781803
504777671
171735220
826102227
629181876
68664931
135244816
728116970
716670683
181014018
404218614
806269072
3787033
31112479
570587119
839495261
598966989
926420944
155974536
713665595
525149328
871531467
921196402
277876677
448269990
947939680
817383069
114923746
730886014
30025372
27324120
45883763
787605539
911880752
726129730
287401220
176457176
394515501
647303886
351728708
203270930
964720009
381789656
307330791
554678081
548388860
203887280
515638985
739808968
501529378
124383520
405946919
44405044
238992055
981751826
693250335
583581268
893858541
377832237
681242194
251281860
20321070
997230954
686645310
153689898
358334850
18663533
91906279
304982747
283185899
663038084
204451487
279117057
804245827
510394665
560429318
489741810
613865610
723198595
899881128
744052400
301744083
375114776
229356636
905641850
621377199
1478719
548613484
930128925
32879395
703819950
282598634
16683264
966061690
100446847
182949860
967489053
695144345
153640893
196343230
529725327
111981000
210656238
456623069
838491292
919932031
126829862
240159215
728597388
421322508
203508524
969715656
170659946
477951108
937189793
949537775
645206292
767874318
781003458
532312697
356856131
470050047
161777353
272103352
579365947
380439450
187768223
313055366
703798979
327444805
592940263
794597464
460224717
526855364
370155800
632071399
91087845
918491705
390865342
985709818
494547337
761319502
820016094
508806417
829370869
734104293
111938687
538732154
28871897
150909070
537743566
199614735
914140885
621328194
839487098
59675280
950203646
938552884
877257121
458051841
732163808
813774494
536360235
401152583
828382243
408911058
509490939
643804581
107795307
305118393
858449930
726714585
377008975
795293639
37765359
595536627
650033951
652970934
442732481
845261653
268500763
649036067
284183468
552889908
789701238
393325527
880456577
838896521
687368264
310480519
681867752
152534959
41234584
932813499
253546009
680772841
224959267
418863511
680424172
420459810
224613353
468134104
430936847
723753503
292459139
811028979
822605758
118847246
583562834
243950471
409641328
297232711
495820403
31995467
189551078
83127740
529591026
983470325
611451343
435056715
528454479
670594416
956436315
797314786
623250640
705914970
685480001
444195475
541747629
356992517
370577359
231170439
972546760
22272670
620648299
800366657
218099220
560429964
260430769
978672258
570719767
761609331
255333687
443417793
900839190
384635040
656714555
9239116
743262420
170418268
151181815
241488941
807412167
245367457
892005329
554018936
511697787
633622059
100502863
586544167
125548977
378410283
577099615
226570317
873373110
178470888
324685949
473547732
411347167
389184420
865028519
969161061
723039555
632779084
864336946
766845147
415260729
513018522
896475594
238615599
49200415
676240884
700933053
371329360
205810702
129088418
423758271
727179303
130267339
66629362
288668869
584477160
459927101
673886600
853123280
192309484
184509716
28763369
570044682
722368302
59949091
183166822
597891948
354078000
305389748
182020753
518449384
174633082
381030509
125160182
138758207
998679264
737146463
861887262
537343752
449308092
677477229
205770254
20759615
744284691
754712616
597506645
343280392
344717804
100515550
280551358
509233959
49152955
779655803
672027462
582335430
386497359
942973839
174107292
178666508
866033591
78348936
346855052
65939612
23789949
610639033
249125189
346148793
5107156
927871154
289989603
847330695
598039837
136542847
403815188
514832253
978739460
8003754
825759989
967655685
462442444
839886428
253174143
253562449
24838389
672786792
469296429
394977277
709003046
542824750
752260847
55705424
563039170
683220754
671310160
370959155
330622176
139830642
996969664
133645658
505587427
251357851
338173236
416846649
810525945
433220661
911194120
912610106
375840615
157195208
603595968
378493604
117213850
206451606
716224062
26147162
825174791
93292602
41101222
351003155
141342603
854147910
637145745
462282404
175610307
234284179
284291525
914819082
465232686
32856032
184210076
838908818
11034088
692114330
462068258
211084592
501713192
836327493
443036502
591617726
761592670
556686321
19136662
551807838
939228780
373767242
938491573
356587564
966996691
645162997
545784362
237329574
98729419
645966509
992303053
651439515
614212105
875890830
241236342
576241766
148929136
996375037
447377420
342984582
972985130
764687149
367459516
425099518
744383347
505139469
524433968
988847297
650256098
449483494
589410484
584656281
835011247
85337907
523053622
801843063
295792604
927703959
947822390
820069687
487071668
946880501
740179398
365067578
699811275
810628741
596872486
625822361
595091150
866794735
442688590
765217631
109308901
676152079
578822706
174541631
6307725
513392054
612204216
461857221
120729029
556937064
587073474
649245924
56556024
407646772
816428267
528874197
352837207
439393277
280449162
221225175
48552647
627307731
855912912
26104629
24507750
2391937
725288242
933754605
908266981
898611606
393756146
783461362
6794904
824192851
475347380
158859168
506515199
348511991
795535338
782400548
315499743
485965168
699340658
930134603
359807027
90933474
308511554
292164503
994200472
67998289
272985154
155697873
586345573
221463414
716664983
482001168
820239165
552718077
150033880
3915788
788103811
678449609
553590239
222117422
163180917
803612110
642451020
232363171
932299390
657569098
22358997
4325215
643857938
498048612
905725431
562587478
927967072
925778307
666297600
933574275
693880382
433123738
939554131
840268692
625626451
238058273
197115789
785331489
107527867
993346210
338620002
953797121
198478110
791619550
994296736
637050132
932374928
477223236
766953686
556194915
448482453
76148382
359865111
336631373
45639291
268659938
511839933
88296960
315737982
154077505
554034094
894460856
886420475
216459604
310035404
354980072
738895477
713321545
596490969
925122642
606496321
857119529
124835303
938953178
318949096
68561875
805847104
852238387
503751874
268675298
630212549
450743836
158824621
110102685
485091822
617732000
73258627
602922757
794629401
356966512
726218338
108818828
469593506
953450361
439312116
444159144
67376645
982018505
481584145
639316663
898154654
219053382
880732265
841831042
949698593
591362922
951313077
420911931
17682277
977077415
462812833
659601545
584545085
47062683
523864955
103290258
735636234
776317790
731367780
692303403
281721445
135972719
918692143
239524457
198904304
497677492
387526022
171384941
499641062
874789950
1185229
823828598
370654241
864435209
370520642
411159166
570011569
316993578
160404090
893728899
666418921
652346694
585240480
817551984
894153677
66616793
524273742
422530823
429585405
336021857
708522908
291058854
250650724
789280741
357595218
762181934
300361237
641207808
642926738
452021100
203836899
779928135
921270867
142892325
975892185
638984234
288947303
720109874
676542040
112705788
533278688
418642656
615913699
837638880
25884481
629374750
550732237
101140158
345370778
132287511
973403749
964995198
741799534
163619205
166267041
710126374
573177873
581373499
506839991
608338706
110797929
928803759
674066838
708382988
689892000
886490785
731075825
442348155
841659798
255169443
777669488
804163866
745988782
316879617
802743167
289880252
675145153
413011842
763396259
728220467
211449697
199221079
295837030
510639227
478617350
238841699
38128600
757651662
976625282
265765811
65806360
707573802
213269882
68203333
1907859
604474927
744575816
907530710
147746880
139393695
898298923
108384082
259480359
90201334
354618021
169239882
219006416
424919917
360876037
876386788
34981221
160166031
817977239
778619523
396889009
911576848
632966729
163427611
229765638
451050300
848362184
973424162
465722872
575893987
189363082
70095685
590893983
677785448
314971757
198268239
545304434
767614441
265264962
624002563
829921542
103065614
939740718
205635695
156021205
309377467
19835282
613208682
396775624
100238493
230784589
905640328
889596562
434650358
671314322
90331009
971508197
581148205
677765071
696696578
291031510
924874759
642661209
683586371
900838251
284522335
578345897
541220966
109948159
162607797
331082354
267366778
894901067
193974675
948697979
293823395
971836129
427331033
7406406
920388170
431215018
235153501
576648537
365484378
345109397
283722752
180499122
156243625
6471126
224640748
226760040
964156228
89849370
568568382
332971053
905046781
460404404
256154347
304797442
871498868
731031568
478614314
503260522
234167827
769156138
963417810
10739260
695621886
485952377
377490927
118494879
544177164
573741798
757376900
265481560
55878008
348226222
277176830
338476973
617115499
104023213
422102271
534749840
885307410
935847755
366926124
177517407
326332685
861003621
43651198
833418990
715681781
122533590
135907536
189356601
952600702
731892977
342480710
596328239
381691586
272983491
484877234
670291247
628980198
106145868
682582875
390414429
332472469
303086822
277093044
556820559
183227573
917677372
687681942
767475655
308929296
943864473
617953111
298320071
402230013
785900402
684406574
834618264
442301179
544071936
402813096
421643574
437834262
568020299
312880856
323985029
5745511
680848590
956785386
344132007
619145977
751811022
905769641
779161541
253264880
976511693
845044937
23245863
583910576
486830637
650191416
798004407
434851646
368431879
880427303
8736229
113939866
44160638
194098225
595791182
588576916
650258968
227990068
84908261
703332771
260939301
952580166
764452168
990205964
953108014
551075047
502378981
960891984
343549935
148329677
557118273
38094831
838791569
45055191
425718318
940855463
661160711
250707688
955470540
893880518
604808687
986791926
69402382
687592994
304144627
210045163
961584872
486750365
360994204
755555090
968887008
523820954
820861379
75828770
992325577
23931527
80592769
33039897
630802561
935755588
147812434
837112422
91301711
220102202
323309030
