563339598
305210832
440386702
173267719
177777796
620714030
546737515
50902474
58795141
660780629
984547693
185426256
371760721
341315732
475450049
222654564
132910675
519090301
817268864
77407619
218092178
346198833
967825680
443754154
925006214
76464577
27416740
682373345
315568901
479968559
538889933
711137613
217330920
21518614
254296723
414094330
655243184
928003473
354047138
396286249
955997073
17969747
780204489
220004742
750365266
623704633
955512558
91007435
477802
774533432
943698577
360012261
378336066
978192817
93325769
217140765
337385150
996632546
248261503
101313219
593297290
864364168
735333571
578826581
121890696
273410079
968095335
350242106
87019009
61355719
567411379
204907200
165043163
420982614
121410545
200122431
565994342
747820938
693388887
301301581
120952017
936409304
681895543
541035467
536269981
178877672
332801547
239138101
928192843
37155958
76709179
658610636
679741970
252733918
802988958
91632904
282636174
201377908
98114046
476955186
655609297
605270452
3988426
939122081
207122053
738791376
194969097
957353450
856782272
893203337
651146421
589564211
303243658
946959921
980361201
656887984
182468624
194298103
42556600
943013023
940608531
728957233
422049262
49863050
984646539
908800741
525165229
912309243
617993655
29777640
917486255
364616434
649706891
216433701
645692282
515681564
932420878
742773461
333913414
797478603
983908573
375448096
382355828
34989506
386009536
487144966
355366977
732782048
272372716
146100973
909164279
88338070
158821307
155101021
536346654
926652063
183221189
954125374
954475541
298321310
213626147
282659853
339359794
827004632
975717080
286529986
939857318
86809957
301267638
464679637
724467105
439695162
860384688
245077995
959104449
565160434
346601405
387059755
663853513
497501572
553433763
792383180
639936526
471892682
120613360
829148184
205795126
494605870
680087046
719040218
332460374
978295502
788297918
35592103
583852455
701248719
36088301
555351195
59272424
99479549
547287646
268557020
431514409
807693078
421633866
469469116
227953381
913743311
195996571
971186218
580050657
796161432
290271860
456973968
744887545
421242966
642723325
867467110
706391271
146568896
80734859
445251448
406722910
582227419
132219262
746171602
651397242
824792584
661225539
257855729
529072133
791250209
327787331
564373964
950213925
284876743
360868770
832243447
50258816
651144242
601194802
292051814
298609298
708900827
138989560
536298940
688023641
331323949
290704557
162609489
58525393
168621189
848959922
912703527
18744689
102036197
861834109
849286989
675473815
675462263
818071872
403160796
252517771
938140840
442114085
788800447
468374101
725897895
506760042
460010802
60374196
810479877
817208294
55247029
545374092
788683043
146642149
697822081
443237858
595920321
58147960
320073292
534088027
498616050
199330336
360450943
942290286
415083802
545629274
848177727
423042633
511581780
156769632
374796551
833072368
198034006
39534043
360468457
266786741
350189112
67924838
962125745
824563906
830693753
102235292
248045515
351412894
793712893
367329435
230061645
955394046
164012027
406049130
79553494
617314302
497998580
869072767
753901720
738810503
81663141
846510160
53290299
180268621
658582313
36968168
548792415
653710244
442411742
222174659
347340085
749149000
786173691
431035340
93048746
527995482
96022214
495509385
703394272
396380757
951284819
9038049
148577392
47754367
315567629
892783679
259030605
105532649
77216138
757482247
335073788
328961237
285632321
621657952
185123599
503678951
14634539
781857123
165981592
793725585
553442876
594335269
909001150
571538233
19989349
480912643
169220355
732976686
313000384
551558010
521292088
2489194
165678495
357520963
787525683
72625092
697932767
5535931
864700991
765798632
777937561
443259765
576494106
684929493
887100870
18378848
463516679
164515738
245911740
589369794
513360942
314165089
329527792
909668686
842937879
356949549
100036898
577039158
27765017
834654985
723563324
526053918
792532263
525658126
236190159
332584593
163282742
928111357
834132268
112498507
805746182
9098608
917156131
400182959
15788023
110183111
17841163
224071656
684437362
1610501
17395963
4704617
487064946
723630589
38197068
207126999
672961401
256009808
514583083
430576133
972588193
120893608
977770912
30046006
42235308
251883643
650727500
50835980
448739334
554516276
855096105
535405321
330383468
133413232
783623610
504262334
397008957
929344831
893880662
732754767
339108386
875965240
892601795
26154516
817259021
718858706
38988972
68901674
487461057
29063160
659623191
907272933
413528274
403556135
139910312
684852574
31327694
887110125
357947651
763904379
459455609
967005181
775332320
129921085
146514395
481990641
674321147
353651713
940006978
533934733
810118041
743616568
362129144
781828314
91467746
96622952
228291812
951616396
212786984
323376600
212894670
581825826
563374921
419676174
894893084
947823170
121877047
926827332
993502919
98771036
472934640
509898830
571397180
129976283
273299158
372103204
100632920
762680709
879640120
335268379
44537559
685337258
128894695
953526323
218945118
916006621
545143788
631699958
312088388
43287360
456560761
79711297
674323141
34571050
551009708
877629782
403630259
355656145
235028000
198691223
360113594
747493814
360148793
841235942
61000092
300219210
172219387
232152860
508529155
719364541
995990031
465611101
71976275
877518603
278839041
527557411
452931131
609848597
200731056
978886461
402679382
490177087
614738943
950215558
642210273
393223343
835575688
536826130
578966573
395669375
968472943
744976773
527652709
680948897
975154783
297043743
325188464
287658751
892526230
918725906
743787234
312990928
123170803
592723846
47297327
990949659
7735021
796804536
755732008
23452297
424698650
793781661
154925089
256141538
796011840
869936506
132754870
409933233
199025669
667776748
464643520
635393256
653186285
112859780
750891596
251013257
937958390
391027377
902363818
981795296
202368946
165272379
717322365
282005148
235099227
89688453
367006283
22015097
902918231
651260612
385488321
38771152
781094120
555514276
970970723
174691282
590051684
271511171
884937056
105218277
164288873
915255230
88633082
224749482
454082386
108393977
659804641
10311022
841832248
796284068
52991268
616707643
894440717
773936710
821083349
259426270
76459296
872919939
21042311
706323386
502930222
110739773
507015001
547765055
282288426
425872368
854299134
97672008
141889055
576200314
660961572
666447219
506090319
797145540
817506423
287113715
76639296
492572883
827922761
126705249
429883810
356695261
180182847
106634162
598269343
768780677
144330433
7157410
734430925
711544452
98231986
717131743
250468860
178613670
602288054
53549099
408240229
540868026
942461054
28210017
254094842
562132632
868421966
265631934
135322496
386544048
110617323
97295176
956430286
533969634
182786974
583886411
44997177
894337060
276439575
146234961
930556925
400380838
949495710
513507748
281541934
847141724
363241081
430344601
477968328
943829827
415978359
327476649
194857486
763957323
878873485
535771269
550111828
799712743
872610406
867751176
488273293
914550911
971311665
211725295
658163354
47035257
50727122
200461291
528757478
514345573
672134565
356131798
902174093
456053093
122992173
7859390
591372314
428953306
746668082
406953116
198891551
438077364
787663605
191492667
970565687
783140672
902437688
192472963
655096148
647015703
33774583
245284433
21726654
408688397
657961666
16006013
429069172
737770414
855344392
234506676
796414602
162779790
901587122
963622753
271695262
59846560
425302555
738804392
640965150
871014094
944398953
121158522
53044661
465657289
668859625
50195929
126887306
779818997
241159607
875022680
144597568
858254158
545365142
881741774
480570989
426850132
334405143
493485696
798091426
106986159
578790216
853601899
573608912
512161405
610538513
36111760
536490241
824040850
919797404
910719126
357838117
163633296
551507811
784082052
702616748
912616060
192239771
556069364
739828770
607765736
889118706
649250174
496610807
980321710
89909108
938160442
617414646
19845347
483051764
844845128
725441416
931816857
940712965
533978990
292223878
90797054
547549608
540883254
855118774
632747864
513705687
302846455
860021592
330440479
517184563
980964270
306746346
761283089
179125025
567954928
234610360
778335778
753656924
190325689
217867452
929540041
356991092
593287200
422252296
672378069
418697112
516644893
340989086
74952275
185277710
426021258
222920330
17528820
491858173
611819694
365066451
651356516
700950588
107080905
94060049
586272251
789228580
166170328
463137147
108944837
631414095
856131556
840720321
915096834
610234768
947105637
178159932
750387275
316111538
362683836
733805961
954262407
118630958
182740704
214050751
997060792
961857368
785069317
145162768
91163305
758043939
289217525
269424915
567305329
202888476
583253843
77385189
646576019
96265640
631595200
140311460
190820763
130150053
313307459
40963973
562565555
675924570
425892250
464717506
238172072
247861325
472533053
701417280
129174337
878013732
410804043
532725557
518209883
893030152
96999255
624414881
4159263
21007559
371973842
350900896
342196570
586706641
273414992
712208358
26980924
869720447
531583912
654121635
684516337
222372375
542985197
824112354
805323497
141776731
651485195
321136222
535965117
320351810
906990695
843301978
285510885
587800244
140250577
689291595
792084432
50528285
559175304
753545865
999266383
7180318
136152197
169813204
758176209
962406561
698767402
975858912
402509578
713683891
437736581
368451623
716277411
818411417
16900943
906801961
335028535
586691687
727402058
376433152
241544956
775863032
88449764
683807451
114016863
528671862
65390010
754396325
446456064
584123395
920123924
976452638
310545143
778038046
654855250
677336019
86220177
373171993
65936144
842916935
443009327
675626282
918626642
822281225
882615228
538539071
127024566
467099467
570899300
233448615
354263060
205392744
