250354130
907437721
560197679
638440175
415816073
951843516
280530270
655421724
471020855
509834712
916378798
251564914
705725697
164001146
721150302
987934978
119433915
517545740
245804247
466701295
425427196
912649801
103501875
498793109
715034579
541757356
517680303
300684782
966117809
129203304
902926063
953393693
813394653
774437821
993744964
436821019
635443837
308109781
334926607
451032117
200979906
211920400
252912275
654955954
558737201
74471899
954199819
214404297
46135132
750480832
112402696
297089857
498846484
737927757
945738934
337704327
803935845
61404569
923405595
874058715
434163212
979845487
689303913
341817551
606908647
962985103
438170260
931287875
170256180
284329282
352491141
811324133
182619132
794772129
265721389
213506796
659737526
448545919
940055907
640562680
587557535
303276006
254549649
215636976
16800607
605836206
454547209
75466895
828698885
656040636
632885172
574039267
384704185
460867891
16868905
221134417
522616485
911094723
48047306
595752096
636301638
22911943
44148116
761805848
397989691
301078562
114470724
704074354
472206367
732232138
677966800
355389925
121348661
282842914
286501179
130887206
725295838
473666936
325016944
1072441
508437894
362703364
102588990
514215542
651444109
778451872
426619947
721751240
777903223
44586972
690890309
748642801
400498613
344303810
4261041
564645591
259127889
492743799
817647284
715722044
491365481
750472853
603260527
96466747
978073835
277495246
452690605
101861270
174366711
885981698
495838577
48949548
586077779
46974865
87314202
273598274
920322952
529932573
110361739
619537817
874458613
392719483
926171129
427619395
41341828
929323997
954891311
777044850
278581872
721855586
871759315
232552038
656019651
609294898
509706959
757965039
759442836
6122242
536141706
373948862
325761266
324758677
547384528
891921524
548748394
641940760
162565022
353523747
256989607
730662766
644322638
729195315
382382060
198109466
841263429
98645997
824301723
175641131
55124918
48749837
322603933
675645754
823279396
452511123
14222382
263286538
392929896
976782879
537267904
329349162
514155436
914200710
993790865
736412875
293776551
549699936
845334954
34249604
878870999
399401067
766758975
601367564
520055243
547919104
77532948
142564000
850169977
457910184
768031468
411060961
933663314
583801704
950997322
487391868
51344928
650115511
501479279
94873405
877699142
285461855
249010864
185782142
816255841
927640443
216507329
730121926
735404448
645969183
904332914
291563492
253311042
790052118
296770131
655723850
281990861
721236368
155590511
275360291
374978174
871658381
413116560
935019710
208751410
126206943
395685847
930353731
963203386
506398996
685067947
643661038
48220657
750461549
156550461
593409144
150390203
580976832
785111721
592414798
331411775
347411020
407159550
204200794
553577269
476467976
157749919
143611195
287031573
295273471
205401007
330108559
494525000
226118987
719895229
6040760
872345294
313991152
977030730
690048898
531954596
286153597
766918539
229005451
960901235
260671875
243342835
502849492
633501657
703360985
505333647
701014027
936124646
563175711
943948515
27567153
464498831
208915765
381442440
732283433
968457023
252074651
643322158
667929914
300997989
354959388
149136038
822101668
30566319
150509700
721063849
836399049
603946101
95062822
60460201
45258177
580492480
178154098
243299558
292905393
233125140
654900425
510109537
583670586
789939823
504386978
393983911
931349287
282170471
692328075
541541928
663429528
932548710
244747297
721591874
279879945
642831437
98988625
928007461
605941847
111535837
421241165
472283172
482991956
982297135
668934597
97067926
841061824
502715510
898690337
447074672
286344732
965616206
88537047
499158292
313556597
741965112
59651572
877990090
796611009
960975475
217786750
539931197
338238243
608967770
57634320
903850337
359198803
373470946
780580255
402426739
481503855
250146636
637357710
181369556
811883973
182617253
27117580
601373450
121005225
407319052
552922086
428633777
383480132
245253403
255197196
697813320
844011663
745589003
408035277
537914831
583179865
220998533
131396451
644966370
893749086
881309967
134044929
874024184
924662814
765084258
737869121
467590877
722135253
496263598
965570816
36198095
328258496
907167489
687274317
130939344
714847532
458278121
756984864
389291957
408053389
789152971
156451065
92984840
353770574
359820998
59838674
613609799
965435668
242665424
819246873
260505321
118750185
992391338
287620469
930574005
48572323
153093394
676710634
355920966
669449929
85331209
706498522
887216533
279682585
218999100
369554824
936844172
58314685
277095932
823067298
124901744
464013668
742104493
236912981
104596114
724858902
41060089
520253610
564841816
705245583
124259322
502155207
479469828
677016724
705065494
917447909
335867157
619547020
756700311
82367020
561754137
781567486
401063897
719842026
322722179
82654449
269234530
813302253
134771474
990266173
122994500
555295113
688339735
419598125
694345129
796491651
376645691
755478357
183024355
205715102
7512234
632839783
111868817
650675381
545190607
583176001
227028693
210199809
574617089
301551189
33687667
317297152
301614373
194728912
261313160
343334256
62949770
22262466
914190800
21941665
455624371
227757834
385482135
574575642
582251083
568964207
813815470
59871703
982671593
908573842
540802218
580388798
436522665
550985208
74854786
928914352
669698668
750388515
174651419
739546177
855625754
59034721
238685163
833220283
956578505
805697347
253680740
493610823
158284964
351010872
733541881
354383224
841287555
161082690
750090730
779754398
247357648
537293174
68424298
976226398
769360529
167156990
227528214
666043246
760748969
453298867
880774486
750629163
119874126
332398806
673635587
312561254
847611046
174644623
166315909
396589649
989072670
552261850
617997135
776553735
315283467
320204646
901586738
631660721
175031960
186418994
739101242
275439975
800894476
295100386
681556704
132405493
681964216
198425019
970185646
688468764
831506506
572641915
72471314
503279638
924922859
503051575
373736697
825886156
677375283
420980626
506772177
666642931
994766779
353501080
790681727
695095796
919296037
291870562
660942931
449155883
265570250
595867491
491011285
574329975
714197623
605334511
949734685
824773739
650842101
541230093
630597036
649186026
204458975
477847144
565083142
416430754
479790536
114717497
851630874
812231890
946467948
75700581
954285436
754051332
679646816
72458310
280673194
447393396
504418657
986460906
213109454
390093654
537482087
521029763
422898513
235639014
81630629
498141337
789082013
319588348
553316888
548962957
175044055
136145189
790383589
857586149
462183956
516919634
788417937
374250973
215305260
804578540
440239686
848711039
502687934
189869668
641582054
736959952
894683158
641739312
324661316
502341289
320355081
664381193
328120638
240503381
111703939
683429211
54948631
329444127
334800124
981649198
325635482
532042525
258915002
397504990
900656525
818140246
963667742
822060666
610274353
763753559
658975457
130167683
771155646
408530913
949853966
688771046
18341829
233028844
594056959
344670676
603458177
147342700
994927031
50975598
228607875
510662860
808024549
549880207
745882209
778754744
461971003
458973810
39450848
233656061
478943057
908197159
589796037
105182943
289213141
823441806
773292208
72622492
31464959
560907755
843365831
190187397
893225545
919589724
290649413
422932891
665087381
821919785
735387167
990129446
378191020
178292781
537115493
207939403
168897115
389993665
10115697
413787534
76178456
831519608
301782556
200001647
90716835
537499585
929587854
41656807
98975009
913158885
943815702
770615152
571378467
530835685
115877741
434019275
207609766
38420477
617437313
888434824
259230793
322949317
113667362
640051216
723586642
49321401
855465040
300650275
371081666
381856633
936285827
899219475
813326109
359504673
996444034
199945349
259125199
643364184
99470562
355725960
990001868
248992606
323957882
751928495
878104082
964772013
418750979
847355333
62415040
103096217
329636
130476637
772556351
121680871
154556740
753229138
717852245
661731338
476415003
41395433
682034544
628937579
670575139
717118375
976873056
44596226
957289041
211873793
534391649
915932391
174894076
564245581
938949914
261711352
898432955
10238186
998991434
361738866
761947133
758814627
630570421
8109706
238235235
267985448
381526996
805809190
126663124
691645237
204947932
243214896
482093102
597393860
166949180
58075129
673691415
361064289
578417466
606839506
775055437
833507855
7482971
206877185
312963683
146482647
928202140
436084054
191526722
510844998
223247915
144318554
754237702
356113379
899784203
717600375
410825011
673924837
390702343
402589691
335591378
171063866
917933101
265643804
6925860
291176752
433839288
577500214
397296400
880874785
588019936
537368666
431820719
392151928
586683428
928439277
751331655
423693235
695146021
91752587
339783306
945442941
614282468
615818124
468397322
60629378
488977193
125979723
697609655
449348803
647250116
999766576
970361944
175827775
271248127
603991570
915574752
741839166
199951325
21786930
712643358
350701925
38787653
310651935
922825060
685879248
712497833
362085774
769429950
971344925
966268719
987131775
978778815
298949756
62806384
390148436
556781397
302114976
797246480
946296480
802199558
307859564
879890558
947947596
233624668
588253358
567006720
255992944
120903800
982691856
12864524
9492488
223741909
673359090
379109228
989081380
906655287
303630532
692993063
782518073
348131544
126891418
356549772
726264729
483080083
660118340
20987761
671412188
113021390
881099690
47210172
613459775
944592684
253654843
219587371
404783793
470811366
90840056
77027267
334571701
118872527
456504888
241181973
786738092
958480400
956776230
763389865
305419724
919840526
73725002
483493148
253150865
609121912
14728407
598164935
675308140
951309790
153625829
464867512
573506327
567265597
895594531
142971553
239804109
935481683
399404747
64899802
970087064
