132126307
727179552
785081076
256664119
794049132
416159537
281847379
916166289
400069139
874258313
555839702
791584447
534913010
734397967
941084191
597033377
89121999
781919958
148356633
122496826
176925992
309620915
926608069
749163843
209150119
127682216
215813835
189453426
753090876
268010717
700011821
867599988
319253979
135793983
705181672
140165602
847252669
313672467
47156483
818886182
571153497
845005168
492293442
447810902
72576936
322857988
311464704
637967839
466634833
598634520
407966116
4299689
889391227
155962909
512373717
822505390
800571481
35917233
47513999
666366915
200345701
92393953
163075413
132058422
174246492
688239712
472330468
399119027
29216294
800918588
749780706
775449530
734763474
329470450
551343327
331920823
817327471
478797167
676586907
886292129
816217510
577845995
722818592
154456355
860044599
695712132
978208760
163291069
623420265
882676281
339594119
811335436
266158467
380789567
618540480
478759544
681929755
360235020
273564409
384337222
850527519
912345676
608751544
665716243
848853813
632516585
269536213
559920776
604619581
180452893
5177918
321774313
359330324
161221869
850149404
622499705
369575359
8619057
272013821
478534359
710030951
309039399
775698761
146540012
461324468
938445269
509291062
353973907
710929968
72583782
649991067
457092451
205232758
292249684
35764610
903871832
969094449
57102349
305602541
227528014
426175918
418287983
558671486
442967371
877498363
17819806
452005111
104936598
530640161
996040773
109184184
673310698
88221199
795030048
674306269
541488120
136646915
462211532
204391774
910408542
123225523
915562305
848990806
532035798
530461825
548085466
116541555
67080639
125457258
946277570
653405255
312473010
703016514
44485807
52358441
291742968
750367911
332731389
269041647
443504662
486440157
404354463
823333744
714889194
963399596
976680368
368871251
410202708
617943414
494276489
767224917
506882916
852710574
395193998
104302491
510613611
569297175
26635688
912505544
329412896
901278250
384924472
979479338
584362590
342635517
796711173
970294183
43735391
742671607
382563301
791120207
803915524
193169884
760887110
423968385
718871058
92228561
134101612
568636200
553781456
179214214
706338845
449137224
631180768
179052653
146522339
459762434
307822516
940183315
541744828
722445791
723732223
420225844
939628750
542226411
101515685
424875123
238971154
372253676
166688423
6386185
325135859
667531100
235380112
703156280
963309391
313713031
91823463
971225611
385431431
418385050
435195563
457999486
358724088
150198682
194939405
935787246
348298570
405309937
196113178
336948739
662471667
103552075
200926778
660117508
67387984
383689680
253541133
218660699
322452700
293995934
853257406
761847934
401947777
547395271
854078353
38807744
213757112
928024486
215743260
832809306
367938970
336596903
554751883
123359778
287250228
265732736
61501755
789430067
347287006
165728437
76576553
833661215
176140498
829739682
343914517
221583784
466604322
575262602
635768296
579619710
60171897
873162763
648772910
91435496
565127643
673347627
56051709
811328815
296120328
156131660
722030134
420274082
189566676
363303870
969009767
325874763
548800190
77566999
372867280
801655246
322187925
464111065
871373692
156724262
217419381
19596190
585707436
572208093
203480754
632494568
572203421
638494508
292256189
636123549
772637408
494776206
687823991
463316387
558232133
613902600
209681027
250172939
493309739
191155345
443698302
656302469
644094539
812836626
860729914
18039753
672783592
389037322
202395322
834113049
257431785
596060831
1789070
492048647
874016114
545531453
87640190
483843614
607848061
663625758
583928238
83535626
128017892
553443126
590666460
474233560
638050770
85483803
519334864
758964679
591974218
72014986
970801324
680218346
713025959
561116911
375501649
772870808
711478178
185441000
959710975
183166098
436099186
458143139
378691763
176576577
492987136
195775343
589300272
12700680
526262409
725837411
642324876
829683979
607227106
360162676
528284576
90651413
222170165
386496354
379988982
587299789
869702456
443430641
242138830
185416799
625259505
321570722
779022687
312899202
170029803
314769381
772365435
422407060
703914782
400762139
647436438
669874752
174751362
414089883
981246423
442275426
496183530
506634184
232702270
866136806
429690108
141117345
72991240
352863283
32832334
284850236
550700643
324981823
805452017
372411185
313463641
992668543
216004309
193274964
551317070
171416413
416752655
276401069
842670876
211493028
953471975
219917815
125769197
206464966
712726236
858409822
915900050
808080280
405249929
937713554
91116259
363068272
210728371
376002023
755726690
484142160
248579481
426159403
280066868
885179566
764068736
447383611
616955042
331503596
87298498
654767894
453870443
981476396
862772812
809830009
25522770
219782460
663963307
21209241
912664829
209772292
15348147
866526273
640137046
174422510
368950185
742620361
919731893
867738462
281294926
950395367
781940171
840002284
437548273
67174909
922836930
990593251
996334200
957491308
447424290
506088363
602962772
794265600
119166468
57958342
404539379
934423652
945307467
595419918
912190783
871333797
699104963
189519130
463337192
545954397
468794013
382053207
786022356
105644357
516229381
21448375
527651717
749216578
50208670
136903129
872827721
613868157
543928123
795597903
886993078
34929518
223448259
706471997
573784950
406576466
606809518
221082545
747359804
582178704
769883130
434526531
797312893
324311974
955547677
409961127
251290404
592421041
376665092
891593874
598380895
540783722
204570894
890689842
441261927
425975915
978436645
853746193
744056930
982263337
185130619
790671221
390495529
149709564
708426839
877261265
647885537
992632965
615734178
56760726
939144878
247711467
634693401
203843652
335761226
81702849
224135480
203339743
793668900
640247541
885612724
280406680
237203065
652334247
197217007
346209355
830358622
332758415
265210069
147809035
428139820
753063324
477025614
765096466
397048084
979211908
44031002
647603329
615885133
78286412
762075589
258657437
976686861
319904365
952448995
350669427
906090319
727242
554928616
359559078
201840434
775096901
60077292
103809389
96650613
904723938
553468155
738161280
952492555
362217483
46902642
315127122
727422895
467925143
628620905
186081553
770685852
869596934
806795566
356549316
37671846
576532150
587454608
715382488
878171951
626955286
303719817
917298698
699885250
846547579
440119035
829631379
777829797
905650990
945968599
653042917
692986032
373216225
668445852
492324145
425743752
305869720
695110773
253667650
31383769
446948467
531234540
508761718
691283459
766367442
579983573
36493384
193931675
198379299
321887231
625308283
187642293
344694802
225637437
469695325
601004120
636169456
38276030
105944975
922098447
217271261
537297323
821771904
521956543
975577987
493095520
397469627
201151082
314471420
930805563
731802125
881421376
333786957
683998718
431223483
95720746
794958098
226015238
933517807
266564006
403625650
635699704
579450498
583763758
320660316
465400623
348291229
147578787
198750527
891320024
789574294
267593690
589165798
331569202
814112506
909651142
709462634
986805173
715705471
273271921
182513946
835342301
879460253
267573735
590085105
743886906
853855334
660696082
794413952
373974579
806046021
410154217
104758221
839380967
518472796
581571556
957846824
238008146
201296226
510177363
144804291
249890839
2400555
423151395
141231268
464208434
292255577
2217755
869886211
521572340
386258110
808152923
510309766
660245886
84050060
568283348
756239449
311876762
993678651
576773408
611545288
687595145
353164834
824775946
85274002
379420077
162835468
749784829
813096405
232540950
951804317
471454488
785508947
205528107
128467630
932623105
832941746
456308858
126342466
125876671
451631328
851637579
790809870
272841612
987716468
997893096
899844449
444512334
755330907
950189447
825332105
645970061
244329493
624522816
898632074
457209144
896726003
177624607
337877392
761811190
301372965
542470747
189121349
637345260
569768021
914803620
22643976
304781658
531778256
151426953
735341600
299930591
185534295
867801980
125142080
759907707
896785273
80323222
837059476
87380905
479575626
718323133
994453920
862906956
407208843
305834256
227124994
160986130
306896032
671258484
35897101
655317138
118431465
364531275
824503704
909160579
662516230
153464610
703073590
72912847
975249120
595062791
912734077
603903954
214847846
525401514
460435766
376527512
499380736
138724366
560423870
816402781
340565129
250496487
282235564
583049831
548016826
326214391
230136416
263933764
687678626
861657845
997885625
860519771
115529851
80024462
181499125
821003018
43298276
215981500
97391477
743320663
377249631
764146629
112131783
884512834
805589055
390549966
648059109
881807328
845398489
850597481
661605392
168171666
110834613
219494319
314752008
867934977
82295711
241453873
361143753
336301838
923328192
439139825
385234220
113591275
597177164
52214306
488374102
134823384
343902388
639432746
333229236
283399236
41332889
817103205
439153149
576418499
138364703
397722728
777460774
157466859
678155280
348329087
418535274
837081144
200052452
829713959
749685157
896035531
765272452
313564147
738707307
801844401
854837745
761089637
819992470
938109804
378912409
998540507
287335669
753374748
902175863
513235725
537904940
205965743
517368245
378206156
126838776
293731407
780341168
738333507
729570273
684572981
463993097
203676893
658146557
574999105
20604551
548153075
913538821
767463204
302529148
592338569
369550931
30338240
900725437
531384833
428561489
280243250
997110734
501043344
197506090
139824195
110387059
24086025
255290995
164919555
810424145
212569530
319712898
821846295
702875182
455953750
115694363
26938944
583993873
54134325
337851304
651160852
102943080
244993364
917505253
830759333
85001686
519872463
450845600
309837293
143684794
507566699
305240304
985983410
949644666
846595524
296620671
279297824
540827417
589746078
574185922
439907071
