827240358
788407851
32247932
150947316
158248871
84174848
810444432
108887070
263550510
540789930
122565740
307915750
912686499
721780205
609665842
40456857
392061053
334805010
496798142
149674375
702363904
811709373
957026302
609761735
159680255
18132608
910592221
655717107
715253194
38701271
566665180
451949235
67009304
951356592
760227157
885698362
471079031
132401365
660072766
476507281
687474892
747931757
44624241
48982975
569485725
46817924
973137657
60705590
968335727
361612401
926793085
744932470
948990299
745936779
195922469
15530984
831381548
422486196
991267059
140116263
173582625
154727324
393633874
224849238
974124749
670616503
240906446
961329906
961553046
723967479
569377825
259659687
674732242
20290861
462199482
954432146
767085131
908043327
40276009
112862330
44994950
849886631
687381379
353640793
111908185
821732708
502958935
321072523
755434122
744696172
54316814
48592835
141134304
519956503
302924656
532747567
354297883
819775001
74858225
898869221
805911477
11807750
99152542
244368248
792234575
667133397
70200227
928699437
283737296
241490322
248445852
923338219
382210187
878404729
95121312
323695992
467345944
39993081
112941053
152392040
167657568
919833921
205895783
216856873
669650664
520784990
118525382
154775739
717366204
929451914
600134262
947310129
833185101
141406787
306950852
33187199
750734089
443013131
561406216
444774786
751532481
574259496
37335227
513943800
496250320
130978593
666382646
262729574
424835190
979228662
65401622
314304801
706833948
922466183
731211652
886077554
805911966
882295667
574717582
271449585
548608015
915424487
211333233
354285381
641356058
301135721
90153118
240803400
571453876
61934113
572961902
24332812
478586863
668166266
400859558
593398071
882498694
691951981
720606552
538672071
854402342
855795806
729940547
738137540
864050291
285829461
240476181
910718916
410195133
420873297
227275231
868438421
868295548
289956631
896166769
836107992
362926262
683049845
872587741
195114598
40825475
425579246
691275697
362901077
406266759
41068810
835717937
38667681
521606625
137813581
3578859
113959985
161689115
36045511
417047241
692812207
185483940
473195691
490235088
355526597
60659540
179434200
830608265
150580579
834658880
704523480
156037263
188630232
771999495
564751564
230471808
199448849
819364238
525491953
497846595
428823095
164520109
367039469
331870781
822981481
450111522
201808499
389112291
272381551
417294437
113315246
706749306
832250036
872909388
203354562
650624052
889730569
192814756
517061144
134455058
861391274
594970979
540695117
528242195
701743278
885031545
647087705
266668184
956855060
907341772
804130009
294595745
636197161
538198914
988224144
528292098
818444469
141324910
667253606
905415073
858851040
790321908
558226714
733286141
721343634
997774172
323787226
315720842
568644933
914127511
340741237
6634092
302303093
391036894
636455320
833852115
623824990
838797273
630127501
937949935
803023816
935140313
432257230
365039778
613164426
818719499
70552145
294051122
884685242
675062462
832179581
748405659
525561149
611646070
275604016
71069366
36744265
807408975
806898560
703969104
561244318
331366862
698023250
42727548
566600534
797495916
992292650
245160266
901743593
154372029
904467106
979647195
511197408
729303669
102391257
923710725
358064677
193186935
120121714
902624133
927222027
29736103
431035598
893582469
81947929
592335577
481072942
690657022
115432877
565385954
797107850
816416013
31898712
926158395
376705616
471656953
237117063
389529681
798439242
815668509
826426847
825391877
392307528
730313213
770595355
852532385
237208250
796257478
509254812
351893290
713004687
843557328
687287261
904274425
776747075
531508214
900331262
804440779
960779617
974264956
316422974
301635628
129727388
336357638
357264178
88051093
947748482
585039011
352598053
630734303
686593662
968534995
394747691
304453203
76197285
101830149
637428574
700722384
122987114
229415543
355127326
684815462
181402209
763539586
852381265
953550520
129128751
127624285
149411319
845197400
571325689
432676282
428750062
824174285
499245535
524791219
695664489
55949889
373049035
682544261
904783901
652169237
443659425
878520508
665299626
744469691
448809637
382834058
828077140
674916925
894079639
199608878
681453664
731364074
619137630
631607510
120233418
366187800
483976372
403713656
958922340
820124196
435627692
507400651
59408613
253917380
539784932
570573405
805207667
551406065
406165659
581478685
327673349
440442851
324631640
702958087
241156037
302881699
98239960
107911574
504740882
746294692
299547144
474494392
951117760
371716811
751222616
697385986
205036655
867638024
404557800
329476689
571973515
969335377
723621920
84659704
216541545
936258772
819111894
411382246
204684758
878236231
577626389
276671075
268751266
312600953
871935527
241010812
406732434
916179541
390451472
817351717
267947840
376064797
898972772
212627647
520577052
961133298
556282890
687691801
502694762
842398944
365536749
937569642
146848264
76688969
9505169
358337971
716820930
239971935
486416541
304897263
483769803
686857712
903226815
626504650
168668303
22876069
205743125
638516807
499781282
510211803
290653552
288857112
477186551
587206081
61528848
195908718
70362604
510994272
564082651
255408246
379975882
131420093
908687483
362285812
512699481
640056746
129822810
192062296
303095783
513597555
524189881
166760498
429762999
85554209
333581914
581090126
472837981
272468122
43959344
497700982
755390172
917766082
187910518
992482957
551745392
76679636
460383091
559642181
15160121
813596450
287975367
205826658
675889283
231008295
924921379
352349710
778170228
540941002
113805168
528611555
893053257
13680829
335421023
986183726
986021921
123893054
859094112
391632341
253624167
480438721
723070735
797894480
467034927
66381668
500018072
462209799
943509573
916204524
810540419
436019845
179673654
570180627
176902175
489499331
225622188
318363223
490871214
198754704
160632828
981232202
802919897
931896978
158662953
515347787
604647724
741709343
582345058
201726791
6461036
427852337
217585523
68750749
306018014
534721398
90525715
490080885
738791729
609507614
730990221
462711580
408840136
861965703
730400581
677785322
348937901
322872630
836778652
845921691
760561537
667658698
633021838
660339407
230999512
272391964
677518822
791173756
639231526
951687138
461733943
758308728
879864740
741782781
909743487
382688081
218434321
110922905
264162613
642180775
398973616
735541301
579571492
881363599
467764482
697921247
572392065
940954192
201496396
480877630
166409886
281775093
904930689
736423366
441165252
338802336
794830498
557246114
837751235
33626049
857202575
299351957
850849357
787104589
147773670
972681491
582846839
667057354
952222214
347712500
459351001
238014995
58710016
194597876
446948074
25020236
88087205
751658238
192574925
533078264
699999898
736564628
589677360
158353896
785277252
179958849
853378037
143441373
300617528
570941150
587857582
661188205
273171668
230536563
784978199
99621659
884691942
792466902
733589928
495082989
115074408
905334709
988731977
853783894
21526629
928394889
223065077
710332813
289475291
416145016
250715131
43172259
364671189
304672971
333626150
120637946
709674595
692495461
1827337
967814820
119303453
439405465
366439826
381281063
759854917
798162794
964843326
828173452
409619675
347326415
140328293
295620302
18068310
697491935
418003856
794665187
747832650
735893464
136827267
856882361
956893771
143045224
853966081
884472511
320226019
544685322
296517016
968498696
896910412
664340253
389947062
192196481
790639564
765775106
375779535
675668941
538894883
607450913
93928977
223363833
963551562
394891624
300713137
942148875
275816723
955094827
25103949
667179253
886669113
538960961
372805294
973781130
555668193
144944975
10921048
976258228
585439383
481967313
61055044
215169594
501645777
996344629
931263038
745279421
957379352
948131810
504980736
252293202
321712399
742334913
255770304
140381736
641964486
913463432
893330798
562002147
842332086
911817204
608655788
365131190
519581373
629337762
81829582
357949450
291534958
416165930
636528286
645694589
754854057
399521306
90229558
56927569
546395869
878759382
721718055
967206931
463628584
555433715
984769522
327684911
450114091
772810746
345466853
144334200
283190657
232423558
331816643
642204759
251614176
448918900
133926141
673622177
873311524
695923852
695588220
872308013
914515047
573313588
453744462
541213421
311603524
859286145
497439143
922191091
652105354
198842734
593985865
763205103
191745377
926123865
98373562
286898370
927047681
280970876
915017098
746770626
283870908
937495381
74758792
59111400
84349287
994323525
394080413
305935157
265595164
416607380
183616043
850472016
183171161
849410040
52691884
890314994
101689252
443556100
16081387
590827944
275371602
423275761
492228844
84347923
638437691
568611538
450459382
325490309
350545337
847027770
746574495
592340647
780906752
948817593
588437105
977019665
498554795
394633061
456864133
317279997
465205732
191503986
656595926
235497974
15226690
743513848
580033941
342335336
873431981
208058567
185209117
483491580
264889489
324189154
471399023
860595146
445266536
990410868
420673708
515737747
543864143
68590104
955389818
418567393
670032884
591275395
69565263
234353567
260972935
75672218
391760199
707056189
986691966
698801389
125622212
83867616
766679834
256730869
69121232
894923841
988577595
108124046
452058327
142486770
661818652
263082914
327451158
456717598
477418570
727841958
531753128
508143926
973959352
941126384
773415852
396615627
236114166
238028532
565465089
423951294
673948585
345680374
81362401
797759763
816298367
478152926
496799613
566088099
198566941
387531406
93915312
188535666
921289635
525749865
527160151
435740097
616531775
812903048
756748740
406949969
263824236
612847664
756934996
533130976
543919088
883616271
733096836
45565581
925385535
729006583
847753448
528651301
691265779
645169937
220975256
642897221
26761644
654298563
326188402
