859144778
864057191
937094357
232479987
99768662
239248659
566078132
328675243
331066640
286194676
539412012
310778166
732375430
198299436
269780759
835012995
667722714
21217836
946579733
30258854
323608028
712565229
604327074
487734230
517412980
895107077
783530456
582661104
493837139
192455571
334337592
870566790
116883061
599017588
650712024
403843052
973334928
411224198
21688614
418106139
261228584
980440372
563761833
77991738
26783707
67977460
896016017
763773689
738046251
38981696
909842956
616271560
547845869
524429044
189278907
146579549
259730117
449360126
715067006
204661583
455718201
983417027
834838103
138611068
951857082
668845221
193895105
133357842
547587411
865937706
861678066
256498515
999529221
528473593
769030269
343167655
148803395
526335335
460950523
449435519
999091059
19756767
844614851
454855443
282612614
718066030
322720921
592454015
409738680
504132474
144112935
523974801
696157191
817027029
962387937
277811556
145602269
425150764
126134654
357938485
874082354
762658174
216186278
872108544
177303628
653344440
616742338
19372275
755398774
846111251
997776152
733394780
988409602
265631486
205570523
435961434
138802175
379982660
855998453
233791052
346124299
601441088
723619161
43454936
721824770
337703264
560341323
182502191
566085655
491218712
197565386
723652629
400200681
103012037
575353163
236432884
803570488
972506306
277551814
629268173
101323692
303348646
837055240
563627427
506356320
410718153
535565198
430525704
611456506
526426502
139009381
765619607
569152310
892343601
11814186
272641266
39039012
172731341
150283773
839600363
93003116
434240147
453286619
264180061
648545865
274123523
333194098
885397564
690278322
969137637
632390945
166295867
102430846
226730279
132467360
42775652
764385846
159991734
537098615
311106616
802138065
129815619
571045684
39659152
352209331
431945777
154500319
507857079
91197851
302711896
197393871
630839146
822222533
437951450
536265056
667083543
850062026
572875178
915081561
232232797
77524055
650167632
740247380
642318867
894035556
972713512
663188761
342422030
759876241
969038532
508255418
879047277
635632725
839177155
37462297
963187495
863194461
413627466
911970728
216600087
119623204
825337018
794199713
387566425
771743766
1551799
344073333
664479395
690465222
465383815
192713625
191510668
244910171
304865817
233582561
151970432
389568238
928726816
145623595
379495818
768757015
812078287
747980837
122159318
794456477
318346592
995206419
983045376
400489152
573077560
803889080
436434559
660904448
698481474
112609593
252187035
855967918
352680954
870575100
892483757
628640178
998709365
651956807
294492425
776324906
316744750
634137106
330766907
605594593
885491863
573619257
934467644
268003871
532474910
447843071
307544915
77356181
672040395
593109947
453397173
6345378
361027955
263990242
117387662
661494733
756279064
530606218
546428696
192256224
981395524
296002513
36887283
58151715
253139837
750855638
770047648
160121479
453488411
345834410
477711727
684209485
664439512
377450783
514997287
999458301
869421435
168430688
128429538
250638402
805064676
174830854
183927523
759571006
417177926
886138379
267612222
734719122
534569145
632997691
20045842
786138530
87708409
138510683
624199067
589489350
536731973
876315928
14864034
781619270
677795421
147423435
623867768
326205984
115398220
769187686
341905865
983577171
748992954
117929359
792073297
587848376
402176680
295790293
387191547
806564670
112074990
277316275
640973787
367001456
483243415
35328525
625552333
820490719
325788568
691573195
596501075
525928829
753251714
925507936
462726327
993105505
153566654
346810266
572842979
657641240
550963085
857721537
644172786
647990239
544232513
284035050
985726167
416639785
840924392
432197464
383961849
791918115
751319134
817634396
477414360
259415698
235342141
647862576
298375855
642466896
521871101
803377048
417416
423825023
172686610
815977035
230325457
823485017
655203030
798967791
434281721
55366414
722947312
729550305
255601584
254353451
633143488
992983547
822768942
199208365
49602357
208912547
979566325
893591102
307611346
804582959
774609693
935617316
448093576
203310629
757763363
505704077
48434411
930376082
135770139
747586036
857304120
220347762
475303628
728255477
53709592
162241150
761436754
41956601
997915742
328595435
68970802
21768828
562032811
223060908
626272208
242358592
825093633
99167489
592864539
312958553
823810721
106826313
116213677
368103650
41367341
294708140
375391441
451892400
41204427
928577642
6932003
792571228
593780166
508015547
397049330
412795725
517679918
94513464
145498773
887361206
447475792
937609723
895675358
979015910
735612156
752840864
373584504
225032667
577038420
515404771
680610443
949266920
337511543
822811584
923775313
750477806
104134085
107199978
686888136
759001451
786849707
309544353
752174
69338099
321663431
276399572
427988661
54017264
826011576
213476483
724678672
730580168
953668715
705503332
865482760
886200997
211150953
137197766
632491492
288526476
921123634
150358773
874853979
525799655
247967199
57665081
455059685
770968581
584240233
646571522
308661639
410479940
407625327
386497320
100511498
137931438
936857549
826337259
657352478
459212584
324852203
319567240
399021090
363561936
790726097
950030273
995598204
632008210
957328822
37574316
539326852
966936318
474708485
398361659
837877816
636490934
434690372
474952518
821370899
263998349
821339886
657020079
469777030
179440054
904814842
314198732
322954841
567171394
604991833
727551322
949343446
384813693
479845287
173278908
963674271
601556394
751337681
511292042
735073556
297936924
62066876
823051474
813639757
546665916
107244669
341725320
935771454
9263667
548619503
464020562
703241064
461905031
4966360
393354128
637872696
667832123
849790208
219581036
458747093
476527364
627075431
428426809
27016376
229777500
88230868
154513159
487091031
301429577
434687386
236321421
885153251
923398328
739878960
523433974
201931473
998288411
843380320
923111112
72195384
563089521
378427277
313691174
18551891
140971271
24310257
487438415
379847333
86491158
535406210
295842148
751766184
531756645
52544949
258546192
670861491
633640065
796035097
583862256
458435048
952731509
854634288
634341877
574576279
312298081
578867309
779842734
722026069
481532384
191422654
639584284
824451801
926679095
147385652
895657571
98100087
313384257
409874917
886045104
205467243
600792452
774665824
400599872
766023365
138845238
484555236
353396605
870853379
481332768
852572482
568291406
202253313
259518064
464676064
119463873
708455231
744085399
739114894
706253809
562103960
244467521
765412344
898314948
895068502
895821924
471390346
825087087
384370993
156887376
160446104
357477234
223765148
909989992
378395012
857642594
178065684
454034416
868318510
435731041
827742844
225470703
908989354
240693301
628959901
623131246
437330971
564933736
462003031
27921778
187202339
354014686
574269362
703621107
323941143
960999721
835380106
876350875
505531368
870201440
667454891
659468147
969025611
713966003
320886663
495095248
344526258
292263320
881123050
607033468
941398187
254420815
875766888
303383853
878510963
336633256
335478166
524719043
269355046
271937256
458490953
906456608
363084056
356449215
969685035
806431417
783207870
520144039
586048848
417395290
22262488
301714808
948503046
998117068
768276148
168274696
256445091
195023350
919806636
133864653
278604988
145067650
683810685
854969562
86523590
932781523
478247797
270885509
825110143
987307886
625521554
310661063
606995828
233594112
411710487
760998281
296384091
612576396
744280966
514455245
711887376
824382218
706214471
463727759
584770980
639683378
305917767
877649818
535107703
710236266
80188164
140454815
604912405
135490393
993332266
313423302
222645922
508114493
269925624
36903512
328183620
512322361
695033895
598740960
791873734
711601423
694718978
714908934
586406581
7277867
871890604
643868694
450742383
405351391
421977275
454222769
438853178
220082925
270198581
446840210
626863755
600597977
735777805
114873876
907119721
485066739
705748656
471505434
240261844
98287185
538352358
788269597
342650771
707377454
186271625
199565015
129348322
107473510
671854023
873169555
944964399
591008832
291243237
527829835
838345661
436319469
689712431
199561013
713513116
539109497
874570122
2562997
237915911
823085413
410039755
727585641
776544555
580160019
691621237
306806995
5852766
223213543
474647089
488119396
468925507
83621007
301217922
743364927
219079766
222412260
324874446
331379667
548228900
397029024
501875810
35854923
309354740
207947969
276528213
470800251
795354306
506187643
757992317
701152346
223717061
535789361
550353685
519565356
297337699
458685982
423020459
549188302
415852271
365047028
867316788
721750855
116361742
803123840
58904328
754724653
135101546
946347502
980481245
491100856
214235050
543190455
454334095
840886885
321209603
374184831
418230900
568596585
303631805
220820986
511452688
499665122
465221225
773494742
264402334
933136145
533267320
781652565
446027228
760393783
799391800
775686143
915527394
183181872
529712234
780124953
919493179
506230899
149043640
521803558
335698704
849006803
525706396
266891460
486917295
680526604
81455265
709466798
198355752
923152866
40455081
854423872
245556497
195031285
853594338
367651666
256529629
342866999
538721505
125768182
221457333
353448980
500320273
220087462
691709054
438548906
627663059
271152223
311174650
541084648
454691651
912000000
419552944
781828245
885122280
662445883
973958725
198329765
286577447
583875728
851680879
823800520
583296812
522874361
719938701
944967927
530129645
720496109
329587532
162060568
523595324
576626180
967509393
23275458
300346225
982249723
348686529
305618933
575182404
48368388
52863545
810303041
398292147
657271103
468461215
128455080
434870927
463728251
309909004
191148455
393692939
58199863
56289552
954845775
274087301
397656811
770152167
977445911
500148760
746741126
908419260
907166948
941564689
149114082
17489323
878065469
944490606
