157739664
139137332
314290342
677568644
205259918
472449633
118721786
758502224
923769919
349506389
688614633
178067738
150293115
963171359
846454468
761138275
339430584
678771774
523214228
893544797
985193468
83554074
859729508
158830363
312002582
618138897
892268127
908959316
903585568
550382888
674538819
872824727
901901428
35032337
744741004
37171924
52721579
605831720
357085183
615084382
822509475
42762172
348751024
700472883
467649226
283341190
177010039
899400656
549245577
599804190
448680969
57563147
24443038
541595492
965088091
74185590
279407822
155459979
365566062
587121020
580181504
209762468
854916655
373387030
674967569
815789904
276166308
115260778
218430355
809282544
708416696
733598863
321686591
908129844
71035322
942431296
734803048
159256625
691181135
28661392
441128857
992867470
359713738
303781377
101701919
616975672
848381688
360305935
69944244
670555413
757764100
897261599
240265657
769964161
34902878
612747006
187845515
975363993
25505313
651859320
7174881
61749261
680970301
739963032
891387492
715082104
735876554
116313193
470560170
22656795
339382540
120151197
464278842
336904669
145992162
587314033
850048729
551135277
271685111
57991897
967408215
915860372
45316533
547874940
51518443
811155096
493333205
551722428
873226966
458288314
754585780
759439054
133751312
39321815
21486511
379379596
311897168
619750704
412393884
386619813
881099116
732068494
889745764
47287449
331172873
637612903
432982756
903360987
623971999
447588843
762698276
636710237
703678881
967513415
684451104
91314508
16432727
133095361
688444589
80232396
221748898
184154125
243086226
12271855
268071013
579943484
986399883
424957026
315418158
766612565
275416864
230298024
138741393
885065296
176892779
235339720
26114607
998029082
216702066
413905538
378172339
589972217
927750428
425638122
695590037
117875542
55760173
166237895
354870709
930172002
362946868
178801807
931306114
332161487
164870915
696944991
488982268
877473908
779216434
751229388
651213018
8025730
587942829
857359433
172171978
532400252
497968843
818613584
790620636
449111383
65199900
18403643
916393293
274539050
702060055
631776680
256403695
817448102
316681817
150195470
524183311
820161988
70086317
385246154
403665696
96615057
298991909
806579904
720194380
479947786
746357450
148640698
218812648
465472677
762692519
370146609
2029387
70390995
253466144
163189785
619906698
237146587
375617258
905759325
864972101
344543224
262408512
656767063
630101431
533094234
440541296
671534165
560792090
629020963
227046077
831051029
937939411
202696674
453693736
75556921
233408342
691388938
98419203
310672849
702753931
916559201
799590994
450920616
511846530
331913445
629747292
186012700
563981958
153492032
530288771
287036723
444544729
164326990
520274051
59122471
834206543
642224844
176478473
187100146
39406490
74823285
587848606
589791683
238426600
931641488
432207196
799332711
616697257
177909222
929781441
928517758
138727383
64944408
203005393
948412899
544952229
811487895
144920533
298187985
903346940
254528595
107552207
407300057
98732192
940009352
386506300
773612421
682422622
394571264
241350376
591183497
514910464
911319056
271266359
627930646
328710594
209799311
212494015
580205041
899706248
830414579
569315441
386072735
223710590
601771012
148309340
379600320
961321596
571861150
514170241
22718647
497304310
878290486
283753205
784877893
967271077
180548549
491059491
298417247
545135188
658594774
116910089
222125992
936558844
338597943
413607293
227408326
793678048
575074745
619702305
335152917
598993880
564715491
398481736
72932360
685213153
721479470
183589466
496961178
791700012
6905979
812290823
110561471
880401022
218631729
93879186
636619976
627565850
486388464
660659568
148162045
718739819
914076767
35069853
241111473
713504490
347189448
449513889
885112646
188163718
920901012
585922271
386246850
952158844
179017323
423724766
932588818
479808750
210820844
99664739
245791606
996959081
994098311
506717234
538229208
846303950
6348618
341724969
717927115
244718756
776987316
599842474
307289583
914415176
471540259
616413097
684917111
529645638
157370262
359427869
338023705
271965580
298476819
308797460
870798998
420983707
426043973
158402625
701383699
794906962
161290367
156811226
416745005
386723724
414867961
151202963
724641507
407359533
496840643
394807522
707155871
5464478
731586773
640393890
411176400
321058537
278632687
471831672
480618584
562604224
738807653
402943180
322438488
851392974
761641033
973826025
698482262
685300850
635918234
117245501
420259977
847945991
640341268
923020152
83428388
620176090
183097469
920565857
499547215
320337296
891771589
277557578
32804994
762562739
652271996
332559226
540378806
658082928
897621058
549740460
142351020
954212299
677784040
138779474
56099309
758347186
834372736
565352030
625082690
441041934
452720700
39340656
771441297
379595142
974547544
859209879
365123208
808566619
556965501
791000309
137961068
358066828
972284455
160281287
670832634
461250074
370138185
559875747
199120977
429081806
433447218
40399333
787679790
86177773
974894480
466047676
170161951
501561794
866920843
325081201
785803352
617745437
295483167
58505280
867616595
852430932
506116280
653209851
788015193
793062116
967436016
731812186
101117426
106620748
411779392
784284190
981927842
517502752
467946838
594849233
388209000
274496989
366231053
196000884
7594716
412321366
251660865
685263523
404700660
508499867
689047928
863561413
941645775
231884299
5196957
520215630
62583661
913779174
292664691
818401700
955133793
716928332
771860553
406058859
461645788
701635031
939281905
681059041
674398380
190610289
484119832
652659197
33614955
272071609
936872199
511306362
251514383
99482282
50910564
455295229
600770067
820852755
248509190
279515325
104014188
103874603
790166409
869233126
101423791
891563761
721700529
68148667
224838061
649545136
639715439
671280667
502636435
960172192
734355095
305959684
473039459
570601822
10865143
214090371
24380035
36388730
829946457
669574165
295012099
493890593
268701246
963101377
862868610
837369460
217631633
134281038
468419141
492345227
302044671
357771184
911468620
70048779
579635250
782834618
468909758
415971164
427821136
384069817
632356169
265591532
8669927
291342190
365127186
744950878
982255769
30168245
809987611
34418819
255135290
67625458
273928145
120592243
574221027
607533196
622862514
758599150
205280056
387468599
431913503
505434401
202861525
10291208
658127521
376583910
394491063
402990679
990966570
228030524
745180611
608408869
608567592
445876639
37217996
29420566
485220666
977359055
597974191
117917732
855113690
187463388
324293425
434000322
237209936
234419213
83843039
790876376
495827751
972102053
159972103
710310606
210691108
40352537
952156313
126921768
62730006
998378718
633214668
988543274
350459815
579265089
39201673
581957087
289238206
646726420
459057864
828051504
83374247
544800460
122312529
645503458
160624959
87362323
532354908
244450115
181140975
768861202
773081270
423708308
292740871
603614685
907162927
18864517
68058420
34870004
397717760
568215055
493720325
910296227
966690558
486841946
344144386
609430916
767457915
275848600
148261715
742336337
144762115
590483515
775361347
255791533
707502129
951027289
849789523
514468644
549685647
123328784
507997628
707706197
945780791
293868803
225297448
209506359
695802402
746845128
672102161
20337155
513898667
254368202
249008659
890842808
334331179
173078019
578109900
635470582
301359071
551194042
319904406
256506307
96188400
438804637
624099086
182597755
648346960
36949337
896112555
956135636
169074993
553589775
485184356
274388975
60217427
786014126
964515434
672821755
261544498
134638027
913628512
20612787
603746437
127924559
228437669
890393912
341474855
884518537
921460353
534424110
372917389
214318941
213109572
998491604
803424377
251491320
611517797
506976154
669769716
42699692
561159398
658853064
850732571
715966524
851262161
960308890
769183844
974619682
830625381
548317051
208562583
905288144
373926083
166721044
637565528
299291619
652759869
968263839
210366967
733705173
841122898
763828422
115488983
361688445
583218246
954756050
340480203
486692751
470964597
808726105
174496329
457539280
3052039
218844805
573478627
254775447
169880214
887779911
276662397
268128778
121210067
366855171
53893155
373143301
325861526
467629243
840392856
46388527
360926075
504132757
598731449
643253956
296609186
936064541
201576792
797330975
543364081
489044126
132748277
896506109
619828687
282491093
503655085
21899275
373820722
751023302
902236105
155081278
593242415
382790080
129411404
764979956
691601442
942238188
612495105
474267726
709935266
742345681
35826919
115589003
114363194
294091675
125766675
966831839
209994655
531242371
160930093
66987496
17268012
776147651
711411365
680836087
755031634
380156286
648300089
838718972
863200085
31993879
999322578
574838223
565393137
685311578
453146110
978135993
374721352
833751492
951652512
354370997
323569435
727309065
87395708
801018399
453217207
17159274
782142915
325737012
156724418
536823244
811904619
842578349
590093209
835248609
137813265
817094763
671378714
448575316
9948322
311445156
293938098
773776132
611067640
677941387
743023101
460988695
550195864
429051615
840945563
147630680
592110486
376243162
579589857
806559094
743418059
289958946
688751942
910392965
227618879
737872359
598013369
322563077
681994554
326376840
220089259
156744228
984745013
730144527
547498312
636051346
306757279
926146035
823803170
640207356
60432898
549793302
116241424
409454320
57995297
992228511
466963409
353091300
484791448
9093737
944712757
435661456
262988491
783534113
91830549
847854317
128342821
760985748
220956436
272075961
713431785
971375020
91781577
284690799
457852127
586278873
476243681
820051336
881553301
204894217
840873400
665964450
552439990
939382500
746126195
193624756
173717521
279297621
852397667
235390367
270908950
244922069
837771628
672900816
381664082
784427801
893755735
