68092262
906857837
426496671
805688911
661979928
16892398
354846302
104973009
465745496
5617057
626963499
14678992
915437351
848114545
383434793
267365326
522813158
268503948
179955671
247659535
898986916
827284534
953756846
578255551
504294787
941895235
700923053
670878904
143687870
136375613
605969451
254709937
546473059
837238586
54209068
178882387
379265842
992360086
996358117
90152062
786842433
288048621
813139310
326018982
775983728
148702184
975675489
273520605
947938038
181313165
987611440
802063555
700672966
80786679
910485016
240807726
953100989
848241119
301394123
720084691
315969344
683967396
961285137
329369882
399647604
372253562
468205932
78198764
793905476
204552406
888099482
530453071
272145829
89803609
460817101
610938295
14145224
627737864
802271821
355592603
966219745
427402448
722940865
962374703
148764172
803905895
554036969
465686379
926753569
813401340
225781396
531024722
690965962
276273425
774182717
102875036
326763483
483769427
926371377
403730165
680496250
897476725
479615127
743385632
293213682
457158369
529917726
610869357
619969577
299546721
226662502
325363125
45969297
945801518
753864945
888566894
961026530
998910432
180605710
595741708
818216592
2519552
151445194
980504135
978771008
357074760
839487107
995872402
315620890
357942065
284174812
530375795
701366485
398541655
675096351
68743019
947787320
979555232
669161021
691605801
273988169
943167610
845716801
627206848
586738838
900418269
485055424
745164442
522408479
885615822
141848505
327853049
303163716
330629668
585513572
677976698
746031531
499110991
764614622
936138920
617671261
534045322
295248467
262027512
15371908
696286705
623996639
647427640
270705167
685121925
940779573
981471296
329749410
488999908
321753539
875048980
156802750
524238344
393765297
78352739
872019334
94322664
473463923
430005066
216093559
956321761
227212078
370736816
813028081
997119652
322711487
448676328
214940610
733022099
73934540
739942845
647919143
583689289
611834939
890452131
276421630
837627782
474459275
837286552
944836248
160377207
998103637
814163807
8876129
710464591
521173948
221793186
105345694
686261882
64119586
523348596
60581398
865243399
45933952
59050145
469074627
253259822
834399558
273585513
362410438
492103244
766530686
596727309
415065368
581810692
227129836
573113459
912403404
503313164
801931108
34391551
619863387
636177369
485168817
55716352
958218123
413048270
361860687
102563490
475945704
100918301
343330634
528678726
668902513
550585942
679361447
782675743
537755336
552784793
421377504
23161807
3228224
200873762
474876114
452733003
393846520
401376327
399098438
427065436
483334755
948060487
309389780
602032528
884330773
29728035
903485207
424404028
380074581
990217599
100832021
56026356
891399134
731836068
797639808
261492136
148772609
237851959
927824795
864479424
902449244
444454092
35358122
359618611
81935660
778769300
31163326
418989625
161301254
32435813
661869831
556841795
13949831
934795250
619228733
527885216
791528519
741298105
644347952
639174477
647100733
254957419
402601161
547537736
451952771
365351147
131762672
271392155
403233953
213383978
303960393
155994560
473551531
534619013
524616190
38880662
912702364
949771168
520096867
105561472
998564707
484495582
263102773
347638767
328347768
543990225
42076525
956603883
112607334
269754592
469963615
407474503
593504006
288650317
217378691
647491824
41852931
487820385
907665838
716584512
647006628
759771169
15755672
947917275
728475418
505875271
83290264
479330817
410179059
580348070
615182850
841757350
221201237
538786479
640609768
162605151
991854644
54962393
219189967
907962545
323274622
175158787
158784821
133479360
743420361
896485889
562490552
184901213
317240321
877124364
997027730
424881978
42105329
803512353
458554842
238793538
468739909
315185496
619163348
822472496
460699960
562745706
546424823
532259262
654571740
628206264
186273265
54717526
648040548
54773539
655637179
986890536
268630417
999703292
393309890
471847840
600986348
882276310
204496914
831989528
943384717
898389050
162090495
533054693
583320338
190300871
799652021
417688882
80231637
401816230
693865240
676669147
435799044
396717470
447262584
760528914
628733962
626525558
478907619
115214096
710212623
507773025
536860664
262466782
221487185
10137194
156251560
42402035
410202463
986707000
637807189
586463598
110688582
787173818
879087777
562310909
400655211
13370130
948938922
464270868
828554241
768584382
974485888
246224317
360908298
978968030
551091492
871912946
552440708
632780975
843113876
974460788
403368691
89282817
121776905
435611692
361528386
899623712
311567507
573183144
34049311
757249985
7486419
93524635
764009040
107401642
565980565
648625224
517629691
884951673
359873703
615363832
677586634
14636750
286659853
941628240
533287136
290636346
901558483
242519154
459045700
284338613
489961326
777421487
143593124
663346399
183094906
21405764
665396913
443476085
200782523
501031497
701802622
375755777
430221557
71304256
761097963
880961253
482215276
253506655
412987464
902466266
354283254
667489033
272907272
227750044
296874154
388731940
802622962
180148664
902324554
70892039
998065228
69048352
114137443
749710696
267288659
230064931
949931510
100662641
924306734
544574800
983228310
74153605
684169150
858842204
913561209
301830856
584415192
215355597
180530276
652325881
808421069
648051827
829531688
556579433
930055357
822472292
504514214
915843078
366472244
794362965
218782801
485248248
541151529
129890483
502966268
632754269
261618334
680510859
804015595
531033031
931029742
381552635
329199920
868412663
919237954
280129649
983319881
414065066
314188834
995043296
804316747
587267364
999618386
249998673
262470969
350013401
239516663
557558009
819655338
444816366
725550715
34088431
734190395
129943768
325791999
497980062
533002074
554278666
355875936
280806939
40212522
903904331
411340001
649497244
721296138
426868434
318851907
961119024
637341478
649925708
839152409
90449147
601654243
371428947
990046217
631515435
485629861
291152856
867419513
152952867
393237605
704060324
860855520
359199228
805482315
896941310
647362238
199256151
542620663
421257892
747127573
429041214
58189130
33381894
954830773
900412414
175927363
350121142
528702533
835602534
31161494
278397637
920216530
169729629
605663956
635101567
432434187
362761447
139897550
694276563
12350200
241849218
686859152
202923069
887569332
336152197
43048811
52140772
844014927
824354827
779506194
119595755
418498360
216083585
902798134
410111194
32260016
568272349
416598173
89633803
455588071
135508719
762450322
31816979
121791372
114839968
783843793
691125890
753535271
170380747
464507123
284600791
59358600
848344099
408907691
505278354
742182061
855266060
145812560
618678575
857363602
123786591
506106213
704347705
56096339
911565737
859899275
704132944
266931494
195552762
602841550
864161836
946163273
50263747
238688492
876841480
479398895
655042172
81131696
772729364
552308403
351922920
298605499
673634179
359847704
494905403
60237154
570154260
807175892
397519779
667929131
176993955
422459788
797919596
232270199
331801479
629402504
58102617
975720638
210225634
254940691
79710848
424194395
557982509
567539196
600345285
338437516
9094853
609655607
532066210
25879459
87139888
774134364
373083194
66370172
505440682
825181090
832472032
344500000
561190935
851328582
289745015
896957050
869411713
527623629
425847595
441702048
148243677
817993546
906887011
247438975
421296278
679321533
870906060
517788673
472597555
927728523
740622988
106094983
759502417
156467886
51142300
960498652
275109682
371640320
580789243
402859589
49376593
731549423
726829516
506620388
796930471
713602615
414529703
358897051
965195674
182753797
554782680
30358880
141691600
158643236
190193839
191101306
702768595
284627234
604583180
407818354
903228302
855294520
593772616
577712157
84558101
726377048
584997581
404723049
800186281
329246362
621847367
497771393
946834385
22988005
392325455
416694252
91164030
400266622
450508503
707693662
264791829
512009009
552592997
289843757
372945842
710264108
964403381
600859181
966274045
860040993
257730057
990482446
767057139
172970888
499631285
194082071
137776807
149117358
422062286
70553422
128605033
9806653
558710768
635949312
560906428
57011287
83524493
118703595
766317780
773499586
99937276
302501972
834118730
896889517
143026524
391219293
302701522
303928858
204766315
374293992
761973665
984138399
438449003
940145287
71516304
631364920
730714253
773863496
523356718
198243383
278917445
942046670
978204335
379955080
579088628
254985175
953298239
916643683
728937328
315934555
626739614
845699786
834541399
192774459
760103717
955228084
156363715
870167620
29944363
108411992
891380548
833847947
944351042
47768294
308579756
144466632
571357649
618565480
564433008
929541506
326297032
309660996
595346875
568074397
494582141
157890604
324297635
454163650
317800888
888041347
437921052
386057838
574991528
888831758
747554376
916273877
149597000
245674543
180041570
116288219
475001204
860546631
743919132
414944726
306862834
445069496
997695627
930436041
71375323
434621996
683627524
334732759
352210675
799395821
989637521
317078618
250352911
266467002
698192317
602213112
630930448
702200064
552366732
141903015
670490938
505322709
258856419
55519283
300213916
392305877
994869631
325683106
438523910
448144788
454540302
465750399
565741862
180402149
261211563
49512644
160194976
393861593
382788326
883178890
204413822
103188292
33847162
775595706
899194235
430475757
665920966
883129997
547482225
577828456
485357769
772801139
308179898
602016117
744453786
801540123
186213076
942176344
630222124
679069445
439752364
357944418
896208848
904065886
344855518
523887122
751336755
69950761
5255438
648679672
442018136
237068855
319411737
669187841
937489191
567302645
471475547
483260711
156325046
869738158
726384909
111739634
778200879
860695452
962787017
681739161
157570500
963725743
435948361
459671438
863299566
218018630
763639468
