970923837
510969994
77416924
431212372
942645530
39095425
87256357
38503754
594507457
960691574
918241088
831001053
555005866
961920382
322127625
98146074
833371469
168494837
739519575
997423726
329143166
159045648
927292523
722822463
471477966
839228942
724012011
461818855
24002692
223525848
225970287
792456490
554923609
833349279
435976634
193548686
349060724
976668199
48628938
233766824
751469238
843500773
884055928
463108415
497469587
29550060
76801668
142558163
192058722
517627305
824471478
181253127
183260071
66269951
716184979
811878188
583677470
354594459
959734405
103416588
315083412
625437501
14501062
370981608
734721286
125784597
276077443
721656586
525943748
128578939
749085348
856703269
119865898
505752750
245954487
485642391
274989719
464184107
225352876
441927905
762427273
581453847
269760132
506375386
399054368
44717160
609196419
488653658
117164299
624098444
609871214
994466264
16933793
945212349
918683411
126031737
828999711
513074319
728387128
371684989
753472616
355145081
616614414
63479783
768541955
967768208
61387228
677507320
820315463
230542587
536888469
119493362
129241583
517806500
340989313
733629563
355677368
508125675
971927239
690004126
516588177
787423784
604492286
901845302
518707723
754619083
839769475
174653548
587069338
119922749
656642679
761915398
735796978
853667885
688455288
407282191
964839432
206280349
737833429
431286159
983329931
931689097
668338194
886621710
87209975
490377851
865224680
499127292
604223035
185053847
770354368
320874035
541147079
38383001
855096810
966048830
750652793
714769111
544772058
13922872
127998732
886733678
90437982
700392713
573899907
774973069
383696383
275573696
829351210
933707121
768790130
149397019
770292244
540641079
706674194
584899079
119085590
717870575
814635326
28329871
889394401
340642183
570430512
402015491
349568380
335768644
220768319
697413976
998571073
722406456
656629396
250070321
661508289
723910557
303287426
96596252
841251115
967945479
312721803
312236905
106681468
589650984
669776080
670515913
416263715
620957349
550581789
505999
331708806
270197731
846963240
32782218
900133783
516442187
124528469
787356548
316303166
688422490
350824333
238131263
554204750
686282406
277002622
106944754
277077724
518719809
487888728
46381687
237353653
610077941
743647962
151140109
405148772
502398421
921648402
299743417
670866102
899914598
985751774
728611030
785186853
220262319
365705169
728373341
875443215
623847178
349936536
145066101
599382088
515930876
780293085
152828625
617121146
74590539
758032154
420399061
312648361
562831326
393438188
897543905
133068620
504200102
763152345
721630864
526549767
695823130
627633445
397735362
594793784
824785050
116490446
416388567
702670714
622213301
452944408
333942430
320577236
548629279
231501537
653230545
168783272
342822626
446999598
721422775
829784855
590819337
534018961
330558232
744366265
501249341
987095054
108034776
506476409
88207869
595542410
280986750
457109973
644074304
201823573
179620084
996213732
952201173
550272316
774597036
399440430
363904517
450157909
994907843
621646130
424089723
99821824
764019081
331329788
740207642
728760632
790245992
57200504
41729569
891846008
935730429
161804168
297075212
653369095
93544443
837689995
8455670
909912156
614462845
26670891
171957658
876832455
676502931
346805705
51881452
657016812
216582097
792550309
672402560
321982345
465880337
140661427
539111117
708912101
320276541
401427516
223075973
776704986
766268766
359447235
805296416
223786246
415380404
752228295
266093143
17815915
699138519
298832078
456727873
936907039
390984759
453992360
835695063
968236952
449688472
547257267
423318892
417213375
279448335
83190830
512178534
997695682
384797942
719747223
425965670
795069001
622693050
588163110
333092553
692116925
614614022
231750682
143643390
255015609
221374473
948171410
461452051
924274635
80712561
34065537
957878291
917750018
335822435
735495519
930997584
11887977
304966362
570874164
259223629
773019273
978108623
805862596
497256651
683077935
847268699
807600733
838988302
695633180
326262624
471024140
395122864
110975408
965739523
764610947
322293017
159234077
310348969
580679454
746862478
501517060
85805215
499044255
336500814
245382798
125312537
594428515
661873246
649302421
788749637
414077693
490102638
51818886
328939481
560073278
714008301
808751424
734494030
460565454
407746908
413773739
109183107
765818870
598012011
609688419
638942672
846902882
952010493
571211487
413202502
771763507
701539007
724286907
824011684
757706567
687214058
479064367
469361782
251873853
557765397
252840184
145727487
189685881
906883541
912184929
980921501
343303977
782035926
405666245
50602646
513541592
424740045
849783514
172932545
333088739
392333952
319986343
901032243
726812393
606440125
278409654
642418020
90661759
236099919
16986130
712538685
765815729
227807200
571232912
872859219
234943933
339389642
482620177
902800055
154906724
268046251
919497225
858935328
685827080
628766917
295638694
64866956
546344248
520608841
899660909
347023461
851755491
551354362
490922945
365372615
367227714
578032123
742549388
645433726
279355743
610422162
55065727
953585960
889897411
199646244
215105771
115496776
210803013
532807025
815658711
174151949
942119867
946983457
18025820
65042487
472836725
461051014
215205163
98045475
310801430
213542697
96073772
570052917
336439009
669962667
860783192
214461366
736884254
205860297
505631504
656911808
596840253
837186449
623444311
544484560
212980524
965911264
969037915
486180835
413661146
180141918
854063941
13537222
704950128
725508959
404903593
904772032
533328542
425880458
892535888
906176699
362826960
644503913
334632296
65813045
514348390
485012809
617146950
219934743
338863051
644404
378612521
4942716
27175520
158746903
577311695
104933417
323539146
473541259
852061962
506925460
492013097
729024326
684384327
130659512
359478755
82536549
865102787
610930048
265059073
956011158
681132823
311003795
313324407
599454804
294084848
952336339
502554153
557631265
30136169
727967713
348764313
749103172
147317784
413016741
801529395
849121225
986361700
546203225
148197264
299970176
581232886
59787283
573818495
385610428
414163601
633802632
960119584
203972784
706334289
431811841
619910020
6216901
954875668
382851891
319511579
67608725
691618307
427720715
864662053
624975355
602379263
765907879
443405089
124094248
158161146
742909924
581706542
271367586
329130115
510357528
96174847
318899562
462732784
965088896
374778271
621345540
737185299
927713978
185291202
660282214
992216754
298581369
851296974
598324327
108057693
342547411
794227502
764465891
93505162
733920670
157502918
558640984
681541170
523221908
697590912
815325005
616382192
449724246
227449281
671253676
52096090
688751997
874842667
195976761
335636994
301010457
543484116
989786771
8073620
698166038
330423425
763904327
242429513
204379839
632758599
303797893
914610904
845080760
16036555
815613733
948682420
817240649
177862423
595209444
352854610
537533861
637358391
939510875
267497984
559453265
4963347
287461052
700264696
514037524
608186123
303464756
423738700
655320213
262687333
807047234
799063294
804440729
756392271
395339123
403497244
393598589
316211471
477161330
890463307
393793018
900714100
771301431
433687690
411835547
722571254
234855439
510889574
279633223
843122149
798103131
663652064
603973239
722288787
448620353
693202690
42962372
63639630
728391988
596193715
329293843
880059192
259290690
582393427
208989320
16550438
144241691
60848378
782523299
191712199
959256019
221322390
160197061
49047567
873704964
658739164
233661915
853773361
288429149
791466268
373330683
792575181
144105476
812198062
464584200
143395169
195090054
82151942
307771917
702136431
360534872
329958958
587819481
880967614
561169463
513733824
641423409
188908003
224698370
395285108
578329563
174007061
728366273
87921024
883866129
576780741
503455003
554925671
848583821
789881188
459540774
189189010
775210480
936925718
222863031
536718661
735953716
447092626
117809227
65594150
821460383
62089748
753076459
80386867
831177325
629297060
633502907
279229446
487878103
359971140
17315754
44753911
629074990
893144039
213136704
199323622
64208907
56184451
928331932
887803457
639940165
640164381
233568119
517890728
242595657
171345862
554748477
650893762
658104582
24450802
777780106
194330783
71098776
159104220
573824724
516239815
420930600
647979405
256743698
254569068
943277833
224225557
67047568
488612681
772565434
414786862
560114018
882066439
723789013
23539409
472509754
679769265
518760692
230005768
425653984
181296001
828521627
235185731
837791209
659831463
74548583
982609143
621124862
463427300
582191032
822984969
973655134
469970770
319319315
696896888
778393020
416229500
799440752
673762863
944525623
415714607
573116813
744955437
745325292
827808793
611231842
672682036
927104747
634565173
551941047
98010841
675570089
841093007
733450234
392528723
687718186
185744868
810188195
596912234
180020485
960668688
603100693
603620267
906421647
949580463
441131727
90143248
562747124
26892124
245146387
56280253
880328511
844997828
285480144
9939376
608179187
83566190
489860437
9982416
48599620
401866546
55504396
986559687
911486252
484180190
147414880
132562127
736520534
926790591
9178702
592648151
606041304
202528518
493742378
983856933
812613912
969496544
838533788
795744828
386677065
521088594
109934912
900212623
389418786
495660793
217682328
830572260
555612862
723510857
784349535
604151995
695884430
800205778
548312613
778153938
905164292
616541005
692134013
422241457
802165583
308569600
353622712
635956531
17713421
652498234
450238947
677799993
351255450
301623209
197325462
638682641
245032401
694115608
623305349
527511025
291931634
155291771
597140900
415825458
266497861
316842619
576949263
13009677
142441056
405026706
896763720
805835524
654215903
715588438
78692641
196072907
277362531
416292331
993579244
78107465
167465881
473978379
882499201
736920551
45421845
539882334
479316809
