794486048
486678777
206239964
588048546
884294820
729978626
42671233
560586898
254616848
917868002
237769961
865812607
376360
329750017
29409748
389885877
388623299
634084917
74807127
682656988
881661599
543838473
270112009
800719291
664132858
198494432
439277966
205338042
473859146
257294263
248050502
631648125
42813773
982611344
935640279
755886307
892860182
789224152
619213979
12542684
311809561
912610406
501383877
229881327
194625859
290381747
196770300
579590209
505815155
646670444
478313812
994199875
999665570
563537059
737126901
250647574
216566767
405520671
923915686
685800387
290700659
837333190
86727752
997322583
669817499
606121834
822998833
17765014
394109736
273523439
497025694
599399146
14870937
62264443
370847427
969051191
42454596
40230682
606093431
373751111
1724131
859687756
699522885
827188701
778980449
253850626
631982553
479276713
245484442
684992705
539319539
487339511
865308464
933413591
721842024
474476370
825882654
504061292
560063826
588504024
467382912
179005285
185480472
232291716
149644749
878914664
979328937
937401127
192689632
768075709
208192977
176336085
799427238
550164575
684076255
431012902
137810305
259539049
218342134
415966873
974139280
343722120
772280571
709117030
734203898
9686183
734090681
81457345
340422418
896371055
143168536
538393303
480166855
17589407
906368197
822718845
674207283
467231168
677543951
900065783
274521688
694581425
286587080
477408732
476799727
362983454
687912271
315143888
249337335
290829121
336666065
566343604
285719157
144096952
614364742
123660791
406724713
476363440
498087816
139958566
144823983
897871591
596978708
296318575
624907172
669799673
696169228
781837830
643796377
861357409
756805617
670579135
581995097
318276349
141445184
279557854
57135039
294871838
232317303
371220444
321773910
418946793
832120009
49593296
559704990
576824930
252674145
336069902
403224664
782707406
415994131
197843843
969143351
537585385
755241800
376650095
97602717
990268504
852501558
807000052
666814224
906074440
671347510
387979924
534023503
666086928
984348506
967442807
2651767
334806888
66525751
111852874
244046137
126867372
818184655
725877188
65751582
547385412
736613583
48082242
417125527
360099326
378613166
861088969
445363277
558961774
701435783
44409711
563034547
764795088
181955137
66866534
442370278
425317249
704406219
415699468
747599282
444140084
515569791
893618061
592476423
285231336
333418134
68417775
716181654
304141256
953797704
842275979
719400729
29364611
310898513
550217303
253654920
804419316
389874524
306714898
527461274
810258539
942616646
975061728
964651144
939938794
404408260
237856678
152851751
999659215
669482594
818728886
422461151
402485186
978277905
621611497
31815620
842995521
455605818
131894191
26681191
310195390
144907315
141222021
605164068
859159803
325008981
533669935
453896574
631737832
813211613
637950961
35442725
397691320
888238193
937340741
501523437
540508062
928966916
652537627
880823075
95561456
915566022
716522437
634658660
135068818
419814827
316915542
51086705
689287015
518401683
410659397
348813498
257980333
280033707
217265883
665351224
801394625
369897659
105491340
614929813
870738323
783960102
521113917
186447602
31531633
783286160
24769830
514246992
40937163
120088059
491307556
914028604
803068189
251071114
931119733
394629366
428384876
506563359
470095249
439344976
8093439
482583230
764609558
113336149
402552215
289137463
777462390
117657613
670972310
271989517
700128811
170610403
823475575
37607814
10084752
311601352
394452105
530074835
603127027
351782657
395044996
802668549
10149542
569198955
27094126
496630792
545745307
6909219
348913972
822636515
236966347
294831266
899802409
666146363
606836374
388155093
19350544
407777768
783895385
742394168
5823770
907112216
843274680
768947644
419959247
320697153
90553028
765460375
240986361
619518381
177261
898310040
903436330
118312592
44299980
205424888
472433687
195410603
86242023
905921422
743392155
770553171
768743640
848335793
35023170
405297545
270807992
157329212
430771439
621929658
292250808
986674335
746179448
860732857
345958886
487932779
959393867
241201896
149239707
706396971
406077763
780284930
765922856
729395589
822459253
338656306
391394934
781489816
621846383
401411485
915721404
823939939
321535744
877973962
999002012
235270597
138368575
994938886
733924474
14661702
49889160
933223815
334688936
619056702
327267572
13502925
152130592
42703472
772353704
556367200
246031019
231231791
46170895
379845050
499843659
963107223
4630315
39348050
25876540
696366862
13902610
489318175
535482828
29359953
706208252
468310867
665138590
868205484
861730843
110688289
349564203
964454980
507277420
134578004
656507810
472853946
445595993
146866153
402128017
808956328
186525713
348691461
9136111
65479183
155380465
684489613
777769044
941690693
378130303
35894789
230640281
99020524
969062345
37557611
759092
560570984
397740987
305328983
912848448
858956703
348364333
283925107
180972628
661665415
206802996
281576038
723954369
911592889
723337239
26989712
517511229
857764161
637220032
216920210
509841149
665211148
480182063
470003645
873979486
21718639
690541822
723447896
490075180
825836054
880048006
250543679
995392633
469719809
133818912
95936826
75112959
140267010
234017703
543171312
460591994
902600605
167718833
347470695
858676185
873804426
960535242
866176154
218353453
351140591
518383558
372876119
461800490
752142135
527716461
335547942
80388920
927737341
431349495
891129808
168414881
624916435
793849925
355136572
781617407
956259315
286183403
254234560
777773976
627400412
951876752
377244218
623746457
94048720
756328214
607240542
497492314
132711367
611327458
175059
61183396
824365667
505094442
138934589
307452495
507171887
788743187
243250498
942003346
798270968
15547905
147375617
708917514
342887893
374756430
835675558
108750680
812582259
565853287
902416869
587621023
706300682
88402177
590953040
399263838
141139339
749129660
367751770
995813919
920475917
838055626
947677552
316409882
431174435
829946412
344049213
119821993
654915335
47684076
274445520
167516128
42932905
312231212
979503007
611852507
804501134
668326703
280858564
719292288
920652655
498489862
684910054
566858078
708910588
412554035
354882712
735963489
914141401
739670750
166313156
758042225
420991417
247436578
21527429
960215340
67870352
830965733
277743078
512941479
30707216
715853564
453835344
764898182
291407767
734900740
544688117
394069470
108899169
979100531
594762702
472812634
468271096
648459480
75161263
421986054
153145572
380819473
607499293
18620400
475063699
608085722
205680590
915244583
881370919
516403293
746524709
795496325
290703782
19287666
543982154
973535400
390583625
767917083
688585071
204799090
44654518
920011870
275450311
974009846
867865916
960813241
627064320
935040868
144908048
693500520
289771128
772531935
172275314
599541373
807069768
687050878
223466439
259122677
37877779
422621493
510172974
538590759
883527262
775004472
988376030
749191790
103365687
89611502
435118376
621227300
82229008
700354012
959874407
870362171
377331536
233133701
105369161
633489446
150754482
514250457
981021400
270639720
770336534
187870398
226632165
973992773
623221011
691162407
212217897
856931275
750068961
131460947
730039303
265963578
694626115
506063757
36484607
500445837
985633815
118674125
857447553
537452818
499922491
523680747
611271511
589417114
812657526
301913142
222209837
573936067
581681716
589976992
108368195
523627321
441600091
239533253
768254223
695656864
548372307
14383256
125970779
412203278
877393604
578187100
871158338
950768060
970314708
693910828
175736056
871267777
196649093
604923322
647855630
32080356
656802902
443568582
770717227
246655787
576598885
637215050
161335246
321307868
468952570
638281828
275249559
160091969
23092752
206411981
824363486
455092861
737809532
340827742
952073529
971250558
992703345
445244275
660059212
921735390
652522408
660503450
619102405
118746697
126177086
350942058
377286974
976758392
942121360
76287839
866824417
998031507
468816024
521598436
119057978
911157255
853048009
804662910
943250706
239111775
302937540
711066369
927675307
763902726
869547341
720643193
133458245
855821349
652849792
676605071
39377010
211558627
783509369
848981836
594133378
916095433
18112645
42588548
195130782
118010512
260994854
298491165
217970607
946804912
339587563
826331978
986276835
216211096
221769764
40916273
118202548
188040434
501993567
420947436
618797849
941456038
732828142
855199677
249199355
405533891
217483813
521465623
323908600
265516289
36910828
655265790
214522137
619834187
927465056
202962543
893044610
810459460
609532128
825240194
978116920
4446375
493095761
980870394
424315163
43215362
734366356
917247147
634051584
611933518
558402522
851336574
709565058
362561933
230183986
652677339
183267291
162912966
793389191
789596889
900526698
739529229
974582564
952454316
909894083
684321771
611809841
366442648
288746039
18807220
147871661
307743087
578508305
676753372
442830515
614351474
448360276
751957746
430884513
205983993
671167533
300236665
887414038
711975080
707113766
185574252
945700730
851960203
389650200
274787716
19695252
730131644
17070268
819935238
924713495
238587690
29863809
540641444
70976310
739993391
431405520
367923708
628501108
615244364
464061856
250659434
272828269
32811686
919731416
615832511
204317063
431309543
732028451
587405198
118429355
600290033
852115190
262607483
245340549
724319830
738621039
759849636
976792446
13958322
999111967
417740016
290672818
758573066
752039875
204242824
584487664
907718830
680981435
690891121
774578472
303243825
671735555
272169674
247913224
456454331
912745982
912889043
932228785
773817688
70470653
588385707
998103191
429665069
701505882
324423461
386472498
767256325
295300894
346656479
1372351
671555882
391131261
614542785
616132395
46321840
959986615
514255201
280771809
715488591
31344846
296598231
750328106
41137330
812826725
815185529
928554476
579945516
