583900922
407715541
485873258
373814435
936743244
144208955
135792233
725311
336686114
153113868
232099653
460184861
585704545
206644574
549100924
548848620
848437483
695663689
715043893
698131563
543862771
756129976
978859792
349528289
728395617
825356283
322501251
926198078
87700944
276760830
353370420
588420255
592785526
443680779
561125726
87190791
989858662
238352247
721595912
206065968
116629818
758700244
921456840
65854009
386084770
245324608
920707826
785721501
754125514
226720467
533196657
202875285
258426668
883413454
249069652
827770944
428855748
136344969
645418816
111386961
821707703
209594154
913024365
59925283
799743446
643679396
867399333
142023765
645518846
461910133
558989956
610085236
974067775
508977924
581501744
785162526
834673135
913005783
963443518
483071008
904648455
536779748
172072563
860980476
743564172
150495135
329993586
709372071
194611126
733354780
658335042
853513693
592933430
610208951
384358264
907035663
845675877
861531556
266110562
742405373
377925274
778684061
140202655
292215381
667730509
923111420
228807508
749448743
301911710
463907125
993097808
515849963
172901450
162347807
206738504
284927954
37521590
52043889
316361110
649248310
313685809
158027262
947412637
912164064
803575090
705476262
17151806
363858824
124619659
674466080
939486647
973141577
646895221
221038144
105145734
125964394
396577093
879857181
193249967
820452750
921687626
580544842
407460361
730704000
740256971
142485078
680612243
430585622
403470446
99430310
869514072
793631988
545170446
616862250
428719563
219898011
831271422
228038589
488640289
962254246
905959614
864948682
624829083
627445628
524420476
19956231
868954741
951863304
57202072
80774110
888350859
157664408
858793920
495908358
727560683
733140965
750566900
216708637
171907093
661090011
24864018
586566182
960388377
25189349
804952006
145854659
427971131
30032970
792318580
885247721
294692971
168538503
391216891
230995720
914493135
56738943
955715758
780014731
206283523
720300740
273530335
728748938
373383549
322696335
211079449
711849663
934838066
49262087
889301566
695578596
469331110
614562785
56131496
827550277
937390227
319393432
904560303
599639733
822493621
378565816
591985098
838921771
159544723
171954349
786081138
719812356
766447515
627798200
581415222
670821739
777425206
970552168
10425113
451606352
387559676
296115079
213182632
637692041
814109898
93102342
211016592
378709044
140731403
96739983
415916611
680130184
112407007
563666613
293605491
595099703
152178638
356076024
957521108
827717705
128315641
434608563
569204214
201429199
536615196
491267092
945402147
307039865
467846863
218479826
918153388
498778941
604137671
604525143
439990600
641275147
106210799
266868261
785529834
729391278
167549224
213276054
698190368
62804740
756037737
105950953
607405348
202780902
334192708
986315518
518643100
421349182
13031059
182707406
323290710
952951112
726910864
11753432
101076845
322842805
147700194
903976725
910862179
922251575
178586593
917137668
75992512
507881862
123676012
652330343
488888903
885310376
570546189
228129830
660168481
915039585
736418193
506399473
445391461
430664243
883861742
742621244
972847155
481531344
699836725
496804206
485747881
421430264
281234432
487039487
914364282
94457366
165791416
462687028
581691083
263572497
302413874
775938792
884218145
838900067
29958440
99523486
79104889
681862364
497426614
633332723
850802992
784901227
522538924
408251123
216532918
220511390
566361970
670412600
438981062
405078948
931129569
429330835
222414849
681782386
431389787
654562247
226647429
636636524
737966060
394431537
719518959
107859160
646438745
396595983
612625711
960479400
622181327
606491392
400705802
784338256
663516355
290984791
984104728
66504002
646001212
700846653
898891339
872983308
270506569
693852891
528095394
495378815
23705966
176612134
332442927
873083037
553523942
202435759
407510280
375396192
872876055
442468364
943896303
102995077
913813763
742943831
138462481
125942941
795625411
256053516
598330062
959870577
269706797
654642804
741562592
640144778
445226106
155910847
35781173
730543132
755670907
353664120
366129955
44113168
866336141
224140143
84153194
469826610
64153056
739542672
406955458
419745567
198981111
25309610
911462200
221047990
347088486
881109650
152690237
903057380
562384171
772948397
77357897
14453052
95522828
568224815
225672017
369063161
435049541
692298148
427856931
397613094
166654585
676967146
619725284
519211934
76338409
899783134
236658934
689673619
658790637
668635869
61789885
56082738
849098057
178584494
760889466
244397187
743180602
520514601
293056291
564116454
3220609
132723792
168158961
982722508
276306223
351676903
948590339
298111325
998468125
715090032
34777069
371854906
311685741
9342363
253090982
522013963
405584325
392250266
144709581
447305351
644450715
463016617
244266742
893748300
711158512
21275158
165354993
916938333
807335348
981274829
625882557
914534938
399241857
863740476
394392485
33930793
508808185
637002775
242905710
724661505
951192794
938547607
691205493
943700604
633858800
689934977
744396995
839755694
925493511
238875503
838812860
350930335
375805020
845750939
919665737
540203991
888457048
274410660
271563995
255031064
186321909
31652005
490775976
17193295
89207474
120242129
972613048
447945263
614949877
219160188
13205778
768581549
149344556
420048075
496112555
705903106
771811123
300566137
259889499
21223535
276878162
325599297
991444820
568459845
142461968
274952221
538729918
553490916
944074737
854188492
145473743
234397524
365438779
987874644
538339595
919540788
447771631
674012197
854493129
513616671
717321927
296451731
224805817
706333322
225669724
70231311
201585779
955756944
349638383
213762630
768392867
587890911
14521161
250340460
978152901
860722611
40207183
922316130
874731325
814255251
581512209
419122131
503870525
760761383
73686445
778808252
403142769
161469911
881708478
576571766
258131475
97798925
446073007
746272827
303901606
980426429
100793479
285111498
342790120
72230657
73366442
582972973
203852533
730312107
85795625
557582831
219876363
115098319
9721742
677616982
879333604
525455500
799280871
40237877
932104460
298199795
792581205
464044433
632646877
446861470
667088540
40115868
74048465
773066615
955631154
670593942
141817904
268248332
946438852
997726471
759929132
755095684
579526009
802500668
740888808
998539234
215269598
773558416
674965758
516103612
558931889
288044450
151748168
204091495
697238160
732675974
298518053
405835129
814168366
5701810
187845223
636749045
652464619
895928648
405142115
33250574
508924508
430785916
774680952
415201681
415764927
951628029
168659465
11995269
917687849
124237920
945929489
996780202
299349068
933565224
82930197
19022788
789078673
116543264
887929580
379044090
888367698
869956968
75828454
222955179
372075889
735982773
454079965
940737042
809881248
123180087
102631064
683597359
397358552
707638234
489614726
784483680
998877463
259764076
100338684
607303858
119384984
139752898
286403645
573000240
786746483
301737849
106486061
880603140
922771611
168822434
847670370
535921354
7999068
26098025
144882874
638967538
354957462
551725772
43125792
679782152
497548064
227922422
202114020
794507762
21606855
262332129
599421649
591710832
443950497
298446516
20145324
529314597
16204580
280625721
259659106
748614799
583553323
502828213
436208694
70338039
629496712
573476823
17965430
641058813
275509715
566709708
675598291
371260527
562755359
850647187
429526217
447151691
216638283
420556531
109755794
891462560
937638876
491895881
551393385
524414354
702316199
514775227
436652642
624325094
148677110
318355772
519716774
727373346
766438917
396268074
55414214
852129247
115517077
972787752
50285439
924071239
209956992
561055206
518998046
454897145
586733837
228161122
28955473
593303309
868920297
572993631
312676313
595648048
170869926
368196544
810975921
91657441
951434826
911794339
368021839
114721485
136824180
393640334
492381702
957153941
46992933
948224944
604821608
166487285
795232972
577396969
331634613
243850529
370271091
185684553
681505568
376583670
972897834
96496239
937680515
474155076
485819754
843349332
755404796
575683477
5679459
924068725
556503419
398242373
585292151
963756771
900694420
203722736
604765913
935563953
787247058
816316656
68673503
561844103
407904212
638508892
623339512
862468186
798070335
291523328
241359017
68825783
225376956
985185372
686690975
434392251
118759606
854938587
974113822
893866761
628901729
293474847
638235537
916698223
951474482
122924207
391721524
206579235
581195132
831476199
676702547
127911877
639084615
434707136
398437493
865188910
307910166
411053730
688592026
299171623
850815562
623351566
45278996
463881467
334324460
936853674
698691768
571318046
711551397
150899900
844997164
45755832
229608912
710899151
306662223
493772211
178081119
151975278
610369620
284980004
246787367
416760277
281273053
966594134
614820779
113447140
429741167
790669819
586747878
821502063
126482084
707705875
166346561
674942199
43051199
5550163
248195850
174354070
582373763
14620807
424232437
820403477
495027837
430295232
986479034
630946715
898302963
928185463
128044912
904665281
687107791
155934888
800684109
403612021
52384255
434055284
342078512
78684860
849060686
220877319
507112507
908021948
984570166
890049332
24417815
137291289
879409269
554666712
667847951
301112060
245576361
3727049
569601514
595748812
860747566
426383889
921732439
850977819
980115099
983874063
215144175
501555702
662624906
682082596
134394272
970547195
907021765
762734539
622557943
608995913
663471649
169510989
325293382
361496443
507508299
516210488
835833309
604978503
405877417
849187744
751537444
343636250
260337511
826932851
659088919
683380742
586333373
204935297
542864453
626000365
512322844
491100691
98569760
865186621
5733144
5556804
245397041
302487570
755655060
53870619
230269523
116674730
932108768
58852038
637640409
76065371
678433665
208105070
88240512
344537078
590550579
316753936
