893576530
296622269
423164216
926431115
714597090
182836773
713851569
373944775
168334890
642668849
621321981
104914054
345797545
960086725
577293167
712068193
886413480
903457142
59474122
676215035
573388977
30281223
380147448
133089283
963555858
300346602
336359910
529541695
752630584
743342435
635568337
950470975
752286376
908492329
175337221
657423633
769328160
35991769
118210990
664155002
931777191
478066621
508488290
222013199
414171941
330752010
949308585
936635899
143710846
251225845
380729740
884399488
150174016
326858278
972806352
863295306
916474820
290074932
962875255
414250487
846476861
184309874
621314189
424992454
7100512
670851004
352627677
437305215
784749503
919869532
942740031
850421710
785246152
395319118
744437843
95322356
521792931
158134249
718917341
632803847
351038016
399724010
385830848
501404738
362612695
751168848
800296959
425428097
935685976
312041913
740948812
479253228
73116512
703960502
817678140
747467316
856752430
83495836
214912686
743320935
978124332
512003370
151886395
223841313
308485813
530308028
99153336
754854896
582420434
877483996
341502375
758340570
571157590
330071408
63212470
446752851
798479025
119909451
62379758
255931663
870554044
927199579
501619237
472707590
178920719
463486803
777305197
81285649
577640977
996970525
238569924
438297095
943221561
975596404
654679514
839034645
247837615
161989534
192918925
832304665
652015511
45442062
843007661
58201980
970539537
982608240
908095636
743045103
640748032
370925288
948988290
736842978
21116077
958981022
872766890
50924752
10384132
679178804
44920593
844999008
753002830
17867686
177213918
585449908
638914071
903205279
815119008
595561185
675391892
224177824
198915236
636489490
926990524
230075092
603916150
825111982
84191917
443417257
502168052
196312477
555391166
34260093
440537616
206715688
47982234
501726945
417181017
984240537
102829514
603754761
828650512
568658809
117068940
347919915
79301834
634147825
868228142
257557753
419287908
67334257
167489232
312534450
67653211
416570207
172010052
312498799
809852452
791040984
355064872
47654907
966732834
566966874
177010752
848608115
289607842
718742736
577330069
970498228
537467673
137187126
486024262
830878469
492731671
71637130
395527310
630256425
519420549
579070609
150773257
969768323
956883838
826634162
24129349
434833794
28823244
242856715
966606881
23967408
34705636
735483434
691874491
626140031
629175665
55174606
637021926
261683638
391648057
268460824
58312072
360559097
56817756
897729912
720090079
282100782
581309994
336610762
819802778
996016079
21042897
541753626
793078248
230781843
640267727
385296547
90771067
140098671
542837524
742176957
819784870
46751127
752135854
553362660
935792592
801984238
445312633
859884229
201702803
437557065
434615203
133843671
238608367
250959725
520758536
790214159
912950567
59153926
106544082
742028566
853523798
692212481
423053935
970590800
2924511
492952008
942405184
461092647
985872303
243879117
964403537
496923254
718846112
649471099
448675953
11560945
608423242
503455094
961937318
918105840
836788147
721425764
134907958
382245713
561400876
887199224
303145258
542118523
710023306
850053566
472345978
31617141
33554588
800808957
888653157
127572389
623697190
781545052
550438149
442840584
859579052
984219985
874011924
957823684
473153526
937691947
414997558
589137267
802283771
509197591
181790917
409495473
97216606
188438241
905240417
132098033
557304522
40808222
409189924
115725285
189806749
400286660
751069339
135818736
771533138
932786395
463368665
918037153
760817940
321103563
387863753
826878188
953016943
519096734
58526787
852568160
847413838
177084273
909092185
623708927
472201666
714007990
739834751
200825715
668262649
62850505
934400534
845116346
895568538
756555123
570267866
582888967
372355127
434712863
253033834
459292392
233150645
738193188
186290546
540367129
474323282
496960403
828319325
481180207
121333837
354912727
456478528
578119870
129911453
52672257
284684194
380220249
131716036
785480996
643523618
475798757
660451908
550243624
467556085
708682633
998385860
618252318
22468614
4262817
750835696
804974784
454523061
518304079
266062899
599234394
619417515
109220649
990793725
368725055
149385644
975241261
885688664
258654543
79491877
313349922
606371975
356280664
715204893
842896281
471870929
190047616
451172931
586874129
791189244
777235076
798840482
682907019
270637102
477607912
541981268
856070963
474491788
824056508
730344509
316359051
900389665
938174447
312056970
530677057
433254740
175463544
389426522
762990979
636095351
668282356
590110091
401797365
470751746
154206163
102310657
642105195
903047423
179572332
532391886
560788079
353801852
867648930
727114834
488827822
800393911
936510494
838583546
513185812
826743785
293314680
500749472
61632156
528310032
763132825
412960256
668197526
44223693
184527835
409641540
296407384
800621093
688181951
950778777
122906887
187124984
397043117
212155273
116430939
375297254
899876072
953023538
294919456
291664621
169556429
962557197
32740734
211059613
823229147
730283144
496744245
336879997
876240708
936247192
342780670
167532883
528477934
873487331
707618920
741245905
434113130
597881502
718519588
769930790
235984502
760166985
665619900
916870152
604207947
301702837
403350794
724355221
722152606
137888558
926867712
340291141
205830016
769967534
358753602
800575626
380219521
457137913
220994545
454244689
912897294
959527386
924380383
751934757
607998106
955374003
658647048
523555784
504536351
375185032
941184123
301994569
234503950
524988665
55680118
409389443
296937297
115870581
606851664
521526309
326932350
772389023
614727389
738352150
9379480
2489529
961702866
758510399
514733728
907043293
361026384
976975216
376886956
264274898
857033494
276457114
835786601
913685142
308872045
648833942
643055787
879795008
219818869
346967574
196704434
624873142
105787191
680841349
714287415
949364158
503638328
264348939
850286247
699468235
127312339
140508271
344799996
186028232
742555277
605508576
993671135
900136648
8822055
597493056
14158647
964208905
925107612
970229051
667955169
779223003
573602841
383252154
806998535
958017721
878470520
447137340
552570153
267759815
541647716
384506336
896702337
280861516
44222983
565369569
403404964
96677445
126688969
677418720
136962559
716525223
931657117
649758368
171129864
703363468
655162805
742919138
870972952
622325812
332808926
232495527
699765529
135558138
12886180
935064411
375761316
120386174
457350403
892268524
820997713
680174997
587938117
77040180
644380515
358048941
708806238
712809619
855913665
443452485
194088091
917481201
837519936
247688891
833266492
951429944
847565884
923844472
212122289
103635067
302854915
135551382
576164386
930244340
934950888
309152189
684740805
761144198
267975336
109158570
189608252
283018790
639327040
234420443
856421005
456787560
128587106
854616936
5377853
813080922
994557228
942353185
887005472
427520467
428237720
415327723
394975590
452076637
302291645
61456234
87498526
451916843
908263883
353715336
589413609
685446331
104010610
657693775
142089291
335228326
673308134
947662038
444834282
746755094
253844233
911069300
278154160
603099492
391267884
376478931
822842838
992948947
918466618
399041366
109077837
360501728
248545909
148643919
502006619
519623165
914176597
232664167
458852552
206519102
21660043
737691407
374754905
285611704
645006832
170974674
352776949
470893329
712527644
670149526
139772787
46895190
497518903
140250377
173676234
517168418
137173562
791876096
60808753
925812713
238613394
94549578
533450224
509222516
244637498
228911880
436900422
955366690
155687156
622466125
421051727
440643966
488809486
238315179
725095050
516152824
536314394
992542454
958092659
220293210
23701982
351949508
280421302
248317092
259268578
62182647
862982824
108295531
974967684
984838200
382449602
122300501
171855414
533039838
967905706
927110464
204241183
865532387
40974205
416094952
734074251
397410258
315206173
90061519
249097798
699128819
558085702
259203723
415155326
657523408
980854023
144631106
833783436
840515541
902110731
886663885
814128275
285133131
249953938
182454851
365929055
328604890
980399004
170848954
240016522
298751226
268788552
955769646
270409472
797984585
311911640
670782005
951568249
541997707
486218957
626291722
36743334
190359782
999219292
560139758
504096943
603779100
693140204
317444275
3984177
237818495
288517064
331339871
630929106
81241821
112982189
919108050
615578449
858519352
50165896
405469360
417011252
144357218
850044996
950346571
430340267
602316055
988794250
617170740
345611767
310072017
193062856
291785728
354296583
275819008
849920550
623768492
285913837
689814178
678357907
762149953
635464685
662954728
166864777
2198026
10234161
937448679
324840540
189167650
685002395
392803589
55203555
93048896
491831810
80749597
209280469
892386115
340314785
48872720
129799490
901780887
614984849
75969464
971832507
693912158
44755639
996731334
977043286
355110097
231321269
489213695
633194212
925764270
180161445
288015942
770004673
754056523
977492439
847846969
940112410
492891587
277475514
799626599
932168343
952808177
254868462
100013960
799953917
273546986
66538538
957534434
283453706
237041117
560014688
776577019
147165103
559495221
691122220
472952618
957442386
13502826
960405391
969730442
957846379
195788700
759609375
129439284
912887449
203815868
310744922
455223945
914893674
492467815
108760309
636907902
624305372
815358249
143801120
19024329
439043696
944741677
196777416
703496300
288571558
273786834
205759989
396153095
365749581
403584424
140850838
210509452
62934302
504539821
890404581
926609583
532486194
307745070
841780218
736379643
193198802
125429177
187126509
596138049
962802063
611314592
42640760
790985889
128280807
923106784
152271646
331806853
415694101
672097890
33908922
12700709
816725408
256909091
681158883
684059545
990028709
363456279
763689701
509303025
62965029
100235470
392289642
410353852
602063233
182150725
104421708
316560301
973578029
