601324717
394977592
452523821
266221548
784812153
586712329
507362667
271946763
639553763
184296342
483125012
47470540
469410507
461911904
396744974
677907731
466126258
320135841
561078705
601170035
325275762
574891741
106474724
444763298
205857090
346263979
316303179
74068224
520990996
837954596
621995864
32614393
178422812
921645348
922798110
663464672
76760697
486192223
370879845
568698888
894296128
573320155
10569995
551689418
856002452
59499521
420502969
968287337
893721634
684678807
612763734
452609722
797081690
400537984
331999171
26432975
288502868
7760522
60364457
438548174
270409149
433294443
750955766
801599166
562300477
450510618
869047726
547765157
539113793
733280300
601147033
979934034
949255994
992379816
706873905
751955606
564321745
554785304
588760845
146357568
925761008
348015841
180346588
836312187
225190861
169386141
235532701
777884827
589646176
896365134
374961804
69000174
425827765
932331670
298289738
461001685
822364387
208970828
989388939
405491833
190451794
872737810
429173543
160441333
83531774
632829698
503353726
804701873
693664077
580043564
462111228
733717562
418999675
914006887
512787164
922393307
252947855
914643578
576408304
392914335
214977917
91162898
958118980
642748657
358318496
532146859
554106268
16924323
694090077
245872220
929591217
355350917
565396364
183269012
955905773
53023197
918842296
19905254
752780413
592361162
666032414
430830826
84220750
9602612
434253905
641244241
650000497
511820876
419544505
375896429
208053829
907720808
632562522
596474603
190513915
99288895
914618829
786424885
802122836
551384913
78723430
486429402
110611795
447791856
650452345
106760311
168321198
235730663
958101113
459763967
3551010
233042600
161863164
984047141
726881920
784147089
6942148
948516367
208494752
717074254
882146360
42285392
597379817
318193647
37818390
21870409
722788393
968921759
992755095
856616878
138404366
132417411
217782417
201395499
513637731
179603011
320219030
636428892
359150266
327493594
472923042
414269834
553719762
959780537
372345418
975011228
745857643
648515380
869592681
406366824
92346746
966102460
577930133
85048582
669238552
36438038
889049584
792418147
409973465
628581935
383971916
199399438
242975567
101484234
321359600
871133598
15260183
960467664
470409409
547278909
463928058
370513255
589366101
881001156
244151211
467876526
488565628
637599278
945848227
62807161
276012765
74273013
99329077
586388270
764270131
172301905
554487277
132733834
532156945
477199693
290553425
527800882
226455427
730568329
943521676
273523604
171294266
452235527
638420937
501211819
959751045
785389978
178105971
322313772
942438764
721833490
376736359
696928975
840897370
201362026
547872408
251450305
846569918
347166304
352569170
309698903
100070360
656587295
337214101
149057695
316646321
882526347
428310718
993209714
256725483
936127175
144057827
858797771
937479479
970627605
296582259
36330101
999178340
444636408
103056115
490622786
896167040
777015303
643949504
42436641
795565545
857558301
291836463
330794919
929327284
39103120
681230963
879289121
377999158
633822772
173453243
514706969
115021425
489363242
184565498
77224697
357079259
184896255
65588288
6311589
577775662
517938586
759449495
870269763
904779765
511542307
252271964
401933509
244110189
861946383
413531861
323055056
12637791
294777460
353492148
459088018
590689883
97515799
63882430
217622363
254896211
264768705
480798612
303656706
797174361
781875288
921308674
509815098
260070910
25831417
133543526
711270785
711427015
637637914
464660978
277626958
98108806
421566698
426015152
417784977
786831154
279297454
635178932
516052774
220290910
850398186
502069178
820243964
135871093
725477478
486534813
259563460
121013825
847965923
751415377
313006957
37139974
455792788
73095402
122904477
590233632
742456864
141862599
218278772
728402856
702261075
611628039
374999875
830116481
75865190
360979212
169123184
671500645
646097452
430791207
975598756
629589771
964745837
83365795
946776173
279806109
101064709
373944005
534593430
539296603
873980065
590256959
863461090
886222536
151654020
240486984
642316016
348471296
303110675
827551343
44374290
137434854
416900160
787649916
518029833
238770146
127069303
990127482
60005902
364498265
317411628
588062814
474916372
417174715
775816620
683417184
72394135
372426993
126319227
843098366
489168922
368512859
607269168
678982168
854422790
112004116
748166948
488777338
678462460
835378204
718663195
820651887
368389969
818546107
386416917
838163901
212689611
177095920
565335960
708006027
152736806
110937226
313938102
170095164
221884974
285917251
115340586
446286374
110405915
468236834
168092848
269889023
222152069
460012308
338382421
675861429
530165685
737917991
933227125
406025717
490603197
638291963
311665022
224627696
645835069
496759740
219672844
656370264
30757798
937652717
470727573
895298214
807091031
418313198
690361559
378231695
54574756
437174003
457097193
568505539
996663528
301880573
378371422
210225625
667285356
448774171
598499817
908377659
480163685
710555486
307998216
474771618
243868794
159310243
217402829
514444841
799272203
89310405
524260094
725125233
66244406
458970321
415528576
172753197
997509260
272794633
462797991
803838869
769650748
960150725
621286673
92991682
280820797
364721585
409362187
188722624
259920541
101439396
557342339
197060897
898259921
311295183
176206579
320202310
629654501
995955954
651429419
647780787
200910369
175916717
578959491
965264350
912913908
731971959
502261132
537693207
886351995
205618225
212716364
394490722
985976179
794660946
138726911
520012959
89268813
215006533
193950820
879147207
749948055
28680205
254524300
697832806
531968065
327199196
826865310
754949221
282763741
95326265
543098694
1553305
621365212
815017202
602928500
593734030
381191233
656022322
180077772
548848837
862460452
871668978
302370627
54302316
888723031
162851616
211084717
103598975
172568271
656193619
230933497
414647967
802005133
772282210
897832731
172230163
921392416
881126683
433296284
585714711
905106647
747311909
254929466
791025729
662519530
211163058
773125508
170958977
191732446
544992880
138821725
433246490
34928760
645101981
16686755
878279075
726309576
200221984
809109773
369116448
116114478
723266335
582380950
626570121
864392767
128450726
199548171
849083001
917184469
430698336
672341612
500064549
222726037
594363059
643742188
115148542
616739512
511344896
391782785
677559973
389726106
40125740
911866527
627575390
517371894
797687006
379719206
156903151
755595455
19553656
445920586
721170432
72016909
64179836
469600232
181840312
164930959
628359343
926632961
534068803
11614887
924042506
253774506
761034109
872651266
638757174
210520453
440565699
1359792
901538212
261539562
214964679
808439197
131549800
979390340
75988738
811399806
954805558
109198227
66705760
748731518
42645019
93487546
897630813
984777748
951171179
428047639
158546200
124762826
461901876
950217581
988380168
584711934
857713980
665945086
465683599
786351232
150832418
754924122
878614718
587166553
939153505
155543358
854057241
758014092
230955906
912731233
940467108
84789494
393611494
370440504
210125399
519161116
859927200
785337283
968969866
830554960
356143691
776256359
921480086
210709535
51974252
315802872
539457915
951320629
273159393
630252744
950725216
465604713
513706741
289637504
660567388
199881436
230583508
479539206
809578011
887101659
239430303
139616721
753821842
38439945
487580530
73756706
731151331
91461371
740092182
469219051
724784732
72376696
696975218
635128637
430207540
374576058
833444034
667905182
535192300
623350632
616085442
902736611
484854698
600703160
962006016
474862394
571082751
103973989
709873115
10243962
288577607
380387993
975759271
81868207
591124656
216526970
22434516
883040140
723129003
978217544
584651540
447996543
211228447
803940340
905468011
878348519
768629493
878578102
859429962
285991330
366437400
562678324
944346905
186227378
271016217
336693691
654762021
153118681
76433928
12718135
502673953
627177342
381588255
729848219
180641444
344396738
96617424
615107011
44003981
213680570
352141541
950403892
944776177
556974754
38699092
168088898
691508163
680914356
695235148
83657496
706232899
692504648
244544025
423881784
643806561
725899281
436041087
789531892
810851988
254430965
561764947
869315834
806606212
710410867
475543591
957474196
66408288
481380227
623298896
561071272
781731094
153522482
834574121
645749392
933849788
416033507
617902145
387372150
147528286
102927318
645185526
973847664
457883531
992776431
306485235
810169304
382633317
957706469
86041658
454742161
908355650
307085531
804255021
789573014
651915621
482825705
143797680
234365309
81431163
81224895
101680609
210127936
57615459
134163875
301926400
552710417
857930525
598794631
490031995
227773053
107997136
48668937
642003606
707924670
609245437
587917282
411432302
813829780
403925632
665374286
574840879
108701818
395338569
168556735
652715621
474645563
349267459
45001106
993833769
451024082
272235826
383536835
305940986
66303390
1246708
435057590
916232204
323719655
690850030
753774816
952238777
783838684
467674473
858268603
346745025
859686712
665081924
96330351
180327576
63998339
71393403
329967899
830439676
416056876
506384014
992978790
814789366
889058723
481448253
827280836
203442958
812929418
604960860
39007913
955537226
724460299
742727949
575700215
706677961
174187847
671685076
87712646
122979749
650150815
713135507
791002194
641027343
537069964
821811709
793028907
809563637
252937107
864673528
929835430
379630678
942267925
553097158
889884109
559919375
8267917
620268222
27173480
842271401
863569192
550331857
139309358
178877823
428666560
902731375
622284724
116958763
89381709
389652389
6139729
392313261
983680756
206988149
180288860
702921367
715381818
351951447
277719401
67247014
688419344
17717198
950505849
948255889
675125429
659377233
13269300
171363140
852843838
15780839
698410044
553919624
644511595
245441243
259410556
99818957
573826148
