288665709
357817275
295474146
685894805
524603255
577417261
924095552
854108477
35272933
632171751
230792396
297144024
261362871
651190309
347935230
97191678
61933173
444126075
873330929
303682023
451729243
372954154
877198698
794939127
624522049
807999605
695647131
887245098
648351824
87017844
66737545
537934140
278474817
255913076
856511505
921795370
546936567
657194565
631118141
769800512
477194535
558012485
794998845
532071453
381790858
655118711
392750615
699038551
455559611
751708389
894474077
594656132
284629639
988996207
288703572
915711554
480618576
500535018
61372755
716603648
881770129
36850454
205756653
948255087
565434206
692858254
18669206
5449794
794678803
426139858
550255110
404738607
813007933
103530417
826487487
893716757
577955308
345127245
413148268
969403336
415248989
996608578
431685487
896643434
192543765
472081411
253304500
289478609
967209502
940799950
441176794
46401549
595821809
914514491
888030381
440344081
352255831
846743756
966637245
688932603
636449505
387300821
904359746
29419752
201453279
489735470
781648198
181099222
162508720
394986814
337756245
135491331
87386749
91969418
301354658
885161549
605164966
309113218
755711321
93352795
439553753
729190596
38240291
853878852
984963063
503853561
808916796
898493440
215500034
386143406
541460925
731211551
378489998
724215664
332953831
27948168
92248832
402265734
695190155
702808294
690433211
72205278
126969888
572222688
603043704
305685463
959014798
503852390
613159833
2868832
835179113
43142613
91032434
873284450
249378849
907258907
349060530
50480894
44456688
697599717
680818673
883154757
965599187
776365313
853525887
606544693
757001331
363171083
759015586
273406490
792912717
202899231
613923062
52903027
402919582
367348475
602220707
466017601
250835148
679277600
544838761
305064405
285333607
212631201
550964291
498318312
640179116
505205546
474836814
425694922
678887637
41767938
357809046
997590436
21989620
807278453
106606090
350604574
718696800
996499009
548684130
595843715
744836803
339753343
209956114
632279881
429219550
38129406
470364868
882030373
305038200
883042927
799645745
365179086
152760955
375754267
597821150
752967985
225401021
355207574
966365576
251795784
888334267
333320664
594518851
751144778
845090184
616332624
30913406
595641127
260742384
251616133
747320800
254336137
130593469
948995044
560227601
945580263
2675087
918684408
69098762
602049709
34840678
592806440
120656722
795844709
242122191
992629958
844829481
646235352
209457303
353638103
125203552
363489225
30133433
296888345
707509446
411516138
745234490
458811334
787189696
812886924
7215999
874723739
621287988
53422066
135722126
545309608
234585617
203765910
815526665
652240886
750292898
306716612
286108812
364315866
216955106
295527827
212663942
798674141
509022587
852460225
771503142
384678053
386183824
907104279
126412580
383831575
224202703
833705123
241485598
148711462
200345772
543863751
131494712
256211836
594833709
160116937
971518450
67234655
660122582
696812582
758044341
641063571
830708685
557216416
603345204
818486939
77380412
665817565
79933239
411981619
198852196
946560347
949788746
934729469
41383782
622537945
488539914
714183707
927009485
751890550
321106904
400880493
962280310
666815202
451895113
206429146
175221899
29896976
769482156
56838168
324009375
145429287
138551559
812210003
94415884
130439571
553969367
828967407
303759075
307925640
306451162
558385136
753771883
829503978
949859265
253785423
594075004
196765242
214828053
972295763
671577022
257334743
140225169
908232030
375705678
357163848
678783259
163893483
105321302
396916058
643265039
47483436
896335408
23095070
87972243
53422909
808008788
137578742
840313585
910944210
68568577
659572506
410424632
619083844
445439387
762721766
647108608
132776332
716955935
198109689
612354141
978456656
815068922
797186391
385261145
66674632
5204117
230319527
436504325
737252035
451656310
390075883
723646104
906843015
664660600
258967726
662049727
730676813
741531734
896436356
445776634
456496261
356451656
303883841
903727185
12004515
846910109
521141323
462792643
612983910
710055239
546006926
446937546
907211612
784561915
664808381
232414513
99149016
637833923
21297611
48218791
577689261
701074416
103061549
459287900
678492693
935926401
503581615
954423243
186471661
100672039
916431793
391244597
820519578
752333054
155857880
622005000
511185080
893459205
373256630
219764522
484062793
767526883
823520413
27196796
905649382
943138335
816434490
122281100
999852217
26553213
562900710
92842889
720234123
848217565
868087371
755421843
253390106
844595940
225234492
76078113
343328493
566718078
276320981
512311870
793623444
154762329
626417967
154878558
628704035
42803380
721229431
205689810
264577293
801533088
564155996
810162377
877554002
75864753
553638516
735354356
119491910
381300515
954571024
159918448
537771328
823588903
671010472
972302012
884245681
400436035
368614894
666589139
668224713
297178516
876436027
917344713
491205901
311208542
233573350
750887052
316720368
661555932
493577063
957048837
305323780
357210900
828265595
918701034
284061568
57924994
877867840
177525352
290957423
489880134
956586202
962027976
612147052
116402533
974540541
970034540
483751855
654115954
270632875
228268000
674188485
54640292
537465095
967398776
925097059
646811282
318956475
566345459
842291402
802751462
418633988
457935976
887723451
997522186
854594666
180560427
995323307
752309437
688240443
826320686
522568194
191089542
375631715
178344578
340592312
914408049
305197660
374803368
336667999
263538809
267135196
662604412
390923057
265309063
282860352
250683487
819745803
860866818
993603973
637250284
738968518
311522380
335233949
488205959
71246146
498650226
74304525
614624865
261807865
793980114
974711231
731442417
965875509
444312187
705699804
483098942
679008576
359120516
626806463
10689009
341613621
944153106
229677459
578752592
535616266
756029574
67012918
622414388
714661834
603911179
360814622
134456489
758705463
50990159
87352168
211045813
855855591
887425754
107098432
841942085
840103524
690572794
112995502
542687884
288827576
535692778
696728902
946610868
559609257
799761408
571674910
460625286
234060354
982914964
295636663
794815410
81844921
756481355
952589692
315216570
431637307
451890135
899963029
657896685
433165491
840254742
972736952
914885350
356960018
494653991
627243350
791582820
252022084
784864376
170585483
651040826
831157603
686989573
289925016
999923486
59300672
120402048
62805131
914900425
32236268
900189334
900396133
775790498
755353495
292536756
129200892
99374236
934836061
791881861
410304777
388213388
790609764
455098816
109522393
448572832
562955824
781843550
589650849
64955266
172518057
780092089
208603202
449195977
812329480
644595835
963657806
394855346
466556339
952666204
255915897
311235259
389085004
985062602
625660416
532976155
939858608
196946454
159531855
64423262
365453098
527869114
856746758
460140221
374559599
782372093
860431060
376058786
577467180
841352182
436967661
277457121
530751197
997849863
742382368
252144178
691586132
451200156
963461016
110757659
328878949
734345545
632817895
982169855
535965963
99069518
999128383
805547161
829438399
576546237
508714223
366009370
622311695
525227587
699502166
644648942
923345329
748462979
74636377
29957386
784164774
587599020
817388164
625204155
515698543
978458775
780484060
391235139
242680234
373516237
841390022
488658452
233485436
48774196
735544311
631107552
895051217
874576902
924174257
275490080
783243709
54883899
546620385
920943
332637958
70958291
655145424
5523609
298347697
97733425
328798848
943123151
376563778
933503630
326592883
741279928
916957379
7613739
466471312
557507186
318585457
607893243
562866926
455922161
735156213
20055771
132523933
573537498
789683274
68394613
749597723
48768427
824288721
799146296
246713675
729280874
40978634
816467221
292566196
444740251
323313350
774960450
92887442
144946808
44717389
898266869
112094673
299981805
722181311
994264382
714150172
887437477
408105589
366667070
956904622
175350466
492016971
90698223
265764728
312582187
938434357
81607926
215840333
229953083
348135701
280030420
118834430
577417481
686789954
597312008
700301293
100490157
715047542
21731060
234193836
543625005
515005800
417920118
411204772
836889343
907961096
832542126
851356186
795418891
354244440
862160244
640662836
457621650
842241672
71363209
237263902
950280409
550702492
979984008
506305893
241705424
559120116
862934357
796811106
764686968
779432439
534677191
613191850
124869303
293963088
613660014
172389935
386374528
132473234
413279616
660344665
74096853
679493450
428875384
404621090
105892230
230251738
420421441
875708641
485975455
639367582
661212778
735175808
615426744
360048105
750020883
549787664
735063532
515425166
992488410
984504888
652071441
621109011
646517803
57456904
373283905
219350275
726486883
501455802
740584425
689770309
254288308
325148416
428962055
411018543
163167049
270786958
121827108
575362918
400413662
11453685
138698674
987225715
310835650
125319385
118219660
799501382
997765104
764821196
543942204
63872350
437326401
870949361
139984822
428774727
8273223
452987841
32975647
371418480
31337184
886541953
503764854
918965638
135124216
796205144
385079274
336064362
306213752
204408201
196881055
479233924
427960555
159700614
115011504
981034724
845806213
664845725
310273360
521198417
939237242
573782521
221585170
961665685
957513596
676712074
252443907
383338946
185163593
187327
402745319
710179207
237811311
750408627
544025733
513871707
507688830
219733035
852101498
514630505
740240110
782155296
493287629
793356902
567940141
64708279
635911794
277625786
755937856
158950096
582968513
343427496
142714480
511777229
432181236
457554661
664956783
542099168
961452040
458412140
543761237
1740328
150900769
306026425
801662880
486701847
241422613
677551926
615674880
601139795
473345894
626073178
812744226
795642854
780958305
157081945
80494892
428228266
393725544
892805317
