970933927
78439813
860236265
172021762
905537432
75197110
50842282
99665333
486067017
578550819
343941354
339388865
619868823
42442711
826451109
408481501
460726818
979689141
394639609
797356737
17221276
495881120
164651597
130331246
864083449
192164836
501339160
266823203
65228703
105380099
35630670
28054782
300793396
250760496
354753914
954732292
921034753
812492162
39581079
452548841
709845120
792857111
319368575
297259948
306216425
19583643
704501476
728441090
965631278
446347241
678628574
930726340
507426798
669390000
282919098
475052806
913788215
729905019
307938312
713372596
573857948
784019077
34436630
380686918
542920149
315886572
38595469
369108327
687688796
871718815
487446746
648234655
940108061
942090766
87511617
224364164
176512545
867391647
824114819
844499805
487663359
772898069
301191924
618881460
426751523
104904329
520627983
631403395
967841397
879701106
40944077
191129734
504553850
326208482
878690891
925826041
758420480
938681655
754339798
990329852
980988173
335393149
40752293
93912462
958900493
30393918
990618277
565336030
581878382
58554933
298540260
46396567
905790198
463438505
225709237
800959878
482827153
415555168
953935393
438015819
795258588
407192072
401266928
807987688
830774738
296317011
143680805
613899579
63399875
161685575
465943682
237830888
113051848
833784966
863511631
152270209
732145775
207279462
659980965
396357605
114286051
955291951
49525013
909286463
581160846
994547509
285339535
41115344
100499245
77731013
442998888
342865312
984746261
316323979
195071264
573796101
934126220
232764604
263137722
662583482
886713112
376718697
501936155
420192807
592611250
60709371
933344717
72005232
599926872
73439027
68814103
275547691
755574201
557577788
323729767
839966635
357667059
491980463
226826842
836227228
10977476
102565460
513400334
985668860
718686685
123078369
253084625
796727868
638713702
289715530
218143988
499381170
944141738
997397482
509644491
737567352
453355795
629332204
316675213
520451474
61202791
213334302
441188471
27060217
8916909
167451197
587291110
427168473
992594210
355104627
216129041
442145756
5937762
426910493
651606005
784147652
863318362
516267293
701506120
469532880
807624744
136616849
433291529
310211342
855295038
569432931
331405951
758176717
47933296
586162414
386610839
728334853
175305250
706375366
775024436
797643173
661376988
486340116
976751950
551235488
535787258
825916151
804133656
283609074
73586488
775998231
493443408
517231245
345791477
725496837
874248988
937088501
927826083
847142332
712826728
924585941
780042772
130977128
171765178
439483977
836045244
829114391
379235177
406431796
968493786
487794187
266840505
299562394
651886055
853962831
122770664
376978246
539515341
150270631
933745620
981708592
332483191
149682454
236624854
79296807
75989522
814174705
412385239
322436457
711913424
449522337
800508768
328162917
993548636
850438494
17600400
530399859
314574938
537267973
715190243
706672865
446680973
397701859
315115287
585792300
509157725
193881014
865345188
491828645
602726173
497270742
397573159
777555452
913396710
731118135
592102749
630360318
894352273
92468371
363494454
21870539
416729151
56798719
694518371
518971448
687285417
938677587
306013756
801447559
836362430
592370803
62403308
2247367
435080387
227072755
535027618
934781331
834567165
650832552
570139080
882108507
948829515
920556593
719710283
214642681
51949178
22953316
414766205
262430501
258335745
387240080
636047585
222106566
173773519
693319703
289943713
389882254
703183487
796143837
898506882
570480136
887867256
63897629
655466213
10355370
434867434
395325791
342475064
686323955
196090516
657321417
795793151
243519720
522329289
481385945
73041023
496172557
337088435
479875690
467022270
664332100
523911381
43583255
543111814
449122349
956323217
840296740
828473847
741760682
937129040
145145364
231597843
38423328
752325669
999658943
994241250
884931886
265090380
709354912
779775246
656623385
680478250
728442249
66339984
601014326
591446928
392527864
699777276
692387573
620278680
793771155
52793819
223307797
329121566
234174781
46568755
844284001
520785813
206343863
54032151
594570693
566851942
600714380
749194913
50945152
425723573
757369822
491194050
522670345
487144694
188109136
231082177
627733521
700100442
810398883
983853849
795469131
977243269
942097486
857675420
563795353
140519463
136086274
121482002
143357885
92351544
8290046
709301760
518150888
953090188
149957248
364146072
58746516
655322761
185204552
89771442
79763869
979247334
15394832
175290753
834077104
901333812
177106931
205242878
432169544
562688978
425060297
523207353
518722681
250320931
251099622
867040731
578688326
348668441
490236797
454051229
430765668
479232378
605837028
958593606
417433526
48068061
973043161
569580156
337187445
823963062
172335660
972410758
514895890
720627440
904089979
816221795
961848436
766806732
23598316
662461539
963412530
930843394
689312457
580668906
667291246
485082692
190579078
267829956
701990565
282916516
785457744
710078073
165085964
731153321
659005773
600531490
373410306
56801224
757857225
786009042
928290650
607526774
868055432
608206480
390353317
452649537
8311463
798095240
346230950
434877826
905192293
811881592
325070125
827775256
490638698
499922272
789919920
25168121
291302360
932350832
857488981
705213204
867589589
54270928
38505318
462257585
807324794
783742567
61621667
303558489
442811488
905047212
8949507
237589272
734170888
355885756
62787962
81105976
190315588
214641709
476771229
392483837
921599004
267112739
377724222
973576151
385007947
337310707
240514623
159083500
810611568
348242184
765498863
825506391
928520059
223077445
739937183
813784503
569701162
928095730
645324741
224568894
736473572
42672461
992066336
145080
802932085
87480853
93604367
134752942
437134310
708813943
834852532
76660651
455579603
465005144
783614198
600476850
676546705
64929165
77249637
470014087
543227943
902538165
492946919
94569303
139548349
183443114
309069211
511093442
615948571
249003458
511404813
262219856
569316966
252202334
656010263
878926543
275046401
377579141
170644065
297527094
243706339
105761681
721949189
101797625
513389651
688838211
369926788
463514915
439463245
139460333
137237798
504771996
850846093
175310654
681340950
833935406
549725541
897497032
860596730
619488971
778411640
582510923
518804370
188130852
197409130
572632675
507343683
203377268
808994879
904687654
325430448
298967563
894285099
779722542
226307748
437466261
180588976
391149293
581179651
450710136
813516324
845554295
71630197
476488237
111765659
6632816
411373762
394006312
570861383
822074856
329201001
377549368
516982409
551155093
519115453
661195414
586957310
533818336
904388494
940756975
181494528
166549520
654520034
534775590
814029884
838270233
610486896
71123551
949002904
243874688
653346429
158576247
316317381
409886594
805972646
932857343
510880726
42316132
76365192
190776313
161258912
113337370
632515884
986920021
575486653
947881078
781985152
343130005
260607088
565112332
850508950
646770638
486760798
640422674
269215607
646966804
191034260
536854605
662458352
273495424
396145919
340250211
445003406
326986694
168728427
170624753
61231987
107095815
745182446
586258108
150314688
544641177
457453144
713612181
779498063
68157157
534033634
667600012
959288936
866148804
56285081
267356890
810516461
383890572
393365737
6575790
671815448
675894705
140670986
159005841
741823083
974026119
379857779
802869766
794630392
821008699
668333963
305529190
818191594
404861899
886649091
674889337
597947558
674348979
414797644
305867772
189317494
773148616
860924610
201058450
112933169
523434247
577565668
796309547
217210343
128789029
529733749
61112834
933620955
162152637
498809304
385337280
966424827
586176604
844435024
176288567
164783398
654583376
918981787
958489362
399823193
228504443
849408416
554427036
979499712
381395743
669409331
136167481
969092926
87497965
817258294
898666830
814970094
939612535
46072671
218388835
396460450
583548231
585659423
665841363
291274950
607221128
371908234
656038957
906052593
501311810
708464508
11770953
829913954
238509076
141084373
534734116
854166827
902435247
801235256
884428725
674025829
23138632
816809834
835814599
459379696
393566267
92019906
846122989
344894341
600142473
570367185
26812292
540103933
626046188
779828115
581235166
68923953
253140424
667214411
792602063
856596208
193369459
648374442
478187901
672931233
657638377
306253526
730583849
946413590
282524178
44500003
912534845
138377278
161643945
544363004
373321818
766738396
749844822
206461666
897708682
515201221
525785243
311144615
305910120
930944623
681652216
471667019
203867765
458680960
559849206
465810162
601026403
235220835
8633192
27832516
480656370
374764188
338621932
162883366
801741318
87312740
361436055
899709398
62370163
555642469
657832338
888435012
378459987
81683183
406506296
814496769
319079130
46678757
769505728
277400841
330810965
882224842
342464321
547243276
991279015
185971357
102385760
271902889
386564384
816714014
443473598
677314010
129744086
133811429
63706634
998557628
428116463
586961456
404720346
810395941
153765166
626075843
248774452
750267649
273112285
793217203
93207032
122184582
52174664
745352436
146731032
554347645
465715106
731232349
697021550
598431527
32299867
791378654
171604350
615769961
984926978
89533166
513145014
245656147
112168871
980518327
758690925
244648558
17976549
407948666
386380305
732117672
641958410
959109785
123635675
704735120
633450389
592196670
274130991
198061811
92764324
980201177
219728225
641211946
669982981
889125952
211598903
398511735
436789877
465275105
966257761
636737808
415357106
788950384
825468961
64231999
112930829
3118304
638098778
292593956
34526277
848558472
104208033
644225996
358972131
414613358
912389234
506605320
607596674
992286428
964981136
440103195
517247663
973542537
523005636
4725801
869804940
871933066
575673164
223042918
768919424
360179190
807858679
552701442
441690903
749642496
