538470253
490514016
776337531
838003672
704267889
391149083
305740135
217489355
753769736
825922114
238366642
504430148
119176299
639018130
143697445
959096687
309256787
557291453
541840633
424289879
329241303
635970646
685775637
460810295
884917051
20125455
933538514
542634186
542886731
117255179
428998923
38360555
885883333
214108455
935657257
573106017
331570385
507925795
637007690
961909286
875027914
46933764
642252057
667650882
443696995
778161025
334303307
2749748
7272411
596877464
660066542
395291631
920207636
96977850
392026242
902499606
804738378
315527236
953086619
684142434
457610568
763105947
674602622
636514556
396923191
200006087
618546814
905067843
703360871
570591426
627526301
801330990
920283761
579931346
549261963
282307538
993718588
18124754
17113299
106756026
685822147
930788766
535361774
946009266
457188635
33707291
118152917
788905482
822082212
33157650
768367638
16043148
554839174
952865255
504298717
111921966
372331141
5737500
270727691
243690908
159614210
429235462
299388875
436680983
969351161
858735551
475007869
340276290
547715886
109718703
908781017
786613623
298413937
846330593
998320286
526821801
227744172
728593354
179325920
363215900
81853169
829641331
82985631
670203221
802223787
611483152
246491815
967418505
75632628
437339996
909976396
987981087
747397062
773422389
947141814
256586684
631399890
98680790
976658103
598453083
558699421
777876626
241189596
712363509
124376632
981754014
717629210
708508580
954544967
977476915
884177793
643737785
826411578
907511789
161837739
329972877
346249831
629185653
634457195
357868009
612243735
507589362
264643661
110375889
199742305
920799928
39216560
524991547
899188777
741733602
895421909
129063381
751935249
580872836
804516478
303976541
588451735
370622121
545826588
820469772
893853941
537983234
12873538
98155711
553162202
266238611
161569508
839885272
611584650
617168937
910336851
2214237
464223594
618790094
986209347
51110058
513232965
130813706
512621203
203576702
942537453
192637662
809319802
212811365
82055006
755114411
891802534
245538742
102995311
857861196
741521141
975627709
83359064
813987422
464014066
74260501
494715823
166487949
557213686
933503693
759230420
199331287
913406896
282019840
831396749
893207672
664839786
133145154
594663487
753406419
790743575
457638028
858000916
342249885
877932317
701216278
728663431
800062172
16100705
798047789
374436075
916030765
736889960
753723452
875647794
934709140
918855171
650236170
154776028
911948846
556394234
346745015
573600019
579117509
444346281
743206166
279230765
527299961
381414614
188847332
90274624
758657380
650875253
349588891
67117621
283883112
117626793
741109178
936055104
762797786
345597069
694653650
150387244
759165895
559067618
843199654
462441325
159683443
406372044
896687607
974352500
14603616
978369125
682714640
197012185
443998560
884038008
278883407
897903602
134726150
421985513
201363469
418647557
827253371
707773164
615778694
265155511
387301068
686605831
591764681
817082347
177745992
714181064
391978240
566351777
861740582
196357771
814434123
20049890
601146626
280764840
119547321
120927916
484727005
214494831
75671008
780288253
968160611
152576706
623119060
399845103
838743384
843205574
801328954
340812273
144233599
276006093
323133871
51392730
943288923
578044142
75140257
473077611
814607362
79605259
796606507
300422550
586390885
116362863
335271601
247640788
69603885
258833516
296756975
853961308
302438191
80435552
933920551
612758540
632102156
835490439
296994898
234724361
63486771
191919578
978338961
334540416
912852109
51165966
422118177
585734489
873223898
763041392
76760966
23102484
205624583
646469708
306320553
405121745
417888322
775248457
193897368
851797748
817305103
375478271
330241218
579909868
546448599
947367644
38374081
63798047
342085541
710375329
419290573
107798483
281049244
840415894
409590840
622687784
101266296
462066090
387570440
535224918
694244685
749537111
374416888
306562491
182072549
273654491
648336724
655968482
774114998
528798805
194870218
856853697
641593071
445197148
417419256
688008498
861678358
398429093
788091816
965484463
12791885
358320130
243648948
162848569
343750819
968962482
742053238
365208687
236878868
683632768
303855448
955822230
387678017
658672448
157553063
67767992
1061382
23678727
397837319
272794107
299030919
382405598
289683047
813286734
515505111
562436874
466205411
835852094
422996637
721582340
761009424
702837202
673974273
422085975
522433033
335924554
505888163
211568319
962811670
213110066
531601251
283128036
419089614
90482229
224943356
239047986
469175680
982920621
287644085
349651264
686947116
837999631
591774
515297708
666453543
630386285
68637082
430362212
647343456
781313944
502757070
906201143
942212049
515296526
922623342
601018245
281847957
965592040
136239415
821628507
561879827
789493061
60867056
184727252
741192855
15902882
963315983
199200818
588343378
276457125
93261193
483284788
548208008
73345372
34635223
923009792
702245428
158676564
755632430
892046746
267287472
75525951
564224861
181497725
710352994
625400107
340915986
903793086
167858885
623925110
957200027
503583639
846681206
466015577
787771436
897454054
777132574
815864520
774104852
650550660
667070301
869436263
842018832
370886331
688052751
19472281
357993134
868866676
480661302
999613549
898772815
123171392
209959609
244192667
554341034
486353875
225268199
879369329
474374257
115792747
674986895
59522896
31341932
964418266
319257096
589677553
636603581
82192431
285573935
137181168
145877217
886380907
384571710
105081770
224976445
397851208
233507117
193338530
493444973
690880712
267406972
472049309
423131784
168245335
725152294
834028635
293624029
602488538
911674541
301417560
672185854
897763244
341490262
658312105
975563764
607547404
838094330
877600565
51629235
98375197
382868699
275800703
583292741
343480133
853736332
12391907
738599680
104877839
19216222
156489826
252846758
31929669
385924356
783493543
848385773
202937586
636391111
863096595
239265972
485228460
296053523
34115043
170517888
984156373
464995313
248113972
544890644
726259604
129518004
617429039
559756876
355906551
141709294
395069775
308012013
991606268
888756567
79651650
314509002
712760386
95428954
188746189
583272316
755184715
48570802
640256184
511838888
557996718
809926330
772626178
971156292
974997734
638334592
566400774
802321672
348753655
105282815
599136366
878484819
605622360
467501261
12340076
975359834
401787181
596732948
896940205
890220374
990854579
475481529
856779504
314181017
556739460
548587593
526505585
389799505
107307334
450842726
415333171
935585571
824739128
736275082
986893925
916333273
356891825
646272746
584759141
717571958
575308519
592748101
959258357
886323453
289620200
201166830
708886641
245259124
83088878
213386354
181485134
158451767
151630595
750035808
520984307
82515188
953146825
458445160
414416831
426410140
111829007
176601268
695014338
897910928
689949642
663550793
53745690
869347276
480607335
96006802
618468009
755514434
11973807
179368247
314911855
398106478
516223171
970456049
24560817
355572630
839700951
281246460
306710627
893920978
269357591
256881404
783954975
74703319
215290775
904378736
963186446
898446663
231855914
158349000
605742950
398707250
897733761
61347428
196373810
626069406
147421139
839539363
764651787
987082074
594918344
425970698
146477959
972262347
435123953
122877828
566292015
982690774
433884343
58844201
586709188
830582546
869890640
801093358
628553336
433068237
879595817
979042370
654056500
576228597
132820354
720021344
523658520
853624805
573625296
916204603
500372715
454875743
774082238
398491409
208151490
161587
516594671
319628551
299002634
843386891
110403444
811692627
639579364
92412947
338086721
980495670
464562320
173011713
571639811
775160403
528816609
96640403
432794091
763305571
746473588
168378768
185482863
188423190
854261720
874896998
902312177
292853153
398637051
518919348
622505112
111416272
208608535
35392933
850692709
586547601
313987874
550262088
502090723
785166443
322664793
67903189
339463005
561643553
238141876
152324682
255459023
350646807
281984994
798464891
387387994
403732312
22081652
10776666
652017820
39772722
814678722
328171481
465366830
424105634
941074713
817550289
413055576
120660015
469907833
226670449
771887134
429169386
322319002
985092209
461172528
978554520
594549678
647627646
440640778
678570398
828915761
623839309
950281312
701937037
619437975
551665370
10868159
600172158
131531354
218772800
89334620
197831869
383375111
810919987
771868877
985816392
84895257
77985089
844091729
505114502
654847611
218802989
91735719
11471427
380437547
826289636
28327804
296892783
337292362
408833473
809182632
374454004
570135887
973447421
210856959
190839412
377890167
763429792
804667658
389409342
806682130
812883417
989128660
251135033
137335828
574055265
45794275
511399014
213223331
475356135
893659262
516564589
803535915
935526275
23722786
610112771
532103590
938809885
321499490
793148337
523337566
713975374
262879795
722697880
409590166
714880614
627695980
409927689
600063027
581029464
607926224
321465463
273317429
454682387
698432371
841964193
229674328
840600684
874135597
806382280
780495361
516928788
83669452
861936226
515174209
292618043
570918088
634609611
949724634
600744186
658735821
439080281
441930302
11519320
866071775
92706755
550003621
266430780
841544866
422455213
946359284
635866584
911335986
632193865
867429909
572193799
243247159
348853528
237093903
181758592
380438443
691502905
64674287
515117208
12652976
6408777
630305922
400943568
207523670
116972122
143962525
993086368
460203054
999318839
922293642
168845943
879535160
261798108
588610610
605725615
291960572
963243547
999055816
451680383
860022995
144628776
605592801
451475585
994506316
942980409
49370883
222064560
397515707
767966041
220305743
967232915
374405993
926813092
998866342
859662998
462400832
149060053
58907109
724572743
278492688
953272914
175663529
912017145
709900222
698583965
