735561894
24089187
97029203
426097343
314730673
160192231
387344011
625999889
928053955
151657747
595656430
813806142
938488902
919462969
276400856
600179087
433054269
577996285
187981783
58222211
96142364
994387702
113670854
900252168
929010370
811593375
776102099
595420379
583388543
556102996
186543346
475289465
766090206
935404376
816706086
326642745
6894662
100021453
172940143
295072109
122146270
221260291
439725449
938768875
432916327
367772680
290118953
783053186
934383555
6251513
675337263
214387490
103785412
56021508
558914079
741174191
910418332
196777034
497086971
503137296
384090130
791923630
42611345
371950959
965114399
120366964
47715935
3084525
102756882
949758109
593284424
333032815
405056141
892909673
936075940
874882071
554662253
174901978
467335840
561237689
521474422
993048911
661036823
577137030
880765731
972155855
371504052
710068698
376490297
75531894
416224412
810117627
602934481
669802846
910981977
330222638
178648946
67774489
973654474
312549362
320056745
287034427
680296303
984625444
412967087
342304448
809331347
210875738
119945567
684032006
186511937
735516353
729441192
935849280
981662873
391041218
130886807
465474314
491185226
992958543
748862911
337647236
626594227
27224988
533533696
783166796
730098333
735253294
981927695
605853301
696233125
486887763
201247502
154786478
241180944
234439995
312752607
676411377
164169942
538461283
162824507
160628314
590123130
692458289
889019955
680708058
80676434
667085199
688139971
519940758
199335831
713174630
576589262
980695930
563686449
982409508
660440198
653071315
451091747
629800289
612206114
74078053
228948042
514092264
987798880
699624173
534268850
574654713
694668336
747222877
78288610
454475428
301304371
952723942
830134035
588234597
747524104
934135937
138205031
852825637
702490361
63013134
47113322
461986936
406517470
983058493
910298500
220551571
591100027
258771434
573999796
659681290
225319629
534369651
926255167
88746454
931680270
76030865
704659408
189395782
146439207
506021719
972416861
940917093
441652147
744860402
411870259
623865318
150561894
975451851
234885403
726304259
514866284
598266109
927309927
549192980
26964730
766961104
107574794
4740386
789325672
313717278
983554684
435896902
173223081
418607319
229155798
766934718
26468774
741387581
656554325
671493238
229476529
948809247
706386429
196468642
90596271
106196228
20334788
661657066
571188233
286433181
69989677
615648175
23886030
847695535
144815006
627053519
607059723
377062187
61781723
164719166
968456069
699919021
400070109
832721927
522467033
536519959
767694011
23044828
515704604
644935540
597396543
409174312
318897525
563392163
496827730
566057035
891879678
730841284
458596708
920768501
746626316
445917727
433552151
502892490
243727601
367906509
412010871
325527544
273792312
602102277
159874994
649406585
679605857
491835159
703037167
529557507
548739138
873664501
674001607
554076311
338502215
997289958
145952462
926252692
689036636
660815363
296750650
460493866
350867805
578757970
735173839
876218438
918465478
141013221
418092848
522538342
266366869
897177617
588994325
154560524
124509088
442166466
749252515
913602325
485060545
947989956
729568454
827062365
860354994
967270221
17317896
18215177
56839677
904520396
582266285
749336356
299965264
507299457
813855852
582912237
71155859
951517004
974659738
695034341
866928437
283656555
730941106
538592635
73742310
180498825
263190637
651561520
284670175
519441083
429567223
896335747
248037443
232350136
441192147
741046678
931246907
469688283
600138870
383597582
561440073
716958662
819378761
13945082
558746935
668756491
222573078
759067410
83321764
6082088
83404665
172992083
467506727
54218174
46673887
201403989
217048850
190975819
753320054
679856169
704079584
365756375
733545001
537398592
474953172
685930537
501298912
67615128
66107310
72809174
651665328
601467574
351378133
591062156
133594267
149969775
464277793
716996024
979845699
404985817
957925746
504123226
568239755
278588087
436036417
256575140
428829020
193819268
185676248
239788157
523997828
740271088
716368228
920282699
679517997
195683698
983413659
281980168
538991908
872816396
167457578
154957950
692960100
10512590
354416758
481937090
821613948
876444570
920623905
896704111
737126195
500052824
211130118
348334236
721930422
199956358
797516618
454956914
101362174
218378032
257101517
307479644
881938878
826319151
548811344
911394238
885099344
431095433
911544158
937910568
166556114
182297625
178004116
107029302
237528239
802967796
811163124
557727165
924171327
954099326
434961190
552384448
273195362
288972135
502661961
23945003
529140969
368033991
198352277
479561638
398167078
528456745
180617993
320613875
615714879
859977933
273019070
866640947
461701244
443022518
596837744
390518515
964900411
982713336
730147997
554828570
322048708
104100816
110805997
918962625
388793232
239789453
530785585
147262846
783416841
704717067
34284281
592966742
323657190
524866340
382253268
517065353
232743156
431982519
539743490
638099367
1679631
857390239
491314421
377550304
529948725
944522175
96025920
481148808
357261582
44442675
587484036
290482024
558824137
947833389
701896294
425040153
257227993
279389650
90768406
158377624
997671159
33355146
537197033
910997811
825693651
680052327
542983757
936834902
60769249
79772390
157775359
532917891
442969846
92048630
553148938
464658467
612786393
733255691
389013899
444271055
143763533
49636776
790001263
738974165
117233030
743802256
34142605
375823799
822970045
957213114
259837359
953353504
341214113
381365865
640428207
968324483
320193206
580316608
551856652
849896397
401538418
159191016
420379559
277489191
886667315
54566144
847512177
466775507
394684450
237237826
812253758
523972300
890375750
646497349
14614091
948034382
243353882
798222866
793764781
81891395
645909722
167159958
113864857
103556134
819935030
204421854
191703778
61603980
451620422
584824454
144465261
32469784
181399039
539117501
42732637
984572515
629257216
512512071
852306849
62666885
896290078
567367096
981139347
585732219
144959355
735865057
62977754
694716762
366751774
692393823
724970601
521970339
786551826
469965256
203986675
234378460
45326159
316823425
457554160
682245461
862862365
785908196
15155085
809859995
92772565
779783973
342573261
351258248
603764712
30041574
318777166
730841809
945916016
731097895
185601315
78542625
186020609
528132636
958596777
84069972
141444099
496987014
694852205
759226597
859853851
622494920
245917957
711433781
335130825
808354176
939246356
312433791
54957911
170061387
199804519
110381881
552212011
171279351
492959654
365175380
393291796
711719504
90952050
336710199
373616656
994128791
576054322
55453930
284363941
125444049
48357850
517193521
358226646
373484187
540801361
365875350
91055991
255928486
950006143
470277643
533866016
631139478
16127422
795410534
90795217
6343375
675883898
775854628
531293376
75219434
526330613
14741258
35172982
593421396
690778175
429724594
406034963
358142005
385609941
865725059
46440598
190464026
427069840
209686776
759996325
422052834
954207143
681473722
629260025
833929167
19325890
296283524
221273207
22682010
831309362
762152317
695592081
295541514
245914982
367273281
318244892
800199693
524160553
209144506
599113435
33616592
482020538
764805248
682706011
111076766
959840385
732913985
870318544
84281083
423837044
343401990
204069637
806440645
35414209
668742381
52136230
994410174
146594602
697364207
55893544
230047088
793468049
12490971
762112033
928625857
734132512
110493448
112227022
18336660
547480166
246240904
666303471
217925333
610573339
726379733
940032294
189401895
998767710
518183259
874088780
286411903
425964979
136992123
598844964
487907372
558082679
889151434
260127305
577172600
315137050
323834717
653605090
826796344
153250962
369066347
240148541
469529567
2693215
754080152
376944253
849346936
620686963
851981883
536800916
177596140
677098517
986144302
195867306
309034474
728710085
862734334
995642462
628411342
823275425
769481639
804082107
656475925
413646006
274204660
370543177
844981077
850366142
535054420
703199608
223645449
592635812
839507126
64674370
241506992
486231192
470502727
186708679
244687558
141239005
24741844
665724939
573983094
600191206
421248824
810808853
571938375
693284127
951092830
848462514
452402714
328192253
25193748
3520918
383769322
564984238
583672614
55883560
728488553
383536974
531963174
998980793
85632543
148782275
313155466
584960326
837591390
921469931
954360313
822803281
258207357
676025654
750954904
487172336
798533581
103756700
230099012
56284719
992397181
463395806
798604801
151696949
899273310
686591904
250796893
895453194
567442064
835986207
680905047
676522752
902558576
414619167
458220125
861150582
609275830
25761049
580092396
425200819
287035739
836288496
973217461
650468442
738923813
128289549
590255157
776377059
577237348
538021410
204987335
280012622
334885225
527387895
63486378
265092746
584932172
380266225
99707482
399040637
897985380
417702271
17518261
1605182
240564884
277837560
920244703
843588189
217805529
889804321
877896505
772772532
523664302
804898192
769248978
156108684
490178344
148136358
412773134
770983761
96336747
474419833
318215845
29420654
630998871
400892425
341637527
375170681
351132788
193127378
276218409
229009604
926053565
181051758
527215438
869333466
818770234
971612278
409903558
461086253
208044844
746666967
558571529
687433025
660124904
432214802
756348318
529987032
758138916
907377692
774914401
436795813
967493090
328723720
302703889
423565546
99486425
988097606
370606310
839672458
936200031
545074022
492455400
24678150
613585911
648886900
846718965
342612543
277682753
899915510
337338449
518566064
738232799
951686880
562938917
349669779
915848303
630782819
369295749
198784069
644544105
811650494
617031764
443755094
418212976
839422595
261516513
597329845
878347868
103649892
769847041
830672626
601005968
570231098
524886220
662970821
254211566
533893379
73847114
11238003
585495836
