774818917
771995612
665159667
3461897
908113172
525818021
794525750
203749189
836831551
894099734
333619038
1232407
225219361
571946561
235839806
420155459
116414487
830630077
959342095
978434423
226527960
451017374
690434127
952885193
628605016
68441974
290709289
803673908
320785620
510300710
572925105
661353831
834067506
41677501
233180220
23520134
828908269
437379398
60398664
972949950
575555180
660568306
709064620
231853750
324438646
837836253
756647431
388337060
799134951
324822980
509956638
155893895
674025370
700882752
602997443
323801542
81561484
712274472
374856879
839671198
235108732
990851841
882963567
326530841
321174628
672265206
167164900
183541860
338766340
212319671
591247189
679035088
770231412
986392144
402879243
565959652
741952753
458580376
628446546
790768762
311794541
902372228
4538957
995962639
344071
417031210
987328459
133184753
438680056
909378676
941958649
116633796
62522518
220727464
737841218
584703338
777604737
382533778
910679121
652173439
670671352
573105571
49570719
586815279
733575789
830921549
385662481
687633225
298003509
37037790
581848788
622981107
83827925
584088116
527876656
332736502
986312884
887000927
326186770
904143417
684936745
33980146
744861802
429387662
270361021
474613392
616512569
549503947
248550925
818175904
788354913
359418974
547901254
976273106
120097409
738688969
852801508
417723676
262386849
169422520
31368728
299695234
835181242
401642265
327529887
318977541
32805870
478434401
692850807
405104715
598390452
890603809
56347007
6535703
967236692
636691205
828243767
620183055
316454257
258962396
214408980
836158532
439082299
479827604
248682875
222429813
75079853
107554817
463990706
789187686
479934992
568589207
624614078
156764250
872774688
385241510
198798903
343219536
101857774
951383479
441807522
138078167
856653139
843446209
219785451
897751103
303071967
541365551
9036413
483406203
910445200
232618452
101269419
3424452
955013538
195210195
860612933
355353637
152959389
105100074
243897688
925251051
14443695
903663119
925169721
29801245
265989730
899582755
133761013
581995182
437892302
485024231
518325281
365070776
817154873
76330813
979505392
595636089
260042153
350931771
919357845
533714301
98518404
980584502
878742485
247316540
467319787
621189625
201750710
677564493
524628575
843445265
190260146
996757699
707485790
516556469
123634471
952990018
918276486
189984206
631761372
403489210
407604537
427041230
45513900
425420969
714293170
736198641
186269577
878682725
215704801
264976844
95311483
802027617
185742228
710183386
826732647
33859192
24920634
677853181
562481456
644800104
697832044
456196518
57366606
594447035
294764084
521567580
657584984
300598404
952696340
26515373
677359602
70057947
719170397
515868634
126109763
671477172
935070601
453321516
533023368
731121144
434920047
323067984
461859692
259651731
748133781
388232528
811015471
997302403
689823820
89775279
928069384
240423304
627502748
986961267
705657165
951408018
369674623
451066863
130656884
192725590
78613656
885671172
925986384
189189428
587617241
25253536
82857219
669873593
584073622
155255474
98788590
571599117
144829813
831360310
209880056
374764060
994336825
797714874
846313253
906531555
710552108
660282580
610774582
862921060
98445988
436936297
442555198
732209129
810211468
174701744
301802548
484003737
322664631
340297777
652507487
549248873
397081598
272670263
672034488
722880245
305375308
141141878
413228780
534568345
990986688
356470267
95593491
796142436
777081210
330893104
957071192
571959748
604753609
224125327
482173481
418331075
274896590
63065323
90743440
150680944
582698336
350648089
859662123
409371878
853452925
614784851
248934485
804532034
178852823
660631181
977682460
721666561
125680386
123433008
601156247
569410229
247053799
76206236
871934371
741975720
341342805
646412760
955127917
479318363
217630551
729842799
879250126
98539303
858124295
234176412
274352283
334016274
181926823
521353544
140181908
954727217
281479753
3856902
681115419
376201836
107535781
291061456
617289613
116450028
353210643
235404630
446279362
481320601
622969079
912763250
171277276
198690353
191130951
348767719
809338137
936285575
395520170
380343760
191741327
123610125
735534723
150395181
946407737
944676409
386278898
643666185
539739737
604326840
983251098
646429028
287930476
243196897
395090815
495732534
634439938
50281349
29123147
838677888
126107720
982225919
283563437
397929525
475570223
945361044
62899135
75661929
142885323
833159103
712015405
203896331
559207046
901135991
812115573
557505294
640667111
957140599
344653717
672613202
730171129
709544456
695664891
841952520
498069501
976540049
624832774
928080377
803599536
695398416
714327779
759056787
907162428
556842281
254236040
209515407
840046686
337605198
674824956
1046693
881777273
310616968
500780862
706580633
892311433
779354766
87221982
386794483
431081323
837585520
855065421
677299338
705627631
356509943
108506759
416563262
286561027
441610916
899860023
499030173
320528270
134818757
272062391
447486905
118831323
952958616
296733902
2364765
646899951
602600166
717458606
303061913
282315642
343607024
790835927
419554161
208763594
989084257
949641085
718714733
889318067
238038290
496999054
966014015
840332993
37028441
53429156
550652485
448335522
837672777
922954378
398435770
437745173
175794783
680518422
746958516
38554576
53293956
587749309
939352815
482620864
84857216
739894531
828481155
120126913
552003508
394983695
362020606
565674014
688952596
207799668
297476769
491969829
181145290
609712104
82489979
637819701
306048375
607153910
81802882
899529459
746081416
554029242
809227173
679645787
319022836
865316738
106520858
663088600
43877411
380999584
155469637
401334947
10288269
236093868
804460850
498143758
668517897
845887101
288329485
642044745
691408549
984978469
759382924
629873108
625477608
906465939
256599883
566082677
598028442
109138814
732506200
446140045
505946427
39823356
736539446
530827973
930667357
148835368
801104076
686686768
288462837
698932005
521796603
307953012
52330031
896141821
481681559
945051420
805251253
584346220
969301803
460161272
318824425
439758136
208120910
761102946
794646317
179354064
54168178
412556895
608716855
540438179
65060157
934738595
648493383
709329591
895388519
970464912
499554421
273632876
567476400
519682528
44783025
601642716
353581907
992476542
463181866
451429911
577543077
729335786
424784379
311548461
760831423
13682222
139837010
272344927
127315619
66188291
831702444
975436499
736181655
751313292
94667190
388547180
77969912
748024656
633871847
587058006
659459628
343000438
753301
511216646
445496999
531618377
16869819
449619274
415378247
717181707
86176228
215644366
297921079
343216405
601810985
324832391
987772514
297168393
779606755
51377934
794901585
376148455
582013971
829200228
138762468
524117920
537451219
816163106
425015338
656235844
523672803
605557250
358604695
876123858
791970282
234542638
728582484
913567732
866051461
229213045
996812402
690217734
856966679
410133911
980012061
616058077
677515419
392965249
149502306
769834797
400774664
780801518
968417900
582493912
792156420
283311172
760986466
171553072
372454177
921379078
994167156
200706711
24603936
759142402
193508904
480618976
857039670
421797220
551246122
367268346
596249905
74204782
431116930
550393709
54565531
104683850
519181775
171880060
849188165
522704390
846602499
144485969
666660800
655180539
255461179
742871284
637139349
776110781
83967437
508659109
473556171
557029412
541113554
944672382
235045888
796105690
665613798
97824277
216625006
499393085
759018405
255718198
841719126
782233958
173584892
326569882
349684587
418024190
527928380
687472569
764129396
589106406
322364906
849749786
74776578
849681186
534045910
369423395
503681222
450637619
843479626
80928888
337829783
42587012
893712174
39220493
533091226
486444547
315347821
258459840
439070051
421357497
955255052
349795080
763685983
590884300
302766842
884426840
481595647
928891296
393186696
219115158
248182400
396494866
744529712
884449764
234664506
691363766
869895803
385364700
262059779
296190402
594143053
765987386
655913457
678089517
917888414
799132114
888521783
134364399
793478654
863240038
102676369
269468540
248402518
342771898
633851352
972569825
86063803
483892277
546914344
649619069
887827747
574789925
57450922
624364467
832746486
941334915
298057299
9262410
804555986
841727458
616548742
929983119
996400059
142879649
827214443
189267665
693881621
85596465
672995885
503634726
995905056
347231248
135412642
529946656
116438789
978713859
148092348
401757813
250598411
262094680
605299963
386003526
838450355
612440709
408362653
19353128
708536463
31548990
845343029
976553497
501074814
879259372
329808411
951751194
246691296
172693248
273068480
105522868
515557454
444583686
278688203
467337
810896391
43279617
653714011
540596499
439377282
527504265
507925677
854032626
793242567
896299485
758663998
542461306
236427495
230545216
91532763
383959349
734516994
807861314
480731201
662332630
240253435
696442386
2559911
116645683
17422836
183661446
283255360
943745539
705645379
42569479
886200357
806014723
983406475
604832625
575107134
795170737
958726697
867766153
579975844
181032198
523623311
991310402
183310930
604775328
120595374
787347104
715323698
16146080
81160484
889109129
371005872
707696138
963852484
616355572
760213901
114454004
40719705
537068327
523173663
255715836
244248904
564180136
148387247
750673087
10099127
952649273
559054829
631594868
655438080
296362025
425232651
866750840
227885470
299699002
138709319
248943032
513131455
397784582
996050308
230075730
468337747
267109280
862585055
816536249
671563605
178504218
842162237
367050903
844618723
460653129
754451032
421658369
344592490
324260008
936783293
959443173
842923155
432637842
594676201
167946100
228292275
83728829
360707998
784798458
463876477
504255031
479810668
664153482
477646252
511270869
601322548
642935122
541018018
293097932
787378088
977139623
701595080
