842927459
919458606
151114226
304212903
662693566
464950550
958627270
474550221
528679287
496600311
382802873
913384110
189177063
552695947
205626500
909129087
420992402
264784983
250991487
784685087
37458679
634266577
564562261
56802365
650915688
201848151
488270585
365908977
91661645
837527680
510375530
37417327
478821395
675548606
294146580
409281873
27702663
686458506
765496376
409738184
80743505
349147267
306709127
732612839
496289618
390450306
340330035
63889128
673205282
520396135
878801795
915299738
180139745
234120758
739634304
208660881
354896345
94311860
653297214
460845415
976679963
592718292
382888576
691151606
986224779
345385546
434562715
513628456
258549367
796344625
881426424
734533894
499288605
841253301
703941581
688311411
327557449
831949420
560512746
260465381
861518115
424381456
692703693
571265509
958725883
595075791
857277580
244700637
935914301
85485698
54385528
933390802
33161292
304650961
433058219
488025211
966258690
615557520
746388059
150904072
955887590
826701578
805339760
876860656
638969710
144267900
416011133
338886443
530179175
51322893
881103430
522946924
533799112
392831832
599327298
552298507
900014597
811623066
732425721
391148988
488107965
189862077
577714153
173063668
741959096
948035621
701372602
194637643
408195081
215916369
722052719
711999928
85561361
409608674
304577790
34816537
619041695
815843036
932295797
814457982
179064658
518391136
714521460
884591408
204382266
531438603
399591689
640329458
705323661
880759711
588010613
154635623
883131798
355239070
662796106
766025512
248987424
632276091
134901559
690934088
442895297
221373489
930691360
314262805
329270172
169103502
437385563
124190438
88254042
564510761
933256810
84171561
879327267
917967737
212084330
969716827
475340616
693122744
968681401
210520493
548443931
61043144
489313980
527435369
627905755
567417096
828868128
730322289
746812566
538552276
785829111
986765603
680941477
241361709
371562685
957691167
587699775
400258654
555321235
35278764
94053040
275401250
552075415
140812899
947502899
503839051
275308355
965164059
143154740
693079277
290684895
555864678
663594689
924381064
142490156
381852153
732059507
403255990
686357048
761853075
340235372
707063272
377377871
549701765
778681649
946491206
403230083
637965557
546405052
254393161
382017052
75081962
137801508
933402636
116467453
273042681
508967727
348501080
579932469
124066704
292108740
863704068
587167548
53733288
247867380
229964432
323170913
756560411
98871553
989710531
225631660
184443784
713901604
793468159
695043390
386989766
898023378
2373650
362131249
1011692
100608968
637342796
418759007
888761578
311062225
215602933
418063170
730192051
807913611
869447473
872884424
383558426
823323520
562290344
469744334
476531303
119895724
323644582
301834384
548717216
623320293
646669671
539094004
556694519
28761500
197573267
361180356
344333348
238359246
729477685
375019302
506594077
986369830
578920776
23457736
654765942
444945060
698405969
742671061
32264446
811901261
592978861
948646799
229424078
116826107
842073232
361120262
151611260
323723824
218512086
267094042
574378795
700539264
813414031
377691398
453939296
98248792
862064487
860000077
113488958
854422576
73729821
491832804
78435925
494428171
366290346
397188595
244402744
538832608
814978390
31586243
421489754
580973519
269569937
736815954
30341431
698022870
309669926
439868412
186688267
836453004
209569096
20609523
19847160
462383643
800640505
806054811
172955798
201229378
569518439
556517150
582880572
838405890
629182103
177841869
738171439
101146056
870210873
734995905
750535759
444884637
116717518
612778650
508745433
186925843
845604287
993405274
430969326
76598077
347349966
755916424
788578865
422196075
673311810
277035952
644853479
53120298
471985644
616052280
693787664
560235534
224232796
43173365
969314168
258461240
448705670
583083862
951791414
91728068
998644513
929195374
827811996
574674019
689332652
741803629
719735486
596790444
511864089
832921315
616779355
807235229
375085485
96357721
853879411
813602014
767938284
160684497
165094080
352146150
532988388
685051140
629160411
254158593
41208241
190300225
220651840
73544152
643464481
250284192
738220172
262520424
41613860
339241258
77953563
418154591
928104427
213904845
732863422
931508179
557300465
48063035
541256208
639064327
999272924
886552433
185150048
127875075
189293953
155712154
490522955
288021173
417989782
599645264
558739678
313593372
300034962
573653402
533465778
499032426
521151788
646191333
953325962
261579896
94701143
354258930
765621369
35844227
18404158
435724820
885497585
554033438
427821073
233585899
794845684
484925353
143794932
990096082
254885667
154655806
5150176
92776765
884250198
487752327
759761236
450198998
844530641
441968594
780501578
764360189
118119628
354451024
680439066
233830995
410356391
911109131
94737071
279676311
544363183
645013994
120931064
149305821
109470916
753569132
270214567
936489515
860200098
184403882
804799579
73814324
169798440
309938879
318767735
378809971
493882250
428375023
761941134
465573634
501818659
644502143
509728287
323652774
255342647
254043967
317605192
531046561
873594370
193990078
823229507
883736551
390188281
864118619
445732899
609871671
33724741
855844354
983305847
130681065
217537760
823271719
589998899
660126758
637169014
706687253
594561749
808180748
35683288
301629094
739948744
981981366
149167996
629163436
777857651
899861038
135285707
797278288
893963172
855426948
435963940
739168004
62895145
666210019
361174374
921063026
683626042
305679819
864205978
708896062
345085230
638037894
445069174
631260068
248035874
678546939
54503244
849601527
686483759
548655393
659482217
509424443
495363272
571965275
454041333
841248139
734568554
761024844
86260967
545871859
474585964
236446452
961881180
127878899
694717124
478369754
760376574
923788879
298952384
716105987
23061211
288881929
943974768
326787224
956543863
101910849
536912192
517907927
381127561
99310712
845357794
285684178
110794529
345307779
195944730
926539496
243804731
490929868
212168685
519926233
186494471
922601196
219418852
318334119
234310098
108638777
676156713
317190274
936542943
769666119
918170364
130714364
550649142
970377770
525594182
370600288
565449673
168576048
615421411
352130484
304335947
216660627
379897282
986950254
700514064
188901786
125651923
616573401
931934168
768177627
234565022
269446705
711620193
779026150
529611515
100460013
69463077
625640649
92477126
847905086
425754134
219721917
581364982
611461441
181140347
714643430
735035034
140416757
819713596
825344441
361089822
75228683
875508456
860038200
215590285
969833842
542703914
232468596
617820053
45408312
982986852
59583311
385256105
168365315
535101096
648723658
419094170
771622991
440766254
425134168
301137210
939809023
76098921
767516323
926376348
84614030
635295644
768435840
805809907
985870633
453866750
985235164
796859804
106589726
407087805
159336339
393938248
851581991
563435864
559777672
557756098
836994479
7820595
47068814
864918232
366170822
834465810
412999667
76360345
532416687
295549259
963412041
699650501
394579427
524207230
421280797
999129760
107992132
933661850
130976255
334538198
774268073
426658688
631949419
591541560
997751687
262723506
278666379
761277508
375764757
254785409
567512177
208187127
880988581
867378069
464142729
931988428
29030107
902598090
560205525
250148218
222295976
692075494
273393219
690321373
490454707
285584662
402280376
582382494
985807007
160206577
285946116
917920140
432459608
225239474
783488024
410335791
375871174
455527252
867166544
103447316
555799431
651722157
700595587
277631278
728037081
755224914
818661919
527201357
60064501
489292367
970099653
205394040
373456324
880828036
112242221
82192578
153265469
941628045
101086852
712167024
860443129
696283883
775470500
215558180
968839291
649592036
775727517
655749106
83890045
53806938
556117254
573502853
35431546
456758209
694348786
570573818
991479906
995761939
962284291
735229792
466922742
875079018
522317993
496514639
190106922
80552075
544463815
551631570
112997252
701295445
257070322
434243127
354440400
154999520
243004185
859515546
876251655
485037407
308791985
78445044
979497395
162912812
443311311
6257562
933175112
396596799
169962494
916698113
186479250
541668402
90712670
157503528
979343753
365857058
245244282
985364109
173965889
278955861
25451257
888287215
105128221
224095946
542751854
382594598
796736614
121874126
219062453
880432025
213754023
834833238
694322161
506442499
686969954
883839246
755732396
304009929
431767706
516060430
563339526
793510121
910589580
627765700
365152320
571328848
610582775
99566793
454899373
988583340
909755236
257640075
685549656
597295794
459586149
420504768
973316822
755401448
620160957
60716712
209520947
811300985
177534346
289530468
702944090
351646011
847346240
584270170
470533573
95504506
610124661
941234352
553596402
657905458
715616333
231941134
977697634
477362519
858943625
971423004
772011822
697169820
666974751
230479112
970676787
956113947
149283581
97026367
46856349
266465185
910522422
330947
683848970
371050994
306539483
752038539
615975775
621059111
924821609
13506309
723982607
26312604
629033219
359394866
378458678
968520883
704043671
27644198
881679459
227645015
442807133
495954302
896457822
648737951
288704889
512351125
144326233
947055233
318853680
746830141
202362429
750319873
537413820
204068387
184982083
609793713
257385381
182545408
351365974
963577792
615965358
356638522
552540909
845437315
247440397
745699217
68136601
307579885
852020432
2155903
252070275
121639382
215346906
819211333
823658051
414568119
103873124
35111018
82346104
794188357
607712306
668920541
302205431
177991467
811143878
973662733
488898783
424964831
174412783
768664963
711135502
521498263
676278223
918101665
611679656
86168610
943413392
51020506
401297554
543005670
444214523
836746347
95034800
316697777
494759865
80723047
534972966
718202485
380410335
770413962
505920589
222274362
100199303
557177615
