456526885
316839775
190017925
238000654
675229791
884738204
762399937
214627028
124312491
316131767
600753767
21977748
682846960
899228035
500526119
659552172
367796641
91249980
401113935
411413414
446276335
729198536
914912900
920021415
38896629
700023047
902653642
141185078
53456850
47910323
469436657
230721512
683070482
492266054
53841812
744681818
800473386
643623966
447694929
664853745
624457801
461550746
173822170
886461704
287661480
941593794
477631107
541712758
608492010
269296346
232586221
153939781
158178225
616597535
7486656
727328348
401926873
269996509
199104024
975206742
982084561
621214859
161170178
76402168
846695108
370032254
338907264
190580906
845386223
755844300
859078785
724172673
643555050
736260188
786955611
984725588
555376366
28451195
632359935
97302833
222391940
360940883
532693066
784160502
815324100
315496875
72543287
66472947
484779397
326513462
342754944
530476877
444519941
472488185
682769182
3242942
300380568
97420001
39766596
917629224
602686530
287050200
696326534
852647709
410217560
508413546
510384730
421918035
829641922
22761066
171951981
373475678
637636573
101801191
752814802
621143677
88521792
377009674
261078066
531198233
297488967
272434316
705801508
518872760
413089355
328601908
279652732
171066864
53491006
783712669
684345020
457956364
988684598
714730709
494616302
935341738
664614348
680045356
373942942
306910553
805112144
650625250
236831024
462018330
154561481
969279265
892840303
342718750
719673381
61625504
914721148
923370893
836341934
508568362
620140256
330252213
581248691
177453773
439558353
81615651
228760814
339317865
368427029
45929253
338416045
713995616
384791078
922905862
607184888
817473063
956529328
408476434
3066731
954167511
726086087
646863716
35603292
243783177
364311279
443810089
435761604
936933981
451393482
991865500
868991519
760974125
621614429
480116236
94590452
164364089
354093047
487160574
240487003
292327290
78149739
465794278
282198220
190901771
123602284
440565864
584488187
969934439
735533861
902200317
105096175
506244714
920304161
882174421
782482273
973276539
294648920
337465514
813142493
995748263
645854046
291826832
887924382
376561528
176937732
577441918
92381186
904674840
828315410
442820798
463380016
469368754
167989431
710739439
876017772
260291808
364665495
844701520
120180892
923745413
859321901
465827163
201400120
549193163
886769324
362746805
840669963
739440006
697633962
121313911
869715167
16627532
674018079
244738738
646473243
786322905
577869895
905636691
13964038
546160365
348184677
679813345
141619028
292713062
438820301
635727420
338255282
209564721
6156648
522190464
608611044
449947398
217284622
889397079
136426362
180026882
90426712
338731218
489792202
814190926
736771954
352941178
207040878
707001498
573105630
446752483
795350673
923250691
64266196
89694866
682421912
459028803
830737482
574020526
575560736
179508555
324208135
908687056
110372862
251041904
24491522
631105241
733283357
175443497
512702866
419767768
799342909
784620999
108312376
466446360
695896193
239138676
415844489
199773110
809388409
995243497
472772467
434617529
719607431
992067817
840376745
415004589
145298524
916461781
839768551
149582241
619209915
643264094
313836342
956917805
855818746
181739654
228358356
238750297
789699403
105666712
619657820
31597380
194298631
153337861
647409572
10729674
814938315
597819835
393798672
443283235
43184313
630964371
764632115
580317237
706736087
889590604
189079625
118305044
410665158
609486932
485806717
816821575
335674944
363120625
800557852
156078814
470784656
151394570
610627612
514156539
10780320
177094191
410073706
703721697
375585677
441175086
240318897
566269569
344658244
829647071
600066273
547478688
522663108
396485316
106397927
988245543
878631978
733519104
250181718
966228140
992660027
110053312
828085138
180212471
619859994
802836243
695922435
831178005
352780008
491330757
539945016
663543745
987192221
879642132
432502915
866090121
220890665
60910417
204731560
265561001
649271707
622810055
773646798
581018086
9420659
938328028
294158466
939189627
256722698
812312308
277446835
737265551
901212851
644399470
521496510
900727006
349009052
229861235
83861703
572749432
745252649
409140891
213489561
853327486
289702054
936522527
560286465
643020975
963982399
240307804
767354877
817721561
528787544
984620715
316956433
369849972
336406512
247067051
170791811
681531964
508677776
756732807
574455307
540467698
213883922
802679464
762330893
342792751
358145621
531775907
517081068
991029429
977048713
631982126
520308350
240130815
409320493
920319311
291316031
72898131
378041562
651137490
975207226
16414893
44957430
459725273
208478006
916592134
327443037
151646538
564320493
101942000
59069423
402329737
64071656
988519841
834685583
673021861
639443563
487022588
174191634
217493714
284875354
432206492
723226735
776325447
840672846
896805416
464312365
76825617
960529477
416087200
955751019
97893680
303490402
857540285
781525579
558040413
495510268
754158648
594201457
845738757
15349714
206499082
967455413
415139067
931960005
574718975
567910470
531788507
405445231
736298630
280875747
804293442
898706496
160547848
366262136
543000734
293188156
268631982
619052425
311672589
452279768
250617419
191117059
148233293
146190980
961175742
98839335
206531369
206994261
276645169
177511593
885284914
892821129
328452875
202144000
78376271
464751078
308087667
844365440
265953871
328894946
932523856
671380384
224230847
135211453
151457576
199187183
142942553
491278148
238524845
264852256
226878286
135106223
282528868
393458989
764732293
15382023
819222120
268948086
970784262
475879640
361379100
324794245
128800062
558787036
395590831
911472311
570253621
958403847
287885865
78249656
985100488
424266540
353098553
982777641
519755910
579237033
966886211
13021839
994733402
761988558
955896781
715253220
968469415
11792912
950633306
750178691
610292261
934993884
437411705
62994248
645528956
39139580
873581177
790074230
967515845
607729611
542580322
665443809
739620620
239985264
628933561
184538704
203392283
160275189
279751767
802611744
782007668
299751226
873703077
185495260
48495810
806200280
274214682
208795703
519982857
646125879
356324829
117007149
608153729
645412139
301180050
635259735
520992142
224891616
432720698
945960907
550685362
563024322
15261796
912026298
36656710
301442402
273401218
754748138
133054997
771358076
511860936
808194225
732041143
148021561
968171022
310541034
61290807
251916444
14498437
839328675
764924896
664785473
270091372
321389966
251404781
425573172
57290079
94208481
938805213
993673825
663546561
978500666
727554490
333790859
251926382
218983345
284489429
961676777
148838549
747053407
532799062
519466543
75740706
748624780
134264943
548130602
384966004
460132167
677241115
990639014
573968927
269075697
210393179
593392021
181036010
885899887
292932950
693871829
660621516
611083537
244152322
179192737
815942923
139381171
107811515
533360269
80639735
398250284
896095177
749187676
26051605
99614028
103077894
267445029
306529613
245458353
589044767
521466591
187125022
703274177
40607167
597157911
416967364
948166198
419704897
394470863
768107486
134162468
152754849
366026493
926050394
590617599
301055260
537755011
502901084
353606324
703523619
936359533
640813265
600904673
467490867
986715719
564036989
928053438
964587408
474354898
165997802
942948148
286862408
935577656
296855120
771466358
506746806
957347338
570476369
646994410
762225371
867776724
719676273
713340650
765252781
946477265
245495435
530068683
823137281
435434004
798558766
565322882
764543943
952923287
541934732
652685232
880653324
586220348
235783310
53891447
33120921
488913925
983578788
945349997
228473061
825159337
847300059
217177192
69171373
154584036
83870793
343707921
967278641
855906673
591380952
835746894
216683260
927472613
835651890
521013600
741220284
33968305
104916156
529153404
675796130
600674919
178404204
333939119
393642923
644169887
890813032
920526456
721564027
516584921
613873488
273311446
884197934
774326274
484867589
940093442
99177205
28318243
460897310
668553245
351563211
454850845
598044239
908637268
361542335
706187837
436001972
953180710
750568457
714769708
312671162
999152615
383997768
454425384
269553867
627798140
646755132
513360940
823534267
425001485
263771002
163344335
622143893
450693719
242033185
318069505
951548958
442356985
442605024
895558447
421836395
712902041
573070994
436362910
177590193
220945285
2630679
269766935
972396783
687455084
208167915
937632320
169957999
6794319
203913759
614720872
889313677
429772550
504772407
857069447
293338310
585816264
204783974
35895825
404782242
188218875
832706951
147350519
666604083
43472830
754638878
993644985
510575685
855010008
292933313
599769119
426081620
947634857
276835190
48608581
625167460
376988197
540964156
136079183
216833569
326138681
993386335
615349574
246779959
627312312
428755827
521776408
937584577
585535575
602220136
836020129
508118067
537175168
31580667
989371316
388238333
855280159
603162850
928923952
932816205
214522928
427056635
314947989
713861004
604144639
188639251
941678819
152937359
456163825
231901986
916350111
44852108
68704790
819062254
78643561
194832539
217357376
900570558
39291771
614717002
232862470
56060408
925040109
252789872
456913183
91651052
888906450
916054189
287463873
660370247
769887300
773825346
612040202
203262977
2310641
899082045
678438345
901488568
642635319
438673060
487077006
368839048
481420751
353633588
685870024
791168020
439413276
718112913
952937105
794538776
170880956
954709599
563871078
314206950
699953734
158462519
502016524
62158117
256947821
512493586
299732799
25624630
865473485
795793577
462014685
142524765
432811905
865441811
816751612
179561515
516394193
315868807
257935238
600618709
127639995
864023420
574639656
571406520
566919847
665745161
652237774
170793537
963117082
492925095
489489290
815177700
209954267
297833251
503309241
843848120
397065520
616280228
644540747
130141733
138940261
461452376
