444988520
410567153
891749798
83218349
201825634
643379716
511942532
220029185
676753682
648716861
3070740
211908512
759238136
204228728
949884471
224982757
434453049
529500253
287138025
106053647
676504162
693221185
460662822
101537016
858469321
737261713
161283302
183401771
191208705
205269885
439237144
792304514
68484132
568026804
513015985
143644938
825249857
717953734
521039472
430858126
222547907
10048773
427282425
435123953
205436751
633829791
358659470
201852927
816822419
371640622
866357779
711012804
196166463
955378575
634624237
751767333
949904330
790212782
224749026
464563919
482096413
328540761
28820480
471483796
209479716
210766224
143424380
191211332
691212742
806239532
399732898
716499313
8460781
856279897
883505739
666455389
265938760
25538869
896100264
224639530
378602242
959430374
366579350
819568081
338912105
728224338
596138050
113105555
933402565
761248650
193740607
35037075
493204707
56475552
948761711
894007144
981228291
955798627
225644236
994670525
490405411
167448137
510640183
10582887
971907722
149858465
702552023
339886564
71872836
968168847
485828573
924365460
894112517
109496
85961677
522666038
961961409
209252397
132571691
481255377
614628172
30318824
257808766
929964091
612498925
364695823
223294605
951985227
907518185
989498593
685227096
310140131
799894632
901429737
734234118
211154105
448790190
355996463
847660358
189053640
25672315
256251486
41232719
965233717
275420076
269375146
140924557
493095211
970513874
426095673
932045733
771975894
823226936
744388857
380042352
460086587
909639370
580676091
398083960
607211899
926563858
750566795
432368377
82374242
282941751
175688442
124470828
992682778
265875376
874807570
73875847
605964946
361592038
943518049
455583062
358376686
989086103
292575047
654544014
343123778
223771266
730199392
981471351
481422512
57452859
913251201
486913193
55505774
521387384
274147531
301514734
868114098
957912501
240448458
262489780
275105519
823883107
958858476
682291966
99731634
144904318
148241777
227219835
95706304
352219825
326080787
410383855
879708885
288805795
21665666
471000482
617064322
926132076
54960181
383440632
196364465
769095442
950945864
24921382
369690548
688775247
68965053
471295394
991727844
573292836
205761747
648052444
121143579
681028269
180477543
534493577
30227627
610283080
554812379
198219460
75529489
502979557
885765047
129202686
731372071
502867345
607204307
766699977
499721717
803147047
684450410
941982021
902952319
857007825
66125315
506010075
872937242
933937093
312601417
410956386
75939264
676946382
235491989
522413466
146458078
678028341
289240275
198680616
108328252
487172087
440772855
6781242
371319697
856740720
307911143
693384906
883330393
821743177
293549310
866823202
81570940
302265074
971573675
188580796
888842424
263779725
745100123
264135753
614902954
674467466
661556334
96290532
297681662
143855993
122280196
398583106
267487567
363351580
982744607
53343729
213627070
408523690
658371725
12549629
362374192
677669168
570662324
46211599
549096681
372740407
622679681
51194064
640387782
445778214
329385445
773674188
705372705
46911193
633571041
882678351
932928217
25104521
583777661
433860785
825615752
344482322
709099578
227463703
734460523
909328036
425897339
519978812
838998569
240205581
653196131
673047248
643893348
959024045
826206603
211173255
693117400
698888524
715039070
242162546
51787785
610362270
455902748
851903446
814470546
348606006
693210399
220576374
729780538
100066256
120415511
188522548
824746028
224510940
186933876
17891869
968569588
343198620
311751074
639768644
946843067
102700868
212195494
400182201
792582082
656338195
129780840
746348659
220704589
422397785
189560950
234039692
310065449
341615114
382072999
215253481
888579573
857196130
412993156
385854517
216117637
205320964
790198273
738932313
119790070
464673582
848301219
419382408
772090168
808314733
242603666
349918780
387137450
75270426
295319478
949086915
398166776
55720547
59321364
158132350
218825166
946861739
999871783
307382752
910505304
886375817
878457097
483130914
842437939
971680394
129312294
111373457
930205462
925896556
423651007
741522102
312502594
473263180
280392130
327908499
808036975
710398430
974258489
412389854
179794119
839642168
846902241
234795023
46295635
432986083
817086704
832859026
797874765
254860806
167029350
269255896
205449180
482815520
828427007
233414252
586216483
365170304
576944468
800409773
679002438
131230208
419713317
461240892
651619418
553797375
636584321
924903595
775328415
731412864
350095373
508426734
972603248
587481929
127588633
70863135
39473575
643662074
436835278
409451856
154593690
296453267
313498691
675344656
758867205
154395110
536072922
829687073
644836171
46977878
741692014
442866670
133453962
173848715
733387414
48563911
419928851
385661348
583175604
492498258
796401761
892183107
57530610
66461901
904765431
658602615
296652647
617967249
355226886
757563871
193940676
942554408
928335024
167492612
645816083
382549171
817731515
744368659
702373686
497224307
17724453
806897246
280067423
728350536
989720848
907228702
374972772
798754532
854094513
79024721
650934282
653812226
60486469
944337019
613050094
262410581
238922656
247036789
770579224
100264590
857742462
918105671
474460186
887272298
853037201
799137604
514531644
965961349
528032631
350838243
230832394
675560190
683287660
85951296
474773805
989504513
612115684
329180072
76741051
997536728
283629842
497898113
763872735
276202164
106629589
540128448
882067938
983998004
554442517
383405501
143626514
570694726
973789434
602109096
639481844
99618781
332437060
392795123
875313334
190583243
392697057
409011422
270721901
503256269
848192326
975374090
970524564
974535172
469563213
623545579
650294896
909742583
170295737
773042494
816634746
359844349
154232935
198258021
780642709
312908752
917069665
530533638
411518831
144627130
207211729
660137666
701770755
81178564
446469451
375155024
657067453
219320560
453866737
886157806
604839670
874618418
227176212
260616466
428009837
131255497
569603882
907532765
514434790
930896936
733110604
233883930
400398988
200746939
785474348
279637495
945385844
134179038
612152413
562404581
273513577
862163417
997492589
126094771
296044539
188054659
273603335
889346000
528065721
94408189
966478125
430974336
455875845
284137929
168202824
942016326
132668137
893616468
770248183
649387212
743304868
9536899
16098848
480621894
411516524
973327798
259738677
501023815
295704214
166831955
429769178
522888414
607168146
891462154
612644229
742676252
877125828
101081441
964571925
239955178
857652160
680257881
379467044
420026601
964418809
302136268
778008083
116261059
32544115
843458021
146969358
51769376
363930854
962765199
819099712
263976678
846064569
516870694
714578245
322716740
928315980
772579519
593641786
361233765
664639010
443589710
823806189
564413690
671493699
425526571
64890498
31586695
929044541
530293004
791735051
63046987
630069854
596072246
516203083
109380256
195319714
143477618
468479699
452246192
19862597
377999801
158957560
644402945
72362441
348667551
896611681
360255133
386503194
641855184
311639197
85072640
86616094
18233278
755387589
520829098
478330078
213594392
444767358
607017543
778567522
115382662
122724833
833637848
171030148
756052724
633906822
249992323
667611
605197989
127397025
784838361
304099819
141395594
341371168
286639209
284632150
179403243
492051248
322826148
528914888
704635363
645083500
287189357
218653807
706662410
976430891
611836575
840684655
995373983
631050177
981725321
698710258
861462155
673678668
904479933
255274967
325319710
473372797
316309716
714760727
646619358
359587522
781305204
514458158
526800834
780972819
945220499
676862109
468748380
236196948
298926834
721543143
121941210
78102654
73932159
470299161
835535475
614984040
464367736
779621831
22070247
409307666
5293626
974147811
145671703
86128103
442637663
467716925
436891233
31364241
959312438
706030445
175741532
608065419
882295529
345047841
863778294
772731197
691852972
925689589
31210392
934974465
371936275
759177035
332123342
260182177
576769048
783359500
599746509
434180772
419739491
710335669
9005060
536687883
692690480
237311691
354293896
807157392
368786454
440672731
338335156
477503574
239970876
437384138
276884509
592896388
545801610
513875789
195807124
728884317
606520865
62804277
923131067
538678146
748411438
87095781
37371391
246116590
642024468
885489524
509359053
659278161
867970414
2710460
611624749
248976769
697025384
639053647
915374938
644983837
990753943
56620901
403944742
251180241
587354433
553706817
695003588
934552135
482292526
739226952
714380566
62893258
587552376
870862191
827659905
356935213
787204600
470326913
788276443
605594698
199940299
108177306
165132923
483296929
931313676
679056993
609533158
237260415
825759388
27907739
895871002
906747962
598500849
550823285
738130372
549899963
658859534
671950826
951323711
194704621
392092191
102819254
763824062
902797515
171108958
446465795
71725785
997108222
175050553
254689536
461772167
226698471
850777202
309780239
445043537
882576637
891487976
920647812
319866563
908297439
944173658
457743173
108792747
454384786
843355949
807632602
464392407
36729090
132731818
277759942
698075677
115253774
519003200
593571822
213502507
97121045
344353242
262335407
312187970
484847880
607331207
612424934
62209861
571069851
566135571
669172531
55970759
288720609
105779747
855553733
658411985
738211720
352084262
43026272
250530962
934349017
994026505
309439276
59441565
363476354
982073387
34996694
864376403
897290610
556613857
346518392
707695270
257205380
96277732
347922492
538223395
629152569
608459842
835018682
300966231
331748723
395533311
537722895
888249213
174183417
751661843
175671797
930949342
277178084
619347955
959863956
763169511
475976927
343040860
279153489
103094538
34913965
202893841
948711614
502774492
572334512
748048529
164919250
14455994
219617179
961477260
798765378
192442877
757857253
317330337
29259416
129751878
517065578
