834854182
209121805
453830575
365130694
524334313
453947996
797132546
266838810
83914509
344721386
288413524
209101972
601168869
125518995
209984537
979772399
248914092
283894338
409586496
448982328
142070603
579134518
923945391
916998049
298128982
732868427
812951590
244495960
426172426
449260919
462313209
14525683
469542696
429416352
718486439
108741203
681159291
696479066
743123486
863396331
234712476
561129083
992981019
403108447
929156497
792560779
199217033
659352718
677156890
547951880
409847890
38738617
604621513
540963323
430735780
255719663
285176412
536832525
67001712
791465885
640996405
552636586
840666383
634653589
882408175
273887841
739559275
171752517
407032554
101243334
298613108
552435024
540770850
546190163
214269852
580941519
586153498
520836944
987841551
505568202
533651393
153598872
567339068
878220545
39413028
423574592
409904168
928579371
998680571
462766776
823564789
144326765
629477354
951657599
222399926
682075889
720462699
358327430
520700270
655268655
53001503
27464515
252320163
575913556
249338772
857412864
497967765
58431349
326693471
849794259
669566163
764339467
548990972
561433508
257814492
487397532
985297516
962445836
595240560
458833583
863983671
810979902
173071945
944265777
277678543
154286342
922957669
589113250
323790237
532193961
860478819
227826068
136673
332572895
452566698
506186877
901278707
991425510
628881772
182000162
925606825
351472819
601885900
148886311
793200611
59225322
595335792
68043846
693843106
735002392
696778371
758016861
763086868
61866687
791284983
242021600
854392569
308054385
298235012
95052430
934455194
908854514
734641111
794499509
989315439
441740095
764202793
216418076
108866809
751627613
586118824
993872004
333564064
413240398
533226757
512510852
209094002
24185634
151065165
218453220
558950548
854913823
895270142
588787843
835415589
102461958
464739199
938269985
541287911
210545098
651794307
593224322
693190497
533829342
247544966
16752311
616831706
807386389
159570870
351460516
295022528
378917715
959177035
942215491
148883568
702906365
424452796
349846469
528639929
278774130
32927598
830206935
156989219
79781792
536101880
79541371
13584371
145853268
959083918
886853481
977000894
825932806
675130163
898321710
99833306
992894500
300681507
799734720
165695431
516474446
895679145
401707611
864614762
799604648
923430691
180032832
895736786
953054649
439904274
132509223
678009160
114892729
409630056
262513781
177617499
821587370
436235102
613408705
997727460
168003595
3167939
470978438
848302470
272717388
374459620
469089721
703787550
60855325
842382185
155989067
402224858
624718074
184151037
12165483
383094984
631219986
965592171
357384570
156351099
356069047
183804583
60529720
705948993
826574695
208844320
862108164
416302749
412616382
720704210
278245935
556659398
687272800
802007259
997691834
513306506
424700706
553405140
591897373
425145027
454340970
476245281
834881460
110672464
283915207
730284364
53291085
930741690
397464573
879418795
546397512
855995197
78850531
457057606
641658412
984199011
942638217
765029443
21727774
63873067
512351454
52786971
291171168
340151114
564136250
599329667
714952057
822710814
186459202
498858975
958394276
77814845
373694798
932239541
702010128
879823765
348923121
949857255
422033786
96290331
155553235
931366472
18838176
533197585
174306697
422250736
477808867
230215194
160348846
13492823
570668288
659671262
531677365
528024305
912793572
401553998
185074112
494730346
546536213
684585538
15332306
230580270
744282488
898605597
921024518
468582667
482300399
146610988
755047476
761834646
635275889
992780961
342995657
925437442
908319831
580984980
33948795
757973581
165844417
141885513
121520799
484736863
662361967
172966378
928190686
298723014
546137479
845670491
19445969
300456129
694749652
854192774
403321041
737448246
80958024
924972963
187083984
120232577
612173066
705724028
939950335
331197878
475167716
398514199
378216933
577887326
316675604
606239922
619704472
331808592
367605203
427100530
328885928
404650699
563064738
530595442
568218301
571316110
970414909
622301504
922445186
636629907
127165019
454591347
67084993
781083113
589459919
605547410
844479417
983346866
393900996
913716216
145800515
460120387
201935177
790322920
9569147
263847768
794749444
350303360
982047409
939897556
225966018
687637376
932850924
267649122
525306846
998670341
174383507
550362581
356754662
615767873
149817666
989871560
783278841
303320428
204032859
20576368
331429206
597133818
988427406
711128192
761760503
636357605
937907594
453888986
281300014
868765539
202715522
772741817
521026295
304370532
776566664
620111549
640254093
982547629
410663888
439527642
521740421
799435869
255776267
590789576
431163903
294116836
626592204
778133122
763898549
155928953
676841545
898614747
586290061
988992777
932418561
197615625
361875952
270919216
178137053
589608412
749729780
478961938
986349107
656541305
795954818
401641689
29336285
52384130
839201207
529706116
349617467
800731210
892656539
764505215
498835945
531993335
341357551
397637829
279964289
467643666
9765401
159774472
689990435
125371061
191923994
304100774
186451756
532033516
371951970
578951039
258235596
369334877
804410576
821055475
689797860
42778483
813086761
599234961
794834756
29522214
264780551
574208073
938931914
234192433
806311485
876110333
5958208
821784844
490156831
400425225
856258073
964238122
990954926
710493385
579843011
589955308
788971502
860978045
464617310
491854044
215189932
497302768
680432159
260250168
271470519
980282588
996320633
71601063
74707355
456057462
718906573
742122589
602803071
250442075
202863115
435557326
220842557
455798001
319059574
315813659
298142565
364666911
41876684
971526743
722692964
293997473
378379950
93917190
241212463
99842552
253806979
952108714
134617650
302980711
814332280
767477782
893775913
678681745
962721913
826028895
879789699
934357143
747077488
34099369
681518651
114135484
361435050
740512850
507630270
144285685
369112750
333173500
541918471
148803651
193711479
850523020
455426083
708905414
537557202
977473044
601902638
902403442
830388599
974864801
202250482
766797858
607504938
299822359
436109794
435385332
541781411
542160810
493076087
493030678
436023958
363785421
617589421
7777315
290008092
608557480
932562421
637867098
586286918
96926778
730729800
920633478
410190243
985813998
109269232
963809258
312051698
184870499
141124543
985248867
224126256
977386256
103968544
772212686
831848885
914720791
506630544
61612691
304403056
72244938
602504273
826951939
840097412
48887792
712779691
829926056
232933599
447648767
418897322
928999721
44910623
964035539
316116523
733461820
244135001
281617003
356607615
621690939
190553126
472300534
123333633
356910912
401036267
507827218
268904421
458637701
259816876
845376734
175928429
375287299
101926936
870949730
333464041
514041980
494422504
903777860
80536065
361302450
273034306
279343175
730875659
864402930
765973175
212124821
940338244
260090716
661269732
370506722
528077684
550231881
558113176
884939603
871059563
832102521
948911304
245593360
425915671
332270194
779983370
254141989
570109179
387556864
271720338
43610023
827072784
173960891
630571497
802074542
239039316
340357139
201080938
995305164
348656633
911209950
741424874
258930702
590937735
188911446
567488972
8813704
797367968
889310153
317299049
625696546
817174121
216987331
999890165
501361519
565130675
248829143
477862188
748265870
581319078
18892316
709233994
343318795
592682591
722363152
385052035
766377352
629519217
859195189
131467406
187720545
349150943
562808011
536282970
959849611
90677647
689980601
654655624
237004225
764781220
771169665
456774020
680799025
70257815
646023790
226435900
610085453
174070725
129209978
236943866
990210171
862494949
452815066
413986085
329764316
201975956
398106078
666248109
868574582
803859409
801111619
379294486
938172778
757842746
129578503
276545603
254366110
680704360
40040553
410683871
875150072
594173518
240857963
983484649
810149411
562118294
28434968
273060980
946658799
495927251
774966581
592306627
500309239
622251322
141257233
325225594
896335875
148821925
206518653
757873655
692571567
23732492
786081040
433144814
963669600
391875179
518601241
922956278
940679310
369478187
972069789
929381091
134030171
718526105
361793793
396036653
621636986
469330416
603836672
767646020
173540987
125045098
719589308
372647330
28892828
208804991
878985245
315921455
616585512
804352907
380209726
105544184
474185706
282166897
718112303
851417579
808092476
807713147
19815048
418274231
43517053
105478689
332381668
577180612
523857461
845585488
458276456
781783132
260457528
745220579
703588607
427005458
544985251
438872631
584332667
567526468
304143183
413433709
404251985
754864608
512889933
202679785
306370765
136326402
989268460
866525604
455195384
851863272
413801
510376212
587944176
813923837
449515368
185562441
724128967
68062298
792663428
142408696
848789868
183307338
750528534
97202112
55463927
871364932
100764300
953204266
560558932
35313074
697834229
150585834
547274396
394658766
403461161
264950438
905384297
840837266
799107923
196055266
587912150
657331856
390390103
606413182
781369330
750081314
157276403
889664768
977490089
359422810
714743663
516270369
774863038
161734486
564643840
220944647
4336074
415687820
147215858
435005831
35562101
36064193
305966672
419882309
154029043
849827966
963101815
193285409
410462675
184564929
280178142
883291700
268954374
596608162
554496544
191458012
792917233
144115351
315832780
305382611
714088529
211099530
975714175
201136121
320569410
181563860
375722795
385539909
830014925
182516514
260614363
489696477
693621407
364102091
160493164
551847957
351365183
970507793
452384139
931541363
786979498
963990992
479202092
792925160
79244668
831451961
247315994
178254876
607237941
373185828
428027412
860220722
99855039
841833245
720917301
824462569
60350016
104830550
99312899
972465182
474105171
577561905
363270483
227946161
923950564
790481663
189670292
904852281
