558754685
429236943
540187505
232720354
630585970
297939903
784346237
567590084
1767686
641794767
815444625
162763341
483043789
905608544
882320620
943371406
452632874
706443135
980448285
966874955
897360261
329686044
832603638
762738500
389286157
623020846
523233464
699694892
459156018
163040250
991025657
763330989
538690577
204366669
483138951
531022358
13512999
105782625
353319893
720391054
630205291
425778249
299725934
834664332
360662167
858222424
414689374
157026678
934078948
430502692
288754429
651164541
408746707
491877586
229659226
229068641
596633304
777449004
843434195
7565123
774706437
84651345
108434065
838727434
650769109
52113636
624072763
278677119
422469593
351298261
929858407
346850248
353123241
260057230
336669663
471582011
29960109
997939304
402076333
531063732
208331471
366206785
765615942
28653326
874285820
339861116
354584282
46812990
974707442
254070309
934389053
236063993
262348428
345754769
945684615
545553946
317344184
460998499
183895223
308548530
234149661
136012255
734557084
582780686
500644284
941904180
298041299
148689476
155207923
758077213
199108531
598693998
375372671
312370463
799233650
408499651
319035401
79780738
964441613
310907992
697529353
577259772
303969676
168399283
416909207
693794413
84501819
7368471
314372614
791115716
154237826
568961609
814044081
93527802
296914071
72319216
631649700
182835256
528009041
932381639
41819816
205894805
891605066
216630228
54961778
335695055
860691321
949977964
546521118
537184963
226518545
237563446
496556884
872987229
611019176
656889887
832042577
566157800
165871478
806849869
857402360
290672827
834316860
364092205
603839386
630146920
784649915
281844869
15456392
726914434
776849950
136200144
551771696
32059974
269088176
491634547
685654705
87339447
113437505
81214152
833103091
134523854
460847352
777187649
564597170
916674379
72404724
941056851
482508624
640024182
240276637
65491899
16963777
721159170
74979278
751146987
371577943
527512860
612790840
424814856
551045138
578846452
934521571
819606682
760335012
90318400
685791748
464496910
603899052
119384629
971235181
744703129
452720295
84657326
973746777
722878506
829825473
57129211
799495033
687165006
557742195
843593063
799336243
375432208
486637796
711358050
119236367
830612524
957080694
517941187
120056603
158141844
474548605
688622647
530169012
254256638
200002281
641240669
16852637
474278770
230882631
607907813
337157798
363123995
668788999
495573506
612771603
932306449
747412392
352100771
921321512
314448732
728017825
925625833
867072659
707452074
779510207
559089362
332968886
48976961
971082032
855179223
507416215
85957865
999328024
813093337
270154523
764097646
554488313
719490138
522876224
188584804
40276573
325216263
456282375
949834381
506435265
436212247
706643208
991064288
98586447
186929916
83200131
604979922
596619674
805607869
430124017
548922771
821549987
822716937
474746429
640912918
308271782
967875674
503196737
375703406
100491597
251199933
363795969
855695661
225418982
848673956
377818136
27922253
829224546
732736707
274172158
402801562
469343458
917238276
201016809
343297960
852446153
341904596
950390513
784152115
771979091
902436291
489338190
193720154
382969319
721231751
942547657
731771374
244743709
881963305
880313021
72400898
822019524
80578968
849342783
255235331
72416278
850947545
765645305
249912490
809111778
55277878
775755375
863882965
531435711
27322455
79579312
904311709
621700128
131448469
788466763
966367185
17485160
719044620
603724314
198055304
761861742
170075815
472726342
504187230
906126297
646046761
783178543
947261240
852423685
201771260
580782036
388764490
67895492
945781476
270881682
1498608
576259290
700478023
975040336
716701212
126680916
625455223
662284442
355646864
641652438
38235948
110071246
113295239
93496541
913945835
54915738
102974904
476854652
651287478
493373588
902340461
378221203
261458075
343786191
163065017
272099334
828494133
11459279
329664450
446540417
690814821
836416216
675918650
860566786
786968154
390107895
317007135
744004283
887023100
71374388
136406518
507791371
117079477
862534790
867890348
535975514
669883303
853764698
938477849
146855521
477807132
911909836
416608012
452407887
368541219
623277404
314801214
356691831
811975318
444601878
298186781
613995943
332619991
909106445
950837616
201819730
434152594
252728452
306528386
523837940
737908601
358970619
589831551
579913090
356967070
394549090
261141725
398923284
475895842
627089501
602216029
974729434
72981429
182808929
968733284
778904984
419808203
223510763
492025567
163690750
75306680
960315302
932028964
442421221
773187605
522410573
175171379
207973031
911697173
666070617
101822920
417154851
547236312
414639909
408946919
118836512
322078285
836694921
95440817
973992127
362135678
915877929
880795988
184885816
842385848
323457346
541014514
149811062
940373159
171932632
782011526
210641831
760702883
142837635
448531259
777593298
426941654
147410329
806725483
834556495
219377711
53168694
487226110
809825223
525266581
185061178
427493122
658341518
773862008
849896771
456826699
583113281
128069946
518033439
801555071
159428750
79519313
747143147
600035372
449730259
981396058
25360316
267599870
739764540
884059090
891181088
656451966
404398677
966108648
631353619
691894857
174667955
29969437
260884320
754614416
308966983
428651819
70970765
659619233
657324669
895964222
882672994
375949052
90476388
715105931
198898245
82571884
242669444
341282562
289102509
698073984
679798505
547374955
356995224
853160436
194017394
785568823
747461568
925766131
634085492
528609211
23094444
692232868
142508389
158001914
282158743
553143843
867185625
763419021
492588087
730776929
8548548
87523913
942710702
553766035
98723063
649411262
177123482
24658609
685160845
808609203
413782521
63116114
677006139
933279633
12096351
627292999
672974212
407723882
560597021
523398159
681190250
145204632
25533740
128715458
872869777
190440126
233440663
932474472
432947188
645754400
215386258
479250421
848694473
558325578
689525436
592274591
604664252
803229187
754437373
544606131
608445340
722802958
240605286
825476288
114826689
959978329
15226729
209228754
145905563
654865743
880169630
459461742
202822000
969189926
49586679
863343914
61990173
813995244
680896256
908282936
415970599
244649008
591711419
39406445
593222945
934532098
214421639
118680560
243754197
419821758
22628746
869745023
653286507
15990890
914952817
958387290
904599345
200057451
13888768
912891447
175213396
24211909
786568909
778081444
765584768
755924514
276428421
879504546
508738898
826181520
530284418
790669007
122332930
846154436
128635532
363796332
131091539
201198840
232253343
180294590
745556689
896546167
965474555
726083803
632236996
10424606
806175233
186831110
54237109
91199388
958744568
861932720
800106475
768004808
733069539
391758689
458080098
813629974
273821675
837298429
658103677
334917092
609941661
417572676
889537338
231959738
747412092
807132070
887355356
551156485
827295750
703400504
967804107
833594176
167334757
278667228
58737352
60485105
145844447
755160161
949749279
89597310
825267436
417539510
867436950
668351697
990562530
354328121
113084897
736876841
905716232
317461563
927377164
394954912
522190912
410639597
286604506
547901879
836546463
400277257
263012513
999043162
299475752
503080622
263903636
255344064
894128612
966512297
600670050
454402310
333021337
397594992
667785526
518661512
887549148
568506366
509649654
192402150
550135724
221185641
241397207
393083970
694047173
150478515
645440251
509834187
776023339
572849194
311403264
756695159
992062721
510835472
223938641
745567189
492147648
950706116
790121557
322186814
153635873
612092886
774223084
24050232
753658070
658682585
403855503
508121240
649676035
408715651
507405762
953684545
900989941
94202355
997766153
615360822
158880050
869928541
304995989
148997236
857640369
754069448
479320724
321279417
655109033
843974890
462339588
822185864
173656351
922218336
26513864
936843031
778384808
187462840
38766277
938042837
446962556
217346974
639425899
35364587
746623010
137319011
860158150
367307687
65443431
357718718
855705216
897860365
513069317
608577817
586687138
622219105
645710127
641124320
464546443
399566423
132772162
452943666
368941198
909683179
196342997
581669638
334464889
727457698
382201787
570562730
175299737
713527101
55436077
59723315
168398266
941533075
230502642
269631401
402374224
720321358
893911296
112013036
255835985
297390314
988269672
564479221
309116546
565078532
335531198
404294757
291132904
137260487
722916395
639199852
805270675
994018888
848405774
729742719
839021588
164953372
802854120
132700452
985105899
494880700
182418981
142178114
842424287
453346002
440179550
645154061
391716463
376078725
238750095
744225083
505655125
20759125
197107680
71550884
921413505
631863775
272553092
769386355
391926499
977907028
279429825
38039249
990610705
416236224
254452639
174379377
93127301
500759921
430609812
237420852
917467236
761210844
126907136
760955283
114971333
846091557
722054932
855770543
124898982
690377135
12578293
915054178
898510391
978691310
133544726
784511550
796911207
776854889
808329212
207157813
892400279
33467765
740773951
7198870
215450874
144379732
151567408
426188063
198893363
265800173
552026760
890956541
945468911
1329242
826757845
744444280
893851987
436152396
956579550
75321947
909808841
416782547
644487373
701549363
965328735
364375646
139528857
11919394
282691497
469941087
377468168
316272410
692430707
223451998
345020572
883999471
20436892
119708266
545504409
970591600
694524149
295866868
656877180
859098807
138350374
121621751
969585265
897181148
151933464
389100445
890659561
360758811
820275338
733007265
297348970
475617731
388980391
39224588
41870133
851075227
4850875
139648014
143496565
728952274
888332004
235754350
198525833
722016912
656308669
942758373
724007387
774143721
890647985
985987949
380797797
613941973
759905366
785388564
563198988
843706983
394790380
242347707
859985928
893591051
