683903326
466165325
808335481
899793190
312505979
921795718
249542647
681960997
419503483
38134402
599188861
646262795
965693280
667892273
20406059
983475718
216786048
406052256
167407357
103610490
90013208
616518970
695253938
806885985
896379570
888541501
24714456
955900985
61859989
963207119
958651657
208476827
304684270
825745039
359258879
4708992
63589333
444388774
939389037
566681092
999879455
668099930
336520244
506655547
894841716
722165040
626101783
552072288
792783916
506650332
866631209
988946752
743772654
763370128
639614761
67384356
770911385
1449496
3413619
423964477
897081261
293641660
620101007
456296362
79482744
390712033
341578524
139948241
308633394
15697067
919886384
772397272
466663217
600726263
103731033
421913277
279998726
188598391
912044267
174214530
262439718
472642166
163117068
555209656
96575910
969704903
464704172
541314141
186130277
291874523
233797606
62139837
440975155
515424560
669599829
706237794
47998922
880223880
427172803
504129683
380586515
486153541
243438894
777086849
586763946
94233936
522283534
143046391
659639094
217701483
787385628
582312993
89405227
829199087
161524759
424439095
130524591
64891350
359720452
109777839
926007859
800264382
953817962
16758871
781899459
857746547
331422117
951238656
931126432
397493237
373914354
399774845
761425587
407914584
793628014
776286175
229203272
386030217
968445709
2341973
447421368
321657781
881675045
968428792
504488893
651484611
972734608
611776066
353899801
245160734
575713202
983107571
520503428
317394963
578121822
580322131
532335578
226680023
995187389
729017398
762811818
571044877
211919957
262145856
843787128
387610783
820887405
681490642
35571073
385238582
195235822
744494373
96445640
357378478
662356469
604350078
918589336
985389168
512269976
130414848
885011937
719646049
597338854
685965697
821780033
390806782
879271415
444030624
829792760
213305882
243950597
2523249
390842827
239428310
239530154
876376490
109737823
619529188
124641664
116878109
830597205
291243966
576204992
968661217
49924911
831218828
886661931
163124949
655038492
973771742
661732794
546946408
714410045
864772540
844005459
43165768
973706021
525954258
440365821
452980345
508339366
376856781
851697880
822265190
141287985
192712573
353651545
857017328
117848324
785979978
494612254
299060147
860747504
395391866
299817642
593767971
143441056
628677636
636040785
990561203
504144849
716146466
788992130
856021016
551573087
697004187
288113203
526070285
395422850
196364385
902670468
583783563
179163366
671661317
608538742
453740423
439546084
753939801
827373232
857212337
477567283
29644603
45276624
869058513
479159488
362672646
686198903
319018178
564954898
250237488
899724710
345028385
889913471
449804616
948835494
792192898
587864649
995676862
270692102
444283796
904599369
827581258
461594477
921483937
883309509
910828690
119896780
189086186
786853123
846077217
154221887
389501253
801304402
778828447
512993920
474500246
670869842
919933616
376861528
188900440
10805284
969095023
961115385
145185361
296639674
557642082
693870090
729358749
722825822
816345842
865875773
443869220
483247698
383089436
952612967
649986024
568050124
123792685
985749002
568330797
242775866
497112717
532165053
718877680
96015601
510223456
543723982
111085024
936810695
474335248
121323056
667931032
618815334
81791662
433478511
935504344
866465871
316409116
624844263
325667426
216958599
390538030
466260363
970507279
980201443
710352665
906253553
418214965
826215478
863007895
906450121
547077156
934184612
808530730
946124573
513692566
436929969
242237705
49169760
786416216
13918100
582785066
792548052
248490573
695022786
197944741
825053885
401456036
949610923
17108623
783520151
251641007
498948421
660081576
351372198
852237834
30852354
561657773
738676236
385662934
603969901
125509016
284869544
73802800
567885126
574245899
733746418
810284602
135667088
919785944
498574374
624228166
267239356
838428046
311749325
634173531
597989977
217769789
275484493
782256702
885298779
504797517
468604041
809106855
79487743
654809113
48128734
274103036
457158532
93886738
482840212
875272195
503561467
663506824
182446314
888409083
297915521
718745252
680605446
120776886
464198321
14769282
265788948
29824979
518534247
159291984
984401650
660520374
348332251
717198665
254247857
813082563
286173279
956419533
500364153
99172384
656904974
475762688
994315055
913076011
526117164
459643382
353126069
41780349
436945731
623302177
120666698
603732530
655981731
423340240
336258010
879244723
537164341
154707606
318058380
870529497
239008569
438779061
290572607
920195757
670407461
387608359
925770783
739959866
839638880
669757647
589098916
547141933
163142670
83273929
231504109
822152831
724430195
767529433
594659721
4554939
661643211
224008598
592879246
895232069
38625285
380669120
4538642
924992009
380940655
375003132
275918221
131465672
638361153
629834655
860163813
218125912
185190081
74119297
242668550
138508804
533872597
613166202
202141468
767188083
34203261
573524764
440589859
572707801
191836131
514105177
154814528
769634907
560047884
313503440
208886285
14999971
845899813
395340536
881570471
289738341
383069716
778774
359019211
464635747
393839425
457633244
908780778
533308013
223110115
13378196
636962750
650310897
524860883
456150916
470682340
48477009
21867129
825691162
861028808
465100520
940079259
431830839
733155878
866835476
220188604
506283313
571417787
324857712
420948370
845163842
372226097
789849543
192548824
952930207
755439087
533093823
254146991
737505720
373348657
576570016
664743985
907281844
349597686
178457934
877142426
504503629
244774023
103896967
842821098
160409275
993132840
20208651
534311727
416469951
349659081
951238875
267622894
492183733
244447142
887556110
886215455
583923066
112359643
377946271
641152097
847113205
457762073
571930674
700711828
937588516
794330017
284361407
452342504
284458792
800356533
32797414
82233153
554697944
989693048
715684974
261509289
467520819
482036612
260539094
852031000
352017446
255537815
776078871
603271126
804200210
265470928
761963256
493058577
485792545
690354559
80820918
794922201
971651414
537305835
30029220
46741556
672843348
403185138
905232581
366079257
708771432
567866146
249852935
616113416
316861667
869005722
712924949
502490684
528762167
626046821
418694636
101886453
851820547
525915269
289134651
591575389
681683200
968659547
896511616
672117588
32366760
791302829
966549957
594104231
719535614
237875211
110581737
17392108
959663827
668943417
588665940
64335681
576804030
894459836
143259568
784151298
5684880
159965454
286409459
935194487
552545977
259472572
964296409
859745723
271659923
978934464
943101652
445736144
248171183
438453830
365058355
704183800
506673520
233114993
333712496
917468602
601316187
655748702
896577801
78986455
758423984
695532841
542826855
859818748
37380880
354358954
525082422
957360710
382655701
504983351
585890509
521717745
682250087
961317128
119571610
772894187
827006418
106804233
322444308
740601149
294773557
664845591
769220924
521209997
303885062
884482139
557662159
343689037
560747339
225790964
182835111
349936176
263387652
207423004
176770502
857013135
716645715
104477660
822364843
917300967
453852042
985740941
63080443
743187830
852563319
843340609
21933712
545356391
113543382
560818307
90462183
494511953
333304393
155976651
784212896
93578392
926311916
21616857
555933686
152898740
796696793
181393384
396613370
156864737
322148240
235954333
258330092
474827083
784546625
262558474
56248472
722528758
284439389
405143340
286749107
309032615
601765148
26033093
668646677
460544452
862548426
12305768
230145654
999929030
135328780
688323156
16631782
107411001
423210107
83192110
930701218
695028858
548543973
669466102
120604173
272458657
589127570
906215705
421039590
616608985
585010517
547106628
760809764
850984906
504569835
367933424
210072563
928161052
869227543
475180280
491813243
900278822
352970178
95389233
290350312
784391025
951247728
396684339
21535956
633825082
219322550
150919090
51616976
701354515
331857255
361219612
173984784
614973286
284539166
14290449
719905044
695549442
604993501
52037691
875533934
315441798
251496003
379160747
495359195
767395354
478250592
88470729
238183456
948029825
591378865
30422395
342058679
453154739
379115789
336213147
321210927
192443231
884679748
787214506
397286434
434091426
495489651
59455248
519127651
143350223
193948640
595099276
643621885
854937093
755275235
796263800
295285321
300932487
219855298
974908512
532895021
572086981
901325142
254140601
155574490
130851821
912735633
103587150
109975649
301434860
19160933
720830043
235857496
948326018
693079521
527461812
810869692
817778994
654751255
441442508
819952146
192040754
860033094
352008972
573446714
883151315
444848842
383246362
192754589
795115064
735137072
41126192
233299441
404207275
803318124
749123944
291118087
630539147
631640016
266434613
521355792
391902501
949479597
217692790
124189289
473118595
359241780
695295866
161857572
227813423
985394106
477506325
646181230
778412789
154956366
340854266
712053885
549316170
680693886
272423174
686002978
529489271
910832559
314860584
566297786
978034740
487530602
831650219
145007893
943955575
236343724
180330545
186138978
388316642
920086714
428049644
242561156
642340303
227819682
100328118
523909534
749552974
221388789
964941165
809720957
257630747
394944960
454886650
249250909
462463857
37070059
741801915
949845259
359216842
580431633
991866520
481069941
634619013
651395003
146154548
985587991
527591559
550287973
217901996
991469697
805063561
291367347
257864587
858326073
726906721
98293110
69713581
321496488
580365767
748513638
936450003
308100481
945891392
505139625
308667039
583089779
32643952
582399310
682544034
906885515
494541808
230485284
826922134
807885008
928220193
946979702
607942141
990945299
81665134
114740125
996317974
199265001
3486792
973471467
4657395
966263398
137080372
596560575
522344187
364170747
967356476
420305427
369479492
610703203
