173939490
775912662
485586285
742476992
178555559
39739243
451203069
89692078
500780786
133025003
583070646
352502087
273073597
417530240
242781204
234565305
691892537
310657174
834860792
575220004
349637112
130977016
103466427
962349052
613429629
832633517
721416518
620700281
659073018
506724939
63355204
324077980
771252065
171065019
877385698
894456914
442157864
117462753
382074800
174608711
667131181
850062495
405357018
430328961
678634028
648450026
995687959
804628335
580538005
667391222
486312319
419883130
251462802
485795847
674384092
42962474
672446234
523237232
129047363
345922040
318322724
830502787
430619059
994055846
69669798
258992665
581250021
102008577
540144541
348324289
792407440
574429783
928582373
660252080
908088821
499574616
725619996
673137465
283715023
964979601
836945557
916788181
40162275
991681794
20412620
643472072
72615178
285456217
496680926
834423223
222010679
918920631
988415389
36152759
856285986
836628393
419443435
411301171
360659162
419641363
67200005
893679381
264483793
232213716
874983781
911882534
491300756
591210720
577707024
174809475
317342476
999308768
239522208
164067760
508976482
401534541
790340512
438937264
973643226
426197725
186377487
295793803
605327650
705721316
126313609
873486808
586014393
892429613
803966092
71460428
80131181
314318824
312478302
864073658
897779596
943266174
652304387
807948558
116698013
108530084
152171316
481404456
707749191
321871450
517080747
222701910
679398422
824347628
527176276
454751445
46287881
980506170
437657944
934461435
233263876
771406200
288351731
558762476
105900106
1496972
325868141
598871141
787244626
506246596
94678293
3023651
686830465
375448548
266288163
565710307
749230152
982391952
322239250
865113141
274026409
704973029
588044610
283456199
188640569
903611698
194088386
761666764
365253337
349214647
25172547
99625010
876660879
378016866
630809782
126373395
654914443
93541911
702048451
115201041
782661942
553300173
694159828
201502595
227193157
514057095
535871443
303949873
558059464
961465967
705521292
63895927
658266919
572544802
660435026
528290846
183361589
4895531
370121907
202288407
807408585
564201376
233617803
438029979
481074048
995053282
126362771
308813599
744638765
139914768
910795863
655688241
280343501
207038209
82451199
720726234
10813200
386542015
56263042
674583472
367740254
890138512
203607299
403787369
643693354
961276619
441358090
304116077
717581838
102518936
943011804
650018911
723420003
499760043
307792454
218460566
319682370
256129849
720428545
232139873
387694323
227057843
559311106
418144695
50670104
49833050
783552424
451228709
490093603
939708790
517477645
796819573
948632487
695538433
834548152
917270072
360594076
829830433
794336624
519797428
553695192
822246693
591231759
642119829
196902963
260776951
932268237
780583457
899245753
863990631
401043864
754683350
666113468
824123167
286889149
140682410
330827405
785462603
353117264
593860303
177724194
990129379
814022473
777873047
585041289
146192231
701386422
27881569
665211890
390522381
857866488
489851935
461793223
200631116
678444680
565447629
635826083
917191275
221241732
789893151
117564812
2968967
551982954
626102970
538664925
762794293
130706104
124509320
408649284
693865741
586442666
575131472
476713168
200476321
342073234
563565811
8224220
813358711
57078539
50710732
559390528
904386667
115371566
508723372
6124143
911191927
292890127
465482352
145678487
721441519
504856326
413636128
564220870
563224111
476295490
174755227
438146424
187919502
239208122
822246995
15486126
576877102
619232284
971346148
804079713
282735016
13138767
261316902
858557881
114878868
557223408
822467370
860112736
170531000
230502623
213178144
887597399
43259582
619978827
627472996
469904166
665223751
978830831
687207764
189009414
172806538
10910601
913489055
724180829
167318006
125419387
820304716
574150588
234831543
35224605
982513424
285154383
144025417
704643657
723389125
898053160
31573224
606924469
30799618
164218110
682388954
553523391
393689870
332721488
263117346
287157826
394886842
567940674
611735124
352342828
350262374
598046269
932024519
782336733
631273175
271824414
99649710
537136071
691239874
989459480
736918691
248316781
625281192
135306395
247989197
928023760
743571982
338615923
896589700
729419835
438330941
58299282
948031212
522989653
506620458
619283145
617220730
580767567
461063483
880160179
730532543
252364041
962415463
882488713
684962229
384467155
353129862
361688682
73370481
451564710
798403449
494437152
915684593
41340137
427299418
434072172
928242198
258383475
84732290
335093585
543585843
56270918
671350973
882315287
914011886
291963092
650015056
409034865
275716275
11990030
654603683
518882142
76072588
811079694
258926936
484554649
285901317
742792477
450344164
863522041
574893897
381883299
265245442
445024989
931016384
943893788
142614687
906691075
95690235
72548285
691040946
358837255
496035276
125969898
336574336
674261625
581013067
80100175
968476826
392999137
734452097
944094995
85972407
61380451
796961026
279521307
418364564
104604898
782413199
942744767
148170855
185449720
808039309
221210248
760199686
161702543
791025475
226325983
951298902
970118096
149348404
743323979
313344630
203167989
320949083
295766427
22846865
950102688
474505358
584665310
903541581
205801141
774315650
57345026
129069943
630798900
295910892
203864990
648063962
651495076
525529224
38009788
124277875
152945466
924377428
505591226
550797944
274825028
365770210
174871792
883236149
354687083
128801272
998358728
243650732
991128116
630750365
882804416
740431367
501194599
256674442
468261874
630099539
197747889
39203186
942369713
411134068
750694283
92140304
129400785
865791650
587160484
578262020
299803825
444588872
111338615
619046104
160399163
278790559
815357856
744968481
748021835
584332477
299633565
701429159
548854497
76999868
775956921
813694292
137941826
48534
413106474
463433622
146869362
394820634
57267349
407910248
926529985
113742280
982007714
94457157
800103660
182684724
236369424
309080141
296075664
776425062
828997446
553769855
132312117
372082012
470351202
604013856
925073510
756226116
508652605
883929395
330465974
496318728
490348688
865369844
635177146
936999989
954198477
129352250
452685175
123726862
431392657
904983189
387321523
703428366
692516117
46656883
296782844
720900698
944864820
565337111
347963053
990553422
405353495
772429434
248002421
222187065
681382175
765859812
529697331
809092617
538360110
390643245
886168028
173337953
77444273
430211256
623393591
116637869
459280010
863103669
228486245
107017173
856394965
172348802
345032404
924014255
166448332
428883749
679565893
423694318
307231012
204172811
811361294
943315492
535966342
339912551
90965233
717919252
617367423
412990080
255617814
188338664
599654918
643592557
585366750
40749412
18815161
213983570
625984093
262304860
423263291
180144974
261620688
81761151
336850866
240945879
134158456
233004692
427397029
323988165
55738733
252498426
86293918
106003012
501861605
334187298
579281949
942852534
637371609
737531721
339246023
905474337
499270445
46289929
607485855
40147581
507362254
212802408
586982050
304282991
905199093
952464761
802899654
417261032
431027
127086037
942552122
729600143
606464626
295020463
205754094
857960539
290522223
293379258
357251346
3119387
102044745
493651905
141730952
251179451
461467461
75962625
576611959
888452371
923058836
517788952
680874528
215330758
474275294
296703284
733583623
921356047
646022641
123114037
418789070
103273971
449598770
669032885
105571985
374775567
391635175
849681804
336387908
342351146
531777626
481285483
614952114
205891187
689038581
604366467
938102834
13710349
71071456
335802598
842815529
829236467
375852801
914447282
494202195
482642073
446211507
727221363
255324849
309761341
561436838
284398046
211937898
167408185
874590186
253977375
553520616
433011859
388079920
766955383
859544275
611785655
739574716
234260813
356674744
441773352
902836837
474983341
526292176
869908825
358600449
719873274
850284590
310220042
280298507
589552601
727421168
535151486
174830689
622929910
928564059
664413811
594356955
26626566
780914306
247379579
269347585
447543928
331300999
435061206
50845851
505090974
625630428
304116072
476258322
231029873
89661751
141591988
557772538
52428842
579805235
971228165
200929187
385416022
951160890
841563563
434113455
901717854
887109676
285037585
526556205
18369129
258181169
765150008
838391323
195130464
17428700
712948149
453346505
109295164
172425767
455292909
143682341
91230969
819062973
853509473
94242846
546168517
833961719
49268634
499890850
585829180
977378947
122401847
43124675
957335892
463484624
208940932
75465674
939350742
813266123
367629729
560434250
46263413
908504999
32476721
246909805
860480418
465724748
281127858
213601172
376713600
688245481
448477373
880003073
124512325
827545823
109698217
566353047
97651417
747320717
887944936
67756135
837841042
785146734
940727024
40990181
135779322
722025333
881055429
731645838
808487766
637482474
513995762
296029039
804796037
894858657
97418928
182725969
786586252
606599668
233762426
80443769
552833860
835667460
123177249
897583697
528901573
242398772
918612348
129790069
353786406
642587883
977814256
192030025
925321186
299873594
722593207
261116678
967777974
991486539
111130483
138455084
584669317
549482018
405113405
739231125
174249719
152448333
75207036
229653667
730126895
926972247
779766794
491051748
513558290
807501166
514922273
2173581
661969484
43143326
512088607
893380548
803412984
751265360
377859432
165899882
659668217
321965737
370707852
504922443
172265449
836302248
214947993
795099712
495469184
95307341
495774450
3351842
430554055
383946123
723333977
376453239
167191736
688958680
399663172
426814158
862821088
486762508
678471733
117820019
784951319
720419625
599147192
924634647
479397931
217749934
335042099
833403956
171622586
239213522
79562907
852283981
781740480
570284592
57388217
893824646
712024253
984667081
995582562
