343889954
470997103
275368477
814220022
356615517
301819593
261699485
851515920
271394991
625988564
720697993
953856626
772956723
212600245
352667373
268033567
907789748
539502996
935119543
334360199
214205242
959305724
919469492
4092832
51925900
804741991
98102037
731253354
509447413
746927627
163227803
148426797
606593713
90959785
401817675
717805780
767115112
872371700
578242750
915310671
932607117
333271440
69414418
642852308
696555921
719521656
971022157
840521573
717288205
513495828
833481090
315942072
294257619
560903207
916517624
384584229
551527610
271275644
762294122
551873524
203717556
530446129
342068507
524467362
462760761
572271195
347262913
681996938
810782569
634861592
500918454
35418048
961260245
19808872
401753081
880933800
889891306
276617183
307536909
332404242
833719832
257580463
13965149
995951584
913446536
847285729
854169176
45690505
174442159
17233446
166278170
495839467
110077578
26369225
711593114
402160987
991202932
544947054
180091547
124284725
372258743
289025219
29739004
82426612
12577373
798063042
354681826
274448747
159150125
35583824
494692921
274910427
963738734
429889879
718153690
946137092
516480979
346116922
611020825
615475030
718102017
301572407
507554778
793549122
468583421
5078986
925340468
934891019
308215756
999592093
889730866
344944251
96525635
183252184
960145498
544694613
227841459
931538536
983374210
115383494
492603903
579720429
886540378
138858335
522540523
891367742
532100732
680187697
308215534
765456021
885680006
645086010
933926227
564616516
406182706
70686335
781470439
236189880
613843189
7498387
872722572
419790805
966232990
159558031
145852956
149748669
178384791
780486550
469744379
173459077
718295632
584942442
362742711
495637331
122871126
138381588
415032027
368696443
271008598
577215678
472978253
245152771
626675485
542759733
113912086
244644855
411018023
531909118
777069476
889459163
763224172
991651577
317695346
975875822
242660920
72813098
613487437
726982347
993005377
372791853
712982950
751614180
210443317
134756456
47160388
300737564
282343299
438288896
441745389
267801117
655654306
412773996
965181281
36627511
534520132
627569800
793115318
423473256
45645945
901208099
738730645
646475672
3417073
580285215
410234903
726644054
267247096
386866887
252976410
50058027
524894149
688049679
375691064
898216743
864232726
721364071
34709453
491919028
495599344
813174521
962301555
972729125
90163728
509268358
233804857
350450175
26470296
281067835
441355690
615091119
279697779
190014181
681336402
91797277
634061207
66507278
748197107
630158101
724521552
320516333
33490468
895476411
185312486
391687362
742906967
967604625
37082932
66964537
172394783
813156059
592860347
301196289
927873911
232471423
938906543
766001519
556311944
494148714
346480358
59784728
700173758
986179259
945511196
637885290
770360247
334879968
6713277
283893786
264155536
797725448
973166963
404551351
767397475
175083011
779684052
66825144
787416639
698476364
766361390
266200230
313367243
959505757
108673052
628199629
22230771
978501488
262140268
448864978
152890733
868059686
510195333
254048392
283677743
664736824
620342573
47311207
949965213
547427194
621327113
408026998
960891347
753189144
802809000
374669333
839989095
188308996
533798813
752790900
452787369
872081398
978584879
857835578
727787322
80280127
746417483
740668000
877506207
317311567
615654518
791858757
72739699
557848297
131003053
396095848
287530115
719118570
120873608
102660651
554740436
732372845
116859929
239989444
77149250
358334391
305308881
560178097
156696756
734003717
788210532
833921774
444702675
509349367
996077608
280809333
889474806
652359753
526261069
203397615
918319339
879674572
169804999
632653646
931772675
829468355
335287298
403043050
622186091
406713152
87139218
120870524
67435387
431138161
198050463
720414523
755221469
738595434
780686327
369452931
774971244
186239386
583971243
143502489
529101033
781732742
347156081
563390331
561770687
850193718
506621040
635170360
192857501
917475991
184341310
675065863
562567845
484206281
308216768
247680894
23047092
902265830
937992005
749983603
646864499
667340007
766486386
13564513
311298904
275663085
525587863
150879372
871673425
156808137
428426370
732079953
295703328
26302509
103552613
150039932
482312273
771896966
841272361
771992371
900092110
451968857
928013022
149959395
246796850
522984599
157846677
271015187
430378666
533005432
346405838
872705412
248247380
833987638
496637989
861761024
15246355
333591567
252091426
286107602
324605855
355741668
763496933
36049363
489049621
452261356
379362534
536265335
380653668
158176835
765368619
251150125
60993469
165999633
849891492
194895641
739326984
616526991
766767662
788314303
117816408
254572675
720500704
338667992
810402298
555720956
483832572
461715689
529664519
241791587
134793576
148720706
519805540
555164758
447386515
544350442
688471922
891963658
660909773
794535493
143622065
621581340
890361518
272201830
767636812
95255713
811711942
82247746
984096145
301742347
122434040
398719363
566823904
463777121
168291194
70033180
635240962
424828940
225647064
933328663
968428783
917646843
6600816
138862080
23383258
616647913
731344583
505828710
718613117
305541049
506423718
847363324
955617216
972232168
644692238
496235066
364211156
448298874
571031179
715146584
744009012
401584826
477619542
227922171
119357547
736074212
581896800
56028418
386873564
377353335
909109478
263642981
666316594
727581108
826106708
225975220
614980524
751499437
248818572
150988899
363911128
305883232
363634628
678555095
795318628
275070715
443102145
594591735
819084882
672056126
705822023
186942088
853797760
510500478
189319650
566843956
440027301
778678643
19504533
287309045
34751112
675316165
118955145
341259782
396431570
242780736
181046729
228036107
146125459
418717018
881254540
612711717
199480302
420042280
351235456
438125780
37950197
799064445
432603541
844286831
292972066
987305064
236943534
714817436
671531310
722167390
409845220
155816116
538261458
259262752
785947918
836301879
731994903
961509525
116237786
688594961
186928087
22374846
282123525
552537892
94023985
215066037
448466276
400367864
790801585
93110305
987461785
433755479
159265021
751193869
528893759
640962854
346075101
175217701
994336978
47446047
438372630
404137708
669728470
674264178
832935514
25230613
689774648
886862705
632769099
44952660
880716813
237970775
303804493
662640493
251197692
15575351
516940920
880065648
750262845
77906028
538838787
836575669
924015850
578421005
734705604
976089739
996551093
787067587
730368991
144985063
490226778
556777202
967172545
68791739
250222330
782790378
352646375
607859345
719602377
68793371
525291388
561603569
767598764
745848924
212393490
749491009
129950986
496624526
499996176
513318408
124021934
466009452
424954854
916430950
508607258
601796960
480121856
91307464
939558573
856845773
28679518
902707059
156493713
487784035
554725881
323939611
270798229
235012754
412418163
468407313
662928974
909081573
160463271
681469474
552614638
977235217
68976905
178166925
366027514
985214593
846138753
499926566
287071411
217050583
20963129
24217326
131822347
50741595
560184479
648425369
302668521
261338910
668300771
862756602
40113852
622584328
405109855
279814728
191123043
888453878
478692780
894938230
84206363
31588863
850389432
214940359
305546181
743485379
363816311
531372040
532820054
301954930
725279948
954343978
10707020
528752951
615635648
939443129
466820906
530508555
192117263
220056633
674828274
763992792
165738792
401590063
240780802
297706667
641355621
930030309
572125361
789162176
987043881
477573634
506521813
951200521
415720203
255482548
366661150
806022768
718671144
388336967
686925283
28812438
115605315
713590
536058961
713956791
852049582
511360900
6948680
465666725
812993820
660614486
696336615
258636147
220109956
320213570
865850070
448799368
974159556
7839513
102129758
433786000
959246678
743657877
314911048
247706313
447822165
59506497
113032747
360153099
572781978
660798137
811837410
803780295
533131349
646015835
648387477
165025201
865531101
526824009
445657084
129994720
923081629
106458635
976168354
326429394
781237018
247885666
731090565
95506633
389632477
917861781
831863211
710831630
286207208
253139282
69565759
371947436
685802541
288352647
266134626
792543084
398328152
646795579
892884746
152195683
848777075
892556319
725504797
574094119
671826091
700824868
583268265
447335546
562182428
972135036
510704370
852788042
767489521
988481652
466469294
199936499
328415930
17526114
970520621
654920195
828934925
101005779
517573086
279992066
576450076
276440040
479222659
577178454
260689383
653113998
731666566
276286050
213573888
823972670
477652318
888680698
522380868
156996446
423680540
688807607
334593516
384527664
148649202
314072171
742434911
216777716
604457914
697320887
821883351
66198126
464127154
380802037
676274956
237964550
323260757
747771296
374983232
445512730
997644042
395386051
221602209
6089810
186646162
909068428
240468469
234418320
639214153
943516849
510829334
577788595
677555630
171419484
593845573
281713013
320326679
444407260
952356575
203500915
537557154
359672359
671982125
781901770
755295102
194491256
188986844
350864528
600011092
975609337
500711913
729881020
513697466
76868137
159352402
28294489
467205398
328503705
197881501
239580773
73603701
508016590
577563561
660941063
186491553
244094756
388642495
292707669
786956463
394561942
917637869
878853495
795414719
171482316
907955574
637971682
723403924
439700437
250794707
992154905
720081584
889603939
634407227
663604815
442804936
780948312
64091129
600687492
12067081
565551084
814507614
991822973
246525759
712775802
129897214
29540563
782108797
11041062
595410216
511200345
805848760
896279173
563908064
205449149
57971467
621858416
934466300
342215149
168912561
521380718
304890563
27504960
77708997
205726595
519499188
183999760
873609362
913958745
218136126
405543240
180003627
787955002
280640587
221405379
580054327
925814895
