808081677
265804266
153972674
634898267
950895199
811560866
578114759
647961838
458168707
417497200
442787550
185429461
276356704
512884879
157909856
237579306
808757233
150586393
700817491
171126115
568108217
37686011
532472340
613228113
152152022
227648660
273486696
991414217
919303419
925632440
749482998
595072592
457436075
99889964
959056258
478417791
911730658
622572684
190386966
372732004
251802560
340510151
445652740
459948684
834183622
589567101
635597903
770732483
737204259
936471101
955343703
517706902
53279903
835798995
958467241
770395665
733331925
540744559
482746245
723246539
538074170
586700541
728658418
532536266
668014200
847714956
727993385
176466740
553828619
679492063
325848647
186184549
960199425
328085486
919323554
227598066
592033269
72523655
779044490
562584919
592050756
502754211
254209957
982832316
970288736
231776095
541792688
621637078
141422722
188660592
745085864
370986099
139826439
467140426
834657832
665102018
611851731
913116473
791934482
986468664
861573715
459131163
216903863
57712195
610622454
769159154
557507475
725194416
916475440
730869174
178362395
660808269
761700067
920161324
131195783
35319959
332490583
745826101
562247528
436238105
305922268
106356306
35044017
365168026
934406197
954862547
46358109
493058999
493427652
254221536
615746334
678916795
280589172
792575825
701011202
132919592
285850347
196497762
372209861
201129582
674268619
816598271
705161637
410553546
10298196
84277594
609286030
219665113
335944643
799337873
332611434
866025628
350868944
355696377
680546396
755217409
424087146
851735835
123305997
655759906
722801044
64448476
231766763
662253904
115122840
499445599
380219097
969124241
219150122
998276189
749469610
135992821
373616239
361117946
761969484
489323995
401194668
624490469
354869830
850128602
345576516
826692995
157114355
694089777
921610100
749720704
328047850
924892794
112029429
945793792
708832445
434114510
73191764
716449954
478328536
609820142
584831508
42907732
295430706
510852595
704058496
640161788
514991
337668452
49868263
196618612
492409389
989750997
593726891
191222400
354022741
799596675
496866005
273177393
310183389
896108047
907334119
537676984
740643802
365402134
171397749
455326302
857094811
273356328
289443744
315355099
62801056
657166284
882789408
152149341
904492486
358286935
329059763
844017233
146070106
705414727
826178004
819445902
644221514
724991487
257311315
338296852
331165903
920807028
591771051
909235768
937248504
800014370
406266564
582220488
702486022
47154523
302263929
930028570
339454846
248732194
783066975
727158661
48224708
734513162
133817555
835243103
106961588
441577549
286729912
995735804
470536912
652848771
127107287
604768661
69930043
87888217
893455469
15652314
108090819
833100895
124160399
936287782
681585276
380207974
378106594
262786685
250899720
300568920
449663318
857337963
56023005
399031191
504562386
897337911
922347750
99019342
771221194
909708350
591173932
422068210
231335264
889588352
634077115
596035245
438698856
284399732
672907082
801497901
512290445
614597804
153699053
286611614
821937751
506353949
124571795
846779191
45573385
668016732
356406568
871030868
584343383
806392666
991914229
429391948
939712799
71505720
148286384
229769375
682420909
970910699
316667022
983747117
424478381
686022608
601765631
234572045
302210667
85550030
941509116
93706861
589879601
449401817
788278474
835065512
703638909
769411390
577093439
998208435
772766116
75568559
53445957
103204461
553301782
720143062
837724826
424942596
897674121
204685167
656322445
367193136
136113347
443137707
119076992
541379745
297930782
169951935
862133231
135915142
904588317
889999748
544568524
960023353
726507614
262699706
281151267
134941565
18114192
156848717
725753037
170301408
494412280
150077948
457003257
606852350
917464741
213462560
430445334
704335318
848297780
176823035
336897922
97525499
429227584
574315980
957593512
146741893
330324825
246898728
537134729
533686974
907278157
441178296
93620118
882766366
531000033
93422602
376696846
290602075
438991795
702783260
406828403
740825404
478932128
486021036
872780854
986035398
986134448
512224640
623915002
84468221
739506599
157797913
287617361
727765281
553101826
447043025
530795769
152191633
305106193
134409373
804616739
771215463
619713986
192066062
263023250
53233983
56457829
574236890
75852317
824042138
836765713
139843258
265343523
145514520
769994631
596072517
618593369
943206546
701535124
971558113
160607444
818100183
622983724
452666508
794180374
749480243
153560935
365854836
329664540
83957008
562626832
224505212
985495881
304582421
898166520
635612939
121111418
286866066
222997785
819546870
929577568
411897558
436372323
799872863
247702507
599663340
892454389
142102840
957770648
957029308
828449654
587589221
450656507
333548079
973801928
986516555
148231738
167047478
397885687
513543005
899673047
690602992
244572350
991895308
261415306
612260501
154347376
960761100
247347999
134381692
474961098
331727303
720208760
881988252
41980544
748709884
381727859
823110860
204964001
194517033
857025853
11458094
408084186
372635231
255507352
975037609
773848703
651947802
330780492
911649963
487381200
954063938
888980377
709454779
919873822
238974576
167325208
444477014
538457556
635442005
445315964
931693287
894754840
823388956
482068209
496722351
867380459
568668253
291567534
225092043
604788695
325120876
962083476
203368653
656517150
888214952
282518805
871937118
736387955
286377695
838411796
502399572
629980607
335698034
647000490
520897159
442746924
10753981
962114429
803005966
581384676
937250844
284653303
569521994
749201068
925332565
116703253
584695228
890567020
758785000
107657149
205180449
360380267
105688449
306861268
162260324
991980461
685611724
52937628
31658869
956455769
295388089
708089057
252079861
797030207
942916390
301712679
559056806
176388466
961171049
53975426
856626478
606553823
488561567
643707366
667537850
40467572
392561481
454167584
731184584
771511699
697823575
981370096
977602953
178720545
633231346
142019305
524292158
28836766
484740165
528916696
757135199
957816352
930455559
846550195
285996586
229161786
32573442
772491786
806284676
623619885
557646446
408306762
929395970
704809574
251030670
598626625
871818698
461981082
639323416
121792752
599418980
231444139
321753042
260147169
258632194
314017992
730486102
73359315
163798861
800897085
777420520
530220039
691648299
432254352
296840226
898810124
676098262
642011371
357710779
438376064
7894129
620069693
647882906
107564699
213865253
289516812
51974125
272793379
927689874
34604721
270200605
62311076
389513348
362947413
929497714
525691060
636063309
670308390
587918001
971978593
498675682
959214126
608692925
5387591
846199363
27426406
716658462
497141618
407969347
352220545
922528361
229807327
104270302
200947352
113898622
979349285
583561231
214188343
46281915
969115380
262043867
457692723
145669440
129194139
530696479
715109444
140706691
328700885
502756637
771149165
262746814
5789871
54093369
385732184
939700380
48680001
11376768
642495315
261365334
186438847
572858349
554832506
864824031
575469328
112076358
40393277
958040772
188565995
249048790
950148427
942129827
421874966
624026475
618802620
709934726
40982959
813544686
479498785
474691110
131089918
886719713
387957576
994384979
636820181
89473730
916738490
175713958
718538116
261246970
65218620
967972516
941065915
952823007
859843067
396257030
707211359
592868690
570200110
17117781
490303202
757068671
952140694
79652095
552608208
829019336
840871846
381763395
435290748
675797457
898717421
235135314
531877982
167804204
130275416
299719132
184900773
560447525
228003849
485995597
195337867
864679318
239502655
927319024
183830169
982175909
1063912
469051958
764183406
222545589
2723366
448114267
243344575
462381003
984387907
374021246
934579018
308305481
441776771
807800844
248601883
534975094
740423208
42740659
362529548
830083305
436094534
773261711
822547591
560123935
211356257
146763834
364864841
84204512
821779913
625623882
517566015
24821670
895821924
570432297
827955424
371819888
617579987
212745158
673074090
450603154
991790737
69496978
183416295
756254168
365140112
876595290
118670754
420203003
237393714
660362771
124256109
196761996
564789476
353746863
546081375
227802200
646504365
204059471
11189332
855959530
83249425
159140063
640601089
358764024
856455229
909757348
412483555
871344472
979845419
876781993
917395105
527678049
369666567
911926392
838292567
366597555
589845415
66293422
194983822
334760965
28093080
944661837
846810796
161417141
501367773
320804019
460032193
542075060
24350922
600153224
725315521
413520516
201555826
817114559
367353728
832650674
428895888
824652269
899798938
455382763
464111734
247326280
440357583
360611720
742967665
596578058
827095428
652863082
515454295
179483820
637956783
580210943
9075649
676428365
827866450
138587587
312329265
479183947
857396250
535651210
449725155
870408494
846993550
379692194
151466471
503874589
326122223
552552007
544572664
5641893
937701665
765193144
166494483
739601057
870649229
780766799
504304253
486199076
418449475
904789713
493708590
807169110
26620765
844867100
962196439
145104578
404444866
525127459
989248107
228766141
520321408
949711939
967256018
364147727
5657608
593703239
400332728
60665389
209145248
239093075
270455835
274543420
108290417
509812402
241782153
872763638
413716459
269474590
805779134
47099651
634283333
826130188
60734472
952606536
41942620
642556043
843787728
2126449
417495754
6361893
99429722
800994762
563303898
315806522
485320483
987989725
797937125
802346754
733943448
276945989
380434070
443638864
277053828
179356399
634333877
219165169
698878692
516808362
603084947
89432801
731388117
134970275
719348324
942148456
594482807
694191219
888977467
14649481
322205107
363101563
749915510
398206278
643169633
202783354
139663353
469461072
711239521
792483894
24491918
253792427
74826513
611369704
535531141
528833144
666665579
190644469
549076359
881378072
