437740964
84411531
204411154
452572572
213527278
142808067
465814064
71931206
13679010
305389101
286820604
615490144
492810165
716961814
997730104
364448925
478683422
337780987
645454791
985383229
178800994
96500843
480508913
973534322
611561029
949245802
469316117
317087215
664190282
718686095
420845546
780176126
257009267
926610543
799533460
753365280
177574170
201469791
34353574
666360459
122253491
66941814
848167277
970431810
291583909
428212779
727485596
156771141
186534076
421706660
893736395
741903149
531643211
857222823
914920667
341240120
603902617
230876831
841011541
264281475
673491949
148726848
407740922
294992914
884543553
506644476
358480876
566199620
917428353
244364824
186874755
277213631
303427412
979094330
863129738
111859179
248333564
510077101
681950412
183348250
221760205
312544975
130553138
242483622
824949698
678942395
248532915
399786442
11689876
458293339
149462662
946697337
360458248
770072097
992868509
973526641
659200891
553174363
85888256
784939432
69731903
161285975
239342787
942169251
234831905
616522764
438475736
552548879
994093084
803061487
92906556
93825515
548926417
657663291
42521269
360946973
18173709
165257300
470043215
205601157
258111561
958694432
554509744
459135013
94902161
240177416
916755381
533355314
986225820
889603096
452658287
695159200
424188845
897010979
113616346
60474230
73202188
188383886
7651716
208426933
240466659
695984034
405693357
208628388
365386783
55637146
397770920
702794955
727550827
631921535
955352932
493943590
83131147
880287097
526827871
111037469
606776229
780207772
847267090
994654488
699767381
905120421
566323058
104489988
350403199
397747354
669636669
651915437
544046945
982047038
287744785
829789822
157605583
261616282
965134497
562127525
553001075
345881356
93748230
39265014
842406494
213960426
805804485
354304285
934250162
958714696
612028053
543901747
370183107
2578877
453697999
292994415
341116794
12997227
508659550
335346237
129660976
301203369
858225187
967639428
386000476
745855482
158748010
745503787
344176750
125563109
336338006
821514864
915152598
964700344
558036393
260894873
686459541
808002075
152247993
485806955
99315935
212018773
170239824
391688501
785719300
125734921
281732329
541468067
528349038
994750368
488673027
144608355
752956731
629788260
432466549
251797705
487656167
126108801
653264537
96551012
55212416
60300698
10127534
808687053
622376689
790513188
628749147
405482761
444542483
192803126
606534872
533114717
860749233
22852594
236030301
917642201
130963545
466536686
181920127
260265554
464123152
617279941
217154749
349426380
636890080
191729650
68558132
285364338
532233795
306238687
773238704
560350740
154737538
55696981
430594538
39015237
201891238
361552770
769311810
995206111
496985773
876249566
96925584
335545912
388215496
955558308
283859121
730104136
393757958
514824346
120834160
21119481
944188672
392998982
632427858
437932474
843145947
660701152
171796972
430647039
721955055
343384809
873248965
138303795
419564421
46184131
378377179
805052251
592258055
197015064
715750963
769410774
697224874
186714015
763279780
587873585
520354356
881608835
961210883
681331771
907870527
338453995
891606378
17409448
185404526
752119222
616162066
761738555
423269122
992662063
195869288
541190084
189755797
338664771
273251055
153600963
3000601
958621787
915981489
342031364
577181129
478806869
137846080
196742894
799073382
351423385
323894606
757474656
629719201
44554273
917578116
961537111
699490268
490465200
522776510
383501060
451778430
855839516
952899267
667445198
430022063
616638623
381783129
599595991
1145776
174560878
579654976
358560102
913462959
609678816
584872984
561732568
965627345
619179518
104150641
429063658
200607914
694863484
218336064
833981140
428224615
858687409
132019353
378714849
75083946
234332176
841699814
699290596
815888260
889749994
701822532
147161083
5722519
248536291
912009299
960542505
97023739
538250088
195597117
624512504
771768407
965334503
844011696
20040384
459681288
355845548
995909764
80310750
386314558
93712851
182893145
756914944
637503452
118918127
239220582
571334653
484619269
3068280
524512044
766813599
332861062
880364378
542671840
23712964
907856283
437711900
556010048
717091053
707170217
143608135
332039918
662357824
499266366
593823559
62212732
462890111
14675712
111978969
919033559
719238397
238422410
761389064
312976037
722175408
706856848
944907586
509657629
886804391
9315708
340674646
475923235
93955459
13738044
428783517
291651442
891404028
422662662
820298731
112184100
21969387
799835499
278818711
373140531
242706423
761672932
520535320
257648578
43679892
56705394
776330470
556658941
372640299
84034719
805273646
528391188
571471996
567388340
820496431
316856114
962948695
928054269
669205655
707775345
366495571
667684898
238084459
648619779
70482849
302172117
170808703
40227448
194376979
999794868
897064172
919402896
959603698
388248533
70269614
960502475
186321528
687259008
465977736
830098996
232985237
784015703
103282935
9920740
208464397
900392327
720179444
324015687
602166230
503442616
149235403
93915116
130629843
571043364
6644959
575021523
523588473
871915539
187165729
741507774
885896690
736103022
362281961
372845430
186970545
885870748
568787489
183223463
497118726
859993954
130534586
275689687
462076532
839106657
474790108
582479866
564401962
228163719
440155382
170090520
581992671
846793015
438061217
690934361
850559464
803149056
788773052
388560333
381603573
495248090
436914002
314405988
500093279
724469961
944202305
496882213
421733742
730437504
822950193
322593648
331604838
536955980
826896959
742172274
372908030
873545715
631838582
291523185
96253256
424165091
10619560
295424754
431760156
17075208
159515102
39103674
298041805
671347598
522285964
383821488
97097695
180227155
801619888
1870635
423079952
816128597
775596407
737606570
894904350
977907893
160746124
833964457
405213524
117561734
838485680
45036691
19896055
695888941
318026331
977013748
171310473
497249867
292307076
957438480
484628530
141489248
882645830
483018070
564954858
905098631
198840408
750386143
208151539
439128704
225495952
151377682
735336090
825026324
319092322
556779432
97949307
894232010
396618833
118345362
263418967
176655101
890211228
314198422
178589527
114478411
19207619
602152862
353321266
545272215
212511015
599847826
887920077
844181406
517242104
281590704
933482765
292578337
172651712
989805718
779067484
410359979
625812918
966084819
892065780
687107997
309700599
194869730
376796618
761246898
879064440
277078461
100631033
173961714
694019513
307973428
251278018
568447407
304428542
450476446
885891011
596687545
397064876
662879322
226617689
625648125
263457604
891154683
307784220
37501618
623296665
805370969
721580298
406813113
339277877
853058987
550842181
924126408
422132641
491481528
804777811
824337888
225356243
592074367
666207773
935432552
499216792
713958363
150161893
209268675
30312685
365035357
988149793
722175264
103914706
182379939
13295102
962933594
739467129
266417655
423650393
418545915
887085508
339295000
137950232
73693470
555498161
693817919
834683835
840960524
757131245
327151609
146314766
812947012
645698634
61553123
371331301
804990508
996671548
291185136
126431332
549499239
740992789
98515545
7188932
258261307
817221175
999405033
302898406
156897938
839763884
587908586
184659278
155714986
67831135
386231896
937252378
886061242
454124134
592514302
379934390
805398872
879274526
309201367
452137428
703161074
218720591
175202780
76476629
42361583
811048636
208304592
966262045
448281993
139986322
874151153
677553124
788569963
332106067
879688923
256472294
556093127
390919512
677785897
1196640
169222659
142492331
990599779
745115877
259466738
124300744
485270058
350866373
404157245
911250744
321032458
670224711
431791422
646378116
304027857
39540716
642018395
922928403
260536823
345849300
631459292
621646539
736377284
15728663
193679981
708678770
148682415
553955174
574435210
336042008
823841261
414479360
201488628
308004727
282914768
560668742
228120810
430086901
817009890
918060837
325778578
857438217
562104800
537031247
818953862
203926441
245761702
142191846
28078210
840148206
614453898
633164723
130382688
331936597
369737346
547576119
406115046
974871115
551435896
550787966
975618327
931314882
776431162
68115237
87409483
906553097
468736082
123786694
363463348
743359113
811419905
211931493
105918513
342475984
20070721
774021073
59541739
199346036
196774799
989753539
462917068
6490568
525876964
734287002
721588108
190676538
284096671
869552030
938267379
735338647
154553696
253249693
878651004
266221924
942442508
394463695
81007054
493989563
449621764
912400764
735190357
121975007
778728497
284719095
28728301
402522404
527246209
787906702
311865875
595716272
488034380
206769009
778096315
561682356
87870897
969127759
405437917
42144160
346527127
896732943
622456425
599184051
185519314
628124699
588805417
558170211
333280488
839696588
400033475
625607025
693014018
565552174
749724271
284374034
254563181
340942061
227762069
241157869
705558700
319065703
663430327
496189967
557686155
342551106
247304267
947784685
475153377
316968648
178351026
973314748
989025776
38862894
147462435
552888819
289944338
136006305
936455692
150603798
695913677
470558089
69241916
687549620
387873227
686258848
902702253
922482204
457044737
493722281
307119174
746928835
741365689
164280048
336585459
27461423
233302615
126266458
41497895
842968206
380820431
641020730
83016834
16311840
661345561
426718725
636581247
654151124
418089738
196835451
994429694
118556876
404486368
77158271
545244191
235000611
249823787
975880705
108316740
871427305
439848852
324822061
490739947
981431094
9849473
431422190
231949059
824745728
702277434
120001012
319586203
163677880
94508409
93487485
769783366
54892946
387541255
52930076
26204059
961154500
49677601
248551129
504392465
260209285
499292585
188562298
342442467
664207418
619035856
101584847
777637635
257421909
17949717
170070589
