250475641
237157944
139314662
201465488
427000619
613619265
304488426
674059223
333118207
830916428
81084036
359776495
31429324
752887563
316250404
672368929
602616914
130928096
728928792
625260611
821969608
473771140
391912503
544355018
821444780
139198586
918123260
648075800
752268758
408673515
44687646
307215671
98482225
560311922
807718949
998203546
354845315
585998999
357214561
367257787
722428858
32748278
32754082
383396479
667420555
384303579
316308518
712481333
64203617
478794620
909471213
687901461
143747742
74034408
950218926
776704499
845245440
594959642
380020707
287802032
695496004
656412625
921790464
924444690
786228782
773868364
261294270
471117401
945168612
318046856
317523613
16617915
773713533
361671005
902831751
789221330
441017057
8516023
876934462
437141200
822890067
205641926
583872182
273474138
499202300
356786184
163467929
24447817
610092994
31014450
152958106
759885672
205978291
69412528
671761781
66016232
110957812
108309390
597167696
893552190
123009309
845191115
767312720
746156760
161271007
892853298
914187926
782076736
171202655
160997596
335687441
836729416
718025179
942879505
464911964
489854078
72540443
648316326
425242389
429442597
610400435
236846452
861024406
914154162
165088750
557637940
810639622
704301005
689909222
836815519
678263517
332707667
411348326
983382271
314131891
977698950
438329205
837715421
112203130
606349001
442598257
381391192
853245161
449095397
695327007
316228688
41860492
263098785
604500562
181907703
993475788
462641485
683067000
167725099
283151754
886162855
984166708
853158556
581068009
603633065
82213676
209886920
92167513
334387135
482734078
2979774
425381090
734642907
628747613
487213013
51524872
234825020
536113195
818893387
986844338
229009243
383601290
411929008
218827154
848860060
515777447
547540836
99800442
508001519
843339730
215622031
649640665
243623227
700230516
427969035
993532241
585170647
256647411
508570064
524135325
232711336
289223678
518858025
966361318
692347233
890847597
307217583
634351170
117287549
130382831
758650767
926528289
864173612
180880759
54142511
502561564
572237699
634331402
732207947
87855617
534672838
110086478
584165993
491047403
267112046
353339107
181757863
34412391
200778578
493680771
466354223
978177608
27543131
294758061
754133002
939785563
864743263
445567688
526479920
958012462
208559864
913189664
982512892
377618687
84688962
289093741
785467052
62742467
646088004
925407470
421294541
950839244
524439462
420714446
989462486
122624858
705057684
27810621
699249271
339008125
709089734
272805192
433572592
623606776
664028606
780473157
898985158
569415550
426747755
114356947
637818299
126670011
107851482
774195484
879295752
621483172
127573584
206547305
406358441
978018304
567872053
119015395
388324386
275371107
72386229
515514978
453738145
606828684
305295573
631508144
234727878
836932641
746318415
187471794
248922728
935754670
479617072
358906115
713590080
304215804
390108581
216051502
635994711
531731056
287589170
294624530
842987761
750243977
541418692
367979313
995051272
498510379
621452179
721230966
771136071
590074339
884480805
158201485
551220547
148513628
326735012
292156474
264119976
795239610
879629067
800885656
380351594
920379687
525272756
943541081
141866099
768667467
492957223
102142637
587909722
351820551
483020683
856593328
987781935
777761698
672527215
703494167
65409991
937316258
636456870
736217498
215480462
25087449
416335722
658848388
51273865
321415587
807685567
565076452
977480790
97952107
951931524
840755099
652101988
486703513
914272934
922608073
224971221
597877610
226113214
226383804
5553155
519309542
133321243
419315519
107053656
27887476
170419549
773458847
475986411
623240843
226746482
326803717
158782740
143411568
585405194
355264144
504043964
866424366
892267215
820450511
960981899
927880770
124661845
489957615
399889026
642265582
204491340
501078421
863488763
749919140
478522946
467532380
711203044
410073065
730664343
696170918
891766205
997020201
551794732
23386389
150996038
34226720
89090040
354239947
871205624
625127806
681972359
508690419
901298318
559008789
418564108
358546853
705610393
405662701
265401904
77672383
394647697
643363627
19426492
464788072
823396135
669341126
909970083
726067269
144717897
759214100
615600671
748709673
412747224
889234275
463497938
507023762
314629634
868880826
669454473
926755179
838790729
770421896
618751989
774761218
960293222
695800920
599780102
304479973
331355031
119976092
761921986
305540343
144671161
652991959
301523220
248402578
977593708
87006659
199990252
481654911
124256635
363022770
209522050
111991524
9527135
933262685
95943195
12064042
95510851
911540345
43917218
836729566
736208226
338646724
238881653
624225800
24611637
244665273
504494849
127595215
69561023
605490110
394712237
24741804
997292113
310060327
604038511
759755263
587711054
215095360
529430052
227622975
668890573
187799562
802498543
475767959
560899846
506760465
765234082
27030536
599857724
587716059
208969121
419814685
76058874
925192418
569332115
806024436
414110306
677297419
223790940
732928435
582511809
72395037
412093887
518766524
968310531
184780246
114699409
699466806
329224173
336187931
424352987
880415490
382110293
816294242
167838992
548408664
536148179
763113692
63325953
517851171
479431189
477464312
527737489
481844962
396520988
974897551
948682928
72099694
740728210
798014074
345644956
910413634
991304418
796501616
645111164
596495535
775705673
283732018
507457427
376119600
392061055
65767276
697806362
263669793
163363072
328553630
37704391
259764630
757353426
20923451
269876256
650996613
613971465
705939767
253497246
105047496
544657547
930248924
122245536
993412978
236097316
42599715
958738595
531210098
990542973
513939352
889111070
585608676
171183077
571343455
772702989
252416161
255656265
687206352
125790116
413663913
779657949
264067695
318481889
67967358
937193159
688918298
314746266
719804758
528137817
694648341
296442168
285364651
543004370
540063667
51837988
845456748
161486481
514044447
140022284
349461340
107028679
166596263
273126819
649423719
439442558
452095714
88581552
186009970
248220461
17460094
395340348
926765112
580149651
839833331
325389546
280589852
611767034
54278178
56219818
547179016
727853447
238933836
3072280
295894631
217497184
603746418
42604306
631119409
519505467
927246239
90929679
741611816
547184067
776328775
306635233
613061685
990940875
669058169
628524798
485097445
600336745
128736296
471584296
510677722
299307993
369677054
705214999
703171037
214674121
771248134
233689713
107208303
457824629
592843266
621607891
868094842
163523982
977232186
431926534
835696138
409491408
457462142
666504502
320974220
926530413
653728531
379581044
803820875
533198098
712327859
289648976
942708863
425753379
571122372
946842270
599117151
767349538
492394556
996586637
847820128
898531418
339433267
416445288
748257331
693556526
983721375
283787186
954340800
154720883
438540389
449537703
13708689
237131635
792828658
75606036
142874603
462231792
150610076
584147308
645579461
990096008
901394123
169972938
502346260
481599158
290980848
681454922
886702256
646000994
22490740
100745303
671129424
980645547
584106404
937164719
70058140
41016854
918247169
627417693
942809036
369941344
425240243
649099991
94657708
262790156
275940286
705577228
632924720
495516335
803967667
136885358
616739462
908247247
351007176
857724118
997137294
169460329
914099026
266658172
402575677
302266453
397084929
308339805
132230142
337795086
778408277
33063140
653025229
855663937
5547896
101857748
543984621
523192381
641338270
275638116
564855765
252294131
75315230
239556103
205658872
585403619
48530202
391185920
842033326
885605381
484005840
762882175
629638371
726382284
940027423
900597810
126917826
651588996
224842015
640542583
972856414
116900437
516869849
756862621
484381878
242877146
52551999
777260781
489968438
702109918
592900735
93547080
266908977
75369059
292868353
744843163
94145098
674542923
60999300
817172057
253736250
5899008
466306478
246624760
853789244
15526101
403424768
926642943
915636513
104950085
974939921
892395623
298350365
795686
302781700
447955328
735424281
318452608
755174223
962781724
532851619
271269420
901217481
139923408
292704645
390458760
495973198
554269311
433513931
195184260
806452711
452374901
590589696
407669957
386806332
966957406
650593958
270245089
903073376
468855777
839452376
125909055
861624266
385018353
727169996
700505110
795196713
266113290
772587358
844913024
9418881
775692489
919368698
98217574
284320438
982466829
104681526
326383069
953920113
463330484
519552902
849155456
493129011
720452252
298497372
522565019
301805927
890680407
613989352
335824293
797361368
465179192
415379231
286318446
123329348
406942563
409645152
516199127
412753410
592199534
595262045
229859907
781681952
588600906
185765378
30760222
533006202
492372121
123349519
404339501
862275879
324210888
316324974
439742891
949302873
990296919
632780043
141172014
86520980
204604976
398699182
904516305
652123937
436763064
47551655
544239688
360313258
633050251
974888225
877377873
572821677
588482397
913629658
361720579
868068438
289692994
67473504
904528103
534686874
267737150
989558816
809433805
767330887
209649850
473548413
473150480
148854217
975636338
337015571
133032428
774162519
268473137
429678146
208148434
193500351
690745738
577735969
344918887
541049251
641525688
670446962
899955949
517483894
245971645
831517823
273793482
410581229
954604394
571674452
659609879
922823415
728251938
606485138
818783829
215046159
589265376
137185417
442474086
963214650
574401173
395385471
384676919
296034680
841855797
103215353
304348539
158804251
705481223
168220227
177322699
711957024
722554615
363478852
893161184
597290186
89602867
291949910
521359242
378132026
199754930
62569250
194249821
403961885
677405691
210209011
45910581
661987998
610894316
993102273
604234974
553560320
135261883
381704236
966648076
246140217
285770043
603921269
675628096
142756291
527169283
