694269802
774308146
178006177
182243947
766858996
90222843
981937413
331559231
371183135
23063593
271064221
141223439
392113556
695397448
538386160
366825315
792379159
295002324
791660250
686392212
392375260
441017888
848269841
213822212
915801521
957875066
592474301
10005781
15199042
762598306
989537069
910645231
449909980
459858919
821105657
523367839
505880351
405469840
850176761
594829763
69947642
349923344
143523127
267949657
868024264
567813030
285563685
357576573
724507882
495266837
809503463
389849282
488389926
689413253
35340599
253251913
926038303
964183963
266442425
808983929
497748540
971931632
316360188
608584827
33526523
360418989
691313458
932254635
874291789
15018321
860944963
386909319
444825561
196830486
616444570
42451916
297494761
580320183
345797946
347988490
672311381
234897728
285497898
519932204
953094842
599687787
422255304
760496725
424518320
567853744
597329534
541696387
139027415
41192832
97081222
98016009
33563155
534938298
234423134
507605274
876499570
353309049
483284782
709489561
634321873
422594144
945023719
291559439
72968683
992888682
955757150
345718120
618386016
918453933
136672547
262850812
686433734
796427982
655489984
433838734
938163683
930816731
507736315
306438045
417688785
319248576
247881904
403632729
99749263
518428561
8888760
762556461
345897048
838192671
471488918
319002331
751612945
576008335
885610330
530500698
654664067
130695865
687528042
431629636
612096592
251611413
923310369
220573480
904520283
834230409
411582274
237135171
879448313
800584399
569441590
945682838
845572732
176846736
291800775
315073297
174712240
541390989
191810175
554540121
983999921
193200689
999821070
780193344
446965014
817670214
511237865
110425398
910817651
124989285
779174665
807467818
243288689
76106679
694341451
166077372
395938205
27308423
499112445
265518852
106846286
771753587
883108146
545312647
268751080
525806079
473429598
574766208
284207559
570537033
355788457
113273078
938885688
132987921
447629713
418895903
251790341
143117024
773608464
86850068
322992544
301156875
326317519
754459027
21409734
761973770
702394148
769466053
482505283
125723403
919135090
147403816
42278544
926291321
447693834
212246334
310092541
454508423
511442263
921158933
344240616
936471655
826217838
340280618
769200827
665901587
868582128
110300767
628476964
275445548
914287029
252821181
253699957
412262376
942526307
805689410
445436068
128649119
523902913
506777309
823411929
703963544
92260924
158484155
651401941
208384641
70994533
12594366
685294086
235383379
108803362
797281917
631674759
852449529
742609451
386520887
474939036
986036899
985258199
355508145
893391641
592093381
140989088
207059735
211436373
666313909
893703857
630016166
983765013
642004422
766810264
181443422
930605508
4664954
97747004
640277071
844210731
667733682
688878675
560816185
594907053
855987761
425006680
393093584
166642186
117005111
621146420
401250426
669652924
556005419
330750373
459399167
143390918
168394768
613385666
231318548
562974455
885201188
947047781
985088031
314680782
440978365
28829352
43289663
468573114
927359939
866676408
627009804
754702525
102332380
542310155
807205352
297158224
424442013
760601090
37403879
167086700
747895503
40417548
94431261
45167488
492453430
960363241
427759593
311254049
307411096
38052503
762210740
391279286
866428454
77302615
959009542
720685900
703790642
246135403
153928688
827158409
381717017
924520469
239282246
250328702
994136614
646547900
567320544
13695264
523545019
162240943
718948903
407793676
575981787
64231847
815078951
844783639
852616519
939920543
822227350
480615123
601069757
732035613
161162017
889307435
104465668
235730517
888274070
25029764
583300612
86519452
593367580
178306610
606672402
210245469
785369682
823375032
801135301
844102558
51030872
845905529
393042696
414064328
787709028
145170153
319103598
354417064
815297498
802196606
262223663
114225902
868069380
763870098
423908051
673313563
226088651
649681402
763358452
349974809
145863034
758406096
758273828
542290779
430394651
437025567
568873361
540642292
801121272
365736317
278862164
991703918
43648338
8513960
888889670
976321819
87572426
187005428
944326584
15991863
570203836
750048602
420433018
86077463
762806100
469074709
218450071
829497480
754398557
933358837
984156817
135688279
60016579
451160491
698239524
292624775
87631700
850751915
983669676
350683460
576296790
778461305
553295790
449561181
523334442
270519743
70577564
859555419
874980427
447586231
585741137
39083222
705354817
747366588
779770972
395814430
337973078
672196365
779484678
961319941
218575495
739375880
786243733
867762433
381579499
143173884
931687338
592487846
310274435
596264895
888690118
236820509
203335751
593643123
439695072
791742530
196752812
970871835
562743020
492286356
398497145
358894651
954517052
306812326
347617700
945073594
430333460
312649990
671389517
302425094
954651695
415435334
71267237
22349735
132107965
836920909
992217570
685533355
67981681
380160557
338832404
478089716
549280984
278715532
558896111
348920627
835747469
111711694
307671516
988028440
199061617
367101241
109453344
287198322
562822795
859680843
784858826
479431407
520144733
436505903
712840422
619037347
921098327
7849340
641613198
473254783
165553272
180986016
461535158
602774161
799524959
511219456
902890154
182582462
153453951
920407427
809613665
675801520
747916214
998697071
109326125
318621766
4978473
683361076
103363476
587550453
305981990
784068914
459526938
272427120
52062083
512786162
165388622
631475777
667320134
719795055
556991388
541431643
637102332
85641327
183367355
654761453
650176535
704897353
188503480
687842160
464211086
926870881
133744370
642415367
50067177
109057306
731515192
521447660
327179778
394218656
614058874
237737250
904485863
54062744
167272793
381484356
721459076
189108037
550712078
286738796
345830833
271414377
515262327
433658894
363416038
268182021
38699187
662274886
815329716
454564670
668445230
300081118
494857595
415521315
123339367
379111108
650324543
817111570
222359942
943004775
781270969
643940960
304295998
273101478
105736181
319254137
636945779
583039587
918368533
801882997
933302375
461068497
154185275
901764682
342011326
192796709
411608553
700085474
278999328
781885155
70358118
69240305
706117943
872615106
725773424
313977755
742879654
488964548
930723376
788161684
731159812
904347505
966748094
607707301
505467826
701889872
967118377
242160849
327922713
44161900
631236241
455659598
743906352
13446718
521262294
207376733
145895843
593092911
73509988
930542657
967502553
950239067
538112241
440474786
872646657
712030664
937823016
431680890
547328052
791758425
576374482
147981231
652316210
130206848
70723185
28954870
494320402
546477972
396296856
640121453
225678330
169447704
372162761
234837427
150648913
614698518
325333952
692671225
351352812
518396691
168081912
149786742
415454559
180718
820659129
780920743
366235263
526273307
735060643
793437161
764066855
535437487
694832795
536164287
467787417
483255009
803343386
613699503
942723532
492307424
713056330
599417869
196796054
433388533
704864326
798054848
578076306
303274814
289825872
257948138
386696711
245151791
80328077
28931361
623676512
426587739
732526670
652135491
309547717
289802440
662719605
968047093
811417328
602859694
876054597
690240842
474614908
835998473
767050009
667393902
811355130
711634447
749947691
859045387
805340359
568664041
952990686
982066024
295316391
22604281
202844437
62960449
236447434
477112504
406740449
518915063
455109409
665901433
912487773
41199677
750728338
151207894
304151785
652921091
829587817
745009235
788000540
593936359
557333935
14623484
323439940
742077832
536224804
622431968
446593006
675062263
495204098
221282689
223591000
55012471
473597051
750460644
356819100
286943436
86958003
599759156
731599658
334304823
196119245
357139533
235131433
808713473
923510699
725850331
916665563
660147235
407482662
97026600
29457569
60331124
780663500
359054327
424732089
280692907
699164339
460766603
526735644
614015464
30519498
731678185
23710965
233826719
442310433
857475301
567602624
267693
794388793
17208348
565963087
229828661
13409576
453695717
397817113
200194401
779492049
514726466
818567132
810374471
705766404
786445769
267579600
398177497
191825120
163259876
274348970
114542724
325728555
76126193
587779096
626191398
73023512
117584193
303785325
464441059
333428568
1304713
366403040
66035397
158247706
916397870
865758441
390274314
531063511
799628907
46921547
326967783
961237213
224537688
501200856
184437873
642199470
716361171
908249059
244073727
464098584
625533466
42001599
279050556
583126331
453059900
674539137
718262600
429429251
939771688
156805148
895825381
149910391
933376053
866765832
778187336
148323425
752531734
652126764
789368532
920687327
877305285
867113985
392196211
116338328
947381186
153305509
101190866
574925335
403341223
983991926
356662339
209335133
59711598
342474
707895100
959303113
87352483
482909064
705187805
241858733
147495841
960845061
591291822
642823758
151096164
177057391
27861159
357771854
723013518
36114447
889667734
64234407
118880527
323386398
586793298
758419480
649805386
162712227
635745144
299754390
573348270
143337264
26088027
955779760
800142807
686490248
90198793
933033578
158870732
818884222
60970942
269622669
946938958
547509799
773191486
916460222
275822162
749372452
965242163
770323794
125444350
743419011
851911815
367226776
94324191
292427932
90454606
736325198
413549175
949475618
309497726
924640254
847163919
405433414
668510461
4158576
934757034
635512061
842680949
464605915
86858598
94827580
198901122
904129295
975143503
620045065
117295447
571370726
550194910
670333074
482597318
900432933
197470063
865421348
174310040
829929258
291425447
658861250
861455568
507714875
596035642
353873593
519484402
209395112
509386495
136330686
422458749
541505544
878999336
769032910
981703187
640310099
906691501
500636248
683465196
30616770
544517888
947782519
392083271
474279125
