928740675
104031484
27420689
197205257
197210386
817800890
300795186
505719474
40914993
33702697
692183083
463868767
596479287
239102793
420713490
662190908
139874725
618468386
227948609
85537800
171119930
471775660
597073195
633239620
555502861
777312991
412228310
366027040
907385859
624154537
963220947
810884595
428088044
775938300
710955744
346701091
701097196
941156358
114951147
44396057
596843633
232348240
512870826
129726739
44252328
925776507
844055498
260986384
994273349
854797680
290923043
308766895
478735589
249637516
415300186
456965015
506958288
394181068
641702395
419897394
405572579
934768144
598333613
416760454
70481749
881298486
35780722
820540985
528147048
74012398
961093710
198718365
503517239
183552552
488694166
938771688
958904832
467346455
588987291
629726353
933257492
151241925
371753690
52588178
333231494
654454051
332149006
178450528
360638114
253990728
839742802
306916128
299453963
695053752
638823476
662075487
634014625
96110372
59244990
162953840
889995784
23514512
732839335
920260950
893703969
92204678
805249655
295183036
760943348
476528496
498060182
39611832
805193775
11976042
486639900
254330654
563014454
545745434
83528960
416027696
549149480
857330192
459902871
274156319
234269594
654177582
899264400
808463486
544729075
826618678
304757063
862794459
408101464
426033451
739730567
909742980
418402589
451492738
158884208
241026815
849204395
36965969
417507179
884109617
755930545
800130969
501722352
287477921
208413851
384492821
99061032
88269190
12581411
643217293
613804359
32665591
563611640
458683015
685991356
239526387
192940276
996786167
750453960
934324668
171771433
635265721
631510366
379160323
272245473
576896919
835928064
111521716
386861226
842502143
566823300
512183510
439823013
575793252
518225773
434138623
152455229
611786479
600049634
160236253
727557646
216487872
850213048
764884170
812229091
707064976
346131339
959719572
765501380
919357820
48086539
852418226
286512007
483182510
712338184
120664823
168620603
122562028
15232447
631516931
548564756
987539314
701407963
170079267
76393993
101620848
592842577
987818386
940457241
251852732
87071157
581153795
396736533
590217707
206767021
955283559
785052672
866626195
566931231
565180496
230765579
876208490
346020334
467503404
794415604
714405072
225671503
956640501
863455067
397560949
265518020
29893201
596554032
968532701
611671495
740018331
515079907
680133781
688490177
710608243
114222398
358312952
19262331
513648648
832286662
466932742
455681693
696294299
276415489
757054623
335612150
301994406
555630795
450051950
400751352
672356264
641518979
233904558
375663661
361988919
875949344
636202075
124363318
542896291
986334710
57177956
984599762
428203830
978546210
466748689
440203652
104918891
178136017
856322987
450958098
872452625
856946159
832371685
635216741
327482861
258723378
529377202
680225012
106400444
61948799
963523612
474262404
146502082
567781349
939315230
98499351
281175349
304470119
326501258
834658897
478020322
233949634
476366039
527313936
775108706
482332979
27477863
717748087
809666798
316850971
230693258
123858389
699307807
999093851
528298726
815410104
809147293
598687816
48180799
103265540
346572141
955977061
17962873
480947491
22811098
582915550
838097680
860422479
39230980
368249338
159028302
800448771
851634758
21664089
972937774
638502991
380580120
305057748
860108033
845149881
231245515
811629113
870558212
789549472
831255539
839665223
774954596
147408230
39482623
123905125
289352056
682487531
256289319
223235717
488086756
522043259
215986760
995418546
504502838
192193156
644235297
167055382
678517107
441417460
157822668
430244486
272223629
677643717
26156076
889795733
434829984
504089545
738579782
203030917
872020023
534943026
85418848
228413400
649691951
183145873
807960953
690689450
820939856
915325853
78897281
476540770
544159451
628399041
533577331
450894515
422516231
385161572
800554908
667914877
200914583
64190133
133112006
429140752
631726803
401011053
567441593
97310878
121252153
149686888
689075139
785262510
943907748
53258402
351215692
953143728
436624410
987573358
345726595
321356965
384232201
953545846
346115524
763191252
362520178
681281897
886085033
643824587
144066385
575261559
467279502
49668411
703534635
70664904
2116333
807829890
401831020
656278094
596686595
248680897
615704279
710650075
569437296
671252967
226250714
293634770
532633020
490901049
277183348
580433602
14270104
434942871
39434977
479197943
283682675
247368736
718074607
369920752
66620574
950444905
514926018
923617004
953244491
545990592
682407385
639406728
81727874
873242843
51142069
543385801
551312708
780346314
390886762
97045697
705652684
673582125
384108550
674862555
536940538
68885407
148648876
395183984
366641239
563632782
560991455
32336630
10233433
224336691
786982228
754747595
89755282
31910267
589657520
646241689
733754878
692087273
757405582
23446703
988845581
586843984
211906895
659390176
439758980
733797546
29120893
233923788
44056108
942389279
773545257
610100549
863260185
43212051
832980213
997735166
801796028
119742033
556975765
389611708
984999136
650070754
629173294
857391182
86260615
296394472
453630518
519402440
190688794
744645072
363290817
13565411
916176541
360661846
686016973
950096552
856978510
489258699
955425003
632843691
534511889
327067666
988280521
67844153
450791432
176881678
891487409
46543230
198930053
591922352
844445659
614012844
135111507
367793874
38447565
338774827
957670689
354515712
573129560
143364508
280167028
509718451
43234993
299411034
579098461
759979846
693924007
502598338
357195077
882883659
140756655
312537329
164317029
924132073
855099818
657931469
661790232
561329140
406599749
909378936
404907061
407087287
320472387
598766441
900199412
749277972
878453903
548382667
322214281
347242146
992425862
502462797
916129137
812060494
352676663
24793437
283832673
688869486
488745690
690811585
482957669
388889070
689348152
316046392
451165696
531908329
449695814
210979433
512694054
380516095
676984593
396341548
947915961
663750623
738457445
873079739
189246064
444468551
399211621
829820488
881525941
145541340
180384057
9952931
890457796
638293856
396408191
352256533
571455409
830306381
374098796
972920745
72583450
715788162
426421266
16017991
717739134
4425994
147600744
368291082
299582157
667474470
35688612
941698184
670257551
596084313
554546835
252378513
73603049
479596922
835547371
839364120
289657864
658925200
809285643
337416329
208505013
679395220
425588595
812871838
135500138
97439280
639524022
682387672
6417299
704063847
323758098
232127799
237329357
722439454
155340604
184820069
296867807
30920539
530238331
214051471
109852727
238685871
339695379
294373482
83747021
144029677
278653484
91858487
994759008
534734674
683262880
413658248
906502518
89004937
807512976
38343914
578837398
334728904
232790944
202142876
27950447
353300939
935280885
966193702
272326215
322419036
15049155
351163594
324256317
650727301
542496313
258737325
128686869
595234171
227563601
969819140
339699840
131215112
729124817
991470459
818785795
547665535
687628662
471682623
20800967
910099848
325625279
148324420
914926476
116996690
605982670
962138901
798129593
328095454
186101023
756551787
303404985
373501675
22047267
761327984
128980521
927489888
767602168
344031706
992238359
424525554
284971378
311268347
861441334
837693835
698644072
447622285
605604086
241320483
383357080
480284911
665672276
463598261
945392735
362226365
996793755
866724734
436237117
207259627
44744631
580357410
460607730
800591414
409133148
471011813
666414155
966198163
109167845
967796831
862489937
891295906
780063366
343596955
479444262
596275411
625128470
14356932
286883084
77232641
418352617
158360385
356534815
556809110
944738372
705816110
90879511
839806722
428108939
659820900
764534228
262255786
491252770
560342540
299287075
411880949
963917823
484379962
902135197
390429521
171279679
732445907
338454440
637807253
378830544
492061173
700221544
322075320
984153998
349117324
737097894
982436823
579841649
359004476
788907009
886384245
223822594
903798618
855853041
703317036
380132301
826607431
538089224
449346943
203262603
600234151
400043135
219720825
44309880
67563313
632357586
140748507
112221733
896453562
905952960
685906708
819905944
718727560
177978566
452677199
5594565
768804189
855652723
78991615
922723004
782097403
682414136
132248294
771435530
412902829
188058354
60119204
628526920
198818161
10297219
344672247
194356683
889107495
434544650
778596392
92018037
480500719
277765440
916590684
716759736
596349387
870215090
683388086
453051515
103000300
66478300
505095033
725820052
403175841
697722470
611328111
970954707
459097608
526623938
421165198
917820013
267794840
448285293
631407049
879504958
572238382
512221585
913403570
886156342
561280713
491550025
930798448
284182910
399382172
360659161
525093845
491038748
939062037
362231878
326373616
911882312
999026049
679196778
668435230
346424528
682963320
334299151
225351078
501095690
398969107
373717538
735259073
362483556
13379451
860776377
824223196
32215425
646358389
37085726
144521354
84127801
956811518
797231742
891770801
611450273
135679851
220912122
326437879
42516680
172628624
120289362
31892669
96865730
200250321
509282885
918793963
588598061
779850062
284982520
196541638
237939230
286870506
412307880
487187235
187563174
756290951
568314891
270803458
538605794
536435964
492878420
844680357
901976311
217710524
242245815
955070792
201794306
787425976
56984956
210744676
462051197
7861271
182834398
328467065
278679744
341824869
638393343
162233235
504096565
941982413
235625134
252365361
361375869
840544087
906582122
797257293
544503638
310044507
704207626
855159321
567364959
950108663
787832084
506080715
679750203
275609004
129916356
879155205
958004505
554212092
716999656
801172084
722865106
74237843
734490439
230077959
104036108
83840815
208507491
845738303
117897608
406081656
766706892
596623379
300810829
240513059
483304488
61432224
311128401
