699349475
444802412
656898073
468927473
307814735
838513975
618991886
216736456
264841290
485355471
580007397
985383544
80598208
524818493
739778548
883442820
657496323
233543055
227082920
360993183
622819578
104250784
431885475
942645096
878685719
725171058
596672643
764520470
414753043
370622450
771025613
744141682
366203463
970798010
264059489
551732345
196435006
877233532
278029342
140361267
538547516
385784534
828289310
601291414
835333873
180081503
185958638
942634240
819402084
751725111
763901093
696695993
863291847
386450598
680708618
595098691
12916936
714252975
590241752
582643675
241841331
854471415
801983411
894218839
714329856
835865713
619180081
109800196
260759003
188046202
687007813
780262790
955513712
86721652
822445665
237035044
275961472
830594060
107311223
698604215
539212420
654038401
945118384
663027931
606721356
74329619
880849834
979752863
290089392
668960797
538815408
482182029
286991780
695385665
898519935
684076099
583801122
934070470
886961556
999468158
560901421
76158441
681875237
631355881
64717297
983638301
741182280
776570194
564004931
443673574
319137218
182322875
606941752
891637535
43431254
587802928
909353029
138955480
287497483
640000237
955015878
639427216
819710803
591798204
649230792
204825784
493271010
260128046
188201716
138369566
653233921
341891001
943632502
107843064
137702794
463053979
972163163
313762503
598310633
623083053
333147337
104279640
415747931
846415817
349823579
356492532
875240276
395354243
651954411
310717006
774723068
444845641
646572986
246961319
44452280
921474204
256447637
90077032
982125088
859891512
490367291
481054233
588368478
425635365
790439651
977246216
238690372
499098688
753934741
580377274
615639764
595590526
540644846
664414429
306852899
850736238
223679284
973294984
241974625
292738260
329585507
97916766
608173634
877484708
363646496
208388279
695318013
696671182
63390783
216228588
206606341
882086130
331637413
738419119
132715761
852093103
515911160
990112565
55976165
372577361
117802159
376141588
641419500
71577136
695077241
179132542
904200794
982158556
940108418
193716041
697794919
283152651
848102406
689386827
530306005
392450524
872880598
710883769
61988869
582051372
281928202
542019189
435707904
537706152
373770932
733553632
263953112
802225725
531698667
454759795
334825077
233566718
917318819
869397263
174936100
953443918
456497265
536596497
182407466
184513954
304187483
713159456
756562763
869674741
518433667
923453689
33983724
642250585
208113114
740265235
979212504
805027390
928123696
473924792
90649158
575782969
940433682
103713347
697806203
961523608
915179428
101975069
450459888
485348622
858890962
464228201
365833830
978705142
514450727
576862085
935953258
336284100
528476303
877474913
277863888
568768745
785456424
566033161
19272484
450317241
699569907
621702526
594112610
791433430
475547290
529797685
305443020
443394027
778748104
599153129
13010235
352783917
838790293
220883856
269334525
202212414
262699567
271214140
10783778
54205466
557619858
55278581
127799857
631251027
804311976
642928403
276551087
50648782
196060903
521880411
790326544
374400521
84440863
247488961
261953701
293476901
507862457
659026457
9801332
329093276
158785181
922439802
199957037
915297597
563851850
583169341
497493806
307592446
608140388
75651473
306069178
514242284
555249382
965067017
892697382
644291326
493902669
962861581
987121453
832618885
253246598
254794238
247333123
256867692
808826584
638609713
268343054
591301331
958930154
975857622
694349955
603673108
261412807
681690501
895420283
635180055
855321542
212502259
67399177
221142635
145434597
968958639
442508392
120409429
215811232
276084259
819151137
119373844
354791578
617662374
799574230
545000875
671905002
177182446
75846678
903990941
675106678
943089344
106471012
925242136
314826287
906192473
348662291
632282764
381301516
702396068
252829476
873558880
69646733
257517326
788969782
281400410
895462403
765978818
687184287
284287958
812285844
126923693
41056459
532742324
819458574
148969209
236509753
341267780
176283392
149349080
931768105
84230360
605843823
991429341
960073375
912232197
106031246
142157040
906316346
239242123
620296348
810225626
739107912
513415163
23254783
945592256
49727110
97274251
828692590
518173820
649538470
905926183
489998158
791558718
91705096
548182984
902032884
573728687
105783562
165857077
669682719
7394511
455999372
231952436
770627962
168599115
267715057
78217391
297443950
876737583
175369163
753305363
859662470
447942163
663991609
2060217
387815780
527641295
509487541
873866316
99242099
139235502
512575188
658109570
499810609
25841922
594232201
814285103
899724244
411890390
10199313
532302558
36373478
740459269
569559403
612901836
354226254
507155475
742787199
854655666
677877199
971509718
799830299
951955006
342804656
896233105
46263712
42055994
127567109
89644879
160367204
374391588
64241146
231917244
66614978
530447216
494819321
797889801
732141825
744786040
574366912
453429952
178493145
885553558
866538269
643066604
716931885
119203200
878382759
51089772
647833962
880660303
784854095
654831873
195989116
127732379
339405201
560620180
315304913
603577503
979578208
552176207
686717993
810079365
251523186
635807723
468061411
804456232
673844291
39112186
118082514
556336451
775013649
998001158
280288753
224447246
793016572
914276740
85416736
699738050
179301220
927060510
163673234
76477337
441810915
279706899
589537492
409409271
35928127
938882597
191042015
934199139
482584887
128564322
765207831
22190705
766711958
368413779
634030372
230730546
175005192
912475651
445358908
839270572
933007256
91497510
105646654
786852935
374543119
971541869
334715806
425128460
475203444
615566861
424276282
52517697
388502972
610240656
368268450
971816285
46270231
58652140
768528104
734961692
848070170
183883373
73751564
646449327
232793326
258098048
457735287
424602793
280246367
854686189
524732858
266825567
481701601
324402660
143470079
350313404
174060244
802684555
34866152
64386257
604166791
765913553
458995695
867018024
704288038
712690134
633687732
156471301
145329
662214085
184460314
116353052
143947546
710397215
991200401
749123882
17745946
459197326
554059609
116445071
513806582
910113011
144882093
620517254
90834003
157450714
570816094
64100311
466770576
17955045
797756040
243585674
23785987
704141847
130794900
82156616
724887677
206733539
942161287
520103191
624410314
301263985
424457464
618032280
670225874
408379805
122878021
771304385
333202258
394346195
332567458
714862917
248624946
918421079
550579674
694053778
621031460
838478440
776184020
546837323
141874039
569587420
689700723
982190282
864458043
940874639
92567064
439805698
579602314
909043784
24236205
811012405
517036037
33956417
492034755
212542596
485655547
526849811
950291378
682454197
34572693
799511707
730898052
72424381
685387585
82893123
994960726
105364907
153562173
436741121
461125155
886409236
430549517
395323964
378229151
54822893
611563260
442267180
753574236
729351234
315812740
683072321
191702070
424158472
370109990
521555051
197826879
214668529
426386323
338037077
208398230
94181649
888187061
93729823
512264629
342362331
838689367
617276342
296802697
781564920
945913911
987202156
286243525
142861193
447918629
137826967
380462888
121712073
655727264
437211862
600979334
43388367
773275573
220940144
366641456
351500371
607809637
306739579
702314389
163832533
885066242
780292197
678978582
815525094
228342890
366943505
998222174
336819694
883059333
35866820
216133525
994286917
145464482
972009315
783437321
328610583
396828796
48840877
976239842
232283023
141092163
76114806
558941263
989174460
737057741
165009863
320906074
667246916
727088365
160764258
734552692
531949788
914961952
132970163
896498676
165621714
308223574
470718429
914518301
80975123
139604792
43643194
238652739
619860443
221078337
606692416
897923883
801266257
437502821
38030873
954671573
558968760
330499735
470031365
22740370
808951436
221350933
689804120
78467352
63333027
46037431
330975257
609731327
722295075
301314127
684183735
79324964
12494318
75510638
617815606
20387008
926110365
134322574
895264718
92678230
97448969
837462066
939080818
768096123
130365325
267085978
519639815
229744095
689057492
206092683
175583932
201450052
444930586
110229793
87547240
944270780
618419453
392251076
851185274
34937692
808629534
433911865
516357662
318546316
536894600
527367452
885429565
725755619
819687213
17643865
28561207
424646185
435235016
377353135
925291399
971489368
282270113
921707995
948102026
796247048
526397614
101231161
920673834
516202391
125730194
482733682
634394376
902264523
987963396
673544825
401967553
533859288
283137298
860327026
284048694
663537102
321104403
620534502
231201523
602997871
381656411
793884195
410056880
671413627
177531475
750937745
766215035
67577450
184938392
116057870
662000666
696711457
444149049
54938225
508540076
707398372
513238030
155271
192816122
54160917
892973074
983165040
737792221
146142388
615676310
494701917
141508886
574907988
93304441
261754297
650384965
661735610
690506471
345104154
414590636
732513418
691174280
249260207
338670916
374792448
716518646
566816925
717326130
871905525
11544158
705256095
89710239
228199072
351786949
576650320
150299071
320949132
427718379
177040605
710024796
398491370
56091973
263914492
55737316
682829556
609428858
191307046
974273008
923184094
465672904
265056
6204985
99044894
640347588
776026657
16224092
263977823
661484353
818023673
337642269
326156148
265838909
865886695
134598229
910420214
404991678
913309812
223121039
516654119
111455225
329435833
234017230
513465866
635079357
16099266
676421444
427259788
193522890
655841358
765363588
525211600
592543915
794142035
406232621
11279101
699051109
990665344
587851483
575760290
560426228
886321247
659464777
609694705
839398334
383868647
132652460
190205277
129316262
145317101
277837878
696119044
968186005
457618889
811728868
136237071
766247825
492739118
463965535
624248322
99605213
