396666371
401831256
901549646
597991638
82372592
147559415
863217829
896189240
804833816
852906039
777771570
372032020
291632056
849830918
303102535
16505540
737897331
759661729
988487793
189467
588162919
805252186
628055922
68171209
886983817
83416983
334725507
517485601
569446872
764507047
308841399
377903755
765086159
479668071
831535405
476565598
998785029
287034381
210742662
637939483
313015833
950778467
851683103
674819528
637822357
297181723
410172921
665455353
84620806
316362545
562915186
313706872
75179304
830127168
90974528
591414184
773775332
833378437
711007819
998955607
812833906
345732228
326742368
40326768
544064640
399867815
606945859
811963983
18295512
826536935
17720509
450862950
548919067
350548309
687173633
637384450
953569082
953236393
430348851
589802094
673244061
669270153
432864794
253084327
201591861
995134525
302724450
934958990
388693542
240121220
702790265
165406592
576026560
211787053
825105576
967283603
624036099
811356334
130754887
237954541
690235862
598208936
647159840
258083870
298642035
112052235
764787803
724630994
142953535
453590077
637845101
820538938
403029586
121205724
325711545
143563752
912867433
73658040
838734906
548930113
97143365
671986868
423270441
778174291
123746670
852313916
874836388
337132014
525442731
719890028
13348351
142212747
822481505
192394309
899566231
75035124
22110312
174780923
954442291
89539626
230346721
578093455
792005454
935103464
602276118
882251325
762377004
454820836
886075506
681541823
54416170
550378058
972621426
581824773
140811176
18248993
174938495
868985548
134337200
446328117
237215845
427655789
199188263
423063506
440241725
495632353
998057431
210635276
221639491
250676420
121453440
738086509
119215748
749195280
318583391
519049908
879981413
488166975
175898173
241495343
89936912
420015552
451056506
843900906
665473858
462970291
169591320
240656731
51583133
881317238
900096628
153124763
40443723
508114173
852323779
802690931
378905192
368941948
494861738
106643764
884193893
551741727
233181345
635399086
560088383
316329659
431162310
223426145
263241382
621761266
138267579
686771518
693087374
892841855
356391205
817200291
976599282
355287355
757589647
977271433
326041032
757400699
159052143
340322252
350579791
968328675
697642786
611101574
896871499
515892459
140144716
511039464
993305236
69254408
357301448
538195183
186834207
815657419
283812522
349144198
31807981
946165173
977415348
429821865
743049658
213325110
460037387
147601866
151722967
35123487
826091647
23617836
611352300
517590304
780602730
126793194
392689584
892859091
284819295
591759706
618686872
820060734
326554645
747348921
481616550
627228113
693466280
623832966
535540407
818196021
630366084
160941863
71474832
408445448
945463451
379875858
779985349
729230277
597272592
137254680
508291288
550040919
459378606
861748011
689800810
116526879
899687163
475714932
288651676
230508254
145505599
293975114
530838124
692052814
730457324
211747245
619610528
230066426
948205314
115821544
519858828
836204420
612061458
333526945
404757402
665149784
952143002
202906851
572126851
400726872
346807843
663459305
295586499
147564614
83468418
68645953
360682127
464806632
57548111
365089670
727540949
217751348
335181289
305032152
672690422
336390970
630103738
379422017
677988123
733716206
760265328
549918922
781024962
481451047
617395850
672086866
937979460
125851661
456990609
24651026
164383876
696780311
903588080
887924802
883700410
482046292
998388613
383273509
608584395
661811371
851065116
154803896
172518315
583115643
388280594
302107480
501023130
307029305
660836521
68366431
35046046
572720985
524918727
838410643
640461543
796888919
882434342
814135451
530168763
411381551
130666491
234830465
7816022
32897084
200705794
30760638
314163266
447256485
421331741
190644130
338002356
246830228
770837620
16176751
882651088
605461432
377400607
197909318
93170453
315288369
171063735
630950154
465015139
388624178
989604979
591662889
171861584
65177436
247463259
86811490
599611948
184253162
853104745
197202844
531144879
616234650
146987873
139621230
382409848
357519955
987944212
53766644
885697563
470192391
730364074
788215816
801883364
508741975
955759554
35000110
419488312
684525023
720964998
214880393
240317815
499716336
769815325
619191843
43292104
609042904
858899053
248985830
199793225
334520250
591032180
153749193
393725482
573634775
485031871
266416437
458473558
237779376
815499468
735650496
327344156
117297090
745252589
994822746
658260102
201389162
789779524
663119607
109417880
212463148
667323177
915086924
463288163
638224352
956885028
31428542
846419324
527796028
96329125
773366943
498620901
738958382
853973418
551177313
879160210
576614880
394490334
228248588
23710104
689343117
576526551
181708936
869025554
985314500
887536236
123020724
754463745
774992578
960931740
841902941
819263378
195779445
139567949
987330076
667197072
675945255
690461029
755501128
616749746
453603328
419997112
930677528
141450250
42132524
237029595
588385773
263323671
194075276
115662536
81645221
806898827
561530936
639409503
420074762
635936596
485614241
46061370
477973661
750688115
833864303
276964796
71426745
566864287
254426183
954103564
302841455
599390432
866643340
883980240
203214955
886153849
638989204
611498840
570106774
269346005
645849021
40258685
826893029
748284905
299150463
859697051
560388469
659330042
879286518
35004113
257732442
556369940
719493186
351393479
181582830
629883885
212487368
4813013
782885442
176638532
348570366
363813241
887024065
88028959
934188138
988995339
396680330
310095035
912447579
195491371
167909622
950032094
69302728
150728757
990087574
445355555
219168339
729688755
451537652
974167251
716576325
412096702
687577768
219422070
696371121
746471514
879897245
515249861
702397409
573331069
673666481
634176191
828613397
393468242
920775637
282035779
153234619
738864069
814096766
310155122
463016721
250293433
746882461
683795147
867094490
307700346
487067212
568764428
361305904
736227274
410715545
482798611
553275360
808718189
460062205
936473662
676235471
667601995
391657836
187716624
109098094
881430468
607697624
339116510
521824888
533733430
121418697
675834485
229953118
708051794
292120936
480304268
915591988
141382529
511150530
466282891
665214240
3782621
352327578
388670775
259404301
311132816
153943956
966170134
162615524
190867869
80900830
19895207
933406035
984301974
605800307
485632622
347206233
626380141
201057027
581586252
642595808
407765951
161970258
333361059
186281648
811232725
338811310
653254109
444106337
930411275
567206622
411892830
297567659
993779312
271259422
672452850
315274416
2987061
928312321
797965277
727486511
641527489
176500986
330957019
452832599
101523490
742428448
245651143
102251487
806488312
133098035
289211846
940325500
929564277
823687082
257448288
841812361
18966519
202389126
448171575
972321505
500689846
522063797
232204247
623661245
669007998
722327547
939626722
713042552
933347455
170358206
344219172
698067819
403091749
854099739
1068318
231264965
831013238
880528458
84758158
68804277
93160167
551002621
637618023
797313239
277994776
471567328
368003381
170092230
13811133
830640488
296307897
800597933
480140745
825643770
226796664
119463692
944296737
707295772
783824599
379195941
802801725
532608589
168904031
636130106
788878862
591144025
537233750
75464537
822618763
26183323
10799122
138438059
117630967
379367298
879161337
949687223
884445772
434891006
345666469
197440670
354324166
769534491
699231418
102706966
874050308
543621237
217927073
577447978
627303075
881604625
286968226
123717466
96703858
705562215
266002550
560551576
382098590
1487917
8434377
686850749
934333576
292538843
347473465
987627808
819841365
157869837
682966965
100773447
946482432
277109439
235017918
509405730
361629302
586383929
24871775
33267233
833377169
66197064
762079796
245257624
373216951
959785771
448161461
941014137
739215096
887081655
41734200
412068750
113364747
318609761
567588633
882957855
426456629
658815718
263107092
61785322
422061026
711603609
282865600
716180470
860654270
117153626
630965544
350193635
646586706
777562494
762088162
510319928
680690439
232735317
727174405
315901526
239408119
763176751
313633798
974547803
844377381
406459326
248412711
932759708
116135637
270898214
987408698
627872670
709520805
352060062
82949101
702813583
323276837
963086452
611206205
121773560
783331462
45899325
384603353
256063325
328820227
97967825
294427431
961652601
124993493
531414271
731378309
880629429
591435354
251687106
643549735
663279876
345181919
288559287
217407939
15601700
463190897
350105890
600044833
589756055
129744926
3092874
640672828
294526643
694613392
59274578
187043091
717603986
621529110
605400845
532570062
193508793
378573398
57570473
645727576
746409555
112031895
286760109
807766215
584721365
539519903
106779269
36437315
457833699
708510325
419669224
357631663
34717549
745678513
595604505
658582661
433225571
445854491
794847296
126318398
325727352
457294996
999900786
267039208
65718914
344371179
13774323
259100319
986034508
719117042
450040942
284706477
287611446
642831709
470998382
903569803
176430787
542339674
15323468
50236151
22965657
966655557
182839129
586016317
274944167
701642914
152325541
971925471
25924604
946818182
99344490
747654301
583726101
931252073
320000224
289114559
112131108
19720901
742047301
240350185
525745580
847678949
50402806
738716655
258469383
134962747
70020216
391885838
274680130
692034700
482151874
890885896
430531022
744611144
103352741
359071794
274455866
413884469
992095039
364075999
192045638
41848850
233175714
39216326
619772551
702386640
700980374
356359372
322831485
181883822
791438695
156709886
800292372
774973282
524490570
175286706
916252751
444122473
327546933
139981420
631622697
760439701
697245340
333889902
464666308
208458593
317123278
839114956
827899331
960928428
14658693
698246638
27625860
377971302
48304547
483896729
614503234
11186479
118944103
556082742
433982371
713660843
69054353
