236270433
372849975
283053511
190565122
830514827
53707044
969165536
417972607
973452362
155676757
736603587
131785860
227627834
259227960
31291103
524777247
879386385
549089755
263510849
539929920
787734950
982484812
235468427
392777907
57463794
603099302
255420109
157336018
261779541
288212157
360875251
960293964
366929983
733647634
149950652
721245409
506888704
195597068
310000006
597327913
894724010
234106611
976129632
910929510
760743911
544111765
6574393
664381054
513978284
582659888
104988912
440173972
811684920
200826950
558303250
253785620
137381547
890275602
133101327
227415525
798286933
811829517
156193066
685240205
794801505
776309622
764855875
493980198
109277307
310045693
17888543
683789317
239089748
666182935
645205909
553628338
6355179
324538915
632033995
513352028
596524908
591039054
643357733
679119651
183223245
920701277
148609044
166103033
175344384
896165031
583863861
616613100
62495741
82584481
799040978
82894493
77913544
290889427
116128005
984434287
779255889
512594193
555103746
203932590
564771345
421199594
201084223
145501984
555621040
4674911
247430440
812842631
258241607
619749298
630890615
207247879
168471784
477073413
502016959
874100226
627700578
598752841
318635814
213112275
726181830
401275441
621293576
156505267
867141956
562311415
475714794
715465750
208410909
647599706
734096137
83930714
35935307
439425142
114348306
762023649
719617053
3107059
610481992
170669472
648734590
771021228
358371493
442746441
451693864
591793098
914422708
600840129
788872466
242027778
356733709
180503047
193958379
341991470
477750758
163495903
799906017
44578956
278360027
993309623
528960116
531964689
604431721
610641899
885653159
546959900
171312571
729046640
362725107
739993309
154483172
624593518
988270847
147966341
564377683
955160601
42903948
178547134
704811401
275348857
647888706
874874663
926593282
966383130
290865996
553593089
889972334
693943835
961674382
950852402
962117631
675038097
724747031
617172368
641709354
116769901
166589506
747729592
557093281
904733962
420480526
185376067
238115022
48879157
87544605
732140190
192232198
45992037
777613786
522590156
120591954
621358882
339767554
3011170
345420916
654085452
605371405
638048590
319775902
332060069
656987565
477368734
767372256
411872703
777875676
479445074
899846486
371098479
506256986
447607782
788571094
295174354
621453852
800077438
854868329
462512639
636759641
877714124
878838525
558725805
361360891
843980296
916330048
439084226
830260447
340758748
335270542
721735860
271751451
987623901
511398494
528540915
427953689
225033211
247746396
943111790
418003809
826242317
271003479
608099530
832293703
821133717
539735050
330006003
734019061
825417598
999905029
539690114
148142839
882908276
17325811
727657279
759210064
761050096
970699177
813007268
561038685
328288030
581612255
437116928
144174531
178110625
99347028
518633084
936209286
260030178
867220664
396420641
552331041
911756537
44508829
810517322
606710645
270738995
726432100
540227172
304245246
586324045
705065163
4842848
340853718
795580427
573593021
388843173
970298089
783741214
769330850
666903591
254334032
434739127
382073105
89715779
244630062
833886550
463924998
654183077
721786689
21101965
393796716
473988882
958196933
603484388
987359072
236386300
838399447
206808487
120946634
488471069
34617995
430472005
508762021
974714639
623222866
576769406
96263209
348594103
604517603
710503854
548334993
152468072
490699327
200317072
142086608
117591914
529683432
954793048
565887260
772824093
806813995
72249023
818440482
283143280
192527328
231076280
46645914
737369329
808221354
337206720
550443724
763489602
662794579
280859781
632285595
823862026
925977104
407358465
466492912
667860655
737623340
115330895
49665474
11282834
472766970
241328643
983289554
757879860
461397779
869767157
706702867
883606397
640921225
348122540
681657072
962368971
612031522
225618740
782187310
392146585
530123491
358893879
540372748
267310883
160060129
784845389
489673491
209839546
568031475
318224580
191614808
122324966
488300136
898026604
35200752
691483100
22583548
807157647
810376308
951198684
247786724
288766052
275971549
938454195
630503851
666837326
122568376
314672039
599202707
669916623
211830504
700358363
625171154
74346326
137737163
378729461
574958146
782354590
851222704
687921580
751655151
773450008
189848385
143173199
678152349
584377900
395306260
742894620
312921787
990173971
939785422
804873873
415242430
830988625
144359860
241357438
82922330
601918551
636807030
493222802
662277013
175001451
610636837
898114851
106394076
491256443
497153811
413953810
760289440
656471289
116524953
240228957
955934942
122454728
199543532
474336715
98917667
132798350
260301845
46125950
271531065
379673755
1750251
609028734
730131199
406956629
285115932
794182528
929986464
896379724
295807131
973039593
145547559
357999902
25644566
576653700
162813171
291733532
36779122
186895905
87224089
981352448
982605179
656450497
873649017
699556464
848938930
292787702
631445092
670023144
142439770
950123978
341616705
590681079
221691736
282603258
173251199
1608102
167983651
699437446
206140510
702971282
483967345
863909715
360664158
143485359
94681398
597935040
96810162
622889831
311523543
807184133
96019227
73405940
958901860
290178615
397068574
345299753
735379715
30574734
558017697
992328229
162737435
259963319
753939953
345683151
631422887
554866478
136308165
743041307
403402500
161205068
123749881
337341674
980755394
384252806
497385103
118695463
295786338
730163658
604875066
251003890
195977540
8555261
358499600
335255636
854104750
268210765
631779218
931513119
885534682
827951445
266228385
137408916
141419749
213812279
540233846
224004025
109969762
14981006
512062470
539814918
461626874
353768853
219487331
150318475
683434252
758677552
92650544
574649053
792793511
278373110
49513414
5216057
425699667
307013806
796350689
154182174
901463717
418684317
491578399
363212121
923087258
204795045
857506624
575451053
894976682
986340963
195921925
766943114
844018958
273381077
8725701
280805331
218101187
65060147
789377015
842208685
789067929
208181125
651821382
95427198
175560220
57130164
138719608
607161571
778438030
261012328
711709248
834405941
417461589
386051672
322540307
691285444
523402605
148850348
616727659
256831829
496262227
644036276
255341792
697093287
562755626
325707429
730630093
519412433
269647409
768708081
787114868
360639519
517636790
954142002
365114243
693282592
766862933
396151201
187651900
865957093
66075437
250345053
797013022
633964353
274631715
361515983
349481525
457967286
950840769
317440256
757402725
69250839
448332487
532545185
345946457
145031652
952839332
954728094
532671571
849852790
326500070
619307173
337514162
9729948
473897458
351069728
316769150
463319585
20937428
629257714
924422509
127251404
961198446
750770564
190756392
245917174
847023252
621377437
422461572
201239643
976225903
272662807
568571663
952207151
11305356
717864029
912307031
985091603
608195544
220082591
740443259
812134837
863479628
337799109
539457023
446768263
912830889
787283074
160066895
923561985
44746832
886161938
437029858
321583055
393017745
630151320
108052391
697561922
341788793
100029283
298008398
331461894
532266522
331431928
873626886
53837262
50735509
385307010
998424590
756033428
438762696
331677546
855124039
800854836
888814453
112287672
263771775
623399337
211313540
743988127
333086284
59740178
461310542
498899585
156492810
90063964
835632947
246988608
559189405
381154035
609811637
214745109
643302810
508166261
922074191
408981364
279868315
532047700
464172221
485619760
396032753
527523879
788858482
404033465
484799289
713069285
31037899
636175021
432768600
280730073
366379545
484653053
486248381
597800664
766942997
238268220
870151351
33366936
174939117
783562921
218204314
803746900
826117603
617270555
146221790
224017586
688374735
346957777
878780643
479833089
832419355
731724073
159227115
725693778
347955374
805562403
270881695
57277076
14100296
443423524
59026065
199457926
814220007
278459331
14774490
125158584
728496726
45502145
741223262
683805971
538830012
246501379
357108582
680609298
267415446
592285852
701406275
171587927
257811674
260781702
24694550
684080120
757394376
952935509
448310717
634655470
325425937
760554601
249845290
961380593
967386524
812874274
19266639
731515592
724536856
18746387
989526892
547658271
602496064
21063206
495520859
642872589
605734514
194974672
941003076
585917975
374615491
478617815
458278332
755669520
104156128
99293767
799465401
753318592
418728973
374945943
442063549
861284496
830148613
380119018
799732646
967942123
795656853
779842668
716419445
725955736
227234739
625592989
956072441
248669058
602758959
153748003
569091861
236748468
765260842
381821959
78345606
562419703
11932433
862392740
260039979
846808121
302276269
494175768
857224464
868092756
13408873
265948045
312786618
349590912
576682837
128242395
717509657
222377046
221330559
527578734
847215734
825891844
478555225
215047339
358683236
749022501
522545373
209609273
152910561
950408124
530201904
562716932
988057749
36907014
296600337
879643844
849352062
967755872
120079039
952924523
665665853
301481085
922618202
848326688
712546863
961286692
312806370
606481528
671986220
474516563
436238344
346714815
15417909
237682107
534606223
252453760
83864477
796885093
503709504
511017477
324262747
92666996
341265207
906816339
337890852
450691939
277890295
275879604
52990574
697038991
278890332
749753783
102298007
268406034
861912879
545734649
903273641
630228536
502500474
397396542
436216130
916063843
537623051
678393996
514169779
183487089
547299023
750375642
502300789
44146577
795779367
52466969
464046368
609061560
628661776
572998857
960215876
15801862
510435836
261854924
683396397
36926766
553490953
974947228
195626231
686484560
244416808
747011873
375769227
988871572
349180117
453635939
294384618
106312961
74801346
408198903
555043943
662871210
392646560
154403762
903392915
527514652
773578813
8843997
