893958932
579862940
869747919
959632052
612069537
360085464
559644849
515580118
711295719
531568347
687251973
204281324
111241154
84757344
609706550
914817288
526446738
180388200
227001801
740742092
151941635
647674066
282125790
867919900
430659673
88508933
507553486
207526186
61369426
349475709
494194883
839637504
351073654
105759588
376531988
635842541
507036047
462304974
759168786
731128420
481506712
859430600
227665043
503151004
867099107
964013265
194640376
890177865
205195512
305893048
372933176
884110889
430710260
385795143
500744034
246284865
297737149
1828019
528972378
523560603
852531976
352118663
454210692
361820009
37373464
847614467
853207668
5481566
708225355
973864007
407781241
64141764
421219412
495873379
259235379
292511033
420009023
778974784
820792
466646407
893868555
617375620
2330674
755476376
976542531
610083992
408927244
965278510
605015552
130247122
338105391
505208028
933332595
235608182
878596442
129388049
405219907
865845032
465777540
19484640
110805596
189158809
181952510
231331503
898111806
308791412
462891476
934836879
126559763
208233000
826275841
518762364
1007226
62325971
629692047
235156356
349787988
698734315
385277476
427289470
438687222
887929157
400466013
577978232
635758615
902573211
130809168
185611230
617276935
129847330
887291125
554163989
313197244
981336151
355840810
704709746
435423109
770999169
857364568
667751119
147192516
474090363
838718746
396782552
303971280
819343026
504200802
871006623
605916134
643440086
779600059
706485590
480567555
38488069
580797416
222876438
788692795
603974276
595572887
995538594
177982244
277280246
317559943
996712432
320941874
272111851
205565119
19671074
706485160
924982299
799733245
578788818
841369746
717526356
280096954
964596858
49210410
3683460
274006952
816415587
398372409
259802543
579695094
973836848
350247270
180805534
73596434
274709174
400538734
132964372
916016949
831448832
175426281
861825973
489768875
869912269
156530419
842006313
75840677
31859428
613777906
484529728
164521463
680933833
843706840
200811240
865115843
763041198
758391114
616200557
173666027
785009334
329967324
779157299
597166184
918179699
697585150
343723094
646465161
140136340
198515417
930855944
619132338
573520788
8965350
968284412
403362536
979543772
227757480
410184684
808066438
207204095
927842782
242147523
202637680
913842679
95281080
898761259
130130008
149436029
315689689
310555234
516318059
784338175
959298343
131007614
501481507
396268981
264659788
571589175
172327118
812807324
195541151
935704336
833344010
682921961
865397388
591000673
671968483
875422426
797448703
885572070
535283717
348206429
808134118
966461930
857166551
87819800
576519618
683323504
822898618
798823889
213593086
497029132
824446650
887960181
414537884
834794161
614222443
877957735
466802904
7093554
714883983
656168304
237857566
995259113
11662944
992138445
408803512
519715718
48445291
504280405
226792776
254707580
351987325
430117617
775271516
168111630
976204056
992836411
273841061
413661706
819749362
581336283
748690555
373503227
599214238
698512018
111257685
945383827
268384076
30603226
976778229
794010746
408619522
790355148
170688087
879115412
110348863
812875004
954798986
865028105
679016287
56803900
634878212
318618212
572031113
958885504
145041807
394329032
112688665
246426254
858590104
621386031
604116673
53141197
187344191
133547700
907477747
864354337
396044874
313150924
880880759
463419683
251331641
17842064
527502175
432782029
846088056
561632176
259429530
896156103
57762766
163329052
38037424
408812955
734645418
762945462
946458069
430072343
801472113
640328732
553470211
716928652
832695162
21957822
172013121
355392197
189894073
355478324
603010956
37140386
971637663
245994524
416830129
641648061
984147344
215596603
805472258
617036148
791116036
139249083
112797447
583409629
134899502
216532560
188663487
695261051
583348606
195303717
318495777
424398728
187089629
477405404
62882224
755716141
759680712
163952107
630724520
229373818
845828942
172109977
242887955
490609732
958621218
222289143
924518438
811768240
746498922
396389362
424665610
519048815
957473203
329421921
638956306
662223029
527531284
970060580
582029150
616162601
833294333
476752069
772043590
994590355
36982547
178612228
850050755
494232258
183112300
661113986
881967348
820195237
584872081
576098439
771207205
619006058
896361127
622187714
624788410
912610357
292014120
376895245
948762128
186959244
770638106
799446960
466925524
857667707
838449097
400659193
228184856
789620131
581922956
14561919
396079483
369076872
400066386
248297599
453627185
780008989
372238387
430286179
628655939
85384935
514422013
604470371
934176733
381374763
558214715
19950247
765861901
905343568
345272169
669418791
324148480
456399088
527989939
585084346
223952248
237535585
711686702
992383047
655783160
782453106
432929130
92347216
238272280
570310162
180018955
402130332
218939672
648063528
168560529
844779419
540371969
861727939
748239304
863377192
672537230
166167734
865270226
85550760
299452991
818498849
634797291
322841286
444347961
912504163
690413437
939680394
841086932
814982038
24345350
216091600
68322286
379855338
774503018
846202832
652455804
422074796
366198091
363866570
201355807
156084383
801010574
117798373
736783039
500492749
129046821
462420539
708159782
664612746
912547115
57784514
372265357
626135942
692930055
837284310
147655814
110087843
647999254
325768116
879896724
240338560
561043399
403957632
623718177
952468928
776457132
160516631
87224921
902036471
210921388
250462433
799969642
501403656
884194951
143368608
17488274
516998918
586058246
943855211
783457341
227992897
231520612
176474185
902434922
966560835
843826241
442186343
686925282
937218707
698547017
542367961
774075541
40429974
483969845
961017246
595040983
397052942
494080194
784314109
724035615
968530189
375195618
806123309
453691358
662084681
257814870
870861700
741940989
549561446
819796035
630656895
524029595
704144041
542310773
651903826
8817947
384569213
501522708
657157340
108642686
334270789
473591347
150006213
203489453
668553425
476386891
759539667
17433810
923177704
548327624
620435331
22918723
801744135
219819596
814927150
852797278
425397301
722782826
240350241
708745965
972964540
700245353
137363835
117422671
67890122
18338365
69931499
498119200
832066018
952199299
210471769
895530233
836922853
675671423
389764826
494938841
225189404
602633856
785137931
185697790
498275201
853427889
818763284
1233822
199360704
607738171
722285458
484324445
727383621
799106546
583420644
661786386
261172467
948411373
135678145
634025434
336227512
32583542
135599330
650215059
406455391
261420467
185367791
970978403
337855854
724905097
185995868
126072712
830054769
319988309
627607874
822763444
937644893
54652451
210470763
119536650
881482068
136130013
918061966
460151949
296052906
585607053
770735577
32959471
368778654
548685382
634357765
888511478
539993278
755739390
158711329
192605862
467034525
134922872
779242397
236854734
668060098
847784879
663377966
474455606
421742303
596212746
654269674
407395312
171498672
760657199
724141492
206520016
737940610
16141494
752543365
200097498
114521575
675447380
354162153
820848337
490684888
152408319
602199749
789170471
90547331
297484388
586079432
74315378
161276979
435002011
355728918
802722021
275410052
973616027
451476551
33697189
472752046
443606359
38409646
699840158
931337377
363340265
861460797
608121454
824543889
427837749
150570868
523851784
3196025
958613829
78084287
791587144
780760717
958394058
746169845
515651778
245585129
874207493
383908275
124257914
10133313
579954296
246118332
736496659
404928280
921419470
931109962
764324581
564664941
718846175
727345451
670915214
637037733
654321994
889510958
127344623
290947520
994078293
964626581
662709580
146913520
62227648
71119353
202663149
356917724
564141773
21961303
317015992
227446182
935824771
788112058
598544551
59698084
914151731
689706844
351383081
117221932
124964138
203193174
903124418
496727786
386246285
959186841
284349848
231268377
407169071
154549410
126438723
68883100
618825222
224704257
251506835
909580911
721198693
977344392
947905664
508834942
43455183
379578934
840786505
899458166
614093969
536878399
628840169
930734116
128800900
611217130
722886001
964615148
538127877
10122690
165983382
790885119
61502163
165981794
760667233
103040806
786769504
971394770
949748652
409592363
895522579
248132892
608620959
711120514
536605223
688963638
338499389
936807337
741801179
842548138
73766749
745385202
362406667
3666251
882633815
849367885
330346672
353615730
102467477
795951940
431663408
161823573
530755221
608702531
58720875
460621714
848078748
555216899
216677158
844864857
722065437
72060412
429830281
431194142
3935587
365961076
928257438
917719653
394128893
439837260
272717740
786078662
222813969
695579738
936355940
420598178
428478452
57835911
283347977
911299347
772694133
433153773
868927292
153796711
977928954
733699005
717377670
999918426
652399639
75983508
840884889
783282488
720130178
896936320
120482700
1706337
315554920
931212524
999730662
516672738
921110445
412627017
959486836
662630215
523234199
645584744
939009602
835175482
672346590
638122695
32143262
790242836
271868922
305377810
72170724
288911663
203133118
276033570
453265187
270236580
648583405
928339011
265320014
318145384
598952370
489435251
65948483
325877648
575097037
934649602
105043257
497265926
58105247
766675238
990188900
360067115
473666935
206297077
630562510
332344209
794689402
882202187
327571836
14276944
43840246
50642053
511413566
414752368
824765595
831571036
798573217
39521350
477947337
729494081
868089331
992771433
147307002
641341452
63677845
33798948
579636260
613131954
260078444
737696986
533079437
534877334
732137588
505193683
315188908
712103607
815244726
996836039
645471058
120920977
475547177
766381217
600767174
251043070
274305137
548310317
978021683
651196114
501112051
743526000
136076385
65521907
19318589
328611165
898585905
997417466
