153513329
698587052
770834149
866629405
261662734
474369914
945783029
521661528
724911340
647213637
996143044
612784790
815599133
894875046
887488936
912130621
456814149
306072641
569703839
529175105
707947502
194116856
99650843
233055383
194688145
986386434
852696057
851931226
327080465
681201020
992934577
806491715
781774268
521907495
381485025
212457894
980779509
924156374
508173643
638397770
958078168
270812414
675265553
568284686
368408925
2145017
325788089
753642180
260813935
381268965
917520
880433758
263675190
24392825
574766106
959396472
598936208
537778766
671941259
275276298
621673856
93851803
194581063
43710319
654279058
189651328
831010521
293691638
513390020
675031042
931351110
532657773
797898996
931306068
571096935
437135087
518851302
531366156
864646457
192543128
660598344
99053876
591117290
945811498
680283500
112500818
542816525
757381442
947141387
422088552
613521685
443000743
252215114
232897344
16723914
864226365
76231351
631555233
914005626
178757596
171134494
32096451
240252160
585782892
449917853
468259745
82534762
332369121
453295889
137631019
440545169
67570052
673132307
479398130
614677953
522619979
502734511
248769563
363426818
541778240
646834802
73629079
346550249
91301468
61509357
488350366
280442659
565001651
914582154
706870569
360903735
887296067
617360528
685888860
21408634
628501893
858801715
5334397
495893645
212023754
29966056
210447403
304085553
809510368
981543381
545951632
769868434
772816983
618219390
494103933
361491853
827461787
268128415
372227386
531922792
97505414
685546200
148950692
524273535
961567485
187817086
517533109
417786965
746425319
776727282
553249101
450209523
987243445
457989495
986176059
663818262
497400114
752875917
151403063
511812183
436387398
769543524
537039879
109758085
515557723
718481930
507625675
946782260
420478220
345378715
533441947
619167652
245133141
153966068
923903218
942955691
709851023
481060861
534326158
24206668
512432946
792660437
557660233
32783086
428294280
95742109
782624987
314827487
632043329
830285670
864091738
74585869
116725352
860415202
95535393
327961888
148506320
39192606
8715811
243085554
680191410
570750848
997308744
401046603
243285335
934081448
205076381
833277377
534086276
43220367
953967238
16339252
218549758
127196394
999379236
643726960
211883291
504256793
681463804
419815614
935856942
192798187
314738930
590192549
481286975
458856077
502442300
384717937
58430675
595941329
794449371
670658416
472345049
291240603
344015257
941682096
795351691
156613629
789497750
494212831
890665726
949347609
780741210
588822961
876318430
847752485
856036110
989528956
861035965
451808431
116078597
644249525
357728801
588900196
307228611
487393222
256011918
407116195
919759626
784429256
431639148
820358443
774846701
938144945
248770995
283308821
543994201
927309153
783181136
57697139
848375268
55269661
714759042
187250973
529149887
986509331
412056976
725915967
713874117
633534488
602819966
512913342
523681971
606622242
479862732
150199845
312929615
883444852
984011991
856622033
685670178
388235496
236854001
5068494
62573682
70307283
174500907
842596264
340051966
593009609
303758283
928726955
206347819
803338825
603433162
60808935
929490482
170477828
59750308
320719279
75336245
530095949
693242077
286225138
181609290
918725804
296676471
168224458
458282212
98571150
970379205
660549348
943297161
926559101
372026960
460139772
818415659
709690548
124677290
458842604
812008423
569460711
385864001
120864507
329776204
674093009
306565522
720343144
3189080
419053796
220709361
142451786
823694543
663292712
781285787
155574228
694993417
950628862
823459202
143847877
773630810
6276448
384314051
241480816
622630403
643208934
985429793
279788717
431311865
143293389
242393275
219799934
45800538
600907703
508710854
505875533
144231948
572377569
956448932
507516279
612160281
576333325
165035378
39228415
877861787
827927418
836854803
280004449
145273313
216452731
765146353
867786795
886231344
980829411
685211792
805731975
185146659
144383184
498234103
686567269
688663215
26776805
289031279
859895689
176660521
909426
96651248
222786840
154581857
275410254
11342280
122615848
994179929
315942923
531687595
197297484
841241069
345085636
363619027
794702983
806354130
705425344
134515403
214859134
378147035
374606479
333568589
64971125
915695909
702978878
320728873
999848762
74143466
269881662
818853063
585383475
287302046
305139687
862567893
876952360
731276169
614067962
125422591
869863057
205110450
642530505
873606864
570288420
449141816
487914308
964490904
840061022
780764155
703531119
880213138
983237869
892261401
74172144
481748654
802054041
667340836
31680122
307090929
451602978
954681380
11493516
48472382
724298266
497089858
946304118
909995436
536101382
482517741
486666666
63426813
192286167
580002753
264652344
9748683
735616529
500999613
763280167
615829308
427781601
738487972
480667849
219084607
370612345
389668523
835615193
693122072
213129902
823391031
60513852
209611524
699596047
306977033
673819611
915181676
193616934
594058123
149308598
73198561
502837696
577918870
428389522
357543281
294097489
640104305
687926970
403235116
627609057
64423460
746132123
301054427
904060667
415850813
879309326
713115004
474013531
792408908
677860035
334629743
661474664
253182045
696865534
712710349
422003889
277055141
363830765
885309132
906183140
349470666
816131748
141558406
351691015
690081605
112991611
849862730
310098450
123124568
924987116
730508039
701741551
432380076
65513015
148706441
77258908
759459423
305550856
283745233
427667705
960704606
441168145
401208024
916198086
814678853
411723896
249655650
881053335
715679171
935539390
17042348
276273540
802617837
497051974
278138390
248291711
604573717
949363411
213979061
302859202
29446596
403016553
350888963
867421790
947351994
632888190
229094588
187669030
548159093
635451441
662544465
971504284
80085532
457641427
945478532
908302520
414923724
225360318
537012160
278357709
863335959
968809394
594419278
187585176
907944768
454234499
899123713
935328100
787374623
900414729
472685189
810096011
91571794
980886029
398221108
557688052
90279181
533786233
968846091
181790663
182629308
61986620
332894241
80227730
272994925
45538063
196188007
344976410
551573441
369835868
833367986
379213399
412351250
935621350
439523241
60637201
808597274
163303786
959477020
493117495
733764476
293766486
400294406
647744363
162766251
852448453
879932489
99199501
59420318
387790479
818023338
881137489
256514226
355221497
95728401
801349339
635915152
514191548
914590250
862406705
258046491
554147303
383754659
417538754
67046742
93471790
397744760
155950442
541362788
337583907
749090777
926975394
574309211
475728595
448026186
888862820
661692212
685149877
917461477
420546470
165605572
96988506
285556091
163782961
551812528
952230495
122699172
57129753
839892949
638173901
424722048
294405726
248713534
97070315
235071004
179617172
910011825
982755650
580697620
69294461
454703693
723982046
557836712
721836410
638699701
891047943
306828278
780785630
907195310
206865579
139657126
950765273
596730069
494043779
696801132
161057984
268591211
219971698
865726225
114816246
970772616
340615006
316057492
903188886
912861858
454685051
678261859
477238896
240657591
268409013
978850994
678936561
104452256
848167016
965842776
441623525
539151793
563719680
525083258
660764584
645402216
341913541
149934442
633027369
498516774
473956773
697675655
754669753
400269181
74013019
911025960
690040127
117029425
465881373
98521843
114088686
407924554
654647824
808974551
184014649
212786083
829589381
540128038
638786296
228014584
460720563
846313016
748563051
528201001
255177607
621906190
704871529
694888438
204961640
469414028
628859075
190680563
683030121
404672111
438905084
757009394
923592105
76969714
166644571
357383051
288810867
561907136
638570882
749645173
851754090
33698971
884503967
754745128
341068609
447978500
815812834
801785501
511148144
405012785
37796210
627643755
949112602
226468752
145091574
452106828
206154430
995151687
912067783
996467344
469662766
923408121
724894431
249975713
370069466
427005253
289193977
752619667
373483467
281403245
939203716
898813426
207742134
998917877
676446910
221478635
737402221
950126400
353819829
756983138
653601192
827073572
679532418
278017336
366875901
811261328
807896791
697123352
931878138
714537742
151228621
293659178
649839352
642103536
279982406
928345967
308804538
634528254
384675662
914063354
158784523
63193167
428302034
229744899
465809067
138982782
419901620
950194724
550021840
923612937
714704605
256028029
641331858
155084644
342866151
642589192
243875703
446877095
883099811
558808136
619108461
592070623
820741527
658945723
130174624
645544537
248974074
565638597
718935470
748100942
912674095
102873967
565450737
439756473
598198615
590408025
398771538
449787518
812208267
227893118
391359708
857702065
147101512
8265200
999833136
895200590
652327319
494754707
299237385
637393213
684470263
861927442
751428442
825867524
294954893
566713899
242451639
769356309
99570275
820264529
890008707
854263022
231259254
801920897
10938841
611830637
690577290
201575384
556886028
752458124
243817654
794088183
634668826
655206692
167448428
761406395
444969110
812476326
659112586
234974032
993217216
754219366
266401212
81542257
63630678
50746653
351445524
739583212
144801579
31484716
347956386
629415227
350217243
991943736
337884409
537096684
626442810
345180614
997326358
388002498
204623300
450751934
937868677
546779259
393575558
890382078
227258616
96221749
658419095
533548497
121744788
429975311
110243723
864596241
827047311
135789341
587861810
149716997
738290219
960192187
260385113
950994077
56773805
525401312
404501738
614402426
443870940
642725088
317322283
630351742
134963584
99788496
815149967
271110087
30350732
542465281
816350687
719621951
687966697
173248598
823488036
255223775
81164116
611253081
909739926
917981073
519171503
485621000
164896425
202095068
949234873
476725813
606890394
37134170
