741601917
947482505
188287099
619447084
141296266
899598197
644599388
435391650
779627333
684468396
754823873
977142638
225767567
195728546
220651502
633810372
997119805
207841898
564299145
958667700
261315758
263643625
79969502
734512382
319881809
196551421
968009004
417596572
871056864
324009568
217589879
202306176
35999210
36092074
277965973
667236907
822964787
206958651
632765529
841589113
503826072
808071935
895444455
72739215
555947688
733156220
872941002
927135631
509583467
38049993
18209012
905625025
977102871
40871171
223907967
477958291
867513002
453774715
299565275
944744844
931589192
227002815
564334784
455617765
466878516
552517696
941143428
189675493
917762571
553414594
810845583
790161153
575076367
722710031
454841627
453243821
368199168
7230286
178564694
586725587
323610418
40873372
908013103
833006871
305800555
311964853
225203303
995128037
812184105
800007680
799723903
369190071
907393375
688020684
909999920
276823257
243737151
439826689
605860698
3429991
792012790
683265509
9373059
956168872
227204408
228047858
330548657
254392840
586029542
770664145
109759123
860282715
275210021
712839686
621134426
890715819
318989710
731327911
149817210
154913663
327314393
946015390
377491386
117754891
753690690
441655511
882767776
887055682
812710110
178018370
209506670
928372478
401369587
175134702
794712795
640344908
31500312
951844230
605802462
77752697
981416194
970810462
409098495
41519959
690248557
939441186
93980050
194553689
66886258
19284100
957833546
512409238
290009479
450947034
676115597
845997399
305774122
891618167
202478181
785548896
345280080
443492973
441682728
408011172
561157474
181386643
458913128
100075319
918126889
980789516
859215506
367145478
125525449
72064512
173497468
356503930
536916895
335971426
427506332
814249502
347675461
688214087
820169424
793426009
220184822
697097431
638362998
950422552
499019104
948715395
334570785
139882144
749366048
820253565
732472615
537923220
529127733
1087322
480362483
508861913
480528058
993904729
276426798
86096740
160068593
590688067
386883789
217944966
277449566
319611667
309080504
969802694
464111834
388228677
437873434
657065992
623323548
648256717
187826349
864060042
543023644
508490574
601056214
969411493
646218731
719333361
617779428
305271882
339591896
635574246
827376195
535829572
855608941
918644418
333721444
353770730
411787288
734072683
633357416
629496754
310213642
420418031
672972986
179407437
639634890
364768090
675770308
361137370
382380130
75406622
914599671
880871014
813260971
616302440
965838267
972037482
392848515
307015304
439878008
440735230
972908637
81611906
878353069
641875318
492235470
773250930
114193752
545467415
54507233
84102703
245278704
889250863
14899301
558329594
553846400
122605613
835517587
421648776
329776602
281450640
43563052
256642057
922891750
264185273
720974574
946505180
722568600
239306501
952806149
361683961
960922214
104771983
294194675
192622186
656588115
228601735
542064960
31097667
687171965
866383958
250574338
130302893
306630137
298277427
830127916
25348807
865971713
254931377
62456039
843232654
136519894
971199737
977238701
158427367
397172177
716266580
158720154
614167795
920900743
545730289
50682330
874887249
592661264
692823270
123180488
140506721
595056187
822277114
901741478
325244664
580540651
804419920
734476809
463392643
30876302
913260158
950011919
624614323
434057356
695625767
80533466
467637222
176850462
109573495
225164066
989722475
127533281
135767308
795450007
940321534
69881581
927897164
110196922
141441676
815701627
375687087
537641628
613806865
175096938
689621195
430292618
43694599
353189898
737211373
262692002
332099973
236722927
513846058
127551064
483912018
766254659
534105829
180110439
225274976
465196822
583045107
698036786
483087769
467659204
133458012
12973440
459288879
26827106
961419942
255363083
652643486
694222997
593035133
647691014
655189213
375618529
336205053
449517384
744436159
265333148
36838867
114447324
439639088
846881491
893064091
752999547
613687222
8216243
311537989
174066874
535775751
747786724
884921945
676244853
232656520
677650299
54553858
146147661
41638926
676647754
971003737
16867492
391769954
481848289
610048515
637876975
643687793
866155042
472361849
108293488
430049606
84588444
435674278
959941826
428357954
468597782
258397698
636206277
574595111
380458463
399286217
451072635
715289116
787353068
719587331
904856760
809301050
916790279
415034493
977538912
321064670
190057392
407878458
67788404
294329410
19971375
722677369
957790797
236832975
255187116
109311753
747532178
535854392
203244500
744017267
451187306
312112445
924980118
247886898
764058737
419252601
418347580
571552548
661180461
277361537
519931101
301578374
604416885
762260957
705191753
828575923
726897513
451120549
494822935
787228816
239992214
676709985
367885873
665612415
408386579
745920411
300606899
399373301
319407994
271146709
651754038
915218241
512044615
43335800
268400024
592744315
884320931
668903380
650975755
558286311
902717089
618504842
746697995
790426866
774398307
718392999
118260484
195529839
531641221
426611192
382414239
296411629
41031456
416015682
504025052
774477319
944226570
259367702
839500317
18138326
118645701
18974279
252144554
390033751
625607498
604712858
789533758
561081084
493860932
112447438
944254990
57994132
800144793
936536623
884511726
621487370
930011989
577459006
891214107
689993579
627659926
105077059
867732079
892796800
888732469
355342408
874186784
96028932
539310747
493922704
648517743
624953229
829403061
632837428
439640609
883742810
366360288
356664243
164819367
169685448
928859240
557179399
701668906
419193783
482356201
324420106
496266835
104494832
531503955
882537681
844465329
366767564
368153593
149506738
390478398
13568642
151242198
359347752
501301281
270265089
730526072
693504825
21770337
999938227
463929693
319301761
228591069
167307364
496896014
768916
255127082
573347745
412639639
721528659
761134337
70480527
403408152
448538296
410440599
564312363
859075572
769691952
564524976
656773064
649457373
281750179
256799635
679896323
242359030
426071967
732500611
7012536
855362961
894554276
439159374
235354415
535409062
701730677
955264088
163054439
95829036
328959470
607598817
530735039
627410598
271117584
954127924
646624933
388372400
319997871
610160488
702703901
948907151
936988917
411189515
960834119
128979849
364997271
350480854
182179514
62502126
548694745
924948332
70824047
268268303
248114546
717984783
518085361
282369284
525779922
535071463
701677474
493274206
247386160
468483326
530116101
162093135
33789936
29362466
378339789
327622254
610174700
291523923
922361158
815911477
29796709
58105383
918374042
483364761
478325254
106374565
170411791
351249823
773084573
100552313
547134289
404011137
536774770
262466735
379296052
553132799
436042562
364255648
862592476
784926406
908483013
209429694
701520991
468505590
881073412
798740983
95189912
335634805
972141064
854557259
452327424
257170822
2587174
254912568
238471594
190009162
799610739
34720600
804044029
419405356
364659672
350427651
720189632
146833846
921349036
126104964
625318364
771323200
650066412
825206988
891579690
245919051
428931445
137434752
907428463
820367014
356584391
449868452
602291347
679584269
11184653
834776985
379108757
918527313
648224888
289963466
401423962
281862201
23995141
189286890
753522059
401321962
560211618
443187119
420266733
558055361
489240061
554687144
547156553
754968448
173422619
323866710
685568391
146934075
962977568
206408372
828239376
865152421
347484103
418104578
833424769
349742287
432429251
124459760
408220703
529882686
971318892
801662318
498608957
631385569
724681001
343456162
747328058
460779522
71684929
490257727
685707432
985744324
717168017
349373102
331126952
801897246
902711898
847322897
506161649
687317941
149208593
232174682
955549743
441816515
461724089
536271540
934378097
605890561
355862119
403779771
968892709
435751857
34966416
890384045
586736468
687577741
56078186
915770983
30287446
829966456
576538650
224788869
75249146
472719840
520700938
842495050
147984403
998111000
86977626
31527522
447030388
585106352
618298110
720902760
380674093
739144209
846112573
56792442
169661479
188409461
409078063
141437497
104917402
667905156
521365016
249955575
950777908
826783971
762636632
643549210
745819059
986940913
817035451
676195192
110779290
924419723
156925536
482829903
921115575
619229038
388287136
936267096
518912935
324334597
956749382
383786356
817453746
314063655
509709952
847592257
841465167
999285743
746109503
841877984
420888392
435101153
119871466
407343988
951354822
270745363
891717141
321200431
235474367
443428415
285708462
460089473
768070900
942102916
610123469
456254368
582218673
363282670
135676865
550432440
800122323
472810966
622524561
780582804
711155772
137578660
432501828
636714252
317074019
915044373
802084041
746533315
240831409
975157465
255306799
675678136
804548256
749581546
531475079
650370212
727511896
67086705
700792728
75484520
38626134
496659909
615715454
875350828
703940185
53455583
265373584
478182497
863608878
195677063
41755661
948077425
812576591
339288661
696188214
813776162
838243534
255002888
4126411
320429993
641344372
539175145
219258063
792913434
686796117
934445331
651706111
832637126
831807589
485306652
822920542
733035618
772018236
547040040
741956669
214495863
521863204
557150998
932774066
263618436
649670789
323901544
882924436
45154346
933401803
307229373
863101543
465259595
53393331
717698916
812126677
472509008
62960293
380362734
434140146
499450987
277401846
822802019
188554711
769494852
401749470
432736457
646374906
378302226
372756520
308720042
176059188
265536550
597331991
481692351
291912958
281092535
322228820
740507974
670759203
317442827
656250708
174103717
859511629
379566743
71343787
186446516
779243794
114108672
673179973
350411534
670075324
391655501
112899893
242505681
937094015
699061183
368596287
163279213
861868964
216934332
677526636
504622210
672397825
624681761
131170184
