669124712
675399758
861465409
340982353
746609911
728132377
394928616
814615961
926371467
150636634
729861112
993264791
973099618
604724373
73406976
833128825
516437098
884185844
960504190
196905591
226960772
911045049
290097302
356078939
18430324
406137098
722537756
407302
141420422
313758058
491184554
420248042
783430853
602782298
223216055
880923750
285484663
41716940
623271797
198502830
630132824
952003014
81939743
328470309
707563532
12106673
386739594
290203687
324897420
731403653
449558128
927136901
44505187
117183494
885474163
758079662
385302455
505386470
322552028
340472813
5594621
394521313
673195538
612613408
659452079
309613070
209833937
370317319
381508317
192483224
547644161
474720158
260914046
762001359
566772766
274957756
829105305
961626992
648515406
6323651
19397504
432334069
675509880
410016768
864199928
564047651
375742854
666247358
717308133
465136392
495621294
780098192
719164910
282798984
192908208
235611510
278807476
469326333
669018229
397950461
802272734
16422274
908695368
132414196
183759491
974837969
666222855
282503826
550410727
610516407
928974355
423675462
856871062
316228377
321075308
573260551
719011432
263178769
748413479
95404427
933870214
543586577
653009184
916371923
696861928
767545968
755555247
978115060
569093151
331161256
996150278
359778972
292608762
250564944
204050915
2975229
523638699
543095684
226257276
889361958
897824795
93239028
115836631
106791726
536162036
71945832
923227128
402936532
961723674
619647656
516600077
15628706
720912853
573613801
464080245
258686156
363413089
992323443
435552266
416213522
219282722
688107793
713410674
219249470
614366127
569195382
131066699
606306118
112177461
318100079
49621851
175915747
36921493
859051519
197579630
840631186
427749946
546217458
380209887
624916096
844318838
352618714
16391385
949445493
814561178
980521572
638866118
718994960
786484697
945364757
639562138
531315255
107543418
810043753
670079236
209717002
379828353
896587159
492425598
966966653
940879132
316921009
290759071
643623595
570025805
340684329
978707212
861861332
376034171
623449058
830936209
817195630
612113556
810636168
571894682
866664007
671716408
763965179
404688291
633844554
930329263
412071738
819821420
166812702
678537939
518306594
68372328
226877739
188972283
987862627
460802833
531162786
53791859
413243233
684036963
527397828
61859643
372767789
379419687
473876848
1814359
777004784
342960789
163035639
114428548
822366507
919201697
296907248
238149070
803415227
538000592
615863172
491898867
858581043
36637390
528807393
497099588
123946368
965085654
51719210
272312001
751829473
672889049
388171542
162646225
299773423
763403770
198870323
126599205
44496853
804804364
298948619
384545491
930811442
632030194
153324478
69110949
656785781
52384154
856171431
599104896
771465078
988728667
385557054
449862034
844939659
39263918
195210815
376605842
155229569
30298240
937913273
407682133
327700477
201564846
249984885
104115735
954789245
389413
814655124
58962737
720331374
170308043
193652216
998610862
239051973
231317680
561087423
226550849
883312910
459696444
840313806
71562213
108914223
452614313
500846921
763100804
287331994
938309506
317706564
260509504
568192955
822264479
971369635
14198613
866891089
891266484
56845014
729246595
382045308
49208743
114321702
656396367
237729029
797208693
878773521
601157035
795076450
386946191
210810061
613621979
478176493
968659965
493292931
695533123
189984432
866351060
298767910
875086163
700717924
486884079
816783739
16479738
682682848
554145619
490769780
898066893
198938406
179453602
131719773
347785487
174472666
831840826
844505539
834104166
345374742
183917439
833833183
311705528
573840791
899689884
968024352
900385802
727499445
704084584
782333009
599532988
328971547
275836511
824214180
540029
592498574
181758850
28528671
895161228
232425002
97841964
973713517
683583408
306438912
980706626
402218628
615622847
255226418
863024572
439149312
646335666
124154426
659188763
350158381
6066992
32517876
987062380
301245372
801028039
518859725
916397936
288980292
978598263
771812608
891236790
569095345
923101894
355239421
131179743
755286912
992713815
803312155
949344309
601679164
247532778
210203920
150249774
5266615
593134163
497471255
352401505
645159383
864474871
264935271
135997343
475378562
669782783
925678129
818147187
968022151
605436192
880513477
227500630
376301502
316027065
808861671
995115253
911770799
415202121
411611280
479116733
260383426
124046674
107737660
446435496
843023509
174810115
57509599
102625602
795863071
882268100
981795764
708111207
303556783
166458220
271238552
424505419
713662992
635815264
415858228
899312561
997423763
537092232
163157591
149850719
112200337
575811524
573042807
285652099
438671106
215088666
238478974
590064493
181522882
18354521
92018078
521112709
756737210
818499773
292973833
300568447
612273183
823052526
22284116
85754051
623640427
172402269
923943845
209843282
44788512
384356251
281452260
275955534
999343892
512298717
481692969
723291192
960889082
957886940
334235159
267211985
601767306
771857499
663954495
580774404
643789125
391731271
526588324
285202262
74440142
750125842
667768207
895163218
342841431
115289780
287039378
174371236
514808116
77403539
526210291
939798067
651867677
363199525
240863586
54314854
933636405
962523439
590720600
669224164
536661551
368726884
560223626
798850269
484264614
25761847
698801139
840415682
159098031
441509711
441964924
231909155
645813943
638741583
135403139
294662669
716588043
386289041
933114101
884054111
225259339
307321733
208483076
883485542
431676649
394437090
615344306
238567781
530993913
609639641
647137998
681265685
801010669
857364159
748540710
705713256
189902216
868917937
410898603
317079583
416488639
446623694
15273204
73298404
635438614
294301135
293984123
13126093
227796385
946200916
337726810
547347363
29409337
706666487
443964824
229339817
160243808
676738082
367173619
89827523
410417540
460233358
309421769
549458389
794371712
760699238
430898485
788449783
890200872
429689882
104760453
847670104
975390437
616034517
467565472
778635643
292048528
135184671
248046928
137375514
100452967
602218212
10771396
584792995
271912830
99790634
651856347
94344181
413399334
519200892
545469448
513164132
501744318
321071080
906662042
956255279
137201925
465814814
278926691
874739374
863402649
505534338
122925220
798106501
841440463
490056704
571956925
413374819
239101015
665329180
937291288
25059136
428691154
229798104
989374555
808199326
449461962
724628773
277545558
694581077
108842890
336554303
375050448
370999980
884220433
591596319
345925786
654319356
709372473
511310191
641433718
826233712
856257978
373307552
273972864
594918627
479292992
212664893
743352531
781856125
527833708
238481528
855243165
748070153
581909602
520410311
84472978
271946213
331696524
98462716
506793317
412573151
188269256
584345613
765896484
526848346
130483890
751925239
913886067
249844143
144130917
917637567
704002344
727790822
23895462
111057576
168801156
55383601
955825239
394455927
328906334
236797069
981276241
495689432
166747368
870361361
481311136
626980294
789090376
363810121
507123341
73979573
322622832
610909757
4516873
228860567
637964456
271912365
607411067
747124516
464434737
727367751
298778824
493508387
637725207
610196140
534479183
127452342
724174691
470852026
351609154
29089376
316120972
937240595
769556380
269996248
431296908
692579822
417598245
895535122
45537209
503503595
962834862
550075945
742720801
70151343
595014734
93092586
723273948
795034893
473093118
896888790
447972533
208700722
930021189
601538581
938018243
487767853
857964223
556551227
335882177
353858793
902805601
318238349
12200966
478033964
757858600
385382236
841353375
734520624
797563657
945384632
854314118
711875944
701587307
960931140
764532888
748702878
750787584
567573863
15181405
441386596
404178392
929139796
997758906
454720363
581116842
107420249
7219405
168017799
331978004
943529054
834615597
861047017
559652944
691678414
600697992
644596512
537874978
264686837
312292742
209632498
251739209
988753323
997471235
527708484
42574672
736096588
507113414
969090047
837005691
189315365
736980268
290390360
541369821
894495579
949680400
973665804
320479442
557480602
896917121
650438351
378162830
673335576
402542620
854034602
110769034
993267100
152222999
9908892
360233148
119936376
210827899
486100746
255281121
805548905
189647387
415425068
931668559
470050421
412145691
845020252
600306833
38129357
331012106
142662639
206548785
544225237
319677195
665157363
741998013
627032187
324117069
980394374
367769715
661854390
831469667
578403631
586210703
143436633
416939450
49307570
583873588
497204521
608856899
717069314
978487464
250879522
35109238
735820914
704848192
534255331
41997244
850429019
145334911
51896868
50131517
340033473
342323469
259879981
647485816
566543795
673589904
487065635
267910878
733200959
795819305
230433523
118331030
593426730
974079237
611243754
829214364
788231926
53110971
362838120
261146664
103102311
429272456
613942790
164175173
955669261
509115999
583856280
960309170
207742682
585034943
473688049
835059463
315872847
611722872
491436193
236080162
326330722
495950815
850395653
375717665
96807953
229293643
875655938
921250008
748053941
132548491
441682507
761741675
93604437
705040966
253765316
797318047
782496789
790750203
947029204
910761015
728380677
95704807
691816554
57427796
89733624
526756464
60168195
148166016
322131256
395374059
802458182
981703856
482643043
375163592
502883642
292281111
202715317
987120454
164338710
873808667
553616517
692692781
416121231
823120770
67433491
822114603
866704732
502701714
331269626
676370000
52562673
525122643
664693667
580675177
507699483
230625914
804134260
792967856
285984041
570051488
169125447
727489921
599118751
352679882
330090307
459978650
279098632
718440843
202157324
961484204
594602730
795376334
626411492
73220537
357144498
35687895
679583574
868695782
989994303
267619020
660051730
557466480
