911567721
257784698
956755472
884986951
122102906
496837166
959148745
446529314
458494885
859888118
884540621
18379554
365328767
680360914
598975174
547777958
177653440
140830318
235721432
570127929
927706807
929633161
172839991
879383758
428881653
732348992
57906234
444788070
395068135
533152505
112255777
402082090
578247354
134077997
592545177
335375520
95124803
919191086
236134004
401214907
869817590
421574620
60471612
565873874
79783221
172089885
713860799
790002517
468828494
935763239
851053997
472099341
205640227
567143168
16688112
981934559
84944707
77371713
456105297
389753913
438930932
514360675
51461179
925342379
747632341
482458531
440132199
231250769
87815736
263599654
452653154
258462353
904696312
834506524
700310337
506132186
869161548
606966115
799600536
256791767
18488192
267903715
975959574
459304895
682098507
640156434
196441862
11104185
117389885
610610616
250430812
17753090
463085788
846380090
962283974
355456915
370113441
135129232
818241532
597324689
731957685
482610030
702186781
205228840
483110084
592591644
567403027
371133702
866832829
510555924
112773011
477978591
277771175
199313530
371265720
171027216
538401099
592156283
243243872
107475907
286016668
429028013
113860883
477205118
13168841
434900064
795376563
58316222
872222548
344853422
136018745
734032315
788724581
202275847
524834080
535878161
565716933
770730733
976194809
89506862
72753406
825308159
144271355
606833960
497837605
772452220
739981913
263772258
475114369
791256757
817055814
777957157
891885359
710765625
311308021
302929672
368749146
224981662
192059999
48210020
797215080
509086805
498911152
521979407
374537179
378740695
689254008
75495328
674479448
835387557
605310282
767670364
615961473
153737009
34722500
460708508
284756658
507026922
979367512
240716619
694918149
531604304
583201851
80965791
527797606
358061586
842146954
77958956
890967825
221904408
167129014
340735270
578670734
927984788
292291781
563666599
326397007
622291946
232296780
119096909
83198212
664486585
589292809
639726811
185946474
49385450
161995684
738148350
676043124
850599512
18173013
861722223
245614148
951343379
353291869
265610776
925884953
417945361
994181799
16475592
536593740
611295052
184527501
452575039
668258542
264575011
188999630
687976683
861445227
471055899
134311500
662464710
274730142
860270603
157518406
30431564
942311493
943475039
895019315
478412156
196065902
103998604
401915830
40368313
203731394
305406790
95121122
627327353
574692918
26681005
637781645
908451645
628110146
215821187
582503168
471903159
479959083
136717769
971468267
921371461
860385818
474018999
876703122
204987225
716288011
355708302
586992080
385343544
793824972
322860305
323299281
982409913
522926044
515769643
820409689
432595135
209379221
144159188
248843645
362851751
169453889
561672275
113283764
834764222
833274252
225859854
34354564
58908954
277767434
685615246
550472479
805593723
972006770
973647852
618026336
722046902
227295481
196928604
324080301
848023091
718414709
709777576
833502380
251832613
703381722
655371731
385525600
112340502
395411497
149908032
262523937
335799895
887874123
608616515
751917572
298713543
360735234
41938899
371712971
490428156
321353738
528083126
107576109
108209726
772387824
517705556
10403142
549278190
897743306
98362787
205299654
12450616
820078886
400820552
644437041
459676311
728169894
861451150
131382499
177902521
840334252
922014060
663497455
127859401
423091308
214672584
917719599
363390255
221730280
319312793
361311667
185356581
825215632
833652143
526669353
190331582
602201467
725292653
479444787
185676165
644968589
836247409
214597195
297048710
944608376
250073321
515721007
487053571
964179472
292241260
570543647
499284082
910556399
193810450
650093902
399339676
864585670
979716706
685118416
557715239
599985956
647012886
327547909
578430513
737051118
19943073
187234983
986426741
874151198
454105459
857474843
2877240
382006363
945706332
532933930
4086843
707416864
366448744
183251024
173017987
698951575
430666028
399210781
929489018
748769144
862027583
274800180
631405181
183558241
127329676
325745911
622484759
40174236
921729546
585690208
997955702
508699499
636166681
559997590
924665302
62838337
529294265
612902371
510074013
434766416
567666407
117277719
964850065
660876519
646007058
691922810
498136925
796465682
512100429
858763662
169319928
247802105
398058890
829661367
875023534
745142892
555829801
802868499
746821521
128359548
234990084
962703002
460276815
360016124
534978227
495387343
71250183
806451153
258585720
110179650
169657310
817763655
889136766
494722602
181102736
744749864
309950114
970528661
537551181
435406864
827608984
826019075
528073806
62965884
416370280
750153597
110640609
806505312
684974055
179522410
507008535
726425764
866080849
381714465
199776331
604963403
657000903
604833940
125898291
150619715
620672627
691685771
537879962
401920779
689106352
351556271
358665337
903336286
648558631
130273669
435192777
585301139
265317318
311414656
300750562
408971008
434629196
397310931
943645843
784824629
384746734
264744869
121477097
79063309
603171114
443231544
951682805
507422301
294946270
576139331
87748961
705116172
844630369
386931466
814734235
135923213
288139112
126153027
373859531
64814008
391488259
207304321
157946681
554700385
744329632
921707394
461108446
554666192
80963903
790805322
170334207
259689972
661188096
341073661
765872980
355927758
570208673
458816653
798749664
245874807
399873465
851243035
608390015
72419299
42524708
730076603
740670768
878385851
496680419
164827348
120831895
308476168
23451399
878831834
393336369
177442412
106798187
566776710
334733675
681463718
982123097
397016612
426458398
504140947
405805124
828058987
43928076
503556708
621058485
458806477
565714538
829322458
327403361
127984723
664940542
540245223
598914304
85527382
512175677
14253028
181036626
582722594
57985773
916136553
669973427
861858037
236238572
782356260
947737290
588430567
249129570
3431963
124082977
117285946
263751709
2856853
424784637
104249068
666614174
214465719
686148527
237114060
257327366
37873942
599112808
291509436
981072806
895466675
213891292
853091145
578528106
21270805
54601033
320480647
500427091
399400503
339030838
510321843
834167519
543947085
591820415
261571814
555819416
32627917
209676906
562282574
705239480
210117415
864233013
662083688
115460585
494665236
418913207
297709957
328104500
943922564
325395228
20111830
317023744
378463990
880785230
340771895
568464968
94646144
9902460
227858765
948830929
803602329
616858853
864351205
663826013
914462792
270081548
122667088
622645303
424576712
681294642
224699448
828197035
36830233
586269954
770955390
31233662
551807602
737630560
83862870
602357597
756891075
992376145
556504525
74005274
318919007
193298098
455703528
663161853
251048520
693106845
461173271
22725457
981818139
613451644
901637150
593258560
999881807
998257674
200997792
224583688
296246118
675064652
903527786
262627921
100695779
191914794
280193510
792194035
109829839
309538233
16657365
357015583
926039589
625501167
191939854
811226182
60354327
790345930
344907005
721164693
814378018
459505233
371596783
731469866
220121370
201973990
846378894
423378588
684632802
177696830
31351854
553549927
536632768
859279181
306111478
81826422
88848358
293876604
973309494
127004213
913104587
663509491
553332014
941510285
676449479
104157688
96685867
356316972
421511790
90410968
532904233
209535877
653350668
479833097
410205668
836740884
303467869
172057920
42506550
898721788
345535899
856814921
107561232
932133008
278186379
463107437
820382814
66760407
319389688
110113432
722377823
766477722
817036435
217902792
808060105
150868527
906173218
430086496
55020387
115963682
105288123
490061921
1866798
594221833
644792595
821815975
900199257
56799670
449073513
469370593
778358551
916790437
251370053
74587705
781468312
56289665
555948259
621199004
663323906
213342041
283774873
29925459
36927284
311398357
368033144
766426509
392499441
435447876
671772990
259337141
930567664
873381372
117037533
926542867
793433664
855473977
854948122
513339398
287340412
456370402
562908178
763583143
617686893
850019094
331754879
805587384
515107669
742448729
436434479
751770439
594920267
284974214
766762589
841678344
832188808
75362664
453134637
690468439
226188689
878366085
429316534
464751381
385026678
189736372
538802928
904977178
799752904
324827184
281154040
925994333
201341541
42608860
333858591
206953504
650433861
520191728
412238565
186908189
979643477
562445758
251318839
650050711
999013395
920002550
664416873
645593450
106618782
275359187
94354059
718071000
402339340
164479683
287150708
408974325
27053867
98156797
378556465
427950521
311216166
426777699
5834480
190280484
461294688
510440144
550428897
552311406
951115621
559809085
191244482
311997080
663124098
266226447
710824960
663742929
627047245
779265822
465737984
465024127
525319498
893209476
798358395
524393716
230473125
563083039
523654993
36861858
755458151
924884264
179899636
552277064
141635263
984288042
875692022
552865777
556611277
61038354
188756022
488573251
369573652
112105466
694477828
546809696
84114704
782356977
54946902
136112892
453654721
623407777
781927079
247788043
632418811
913532336
902631022
418006688
628419302
481440763
959807358
898211648
986785150
513567039
796853254
26231356
379909448
638967417
170361816
678836054
390534424
157959183
107131652
566008891
590509800
977164732
95450474
413214031
198731648
251548698
440279011
448116146
508136137
387542100
583207135
132050373
142957185
932111591
919858252
228102925
81657020
457685333
924446473
75170514
101230995
290544373
501788100
856006612
315252211
668246471
166900248
445147286
611995161
376110846
745578466
295695538
516276125
215918187
657278242
655254078
818081861
489416990
219275040
376870604
41161751
511691211
390075511
599243049
930359902
664802881
883274169
447797855
719109164
942258890
597179033
932849090
233512708
31961137
464777895
299965427
475376631
239443861
