861452599
223015743
680269258
49052687
162937876
139215106
349603847
553451134
305819478
123993068
757924303
135249420
468618555
997549068
280978265
391855300
746003986
394164817
550226415
230275372
905628104
675168115
331071531
998663003
15480265
472621621
307392050
696948968
91459824
457423376
270659396
868659575
695333744
169540080
35411474
481274998
371856495
491898778
514461538
176302561
948180391
671429887
708163828
393903316
727540034
477529464
572045478
192091546
762939435
747100216
205185114
396360456
924064061
659573619
721843830
186284483
891944210
681606253
33572422
690316253
831823054
652654878
461991310
848396101
853333671
889264727
439915675
299078475
962137593
799703266
19998805
254105208
879703277
373923853
282094980
234198217
967004286
937168213
271122969
537950800
900576142
115300503
934009532
344359606
252238262
874298939
944595513
35760124
447696248
849126990
589330786
690250240
458326355
824145284
344479505
295525512
209438576
859767726
540569644
838275306
37613788
272967003
229953952
963236167
727101411
951079904
516657178
550140207
377478639
487645613
219280195
954775995
410483284
495621620
789740110
716522551
718645345
117631703
596157838
979034731
944669212
404155550
851382225
113010602
210372479
329748563
795778851
55557993
29444348
986569466
24759640
107236560
396598569
432847661
500337011
627609138
885346550
970773363
617258194
301158356
357641760
394455306
658281484
960050634
629846794
634554789
279766956
962704733
34405173
627956953
576880166
91806873
263609887
561534912
893606092
633458236
421584776
116943349
752863687
397352847
155301053
461099185
520695859
390909171
462885972
112043635
558177426
977635621
995284608
162130972
831176000
747871980
500373508
294999482
621392970
550213906
745874065
891331590
483163807
575817688
49981607
833074116
21152819
401487393
409689299
932952766
843626671
835063655
539241567
866878774
206024361
768403200
217909676
219905346
145857302
896542574
873759445
267372312
497164661
517803159
76377363
302131333
967420124
872274199
796780952
829008185
591433364
968610404
940141940
343392186
887584170
530253185
633779541
177045998
347371240
322226935
439946365
119208465
981219871
529933204
268416962
723113769
438394054
128405834
956106609
62772799
529962303
280468161
149142179
724850395
676454459
478501753
394166928
965360647
499440325
747850272
865653990
148878618
604706440
580681112
341519402
875016266
894921713
195849381
979294602
675771175
134623659
40863677
872534104
823630366
456596208
754550980
286152439
967231456
249386196
353263593
863737278
839014290
916167589
734008152
299045882
310965202
819468224
215291545
666937725
409082417
136086256
668418893
677605672
599520967
456572944
291067746
514502024
400538758
188413801
393400694
828192054
242544672
149111230
280335434
928149139
489098625
407934055
325511812
268254186
921903478
192349313
426935471
715974450
146176731
884112993
26639699
232711028
870698286
281635230
30554200
55548042
679630168
528911655
570212185
539684919
466204765
363258004
273013137
367057421
165528462
240048955
885613680
778817654
855985501
525071538
621192605
689903060
635832155
805859012
809947255
903031145
493956411
947037358
745034245
216733103
709150783
952444442
531428940
715407972
429933244
58356717
643803736
118903527
157859601
337852652
148561885
713633015
578899043
740650513
461944374
125840621
134920918
958454389
102725723
681854523
306735631
648117816
859988947
621105192
262920387
336736638
596878872
64839274
471687974
127523053
561591629
732592809
783877409
353479081
830534135
513760321
831829062
557605164
937124176
107171744
596245217
766710152
620958052
518132849
376509652
907559588
111004016
895181640
343914637
684106633
768110227
535502021
844311634
63179722
909997471
61032966
92455494
910323747
452487584
93196605
461477844
578964462
647215552
30336548
776261021
415969075
929755605
225419962
910116377
948184051
294011557
577315753
21330212
995553977
85609305
540025478
27159764
341856098
244595540
355360797
225732621
701697230
720924635
787581339
359412825
26089608
888281173
720697687
443481609
769501168
421304827
921505314
105117579
843927571
645693899
17280755
119494600
590621503
741871826
960540575
977803982
885584053
985065261
395730585
390095075
190794474
514171808
848757655
977570415
369971992
33873202
750599394
665728207
97126786
867463983
759780612
858039825
859634211
670923722
750171413
527687901
209057918
781938351
140615209
526879223
372506242
472198173
177402640
349860078
68328550
420530878
436538259
599984270
284054963
377556814
340148567
716631968
325194050
397486264
168618350
511917798
39523517
743127270
73509616
735627966
670705432
255777106
7990793
976463586
885913286
159240929
259860387
919697780
991700412
432852674
768746063
103645701
844450052
868851360
17588833
718596300
336769168
498897577
909241865
949441113
597334941
150615123
381673243
719569970
527315416
43148644
532845774
462147947
502305371
238253614
488164383
465930646
708428735
404987242
856173790
116729135
464207379
200939052
463946790
909087619
160670490
516840478
608283857
851202288
608810749
236502865
872181914
456342689
379897430
450022049
175148630
540625938
833885404
124068502
138293024
520090308
874103862
288420821
449148170
842764642
626395153
797712439
417392408
753446797
944688289
302815416
395216965
439462810
12677569
900859696
254388920
135830115
34950787
154245
788770623
80494462
542331265
530470953
110759220
290812550
170966728
76503084
82250516
52283322
63104984
947538443
632045241
584360232
266694217
336083482
242625272
175786558
751790880
621182147
282692465
362958049
99448070
854837058
906513998
305995333
841285898
432719104
443665119
479037733
195633129
39318514
505675151
833731158
335297878
57798561
977759041
343632908
177661600
158335619
671797913
549892069
715461923
365109085
690341813
997149844
670770173
810856732
172768592
676594086
658234424
78602361
384039233
413768638
717461778
425812573
981046391
687494206
623956954
804763886
449526651
738247622
632837964
603212782
856650192
23786469
441863292
798314082
249062354
208895656
358324440
898992362
998124957
593455260
949384232
732800395
647496125
734338983
164495244
909364152
635225158
30429166
259950512
767071032
820803307
117030767
655279280
91906513
116269379
909485303
76752169
290264834
719675952
372897712
708808967
933550289
917054103
112249141
508458892
666555344
555286552
872456090
561794377
963872935
318269646
759242060
80477403
790583971
464384404
984661382
778316447
246707408
522998962
714592801
169538728
419097485
478297110
865766931
782409473
739619425
368507188
349956779
682044702
339577049
132143487
68059605
179316410
625227244
884646292
15833943
815746291
535246984
225880090
497939899
354077600
762769066
468634787
296077576
448801385
61561246
36553363
864695307
627522107
131607996
131168856
830044759
767265871
5083151
203358984
289711482
455253179
51287172
329839666
768839466
298048156
205329773
190411388
222217327
831729447
250210041
579925650
455250158
905937678
448550461
168915090
243069462
20827317
25059062
360515200
406769661
950462696
182219534
416965545
720848227
703066061
503811879
722434670
550436705
208408193
302098726
300793733
174233258
421868259
594934810
560580762
764459118
205407318
457040623
199891743
148747826
572357677
246417459
464348127
198591344
481635595
581303203
958757627
178971645
962692904
888099392
809217442
742206808
644567949
796589322
339248784
273033645
634321625
608991438
65773404
794236275
482895101
639974682
13809134
529630721
949416306
405692391
33381898
311002868
887969697
404455971
37662144
563786692
825167318
211767373
834411982
704045236
717871405
218374201
239212631
121762858
545054251
543463024
587743799
320308799
492881282
558586924
529665307
625278936
255686025
287547117
130137493
596415878
391267218
405655466
665852724
932382994
232608325
934717404
249175036
75943203
547921304
647754759
291001946
558236933
850437248
245430750
917039488
432800575
962177338
635203546
555162238
415947424
369778806
944010545
249182024
939432075
52230882
693500334
36749439
390829382
876027083
408102961
55316843
600422580
274318477
441246264
172519473
419511852
545914648
902028987
471436911
783154000
969199163
163269427
573841552
897299490
252461077
29506866
469871550
247450532
641547434
96864731
663101596
620482477
732384877
714190068
226637072
447256672
156473442
726420647
880152111
539107989
897967965
858345652
199916119
139818343
592437916
690579365
283918455
409190983
72911276
497527636
886885926
60148351
163766635
772008237
446748259
206509378
370168993
351882532
686970997
22724016
223628784
789298906
749281947
779162351
745001364
434834364
868037701
560128408
214609192
725262800
263038409
819494000
21876875
932328920
885186033
110853510
963353307
434023209
304861574
561881711
745588409
60680566
174539255
144019798
209978804
602953244
456715841
960376639
267441809
20127693
77087679
804590908
39449649
857428095
315479205
108669059
109063705
420753767
394816978
157603551
822541662
723790045
194581790
347648475
234489226
67391925
38271476
231437713
886822202
335894748
243156070
936145782
47020957
125089286
277135605
162948217
614759650
605262148
569183546
142048119
978118521
907661061
292686599
194481498
648175120
458447499
780044350
164448778
616849715
776516974
1789805
542599539
39206230
147258023
739340047
21798363
866098775
826890779
909530570
142586878
564681768
225278128
73554436
931547059
776971622
140941895
757569951
914360362
580292490
152530987
493909408
503801556
851570220
252768858
179485028
914880600
431103446
100291
699473353
776041725
287347574
873822696
614587997
110305228
334104943
700556529
896939551
899762933
385749237
255337241
296849441
787868869
695731577
426596667
577366350
752840393
834106624
361139538
417509875
507233225
700877547
865683986
584156287
464318727
282607566
497988247
691029318
786437371
967772993
824459445
590694916
865998483
127417426
133488845
855239303
690859070
610690130
963249207
