804623270
963821883
62157358
989967347
961187089
725453188
116623972
133900334
849246320
148469740
548731827
600444459
693953379
888665338
440073349
969095899
876372986
800244678
985468245
512629642
915442923
949866419
948550291
978446231
329330757
92046657
33090916
212313238
978222942
670646664
914871943
436324419
812612238
860001713
687026345
413667225
561036214
248753405
445314318
270953140
634327243
753630609
723347149
900422395
52290023
130068789
400932339
922598230
219086801
228853441
340714626
392224116
168132855
706819394
477668785
854756850
15271591
83711126
660636590
869140432
692362272
904310733
155677391
178599655
233597796
112407408
787832219
833951665
201638992
26406123
408059684
627619581
354930360
714515104
878302398
161812313
226519270
48127895
926156208
199261967
691114316
110492684
993226435
749369501
329932038
522647827
268191563
105792844
382332927
832269494
398395633
477325088
588116814
576173884
578590867
730016509
597953218
544747493
666824598
939882614
342236568
566980673
720959238
192680678
820793756
713095044
37293755
453617749
828516995
315856471
628237580
967143695
157554916
461374622
178026115
581869587
911084296
406307888
848667616
710949968
844215843
682039375
451618737
369369496
628010489
930734594
39502767
778756474
135924237
148285889
563859093
681771775
381303295
986273593
857025397
124133643
389533445
800545757
928575743
616836992
485354071
814573813
277275848
66476455
204031914
431251937
319770171
126742191
398147768
996721278
818932211
191645329
696079876
955874629
95666770
660197192
115361935
351589741
564670188
890059160
673592276
258537280
317693511
680231105
751997377
946465803
585840399
171281322
604349224
53892472
192336141
110538538
477732144
231830623
225595897
29642030
404763527
385142281
165337582
196758551
610964423
912760575
380608706
139202957
329353676
372213763
985691897
425428665
890606822
196828205
8771707
37943704
235875569
38516583
943244714
226816790
496880301
597044741
314479077
257566109
845411536
148488848
522392965
344255296
804385136
708393673
713913184
464249252
730278731
66024740
255433664
730219653
186252158
367911636
279094737
760831700
877928573
178490553
350877429
379783613
960773904
160411734
280674499
407521019
45120764
154392437
874662967
439215560
288585908
998779105
532761727
807718785
70663203
907771471
351347014
462475574
390367609
36353409
334817820
620960001
658300578
521442645
695149932
824582081
941394539
278552053
851691544
867963932
759421845
182413014
348888216
318389747
246167312
934695463
296792203
684999802
867814348
114871946
299134531
649992698
833730704
274697624
175663344
731499625
533263012
447714878
659556449
278480686
16564622
816619162
370464090
841575163
843672732
729917426
721483034
439331259
465261800
456092416
466126479
766568710
302700892
6699035
679793714
106172894
649890888
214371980
561551472
135967739
610979268
666347210
594661224
275495663
737218876
684825120
787229296
383602954
345779300
963650306
291319069
493679660
618995602
573210857
851399310
942802682
811948922
507313052
474717013
516249885
213212428
857460943
219738002
411721932
648745465
532565820
347291806
827031669
594903908
69490450
81608736
318891031
886163405
523588709
667501417
350217410
221957937
94968427
104356286
158847612
942688128
337880079
93551958
501611493
164773346
972446818
147573107
729490033
155299723
736991031
294223971
142577836
739654965
45301587
922755309
753518323
446609208
182939292
626750196
204653056
337533314
960197626
788699044
276288850
882041569
972428036
607516253
95406893
905709439
501181899
720844744
716980494
402956765
315869401
573561755
875332348
763908985
718126508
246948585
676298646
384992713
617801771
671731945
857912875
775266478
939030899
579236065
840861817
600833398
913983092
903608201
39018644
468218229
899703229
821314297
982490501
549181034
817263106
619569922
192345308
364930564
52166214
823780593
654117823
16146286
577243475
739621069
423785564
471739831
47422961
989609337
728482699
935990706
950451549
819660341
719731541
288465680
930786168
501022371
943010668
393191971
766654435
494573493
991726346
597573697
681826100
248762265
503253535
494555102
591071252
326151314
946645877
98556585
54603276
311368082
332826499
794021177
17614122
841766588
198023002
199409830
155450501
369121985
553410437
924373754
175125502
103027936
517766678
80042887
101582755
694024820
618394864
316240735
676559253
799153336
598276127
557592719
832054245
56544125
334320185
328481210
236367533
929230460
880668578
721271646
42963460
629926114
881387430
639083467
486833842
925710363
270851558
89019579
302999368
743600838
237741469
397532449
941163055
67352591
422448194
578798163
730995585
423210648
392972346
897046430
707756448
630405141
421997330
255449938
713091953
775233778
961966930
961069995
507446403
869541791
963042295
226220039
488453406
832138789
881410294
545199387
221640505
878683210
593209043
175872390
423173262
529375285
13241367
932958413
561411867
200743677
616429663
764701653
634095930
755522021
597485623
813156884
536258114
983622146
13515198
412558317
207928783
625937491
925991513
711600063
963743432
309781562
581573174
433457575
780558541
11521430
909079042
109024265
185942296
877248806
357157657
852312373
830001603
217099955
473873168
178381162
617163774
489038916
694038070
512348275
158804114
197265276
326974064
751924381
272056167
149885410
689961924
504831258
818623590
468851976
337270604
595703012
952691696
881608979
212128957
113391699
947802109
579783790
152399871
549890436
291664634
507405398
578759357
756847122
398364363
745173248
983155280
319158158
509748978
835134034
795394542
718889866
931899420
413643237
552795949
766478155
982807496
829648792
161401407
630673131
321559504
404247783
290400673
717090318
539978202
761454643
899620676
948392623
4970998
360481469
230579051
37379983
336639044
144147633
220683640
651398715
618505918
570126941
353560017
526882917
166730129
370803765
995082279
983489554
673457433
618380737
663803591
539048458
328813030
445650800
130584201
118153316
418382383
521726739
228330931
887416850
217004724
861669037
216868920
636909718
845552571
34762657
314187160
149267509
604554982
758014558
382250821
787751786
192959597
901397232
147972237
412680555
476088775
634518488
463943001
950755738
409165502
306911118
43632885
921597463
97651052
360572218
619579592
559320196
229897267
112425735
618997599
814912303
915816700
333266789
434393991
756836880
353258020
716650297
681330345
131967472
56616605
845814770
378934571
915442873
236129915
876051803
346088860
427415796
297678563
717903644
642064540
783863893
57783738
277575192
478251347
910093605
818036151
295271455
539258666
484980352
415183063
754866963
919370240
492129247
139016959
567338517
871935085
859692806
467003241
391135355
59422535
759438476
953188142
331975529
894139132
563350731
927976545
128190010
685467548
221599247
14483357
192163796
261641632
511993622
470361193
835133704
757128565
638241507
855015440
524300384
938800727
57986564
177391631
196349993
716784407
301749640
926444529
886805322
776425913
668791396
4116718
486396053
960412553
906543206
658481109
882626063
830675750
725808207
383436058
914900615
982117058
689846140
609803905
317659418
470496994
223019266
493225330
407376617
21768054
303883253
810209951
233693577
4677365
942702855
452334626
1435970
582046844
756838148
615191120
592389492
636906200
41171222
351764095
16676152
217482529
528087303
231751242
355098424
853512512
587735128
4457954
31320357
254805448
940114824
542183325
248954587
448182658
859732211
725852997
493765141
808524309
519067912
865037268
472542660
858581444
770423139
481718687
17709697
454208580
657045138
300579218
73837601
110617087
791046565
277994414
940945836
338082045
593127753
100176889
942409689
991268023
138126905
553864103
434032924
299425299
778889594
978888127
64562540
400519530
203380039
553253311
722314632
30985151
121425979
783865181
117838288
176133952
879221434
158094706
447059388
46368616
214041544
900889843
196467373
287155909
930620352
920703268
463758881
662120409
601237488
910872540
855054903
759555322
783443306
502497116
670397403
965203807
431004343
173117360
79691850
791535010
417156146
617190166
250828540
103791827
578264585
42852449
989191107
7181384
160156126
764811883
458860609
435033046
653117499
896041073
777226479
237237061
357396730
146877014
368804945
858186324
515129246
402442129
799282041
292507497
698198407
962759308
247541843
618928861
113467778
152634480
745129608
706104073
78402856
655524377
629212468
596851377
650061303
92675546
708891322
887767903
931512160
456577497
501964283
836425603
452011931
420021856
106437822
887402232
725270635
433160342
607807077
284127328
804312414
221505524
276405764
14714017
817908123
958321041
405593419
615505275
795310604
370262245
893713604
7521645
19682275
752756534
356630190
997593121
266828604
180375101
587175756
264721183
437985691
481037041
926674163
58551748
900477844
962856436
840495565
278176550
856321486
360139610
893658224
680307435
544827402
461002279
901791658
856897331
379118612
614498451
778943252
691740261
687082126
93386047
92457298
561249914
562863892
494442638
816743328
699255395
63391666
108844700
620573627
544895534
845984584
343085893
846141636
323275373
294831360
217854016
114236171
855051686
117825475
127416868
759183788
435170994
476604019
213406169
462694242
558679994
850964875
499732857
618474508
652330151
401431848
895435494
577639056
344599644
388579743
365424248
495687855
406035206
146113107
141240169
214784884
747476785
739565981
348762690
834322850
201741508
614860641
578516285
562065971
161264596
500262280
923891565
573914785
559665257
334202257
657286302
84645895
349457722
31748395
258063333
848290519
563658807
490370191
968243475
143463686
950549088
765446836
501541992
934695628
929407110
722166160
708200963
708938578
976585305
912631983
11707003
695605011
127841328
379083317
260952733
943819352
272448590
937666885
457209911
152067870
477540281
