971454457
51803831
707622752
173600336
333463026
984692805
740348558
264363712
472905000
620715122
580892148
671841795
849297315
491553506
349076241
560232434
949664411
218216980
883242441
7118036
55526365
604939219
603353356
283068327
818496224
363458071
200963904
458382997
884060722
15107193
11357984
888886581
984839471
850434401
961550816
158632472
735399895
733951439
796398588
679203019
176970930
237084402
986550132
138954054
676972873
589417364
855034331
956854589
931806329
126812911
875791665
533514885
180031805
937182993
416976716
366515238
448450474
424554425
355104110
970004954
783728901
281965561
380302989
457797806
609357138
692005565
687002322
998862913
530002689
190443768
824832538
215712971
421818390
204039422
830147104
818441961
618389086
464399301
606095452
229078860
508423739
244109313
526576666
757247810
139315527
477843097
708854775
47656478
433457684
595035577
710181997
310845470
378847328
826393633
895474117
895005368
856781412
528752325
529596915
984967306
902415040
856171416
426851900
741362561
301980372
660078693
111696495
975992382
107035888
598534753
748126151
984051172
818458971
126025250
461581215
539619588
755388893
623055177
318482279
131514041
983150789
639345844
565405229
934967110
480261770
513987067
836865642
595424756
308565303
935141735
961660548
89636760
934802385
621128145
326663819
652252321
817257411
785214104
455267437
479236832
366146602
732862392
940620588
834922929
846909425
726130824
492386498
252822078
364812418
355854529
139616474
233726234
210270045
398082873
1816517
263069195
290766187
491884789
261100790
787993304
823213050
516271737
667427078
171894152
636874204
658489390
49248787
197330825
799361429
809328892
722362175
970174787
167787739
839245446
765367438
250288397
698725254
730482298
88057685
754130945
21600569
584043564
230612338
952710773
795525260
727934313
879366714
536719511
619311628
63594623
361486134
325372622
524113313
667274132
656023781
849874863
65435313
768726436
198048725
188420034
676882037
295055672
453460647
555483524
633492353
169441686
65938495
371024598
632715433
751528118
564343940
560283887
403827104
506969844
766392734
239169485
285659399
714716303
376368890
908939889
779122675
512529274
578019196
735766806
447842757
396989552
446061473
500513605
183221664
915492574
184853083
929998817
532433572
899637649
77248908
726544896
130582916
675128812
319218420
626083574
661995818
508342115
904004076
867783508
499250682
801202245
921545517
17143469
900881397
416854295
564215464
350719008
392357546
289108835
409297357
164352762
717036474
717693840
107640766
236502800
723380211
565424889
187802933
717222858
566675034
634345121
27850314
504189453
429720936
39847838
108586568
610530585
395497882
750285314
246944071
270780560
608525197
710235687
236516123
646640511
475444033
428918004
599632206
766367367
351277109
834134073
537641271
243324737
490340292
912896144
9508421
412889075
567488045
82715620
902703361
96570928
320539181
186781217
301108473
864905559
773351930
417356064
587422531
861033559
308267726
953684877
955221124
642072230
42164763
138516797
555827564
6800787
481177716
461000254
761058765
294462207
965792681
421435564
365945748
732540960
96703850
784525576
13849161
516824790
30339416
695697492
43042540
312782262
847581952
150373142
950241378
421743979
409127214
371610563
873288579
58087969
841495471
738598646
458099641
397592231
878912948
895569039
201159974
351823495
357068580
2707634
931711358
106487790
321656853
608241154
130778246
899103615
820835467
568567512
768201708
988826353
403506903
70597740
830694142
612570233
910642337
642438862
794490276
891791619
188275418
134083584
597673571
109567152
587711673
702970795
452966734
227194034
963335922
968353516
853628010
201134809
583365601
662025665
159756210
27631781
763986132
936554748
991125408
239340798
19594895
51137762
600908510
840559700
603408853
884462225
654581065
770897730
907904502
845529406
486949892
236474085
101078763
309368353
163548076
222984995
405034061
822144205
518776116
618686056
155274419
903584211
935767691
852481950
714939500
567066899
405460751
741481237
910841529
803062360
848584100
974087588
651313453
555149478
872196724
137137655
533175073
757113869
506158298
703249447
48389730
682069003
319289530
117806516
481403623
617153925
100056046
273997248
498477588
936771213
622597719
941841925
417778631
372439351
84066379
116010683
115370070
748426558
125620200
36341954
479001473
913099827
860056200
104842142
996945305
512862303
585160631
545929283
437171628
26410421
689809921
647920190
315985907
815526667
570296326
473205414
584294681
817961175
371078327
97785575
467010852
131463503
243003649
974070314
180464641
906742173
556308956
278874101
471083099
756186041
21767585
784748513
631493669
469816343
224247974
135289902
822012801
214447388
120861210
968541318
31993293
554126762
836825618
472067166
246961292
974677527
625856018
602251963
802143023
610860963
531716000
297408894
377348231
27834625
569331100
347537969
670096178
885985885
924377499
90203131
956553345
306286529
74846184
680985586
4642835
905061406
16426521
846169563
591278693
435006424
651192612
369847292
697099964
402537007
65792282
912884089
294637884
770936481
727109021
205787113
280886154
954056992
476731077
860222134
224470040
724358690
407400281
603659043
900485241
876710003
465193723
936026915
290069887
30658078
11987972
725706762
479280577
155840032
467424330
341899884
958251005
779686454
10973270
367136599
959668350
161868708
600308928
974811223
962042342
656447010
52900085
899159695
158876863
718590386
809316976
2496353
829555451
214624048
456515546
280284144
497661125
412767477
945684320
714568688
969812700
715165695
79777405
666441886
390549034
340085518
433603511
138797852
303512150
385209136
247536106
501199699
943083722
109594477
900553783
62601332
124049762
432589056
641616700
244038231
823809918
566034026
777150051
571479500
221341101
9491619
896151309
264656529
699324485
187140186
844238758
545483528
834002133
296404580
397323898
244502654
82091303
933867040
584262189
621956823
222843498
914102232
595647545
773667725
471054279
308117276
59412630
719960974
314070264
393914214
156234382
65072068
771150775
701646088
890758769
403778673
938015643
508297903
445100784
381057414
443934208
168946982
439473366
116371963
540970377
702052577
667197565
646679141
712270577
656051128
980510028
190182720
848326866
19659876
21194733
909707685
970386479
3482325
100425220
913223823
950078987
176190334
950586263
305410270
30905804
779166689
774332751
132356044
405645810
993545223
306487010
573793398
488766255
203204774
178022615
53896515
474628865
479275582
232697347
769001700
640919709
412733488
7690397
658019134
413404185
966051660
216745201
751490898
680451355
981051082
433392193
934533317
407872682
531876960
430978426
267743873
218360717
134063095
85466158
761803687
927719824
534841521
241033331
718725352
349564118
406716629
701416463
645122091
841637260
967298216
435078819
491110897
770784976
331423519
272304114
537345499
168499937
292567129
892006084
64854142
562421487
22841852
451904687
424594726
560153030
371953692
165920715
956889294
772226347
910278740
835535796
340565770
393809423
470893659
841281875
106078188
171700156
288965043
308455016
6687555
264635197
571623109
909853637
713153137
545972263
942281295
163748340
76449163
259572845
893632926
99243936
925793587
242057009
20612016
199382200
904877972
82936833
816438603
158572322
977610424
240795913
744527167
872895743
931358519
131762419
94513048
97301474
299891317
490141642
166225925
365645342
879534893
984112112
885318529
800218944
990798376
112988214
738751548
878622462
617871734
208205352
89471552
697316449
878593420
811034804
909742208
98508761
373197406
271511459
936403901
23141354
355261551
130392721
330844590
765891640
520108029
698727365
978495116
581390718
451459214
844979820
863857021
586307519
93346919
527987583
219709041
941681473
356738479
220393071
208583822
791889757
344185283
937816140
540700586
769405072
151324361
47210718
994302322
120323715
222020210
996004286
724104066
28379858
553737740
143084571
10383790
749142171
653267521
119426888
280110914
292071011
134493096
157360830
427163248
772891912
344348329
503164031
603969529
350605836
591325762
968060733
741770281
152804335
62927636
144514143
678956070
417445410
589692133
561439517
614567278
472897311
704425042
858171401
359370508
455454926
120875754
835477163
32569779
950262347
517603792
470566868
288413952
237311590
940282155
916512809
657396661
186824452
510652892
767808673
425056742
648160329
443241187
643696485
528997951
253959475
254234005
571299730
965452220
409223596
464128500
592938379
159450038
91828003
504859609
807213602
587645968
276321694
797990321
971708320
652016158
508871165
470594251
653707180
833002043
120758893
679646781
504458690
212522178
146414826
487117481
492131617
906792517
821883459
136382775
966406947
29656123
60728556
329173449
105411032
201220921
549576022
870024941
623346182
486133847
924665412
311116830
196585948
732451980
133068553
328866841
381074967
388834130
538944570
115792514
916185575
177566077
789534005
810694440
408239058
574312693
749775313
358777552
819037394
922106113
971996881
686145860
337566577
955445227
538452660
777557478
526917411
947148243
692579289
770487399
102440135
638846223
847248068
167573333
908336630
809642061
483060832
772006709
79453625
817547983
106042514
103297486
367847947
706090944
220197198
788840869
240122116
250034115
920934390
531098338
451445606
190798470
50987546
701240067
514136964
238519552
973550252
241140719
193999319
355511074
801949428
433926722
696254840
768457170
13352378
277339352
330318008
621960672
902357809
598596995
91251860
977768603
279323926
1489410
816063599
868699395
318297913
631475631
735248028
749611789
537435361
276883296
26213853
161480950
319041793
911641664
587858676
146008001
653436367
669817078
836091808
241920112
578007389
723942549
15598555
672115790
407042645
599390776
