14694259
788886216
811573846
825731995
827620849
202974758
943487667
410726260
419636823
861007748
57067183
427616413
817770325
817231338
612417935
334324956
689518770
103022589
912112562
57192770
656037277
201591384
496467715
398490781
632117233
216740194
742472841
773872420
838057599
956965861
616838343
886320352
395868984
806526981
752562066
506414676
535082631
175640355
843935032
188156503
671055116
205406135
626685015
98978867
457188017
853155395
897718265
214113507
684180294
416003150
351618558
709804135
903072965
871361705
923908237
813102873
292418501
413083065
193614761
610880655
460501915
169615247
572668659
462670961
244169405
170746830
31747429
11243343
64669272
106003259
799242324
513878415
259087555
723956058
386137652
450631142
574906368
397488848
941302762
778961837
319021927
528359334
89692125
422054449
605347302
907034206
983247385
524507277
882618742
939459191
213996175
121999565
982025592
233054377
727654587
501439869
632737474
164014053
854809461
286441187
821407965
886474921
149444234
578177035
616760824
837740142
450716580
179116906
485224053
473277095
238196505
894929652
471780302
414652922
291858727
932142580
79923121
150614210
857323658
337135197
187499443
507240150
128624600
125210079
892007083
677242758
531852821
26033178
996301470
884697781
817893666
410892314
542679385
654861574
957553870
432547004
378915099
511515089
805293623
767607158
456317626
804130478
39283224
409341647
701262686
319066521
650219262
567372670
941195648
795512005
421516748
482123264
306690394
517674263
98941744
314167815
757850321
24234155
686169951
939518065
305887321
424683401
182815435
600526270
655383427
827304189
352250266
816918726
457099050
859311722
553227481
568408030
345320585
89716499
880817570
383368963
467956925
719282952
423947392
572940561
27023495
964480149
84837529
200789464
463181033
335770402
104201920
25005122
555919830
643386055
674696682
354680944
825345137
865775556
461719836
31634225
621315043
438756952
753958218
873958496
966816253
833300535
110273620
81883925
242284524
853108716
136802678
216973894
636856691
715572779
846210888
38567369
600286761
113229389
912494569
341407171
339845871
982025969
137345237
319613025
723102268
327245143
260998896
813712994
184615040
198546537
743062892
479545028
627996661
849183345
762053919
29199973
965324732
549988894
606124306
193722959
854206529
2953603
958504939
610072315
198967724
887228025
388148430
840347049
797175165
636129312
754394181
712115747
953280985
120312665
691788352
639289073
301411715
434345192
150856227
639571109
572301638
296560624
897268884
43737987
110045824
657257649
588977231
787673344
953518859
817010915
73242635
50297867
507105082
718771610
487200640
336892267
23521029
527272920
120645301
835874242
939096712
420651845
16537828
548485726
444152354
30947145
526264041
507683996
157394993
122764845
727788256
530979539
399132666
966553195
621421319
557645904
105684718
914766951
500026491
541710073
298250793
600475084
886828189
980164249
562886677
704096314
205010665
234509375
633112023
354896085
615768043
774138794
313699891
314981984
700474395
151649793
280022796
348783158
599585631
79098679
130993607
81293235
630278351
830754013
89222658
542263094
651165199
540551885
97350290
929554735
231207549
108754076
27246428
578935226
537623448
338621628
533823655
36373577
985599047
740056039
825936478
291754666
874571971
802498906
506996801
953649461
217279648
84150682
266078799
469771526
277623107
756901558
315181320
420927812
410716465
216957557
970196731
56074175
890941590
20623582
52931115
664458779
137159084
703557287
123688535
507013966
746892365
734764664
777358534
361852767
617826137
243649218
363184109
859529590
253162199
839238940
206721262
827779443
323757212
135573196
324983446
567014516
274473085
627578763
651931627
474305989
793572755
606318615
168218760
320665891
368424896
477749479
145431986
964975465
687124924
161477699
154595581
171014684
678810371
999982833
206757095
482514983
306792146
904226031
851945387
33973889
393717448
455651728
167765613
571477524
10236294
142417287
732316962
755368393
695640135
485916597
389985693
509580319
51625660
649382544
713441209
140573750
566545903
456692643
993427869
140076657
98217232
398208643
172404665
91684500
684643359
35706578
148969072
323774377
928816100
842468461
260222370
370247052
775633375
617957737
80588540
337921026
438553001
596741235
310429596
226007609
745432516
390063591
269335329
201208327
771492004
645015261
119389024
29427826
286541623
66183344
915969078
850099501
910798160
711868729
935756656
995508804
283247062
76081112
886834164
974529715
993448213
408542584
826552292
853171672
225694226
19738641
733946943
433667921
568794003
375520183
702020747
969804666
146263047
767420260
394644140
708153639
128873314
971196337
320192494
39628097
916317553
119541246
37232753
862632755
926499382
410122867
459448890
63764645
682201080
85079735
54673964
362471889
709907070
335899879
232559394
336889932
563511297
416163655
975514100
751753363
911068316
685721101
460633821
911021439
364162596
946164410
703836454
143377900
317224589
227603016
866635490
312050724
755888617
847206066
58212161
873906967
371309830
963919536
926672289
815571357
560289749
670182298
751466839
483714268
320846218
339548858
259897596
810363166
534860866
57754207
144642341
712709657
995682235
568439130
128559779
230596451
658907423
126211312
498470158
980334970
706286412
316070990
746540054
454598063
218444244
742623238
606583270
862701002
277687718
358652426
965580100
599591760
489491365
159942742
191463614
240886018
934254261
976919552
590175220
24613737
686266814
893473286
608517032
259470382
82960674
153925832
316368487
187449486
718646286
827615708
214999543
245098517
465449377
946337318
109284944
244218758
923642242
296868775
265270023
578222979
732965586
397196592
532675448
176208440
92174106
545050580
223218292
835739492
376975516
887673759
296342189
681987870
536036091
473856421
294068155
812813125
707553957
487069672
371637388
64518411
426254750
419133784
144054716
450072008
143652882
720481582
134142382
543154045
50657798
947244855
317243775
637385485
711649528
11952241
291648149
289070221
360797838
432308592
167296275
537910093
930707539
480628994
810473969
830972525
531273518
533011671
709062425
991592955
652269162
296471818
536664799
436572570
925231385
200751612
151968229
313831802
253141876
82603439
32555557
371692522
410908198
680064245
785081694
429730660
570429984
658956703
970338341
524083849
182208271
4997933
452015286
275245364
319773396
833727294
133810871
945625755
608659813
313082189
918798489
610641210
11419157
142549426
890884881
754185978
410580055
880671203
712154098
510897916
859984011
977816346
35928345
278194399
399753035
795603752
127001895
250643293
695547298
380743309
260542541
872316814
562673329
184978575
809384683
647271229
844456531
261419435
116799174
91504091
66940741
206342472
705171988
940059685
163804949
421914346
360273364
268358772
789179362
30895716
19150604
689758780
946802603
459440425
664099837
204391924
969069587
173820887
875492328
524169642
706725399
883167576
250078457
227916503
52539648
46481674
47967880
826440580
333164741
243613652
909729446
149160619
763872029
620650007
443957174
653641538
272644357
95868659
114389450
977838688
435330387
858643122
461463929
664651581
361592704
570783760
925514209
103232904
520878737
604992759
678201641
670635643
385927106
592629530
384778690
183773163
956264014
477255484
887520037
117323274
373946465
533832783
935194029
545565710
121166269
869989984
925886749
326152596
15483250
10458298
931747565
873200927
59431436
897653639
88839254
848082276
421703646
585426874
866323797
481755887
120967463
944734975
305561843
728171981
565412010
239093802
763233512
171242498
235871316
260184011
697377523
795388871
208348621
997066174
603892222
901497603
923449091
915898218
543485312
491602719
644897009
599361612
87749653
510420439
673245192
805000712
611204207
488273465
503790275
536696413
762069515
370837139
610931685
405764149
996355809
429211489
228270939
207022047
980153698
882072465
106756471
754644251
90281280
755299238
313080773
136358694
664852306
62365261
293761417
187341649
924633183
505805426
41941562
374721078
836858876
521605850
856985321
795141403
54926789
760411297
627889594
274960046
667452221
699174902
498114494
326540383
184457186
802584470
710364
174680732
673226663
716427043
935744519
661412845
384846247
890252757
509080331
332450414
197339665
536886498
140148405
548838945
194512048
316448625
612063228
256264089
328895577
236210607
568905271
474749959
572226167
433129535
152095258
219742400
254182871
831796423
87192029
391106377
257184743
986540389
951901507
862267835
61654896
119080684
514114984
208206140
570060906
380528715
989874829
946606118
12525518
524534906
597801738
518040290
620262892
79050648
80447998
351003595
87111673
241850405
997644805
948246577
233679198
525960404
602454564
240097128
564331785
716002118
407229973
553049823
803060728
117973954
75265671
210799274
584984989
277880568
487184049
75431364
802333639
403857087
686203181
948366860
246335776
622299152
462224440
47691260
835327796
634054967
599479507
175132223
751348425
736188432
303994703
15334338
988895582
3654929
628588637
535694490
516626119
274017856
643874354
854058787
973298740
436825006
143545390
894551563
449269235
387002463
933055299
342382323
591866598
5016634
548669954
683254584
555647222
49277944
701910800
611380045
63735963
554763303
404769330
930276816
116522610
232097750
801701397
66872295
813979249
59931332
221903690
581330060
649291930
951489557
558805243
528315783
759982732
832144393
975068118
809510769
478753761
567672876
598422024
448325333
700999667
257097184
583265624
746331790
187518477
620740118
459687114
939617638
301744127
17208591
471958527
961862815
869248525
713597536
737536176
741200990
635123607
76673094
80572313
389337902
165098772
351725238
693090391
640377039
446211389
20354171
923271851
723502828
