157109687
97581984
771820700
83441590
593591216
91422503
515570102
348681039
827782492
824745617
337077238
220479267
516268314
409869359
314537701
521955004
726673017
402837980
600922217
866666967
766033616
653851428
861109859
410531054
325685231
499319134
842620611
616684672
651814345
615778682
826898286
678785056
750858528
29274103
76931697
972201439
583323880
616513176
974688780
149315525
427306056
419427562
601027409
629709444
191231392
766733716
330504961
218486522
132052800
765941823
846621775
449662497
51031080
706601306
639697932
503258257
236472123
361289645
757756357
94272082
248801891
898885429
696866692
212003810
997847329
658292180
469620738
486994211
332937661
342336261
938631122
110159840
428149199
451606692
439360910
346606054
52824019
231400415
219299662
558951514
168814172
624134088
484631871
885872521
769156905
377235789
627753976
44257221
389576169
573673438
735729315
222034234
858756818
880416697
900513633
528420625
722560868
389023599
631862113
532939210
297112978
843510748
885548860
789716538
827310699
736461935
21513298
599424387
267240396
293091878
450434238
5071707
141989983
198804843
925457908
624667801
414253557
810994170
442846903
620611540
30538204
425363517
97418041
759264221
606606945
716596888
251403021
547732500
551093057
910940283
624045184
663800419
599538301
686360450
261838535
325303423
738585227
694915332
58561821
32694970
355722490
28329588
777016824
96484291
123239200
730657607
80044250
659951974
954958788
275845832
114167068
911566697
946176694
11250572
502401006
871749460
746092707
126284638
183109593
110713811
485058914
473780796
48331330
356300111
669046692
786633817
405533405
455629531
936966306
600154485
886082572
719338224
752432348
410151932
264889049
2208615
648346691
933749
636025020
875949336
636552637
591451045
592773711
275247224
796773215
712478486
717623723
588287728
183959444
390089074
579210714
612300588
511805739
947848009
547636055
881941693
979998257
420716712
427437598
336605381
325124201
624414717
722985666
354804302
389763259
394828842
159134349
536024762
746361522
500192390
223402768
745158957
490259616
307160255
474161172
893607867
881007084
773084104
559526894
956568204
69010094
817245676
271670087
546877232
20943771
273781983
207532484
804584337
862515876
382947355
22210356
227629979
573496150
299419639
550825135
12137919
868465377
237969409
885483964
401944373
553344137
181598961
841926205
683767052
166686306
834051755
122040972
204645484
473686837
654028186
934609
206914153
861189817
470869392
267595287
507878524
352744630
176108434
333860531
115981275
187296357
354550010
673508884
363414166
477982033
995772788
171662807
190839977
756335119
462023252
25142490
643037675
887600138
157582521
403224067
887411131
975319469
587903033
380190926
186892014
151741011
2887000
330897500
208487689
382012746
815296201
366440160
102626757
31824352
42946610
659393288
692356943
904108876
769502689
214648015
198794126
508090075
478512038
205785019
170913516
662388947
931200993
448310363
11663584
628885696
357896933
319314014
703607296
67645325
380184154
532559053
764841595
795917506
146968516
964240263
184409357
23652510
465021195
981401419
662685830
629332627
69036050
159015625
713388508
802629963
332785546
738928797
118097449
942934505
204429941
379321055
496807431
382118014
209277409
524503065
220540016
554576635
319233915
579601992
24115812
495982187
662832863
34981431
651640196
510387555
894551691
896439435
757140359
805262425
30238658
175141615
43068880
497110618
543099187
541580888
593352897
772185368
734921854
209033619
296100150
618968134
201216565
760672790
863215383
863099
35751622
382723581
586640097
622465450
743700246
629832720
704418594
885419202
957285606
166703643
966499763
34054618
507375427
203000952
908078270
436346109
981788436
312835023
912695846
29288325
336252175
999696812
839018825
667696520
931150167
448354647
819654780
110200295
283501841
405147677
294765622
902160072
171766047
650777097
474635933
511828110
309799338
134674909
61562178
400405937
470723020
157649676
539825010
376395544
575081123
559298278
264809940
531920901
300955348
859754039
637179697
888381541
847976942
833927057
664610922
36054809
543704754
918943576
691315282
295345599
810177938
594218298
601917360
552137929
871938019
64339691
862288570
856598329
728365018
396250160
126546771
847113526
251272844
512289909
558565303
178602498
459871801
462623281
92615396
371851888
183544706
287733879
809244946
423747801
767967978
406384079
54183130
337838989
986166173
438581123
968123354
390855761
443359626
766216578
590227998
876504721
555732315
987687079
504457523
510741432
697009707
408211610
803555881
904705186
733207267
790066169
637108696
335687032
275361753
486008423
576183006
81081472
826328179
319463393
111800892
522444058
784973350
178169559
784169950
465553940
10156561
524449581
870432154
289783894
428126804
735691009
403753900
485056264
922061910
682060581
622870182
472184721
958165757
581873963
674842180
775333094
484177997
904539759
690540532
977901807
769275382
718496096
62477235
500157750
862398115
887041882
564527580
123896232
654415685
67783939
91531370
377562755
203517129
38903583
500584871
172560126
537779455
513771986
476578381
997516257
386312268
152052431
413625120
593301171
863138239
103998285
122915714
244454216
644621212
336467796
38266061
880433590
487629025
806268141
696278556
291660463
461972345
370274403
427385777
541084921
171163428
279857667
830640578
854277971
590529211
245307426
268667591
919262174
81289092
502282053
237553639
970406009
427961377
693024274
591589538
617222950
304870976
469176063
637019509
758399830
764126167
320073364
479275019
317947889
29517878
211097778
889933729
397248987
342625025
208924407
710587779
167505051
86386208
935493458
826352828
106454600
321411852
559347148
2771959
617830813
835330693
203653539
163165124
142339158
98914157
67860051
452472212
794604749
214678602
79055606
986789485
992796281
733254893
668985946
776958752
851090063
800582647
512692689
824760092
379431432
355373696
871418603
576637148
872364683
791694273
70048588
884019800
492467917
866671445
485134938
295811097
745523827
466404103
19188696
923069136
560472628
156908240
336935861
219033731
961657826
758625564
95328979
182570385
263569419
222134921
717791496
434250157
417400261
158534706
975262763
305871952
808719162
734587054
623340525
262457116
963912088
627016389
290800439
350644883
28865568
183840249
960004294
927933303
729543663
783244507
241265658
526392178
714066196
745916809
216486124
694181822
463646786
293658957
863102265
620805867
260044716
688848218
313067729
650229761
73902776
635798430
466619539
333933211
891408680
179262985
487091934
10936772
843063576
756731578
959157046
933456237
866107799
986290976
190168163
777817576
798621269
167395674
453026721
480324910
980869261
191399318
720183959
671483450
942048580
281080941
842225165
515060205
871484787
2534658
2412400
275063870
313948660
640570677
276742107
393067137
717220709
626071082
36524623
550280677
296152572
230328885
683328600
957334617
786759762
283029886
828074022
477355808
103490794
85284688
822184596
92649041
235821497
832742817
669360499
882503456
915614469
795136087
391884630
610327739
337037818
972031728
139451984
840528917
754319178
684093175
619507576
225537122
709548868
797101024
60596867
172550186
130871051
902746042
184172337
750540375
508070716
762849341
884723687
659018694
453006917
364869356
411569411
786200098
180350060
909763357
39242373
481205841
971210176
394238649
477452666
922084620
234186452
426196882
213242859
324120843
90876901
842799681
203015438
102666586
663522308
602536899
767806938
306389768
24687821
649634409
961777988
333075453
648570479
918820122
374432740
152765128
910412399
732865935
157320821
972168460
560462317
353251884
660178857
844555819
644850801
138301735
254326945
315310219
319648357
138512245
938363733
704674168
689503183
860051493
659663474
665271034
559833902
782057100
995496384
850470017
597062416
105179642
761512277
530715650
947985367
706166918
832635360
52390053
19805909
324687538
11672221
501320515
268876061
241074397
763658525
737625015
182620824
358459617
457815783
525220573
348209954
452496719
986741409
886175574
711270675
257103820
643572269
788518985
259156648
709161704
592931225
128355298
737369549
306850803
375106043
455282674
591739606
129463206
896570451
938683881
305666373
201936891
295504309
994960818
126840024
437043217
435798106
448428786
96392967
922038457
482650209
201374284
324241317
470275811
502260062
144565697
118438232
875336701
819444973
690881547
62594649
44116375
793233404
310644203
731756311
883316922
763950965
962025256
865968352
308375851
145885409
53157617
461889165
519131900
219554199
146273063
156992410
991780589
759335550
274227457
821305712
195143483
692126018
337118190
226511495
391556940
804113979
267093737
804590739
230540346
336844442
716402903
310018231
205688903
876089232
261549998
408703485
984860104
263204506
243523100
673092251
473772849
582460432
788017115
776153047
429492591
739485118
805109415
250721611
355986999
987573285
126657641
116001150
545217516
869575833
867451164
351990355
456115214
84132708
340199371
79202942
496857227
157434516
635428005
971531407
429482504
743139384
256200261
643042667
958004200
737569576
172132304
728576082
515812449
601135205
347532863
612683049
904108901
560965141
797018902
652071821
999004563
16372126
448603740
242967059
210186800
600401752
764800714
336113069
8638067
909559641
952588270
900727396
923005134
164320158
176235023
316338332
947032426
816485706
346670542
686353205
483284856
162066747
292717410
618417421
815440981
398081557
600188700
944082310
522042969
254768115
447881453
895150071
287113804
688127549
80198377
480485101
708830775
392460945
761344607
829080751
978338669
920087191
634404599
48444558
784981305
271404906
805570947
351492291
424900181
31194531
665650622
87623194
214294598
110665697
168786964
836937815
723654714
830186318
427526077
