8396840
921802903
364507715
455559292
924914643
960126955
846540286
392418932
544738782
737258794
341685250
632495869
302524400
836935721
55843593
296478891
185788201
592203447
351986506
615587276
453727162
207482662
92954754
776003577
575769983
482279481
542424261
57511106
451380400
996226047
115090448
844201471
81117623
801648657
863634478
440630790
520368781
811540368
700687358
901660035
983354194
753819402
246427568
309395397
903064333
92760561
172804023
284869001
283531412
705238498
169309445
969631450
686258648
142984596
733088979
800914176
828848148
588504137
879789307
442635162
417702694
789029180
941038530
548512734
622168346
497483778
551378245
500875742
973301242
615212801
776110108
374247831
891516088
450326469
632233080
699907758
961055093
783559355
872939242
483009422
309475458
257555259
773979692
746141900
826916601
145458997
157942822
938133026
68559677
62720301
611782640
931864642
931751060
258052196
483957341
194325014
812780871
697914832
687227050
405580555
541382315
671928279
311567758
668318609
929128388
795061613
78115362
235932179
510751514
33181221
839859082
45288792
715564894
396779884
133159703
160147434
15049487
194896629
721596132
476709349
339540955
613245217
432316064
910580940
3430161
844245465
442496769
633463891
966369127
437908066
887126886
263140261
96332305
467358686
941627106
637547177
945987500
105661082
817013510
31854988
67343634
922010642
427381511
35378456
222861218
566493848
216299748
534971175
124892492
323809906
179275526
617884241
976318699
210517701
66039600
928137096
239612215
400986816
664888448
84882923
352564844
444651469
269563050
72843448
146054333
576718821
948956485
248206207
455152777
495612525
214159933
909388404
377883117
689741144
409365714
417530311
185863706
396937608
687719722
436936311
627945716
907525592
508571398
642559221
258632539
269242645
286821560
885814603
401319086
13490009
397934962
545000683
440772632
732130587
679290142
622692164
652447591
354538062
889324121
646142395
617537361
968093540
79818398
629279966
109649972
269887121
240001123
286577555
801151985
648509287
742273390
842674606
713267093
227952137
456937206
445039250
936080070
627003828
814210908
876811687
289897260
63141882
846887120
441662768
97677563
669159249
468615771
645752529
10451001
786673549
765082719
831325642
507613485
41577326
819398948
659852174
827707194
879291431
532909248
988745417
29241521
244005
84662617
752809797
271216618
555260355
831733588
212820495
275193380
234250892
686612092
25443762
540327153
12512433
356245135
554395479
121206420
638155629
531602402
440490721
801271348
594248592
276126554
14478436
883426567
910947747
335061120
671689767
408553187
797085030
617332055
56788638
94094579
825465489
847570166
289653254
978479263
94077322
170446149
542417206
837425659
255795275
370559149
776200107
100061456
739638956
290998488
495101051
685332190
265003469
538645754
189551565
347689028
92418526
187474068
434992928
724117450
70184180
869383229
360268870
220199234
160043821
804267307
478108348
616918835
629823454
931349182
714861663
164942266
66591880
575916214
27129098
467709479
989185194
603065061
545476073
223689443
499926445
914416979
143787610
619949258
839960068
986357575
143549717
258439276
427780490
709099609
1676053
637991421
412577237
565535803
908295082
224694091
810177278
322217972
677381838
451527966
892450799
159281271
470238000
808289773
576136824
330158784
618740310
689087254
511516655
721842085
358503832
489353464
641997994
211303484
224191005
155767200
725595619
740319610
380239165
173686244
660717590
219669071
189138345
920723844
929673128
76870242
752365028
501056075
667621130
802435006
657532199
666967222
925683221
93948106
331238642
340645173
444178978
335497836
43812434
509801283
367617265
454462462
746922619
705938404
350595776
512322587
995993425
201273752
341344798
752527882
499098471
69857668
941978805
503695593
790810375
672781727
970142925
549514155
878616643
499266582
577793755
117684234
21466123
709081648
64309885
691536609
563670241
548049888
880064841
883545830
711588220
390097782
696507176
870437881
806068978
206255128
472746451
483199940
570128068
417350541
80876815
551091275
159711277
915093247
303336534
587674531
724988415
421987628
303137729
658456913
370502247
894664822
456881191
544545850
932007526
249933031
432996338
37840970
641628518
659059166
948652344
447943537
321208910
457798966
40939661
109000688
373350490
71540924
697626614
584555247
200035276
486942984
979386086
461266102
418389766
26702480
957972955
106372875
405745113
476635353
966548192
141682613
244912158
221607927
513043583
816923397
933216589
151961325
938430353
556135947
773258788
434905480
841571421
911068900
468698195
632933277
229882364
701912310
874153585
194335846
214324040
653447491
724361013
718582481
458421637
883559261
915278734
995615088
126156084
905305046
291960074
326623463
632095855
164993164
692510972
806969731
203031378
99600982
944755381
224016263
175784097
221389165
133110569
141490667
811296458
765129795
645371561
68317185
992567906
785456488
796820114
256060645
232219288
211409267
262311312
313100700
417321599
526329676
763186289
629484320
901644662
937601500
25805241
33125307
264175872
446635324
802809623
676578256
218557928
661728463
429901898
130281382
757156927
650137322
18551749
992934874
520336922
582870346
907286021
693291840
238187699
846961549
3047182
340699594
108484931
35899428
94404175
420686588
902681851
379410272
389648131
676701701
336414692
315271061
322371600
238182595
195583923
99985261
877314793
364661134
962320170
968793304
849759256
330839442
355554589
666538732
498903717
582081964
192857518
269376437
792763777
834451252
619043653
69894448
391296620
54683112
934554318
685105645
924640375
228276444
352231148
382123035
773896404
839147654
272080331
753200196
793866688
441885865
327765722
780369152
797350951
420351661
705555551
542624887
730971668
269394394
997202291
672207738
985145003
441946198
536995710
512322209
227829070
633305414
586646494
555196878
57658047
266520243
923974439
267688487
303628276
510478276
175344885
649038349
12429985
580197135
194896900
10611601
58759111
602354392
872672042
57017851
254316242
412488364
472025484
372412116
128895700
76418765
338922778
121902226
57480820
262346580
699960640
482694176
691280732
839908938
154293965
140590989
252501160
716883451
695542148
527346445
517911425
60077235
476740875
286872674
245006775
56517202
530194902
150774533
74497493
986590689
613448626
382790611
569274155
479977858
258005967
815340704
161279929
214234378
426301178
981239281
927597463
802072213
210207666
41281696
810517635
692650707
957757615
172521045
425903170
54305910
758110439
341875658
906812243
345325596
539106425
194239006
935747487
185152810
127405340
72378497
546223862
188148245
47404732
70890129
648897952
317170029
913420020
211302874
581902971
338953259
979311059
38266782
290582273
714302866
599748980
715839211
849869567
435459179
476355037
552356067
98759585
357673856
724871361
20191583
228480249
271572968
475978367
223948558
940871432
63766960
879593215
976127117
86829037
353922680
435015418
739449217
754667480
139317537
392383743
493347605
779230685
746454740
590618073
86949910
74994849
719843657
51293385
192509376
745576615
823267212
344369437
500288308
708797772
575049271
973618911
188550005
463276882
27213149
842409878
377324983
841191661
689471462
270431441
518136010
459360043
3183942
951437743
936659592
279287447
860299761
961171729
710552030
43075436
983007430
773125380
352304843
767055782
637921450
945196732
508636591
220279583
283468990
478371942
117604219
719397521
379304907
267329345
511779764
380303768
246465413
276172335
727454331
296907657
15058759
652155943
89759223
476023299
72482062
627589866
71810907
768405912
114633792
913221928
885276852
862095481
633817406
457212872
725790340
801923890
621314067
421494222
825355431
82016415
333773286
157045400
557722670
211099520
152827221
798738488
80055136
735854595
439657978
556355823
32822034
584127426
233717398
413644373
28016676
330851487
683366156
876281543
694573719
10331584
873385824
740230678
105645791
370247061
593095088
255508737
85580115
922092033
541539004
709855873
758989700
824971189
450816903
645437915
963134369
858013357
94433273
878659702
323196078
273743573
547534730
335956310
328747933
558277967
880399893
301149425
628378083
220173032
429196195
394938852
118557733
745032522
726920502
815023846
208630590
593542607
51399609
187475609
618004430
897318483
713158372
157963101
194315591
729802104
797366122
207850843
133310523
588279482
450510002
170003317
236418214
804706453
553085464
420830145
462796852
537429514
411482744
547367823
489847166
291945663
627130652
865407081
492895838
146600151
591298139
13957177
98050687
635793055
436807325
369591762
806613748
906957662
260655272
425877594
560585200
389571629
141640718
598945827
760911843
672549050
167838901
40098600
769663029
259192877
158520638
313851279
191947058
306090357
352226994
671201075
182059863
504031785
697628442
326058766
270187830
847751289
665067261
47715440
138503965
783408945
109800156
497517467
151472156
80918240
363389568
329460550
544051181
127207870
860244943
73225223
395788795
812536915
786455978
817298114
124106761
587032051
95744052
233702960
988079511
277446859
822010118
791960329
283566060
765606249
187531899
302581962
209329220
934596504
155689763
712833909
724504366
93925278
460441862
977502896
562748894
670321432
888626443
688744789
895803308
829060087
769800097
64739187
445845412
279001770
275412279
369522946
717575805
880330326
201952004
683155777
752007237
431364300
59635927
861057104
961398826
317839825
213951406
385865906
893386340
60807605
120131330
609454675
971518105
147411033
348720855
301863516
352095053
808953080
254549220
453785327
698405607
406999262
337899651
159019424
507646761
757270930
346114917
4564289
490193969
818008951
585006156
328998892
732644499
472533985
960826671
293140065
34289350
599384756
