490491372
344543645
997584205
797395153
211797424
265279976
318667988
75343911
876620424
479609632
114083758
46808362
992153832
707041564
404828742
281936204
694126620
111616339
771774028
745002192
113351414
655792303
352063408
207295240
601227985
659477414
335754608
83854853
494340618
910529520
960113650
339515351
363003610
251533430
18360511
798217488
721788849
980296706
979921068
42438997
393835134
37383033
532010489
891538944
912110219
114039572
496982349
103097429
647566925
371667569
443708755
25536910
726280397
845566526
97686484
834699068
992480235
790288965
196167168
552320008
929525366
234813134
581003291
966090903
519495981
774568406
683804750
740620401
688681053
606611252
560147353
713829913
131695270
729335030
351167058
75968380
123781813
460524463
295185020
487188413
162495064
232657178
436287927
122673048
466820765
934576739
613234952
517437083
153846945
183661442
805737252
931499883
784129538
427601059
112913630
159021999
456379741
565919585
372042963
137541812
430234820
756361946
414416375
40955672
811520215
729878841
893841639
996945365
494399467
21718103
710917254
531955771
495103945
708978753
389824944
696868187
798525206
458330243
499270137
584919240
161333454
166367666
586773455
505019610
800873999
628647469
929700373
704094210
616421400
192145059
619588638
557862227
88481500
157643207
56953592
406133116
818240801
395332254
311152832
736941923
40735100
616289585
23037616
132128842
472744186
273781480
436395938
75150784
37776114
416045441
360496791
998049497
66649447
787123721
976208357
263867154
169588491
909396763
240081671
182872746
800178466
189747428
380523965
302254408
402129464
153055027
443474271
337460737
652025160
983691826
878627385
403192952
147177410
762328213
544184140
545043867
143330050
454644613
32275424
527092518
192251530
854549588
666318095
200375958
831648266
621539140
491212779
301357778
181434848
793086437
236544625
908844036
155250582
128280086
936763456
850987670
235765620
720783206
729999377
319689159
830307208
98935200
423125623
54084286
537418055
957303838
850872086
304321233
242939581
431164490
120537103
714943876
877121339
712989152
990621214
945628876
523429332
180148006
470606140
780590322
661842246
142116493
156025889
858938722
747147201
969783347
247942369
18897324
825564756
693196468
309278246
422546842
724645235
712586263
696785309
93316330
431423965
612233808
662957902
874344427
770667053
186891546
58418196
750270357
672549333
521600747
31722697
442261429
137658871
991134578
327558338
55617613
250177066
949409053
657846912
688190715
942909310
564186899
306937084
567634707
709361468
831974762
478756476
549743111
121886243
697990259
990298639
164535075
16203842
897304883
514204911
911195523
517190103
596261711
9923269
474950699
83698296
405755530
186389388
225546453
938060649
805680938
881238452
834430176
365638130
253660633
172369776
775236181
54739351
8594593
150407019
867237064
305296724
95323194
164982958
938692290
708135068
508675083
628384113
974559073
531302106
867187620
426057587
240353986
476929667
416362813
538427509
653915353
939485784
182896212
604492419
537153779
377797511
81390630
629574056
903680529
950736308
644326298
184104981
868225609
525620483
215062458
109795724
7609248
746897864
646967845
605898799
421866908
431278753
71230977
766815629
575023211
777371415
211830314
694244346
70873029
379623351
640884465
357500509
949275315
715233123
518454422
835750395
871843137
404102173
613253239
489439553
223906093
465749136
261302428
987955980
63808770
324570102
760158503
448938590
316239647
757391896
418448338
493456121
829961820
810464013
116560600
222636599
868254806
416080581
29469207
759782362
165967197
387146283
558701027
524057178
309851843
286825788
234829664
152992486
7166060
379312062
237952585
603507073
133644625
157528291
381992705
956117771
169976325
83274996
703006859
250453109
17212912
762891722
378004698
313481131
961175011
147428344
527538687
138811301
598672522
295817822
967495587
455762556
374632966
853470875
323472356
836759809
907048108
737245249
678104137
776982980
89740437
607166017
441772529
936927584
519439310
814941263
359811496
672433529
428471308
160442828
52660274
784979810
713073721
779016097
742569449
403075473
9141584
245219895
562882165
162423498
759287100
96018362
554319962
711348237
411816473
782190028
228874107
280173748
834055933
545232895
49069663
432731074
405170858
926023878
160712671
410046894
321119193
441077112
794041820
146233748
787616847
855105157
710339992
438229694
243157547
182515777
742688833
595616868
110901425
920396882
827618224
661828212
174363084
515680638
17695880
993722074
52846054
730424291
525111110
737249280
586067156
79637748
838377594
883238412
111373165
619929198
379808952
787049842
618303425
332522555
81956279
568064470
451178074
416648417
374806650
904181942
385678369
116090267
468190689
229300696
39501194
633257237
169272322
913659050
717614669
387241449
258367990
889490218
908327998
166990596
357200839
590694900
915966001
56792539
560166590
707979098
16727562
827101578
326856529
623228347
802706823
955638990
977313441
778378869
838440602
259553753
210650137
757714666
140873987
113513936
608043704
936755785
262233602
295810413
697748086
952809917
910365425
924718543
165623742
724131714
361561207
490318732
878721843
451312829
975321714
491261378
652098468
394385535
856481825
666827550
887454380
558576789
789233737
844962340
426593872
83862203
655943795
390893451
75218447
458060915
176591312
500653323
748616231
794814061
558946890
420445053
328461298
620155587
359044452
607356671
797613672
92009017
661477835
602724814
261667140
312388091
76917147
526000612
803057153
347179224
607455284
816264601
901232839
474046435
226059555
49466915
147522048
417271260
869216540
613885882
296866122
519471973
849500096
707562826
547540401
860907882
741702500
83907781
892365938
554876661
162800079
31942881
35341082
249125153
869213876
795445363
897098952
186508922
583295200
114205780
6945055
129943183
587836296
728039221
850605630
360326709
599420483
274569795
568754505
509479975
272923004
911190036
750939045
745158568
310490549
278141699
242508919
953915008
55184412
400759256
570685589
993009365
633634673
248180492
184379144
575512402
780923518
652107685
604832558
430614191
152367961
961013124
833976059
755010759
606940827
166922939
931635675
121460874
856957194
187213691
261487399
467132705
515153274
382885962
281953656
251610041
281003834
290182513
938634603
591072177
552936443
943183942
131324510
182535943
543520189
13935689
496308508
339655804
543660076
275093227
579403190
947312796
669737236
138140314
357112013
311909878
77213976
995928284
138217741
143567609
346506023
121048045
96957814
867970719
139271856
103552884
477856090
250748710
966226834
932769102
294508568
490741005
713473081
13760380
877677747
209184018
829688614
651440115
211490569
593005138
670614429
591979870
577800796
581863966
607810500
314174602
797395467
377012959
25773949
970043776
174396064
285075548
151964771
795066993
244566154
431888398
846226128
263353789
43264087
439967305
536079597
245559798
373428969
610890973
980584658
88662184
233839714
655976855
260462566
147927994
482221263
425773860
784437714
545212601
472953179
754526151
543247247
515093846
260160219
825097253
306157416
100843130
224974760
996183056
758373037
9433019
338776233
918406087
769194225
445789349
362957889
566334825
608176028
771523263
56925540
425054630
218550901
966909821
601279306
519148316
80334887
141418612
116550393
877845954
487822513
748622203
500637833
606752168
322113813
490040001
888641149
331132281
3193569
218166832
133809889
435236467
20585038
377245912
852517935
971151639
749885949
315433626
886782628
814673216
784970104
915886436
817597830
12914450
488287061
47898549
535975250
576337425
913814539
741011901
744762366
164738803
984292736
347128805
508360542
9750833
508795185
732024063
596292273
279154224
557148198
31825607
563141255
390009195
637713374
621689072
404469591
841304988
114391885
630127666
769262366
764901259
254635983
301877175
92875849
571936076
931024372
487723382
118465107
274215264
954064750
312303724
417317741
262181667
473404465
969071084
450943730
673456232
868885368
842767102
462356453
17861885
719141351
607628404
257525017
753144497
352745180
427588634
375201075
866597988
643428956
694670260
461945539
283686872
971749534
979861105
910102819
682415560
254252955
936424465
78726460
21071802
613558956
322077009
325089472
244844474
614507865
300959588
916604729
668642289
170745341
731013358
972419618
271624781
167771212
751400480
45759908
647007577
44352157
339731351
219190895
503435737
112522307
251867117
630786307
259394489
850358183
133630868
290432131
493543359
58968265
768528168
419203276
932460902
764040642
441284651
404302927
397064342
282538931
12680543
138636631
51785591
510983904
706558785
695852646
912415597
722250641
190320757
115915659
220349054
934101196
263095241
638063402
914521603
717233569
575290721
908549494
361691838
691290700
65694983
394486290
480876996
10527457
423061370
609674024
402217172
311810081
39958716
507584138
726486560
347097552
648695564
364468646
31671614
201094719
167405303
992451831
405963521
556014469
718370709
537143847
660037425
17715209
70083077
559442161
795873022
130464766
504681672
215227332
188749920
532735155
42611089
705773640
216843948
618194251
657759634
41258134
87922534
96884760
293635474
600605515
682291925
682736618
389429098
873251500
285405631
898626594
606391787
713426883
549828266
582838889
502585973
805677367
972919990
528551134
734448863
463161787
940444379
863619207
813801000
271752406
807128407
824731383
318834218
193751404
304486463
942921923
147624697
413477361
543335084
126147169
904529297
309078760
262378995
117765193
854851921
977300806
628286109
196831575
274036529
897246426
524072977
791254787
665399064
605911030
30149182
236933720
732853648
688292812
883745387
194597847
100813753
224303325
283083759
21883068
793477107
857560541
363902400
195677693
