247736148
166841620
289654650
762576015
83164543
26248408
702286436
808627758
167881311
661596247
939720768
329936772
24469013
691736938
803978849
959429795
577093187
434740615
782552707
962819669
595737197
198951078
416397480
409072774
376630322
83070482
386846437
955294943
829591474
353286989
926203234
656567472
349276305
987661833
42758007
922280114
528255956
902994038
475328491
559982156
210201036
456965850
623768700
62723451
454764671
71736015
601396775
476630742
304760685
819469068
623973393
290276068
245514918
5546174
572919362
48785069
750444139
880581874
385945693
94061
639401969
746991491
979036283
814594320
735393011
283153296
980660465
36807178
648978931
881698734
431173839
674099147
959412123
222570551
752618632
138771346
575182376
353674028
954308102
304894306
481673706
910215693
650534257
10122405
729313595
635927165
411052553
343730130
414742470
993972937
171835974
647674080
517048345
475234429
920580185
463209543
477929566
809174379
327330439
171611374
91075548
564589596
827651810
423061950
388295229
949874245
330863944
22944367
252927540
434148016
473602692
396770111
926273771
81051386
518420354
729186274
96457234
968913877
85280725
99465845
872100742
636930334
622064707
655005992
709862759
783499757
157050801
484177693
301990364
289409089
660841778
766007996
26343589
782696727
213818757
917084109
82563883
227472307
621827175
779439349
305063221
388108185
90802590
980594453
520370244
775065862
721400308
435996958
956814073
191393910
366752309
509015688
723893654
227864593
299510631
454145212
942524888
172645817
713199190
604795470
792823443
846686249
720954001
963518450
773306236
707594695
370426521
143577043
867232628
601336244
646622391
868984926
347086701
305841374
794402622
483992556
546127744
641470252
134635748
934796895
62099449
721053842
527363619
110596454
922656778
151826090
42114342
798478994
483186096
759673543
974559219
909918064
514273115
17031704
986615905
458376971
667154183
127284138
207288217
812775548
404639340
577823264
568764329
355477829
544771518
497767382
161928986
418052279
433461969
815518073
908017467
301054635
38010069
778402293
542696020
71769601
319322630
610357547
40861671
621480145
665480353
571947526
660390946
107559084
626777023
736704326
354711810
330054996
319225468
336025650
816838372
418843605
434182034
321860198
530157555
484276184
152289512
171885789
565824934
424889396
989897102
624062061
365017024
667668022
851656075
673504584
871907994
735870821
474335683
914846303
139054341
56796635
86422467
585808070
147295195
832691813
917432317
461205245
728700804
808067190
143055572
831873988
98826810
97436319
998679699
489173861
866872600
716149869
248244738
58419836
919480087
147436840
44532612
615972274
631583041
41418291
206930501
992722922
255903007
953272438
864796330
618840988
855719312
404379164
196971309
760041736
332421138
848373962
174565003
697465740
566843866
691084266
443184984
757757742
281833824
158023114
525235251
267580705
668988321
362482214
806631982
155758124
487626082
415915847
995366215
991617500
12264023
470450191
954225028
105876904
625761311
924709393
205302237
775428365
943270859
524214582
976154675
694447645
900465008
238637963
156752722
18498637
541584866
550778996
491575968
228395821
704251855
286774868
334138450
473559927
516183038
939349795
323734601
893420792
146640455
709038205
131214905
439803465
409012947
205353808
747777713
861970946
894148933
68688098
71704429
642134472
485782028
667756618
814486882
757619240
181868438
830787605
367115695
430350358
205729491
788133345
614173256
936847084
924339877
766970393
287365645
725489154
136311741
480665100
589693864
686411515
600974791
311881443
628787909
234232653
392999676
536351209
285434697
695111200
490860249
294781775
124349703
472896767
479074567
849441495
742613791
36495237
472287984
576519209
291691489
685395431
572234099
893384241
687691301
358507109
94864949
194367820
515463587
642042553
917988161
22288558
725659205
413483832
478994232
385292912
41159680
173900585
38968708
580254229
364619563
645517227
545352908
672004493
939490108
910947714
663783641
141276488
457772516
74898382
24356602
250870407
253201169
559792530
188973611
904298432
114177416
707590548
624190141
270280799
139367704
198631856
20887622
643392142
777123037
468571690
569122569
710865870
993902534
93781655
808281814
568713206
997526527
892033754
211899645
646174261
140042523
900229604
953894132
776743585
694723466
953588459
736595302
440565204
617685950
667117754
769087388
165866674
224510220
574695799
271115496
333569130
549710442
768687908
440886525
165987707
624629604
901960764
894881455
470918418
341825145
952917770
147373953
363990861
266616566
455643394
253343879
361167413
347892885
542799349
764255908
213947810
753696415
847446555
575557331
185779244
462036553
580322416
25706191
110005283
699484300
403255895
486355649
419206734
822666157
474712684
19002764
228838619
451147229
45911938
21544656
238081757
5348149
482975714
434918439
741805695
806214505
372604440
173948638
162042556
413773874
407919974
817973787
681710870
810439889
57167686
579872714
702263886
193130576
255107281
703951153
44307188
876254572
784876171
771434116
938569249
466562120
728167218
541324703
791903881
436640630
24505260
910020183
301980946
521254693
526174151
208599661
270720700
412528115
833751635
379564737
89432112
406373778
863663634
696231408
291564325
585282106
804644778
608766843
765498471
894839968
316738876
35708042
196039948
341960784
977237467
361827184
220471976
711541596
496349189
275243574
78047287
831279736
382044756
725401924
389268614
497899790
515992840
160456176
284265738
848568023
309152013
289735770
359378940
875542542
614519040
637933408
12590937
88644763
479869791
353287143
661917341
119400374
775826230
897063911
119901753
988797216
713980235
960020161
544017225
164346966
988127683
559179102
916178925
558508060
301517450
258152374
24329022
138261710
306962793
793664534
69289265
644188601
324501104
916930446
585687954
27003106
676329101
320497404
727441742
339304058
349236246
131827213
231671805
143062045
613326232
958646911
55453505
484980843
605500170
400471396
783919553
555972678
616438950
119918771
860440338
749972910
373556844
800870878
574025091
356366665
613604386
874329226
781681968
686205255
283997878
17728739
794899268
858895782
311375957
92898647
312468115
393482831
232578419
204713167
815110719
856300470
327507296
773116879
945181827
342870537
202698869
539348177
532761538
906491396
9744981
513316585
27749651
204582332
56490107
835715043
653446260
875458221
746472311
371075076
725699670
474907018
350145243
545466549
859064166
595597492
163747643
196557721
173604885
512601522
88003281
390436722
323394259
411725783
304808051
4139868
422465613
600439963
855689050
231154553
153667796
74256209
341567687
875190570
676460274
770681291
989979087
590316935
802405674
475660912
439452385
437009892
647010518
861503341
479013495
340203700
506155226
782040746
914052712
349584335
179122894
6141147
365743291
20160015
818488115
619308258
189922326
616023866
899774280
52350239
413249430
53006297
19769171
515317757
217407279
651443461
133339330
474954671
869006274
88382875
605618403
573430706
394152045
697943972
73149137
650993388
743426202
461890917
932712286
964604350
497984640
640424865
686387250
506104714
52031659
147526649
708512916
321407672
56702455
57152016
580758964
373955221
690542654
750055435
62411482
386446088
417240720
131692760
644096061
827570033
206864369
31200554
913034471
825669837
743965930
605692187
611989100
667799318
947010877
167494726
875882054
728031408
683311578
935169929
554365597
772824563
366619046
513664455
463286098
69880630
942930543
811931657
418252215
811854258
507623909
231663182
882888051
644096609
635532489
686703047
233752667
611733442
817794854
105142252
757739980
466784086
727390393
860717412
762138783
446339470
535537548
40713597
374396793
889207728
181269960
852727555
690643641
755372724
195689838
289586918
19827042
903576263
668406660
574215430
884639488
394932710
612948337
101180212
318045927
512302748
722804135
967892489
32266829
260307829
933742057
264148611
910236552
578169325
177429948
87581511
45434169
505901633
751525671
16946628
534343080
902216946
437534863
529044486
630584297
654896353
541019539
127515327
448406771
345945570
666876005
330176403
943326780
243579423
220502762
362807269
853835747
626210180
542671484
249836034
723535334
567645057
8446767
114088964
955465669
917121347
942491001
112474315
577942775
108108327
244152749
513925408
152050591
651460032
39872350
982422541
957397845
83903850
470595914
663149573
971283207
595288808
519485718
686321258
593431823
603565654
320821830
666657128
357666563
814622677
233745762
419223987
963230147
501689637
293411292
966698022
893770178
323445899
573578816
713462948
712405350
428545224
549572550
340298443
101792821
152950597
178125811
291866747
203707073
238080220
405409422
769931896
155614266
879521909
278552825
128246526
48159338
322125508
520657140
351900014
596299517
275833872
754807751
763320097
874362563
824928760
550695259
650360953
358048739
73174327
88652363
633951946
510325033
757132965
950744222
542737982
45716257
179187274
584528437
440481225
425439843
28955082
462950055
119586342
409213254
463813864
263609721
83708238
223136811
165164766
918538683
571644669
802788758
221678802
117163430
436571478
673737472
786252452
465935879
276864059
602255337
527764856
933818007
130532746
149427856
771457475
259606863
398481299
928777685
735814842
82530268
868972063
737597070
80175914
926460169
567344435
812883816
635221408
354106842
410548698
561319038
466987020
427224142
192883972
154635643
517007692
831163186
288646231
639969534
514172744
869000509
259463804
713251394
307664377
838225887
897674986
95137074
332417308
970158485
637755777
204207001
865128420
154930551
487321968
82634498
49566620
834047597
722612844
295218631
549818994
623687660
38516064
432145609
55387180
715545019
135268316
100540714
