80706764
774777037
533575711
190721921
381691178
977805092
245723573
157433020
104954482
519758428
664477470
816695671
930650016
369110052
466052951
382804513
67039778
153803531
136470294
169415479
14404071
905892763
915155133
348970090
201669322
38421265
165421474
122758392
299948115
311827340
336533397
480135645
556759720
870202698
966685417
577998917
748073194
684789680
725364945
696548699
561772040
884157162
132030429
585908676
404150191
943414737
454889253
35892790
509101571
277503532
979099695
898606625
998820843
474289755
93454644
174814000
859621903
184605621
989052597
343269912
812383618
122965181
857484904
793127140
183225030
184341824
259935950
60447317
402424633
888054032
634731317
382250096
428438585
439921593
607643437
130246907
773862333
329246457
944819897
258254583
583532011
129528684
613656819
22444582
332727644
437926771
481314801
82469965
776748054
791871417
718377013
563467573
695737082
382095033
884165080
438806859
26672258
338903288
402683645
219808366
683478787
394441935
633468155
621047537
642772213
596849598
470168040
558899249
866646316
963207735
400951665
530375446
239785722
730798014
759737900
682854933
509308360
835040321
460399496
745298258
703027022
177465984
283699262
610553215
169677019
71263744
686513013
46343551
555756512
168836578
103574649
434959045
926562810
725011531
574775795
189090075
496060528
992609281
379672368
735878044
967758730
922415550
215823648
813540317
390919751
188001566
323681851
964939067
622357132
201310146
929498497
191631936
878503791
657385386
516781342
506012802
110742672
22914940
451370517
571508469
910336584
423824488
3142736
697809737
859633086
965992619
603812635
514774189
156022218
570647824
186794405
516699078
455367952
724521450
777539527
780611470
961642335
470158944
219633463
981675451
747581892
721573945
423986418
354446366
239338080
911942712
556455253
269177423
208230188
68762992
78347403
473145588
541238763
808163898
825541459
543934241
919272813
518013909
953907230
424927131
584188930
808907660
808916848
51709307
14515740
412799419
736263982
153982340
879845858
736169871
544370466
640583727
803281475
469695065
823926575
188762639
999838068
648696369
458471657
947690373
409537365
334635211
306544001
87259225
492300421
713648816
975460313
647204053
898979989
233605285
861338655
443628425
516251712
794706331
397486520
938674231
912657095
372277111
339930625
826538660
175678729
402472912
389331564
472060316
524392525
437763674
669864111
71543698
984237321
636778820
544096172
270576444
59542252
6216857
15389765
249553719
502363658
721657623
559408885
300866923
437339104
89059928
255002349
646240573
874831214
100742041
124332014
8575144
72208544
885252343
276105542
627560957
308765744
631932996
772011643
7064453
945303646
834483684
562866699
54536746
43784704
903916615
662966731
262201169
689509112
590762211
384086173
510034855
779316565
147932801
436310572
190999472
812868224
39063702
389199555
86618800
147470562
743090990
597229101
423650484
313431659
661288967
999335152
98984977
360673277
916535213
961810699
427609254
234205212
8325312
304250072
667879973
158790924
504872138
257082218
533422487
426093196
992801179
956731459
284069002
716655866
614297158
229258577
924275742
448941771
85106070
814692731
269702041
242733440
685392843
859593889
202212656
237254582
139216214
741105086
382495736
904581462
563981754
901527890
772973897
628951511
956476917
275829643
770991253
843682728
768430597
32208548
307996085
781981483
855777066
660525603
154669382
786359529
313160098
706994616
699134500
432030389
75059410
650043204
275567207
101842481
692108657
184875814
548812368
148731421
102037415
430625390
19574709
763767051
874586480
628841024
862111440
91273289
183757561
655117489
760178948
338467514
458267323
80593014
680511172
52897521
506696646
487720557
386956373
24867239
704924507
415853125
924094482
432221597
41970585
950465345
829522051
913938548
625960682
671131416
936842853
771601103
727017274
622259831
741645312
337805206
12633839
544229033
907395001
226936041
798414161
63396092
602601967
658042607
946815667
360666985
973763065
994466395
969532030
222669686
595145834
204388099
797919440
523945128
443806912
686184289
506530907
587353110
721796465
924121133
799318972
948172891
465312605
512626144
718274635
988577844
611450239
836007490
338947700
342705966
40263682
962467612
580325555
160020331
226453077
641528414
813251156
266051874
485405929
681303599
976702279
835055655
944406517
403290996
75985582
732454753
973681662
203072145
178452918
55461023
831274298
425280727
822432566
983273866
427617068
850241269
598083486
89975823
939767971
958237822
749216744
137755574
655518694
626826064
182406003
632678221
624062543
637899108
297492050
802278497
872933131
240479032
101947181
40492866
947418853
964263315
3766373
62021608
436640562
985819881
14896181
408378093
657554572
283486677
511431666
614982954
140035045
597051687
732403261
376211806
43444928
723275333
326283902
527168106
932086853
838946704
179536961
317580452
220884993
443307359
108392210
335782553
905580094
376174420
182527891
590795266
323333545
781939700
35855012
463353752
846474895
536061877
653335260
953948088
943341640
340838650
480201001
372032017
115394397
567423048
492643175
27010855
905495846
921280242
758833569
149657797
914195128
574779074
108406011
108472148
784726353
686185919
841136614
993333201
877427671
679113627
502797998
281380151
100958785
920636399
291649408
358095344
561196674
269049509
529736910
507383049
69940072
372335812
583826464
591248202
358745703
807504943
202186055
653461943
950664183
81381354
430286706
984299850
617340850
32870093
676600136
748554469
673533688
927382863
678627397
160288975
694925261
660002058
76520417
264228012
838040651
198820849
271073231
194757996
275773639
134547830
465814179
636446336
391543332
251450519
79717725
541859315
990952609
517157807
749726444
977221409
483999864
187674670
42669017
796046316
248826921
518498147
664039300
68088692
244036263
543094938
684561654
633813810
590422110
369447934
812457786
409938013
295815395
319598452
753207550
159924853
536431711
7428058
377688304
816116352
615567173
793840368
592756517
365890330
953152367
134740820
757601859
156375881
177656418
701405986
676289110
507250590
617333040
280474100
15401091
319542503
534781548
202984538
950721732
732678699
449986175
832000368
46024226
22095398
438992731
669779710
246043920
671354157
763950256
589801591
440789697
476571805
809986365
226552664
180479143
454986551
925741629
298148969
114936324
109295442
785493077
528185773
456157392
889016123
693158822
305207195
792604972
15341294
304197360
433665046
625143304
333447173
56706324
645009603
366130177
783566804
747816142
570661118
926897598
283372657
888696898
86247702
392425623
587854826
260616288
199717304
697264224
390780376
99994956
560414538
393800873
236632578
88048214
841426290
947185621
921800401
375842976
157008102
328936574
133785535
877174736
230702625
367156796
330285209
964658285
107342524
419865481
164976761
860422485
396912338
707170408
355080510
371251370
831563666
220598542
699245375
135760149
868302564
628399834
493441518
607942970
401824596
915346336
743782821
39864173
388510725
245398958
215280033
697823981
444329775
407723828
590808040
241724544
793112062
406197919
657994272
719090905
62140414
623196539
153273763
779851822
532287463
530357889
703082617
853244128
38720363
865381207
256484547
620827747
247940245
786040251
507540410
528608266
835495055
525842564
475350139
315356287
623373974
290421036
576147560
861943565
204585447
467152778
416092710
989188508
116362368
113355966
578139306
425365746
562604269
980154469
73619734
245106025
475126070
713589694
75655506
871466706
212263719
890538691
1143809
523129516
988914410
594452285
449883735
658289522
900183416
62199773
406229487
267269498
930847778
342637984
95716930
771719377
47048978
291330197
575266374
65134685
114265178
713894107
736881760
925364396
287241901
831118800
58223477
267785775
712420516
262434385
53482196
121905360
450187057
603883432
103092568
732835281
289277226
53018044
873029154
610133161
17269042
757803187
89005092
54162595
707126477
310869807
494517966
219966284
884437538
301900356
198057046
183795872
138323320
10520820
757201528
498369610
153656931
75779412
235887614
157795609
536228807
182097960
945869004
637749030
8717576
284324126
817082439
326964346
239545415
362881648
482442150
994030933
418301042
965133211
47865643
356461989
624889015
682719164
218237918
976372092
336600833
838257192
383348236
410520159
64377339
869686323
983582039
439666236
846681903
604722957
579178350
213497813
817130428
715233544
73904354
835171081
811934181
451256060
45445018
422802351
493787367
167553619
980420867
521555890
819458205
204026111
765494829
173190107
962655176
400739538
873480593
470937765
857541493
259515520
821194774
697971613
798749722
535348844
573371691
139031252
300742086
377416202
480282442
634822457
783703296
268944336
176900505
703067496
891228857
212694560
544527807
173632954
637274145
795435566
482584725
169047214
857836324
861792345
591061953
860351227
104191494
810391931
477011059
445942364
731242362
108240584
355956319
557614907
894038768
375932739
36421358
276585336
877884368
906413765
122060264
116371164
687271176
345598410
737852592
550513868
27125605
62427332
281961248
749960615
856211729
699847639
833663619
62105927
776930794
652147560
840135288
936957376
944286890
713020463
34839758
490350153
900405142
34340077
903580093
675462712
912988016
619285597
809028727
515296118
176273202
267942470
295748585
730860379
673375301
366213561
481776036
512237914
123939753
40548085
833225621
41764161
528430683
727050442
589730634
31394723
274576964
293850391
780684112
241891207
535797449
99463981
332298445
164863905
871574007
631710110
215966021
652931098
442018315
62389879
637525850
407840007
253398603
766665129
573687413
588269259
404099053
102803240
388730625
410717232
170371524
327897374
813017622
903738805
