792712392
469160254
562923725
53800488
208977024
409360109
729934913
236920268
7697402
432605590
841572760
531385168
563302888
82748340
663596058
245772507
165866811
538509837
93029319
556224275
945466525
941860322
662942946
883392596
428789726
89297813
61552648
947679439
977966277
520075825
353243328
142293057
308017975
34811319
659526503
768051270
125855378
394770342
513419949
163790955
672380928
298014314
887932171
971976550
453096715
287451257
851829508
406731037
307288789
68658992
846418950
935546200
670795071
978450654
355093766
850852068
806217307
679531128
625010761
119679211
347807460
782255473
258953989
487621576
79362261
699279702
223367193
528491568
423221836
895544786
119917129
771096467
25089887
929238363
883843346
647452211
53928151
690966394
430295880
141338468
237468303
654821610
640390650
909307285
673656874
417697127
471497985
329567320
679717552
808674433
961833962
446324249
769759580
393740737
815983493
890125453
39060324
400310595
892614288
753817012
64084064
323337939
983509200
411744001
948741862
75322482
910456312
741556706
94607307
707641554
796923917
115250913
249235247
483672292
882210906
692985849
141864823
349646703
813964700
661665133
227781717
893799871
848774015
614547401
933710823
673592879
1336887
631349149
113254869
993717891
608391886
653617554
798352104
676478867
77254404
914130363
671312408
228646648
960565422
598334391
507240813
729941277
234960012
972075997
11750515
846583048
197089001
286087288
511529830
122997644
748260629
689413620
586345893
230949154
526035294
170284191
474563922
368961798
478033177
275148982
73985595
279107163
628301837
100889415
99249667
143306362
316898807
572756379
406417887
968080541
21673440
913218174
389081280
215630309
154424320
497840439
658839859
876698017
602796886
87127774
476503877
715249597
119819319
990257223
245457261
918978264
67271661
567402949
150443572
906970211
439566440
302350609
750613470
685416439
524348796
228133649
101639439
134070597
872826329
868444151
529684241
624332621
879669399
543449287
101324204
835042454
300332339
370715584
76524834
28194855
511444331
597865904
766164911
390905402
798645104
358735997
159287844
638044613
855432152
180271401
76034701
749495856
422312806
499447675
528514101
719322829
162604703
703664840
691281512
926290669
396200999
524769262
3871687
734352733
557443532
852171255
835580197
576370031
888933019
410414805
618645925
696556076
490878115
122248717
395525879
841700534
536185697
359708067
886771333
165612799
68845805
463594825
278638443
692554927
792409450
780188383
202019815
380221723
14935185
382001373
672437750
596667498
679434071
150234164
631993855
986675068
593994217
31812177
833461869
946473848
523155798
582917811
749111592
445017346
561625475
379478624
258617741
300064088
103921796
686813565
183137132
802896635
816893505
525668712
857444863
932606172
246130818
311316759
941943282
777255148
650151440
455358473
561434845
506931645
737977054
21978426
17122004
340643951
490254861
408850809
247706317
504373519
526246196
940297484
642456999
485927992
714483231
833621095
130929451
412930825
521570641
901955725
276299927
328121619
198864241
869541114
779773992
153765358
292789299
699387681
740544249
282677457
89868894
56206721
296322407
67797325
21482966
242179947
707040291
539647048
362356619
917973789
809809226
695070985
439107247
678763611
276650438
876596019
883211712
371516871
218122940
412509722
180387307
529012456
255684506
748195713
179058545
233313226
308067404
868435938
242204433
863356645
47854651
790867179
668306558
965028858
414504624
470039475
643975076
574659673
464445026
472303284
126580803
591282401
50574206
603596850
92146499
581228941
889014370
520100628
592890675
903177971
270553644
921272427
481264740
328034527
102290150
560856437
800522213
548126693
888738778
788169738
934112542
838604351
297442615
498999973
870119138
18942046
26764426
474078388
264258987
806610962
232620942
308552039
907071843
745819655
285928918
589104904
478438249
652087655
656049213
597829603
344298855
787966774
275545263
339026461
592803000
126582223
309602438
340272031
862738708
853648186
669517261
95848383
685920893
676275286
538190741
287976450
293839786
551574231
733477711
73204452
554464515
414935982
255841641
786279711
670557028
962001604
14200583
735445084
42105608
513185245
82418187
148434557
892077478
290909175
443870883
146145767
563059088
958416153
906196971
743536914
709339607
686492393
611339679
410610799
137093701
136772559
622631144
230796557
207628914
997952467
295265117
926864017
918609943
582844761
43365088
929362872
532125132
489265550
668469431
630801395
112381639
574157353
298166422
349553462
771229998
521082703
203770903
395011718
232404402
392044973
724917361
335423632
645377258
989940795
363864844
867972120
803596301
845230840
649186010
533784469
339370460
783404025
527816170
44153140
217920127
155554169
229824613
309232717
247544087
514508010
614020634
73793537
289946721
275395576
631155274
135182253
388325970
261786216
639380800
616010997
933001654
227619426
998392153
815583939
273035106
959841484
281486758
928669146
218979916
175392967
125766570
686894291
840079539
134684962
291430935
328977613
46341183
254013282
131633335
615675829
291258089
894538185
147467630
717896391
778024338
651123823
45476910
369981682
358785520
228682590
479646149
541810085
205850040
33175013
600782813
111751033
785011870
712232229
771118033
258078641
874067409
301155465
90252800
72151120
388741440
927126341
233713997
155261759
983964640
302177661
88841069
134312688
130152880
23704970
324752907
38463469
80151795
280495762
37559601
621911281
914364573
911505075
569883626
990297324
695746816
583956483
481044250
806904525
533902147
179679901
543965741
334108953
482895248
873554693
741608418
990102622
804285385
75316510
329154950
850897995
417409825
890215150
386017040
56607859
139841521
345333460
411657205
182145069
708422104
562319344
31599238
504516108
674672627
149206751
343714066
962562333
731271838
99955474
376404302
804784955
446082091
426809471
621359611
804284739
758211918
754732115
651417438
256598186
282096551
334650283
234178082
4835284
951340810
186661605
204501456
24149423
525488034
513275766
850455803
350413355
172299278
298899181
98482420
971582801
148080662
39449633
659436324
333688496
529840626
779046083
258830783
704329910
698912207
524369993
404815904
990600353
268855539
581732300
298395939
385109404
693916021
155059018
900048517
373771820
328141261
26763953
553175297
488011022
944705293
319564642
437074299
217996071
249499669
25990946
632485677
147182910
328327050
649776808
656204076
718762285
95295791
317728942
726757559
503050466
75819500
529848171
305923076
426970816
781845700
213901102
755293883
943755733
214879827
465346399
656497333
17240259
398850662
724710598
643441540
121316709
486274334
171425301
388983201
210275983
341971784
40834711
454830241
672921260
891884315
257632993
662273302
619078729
925528222
579633652
289813612
376187078
428301458
396998051
297952320
798293089
720840876
126204480
706165321
730804191
564270757
493318564
3116244
784153269
369493611
615245417
748332246
603616451
6335267
534887367
232487950
923870488
928745739
516481575
161078681
34984788
75017929
633001815
535086500
524212706
551627799
136215154
18227510
635246173
175532786
280310254
588938800
1852611
426758277
845148449
400475831
360069853
465259978
658179009
646005225
848653218
37718467
670676970
303427648
276638897
509300746
58656851
612743462
390640855
347145702
365943122
447441338
911819882
235919369
262967532
723275159
87839060
591117979
181952615
179176392
428055603
475091054
367870069
608620482
89183357
26306617
746479635
176858173
161186817
134411535
872418095
458610510
270566729
870476349
312425461
997266319
404340958
329574166
258447602
14911959
492970947
523471690
627586654
288100471
809589662
832868915
677118917
765933240
163790745
121873290
312636771
768951873
283307363
479002617
217949621
373562164
669848396
62056488
214244291
250332279
762821109
881798677
451556645
256229319
474727605
907332611
176874609
41343532
923493906
265701211
318934201
758264893
332670376
167040655
686205443
904583911
847504398
79769598
799030819
256314440
349187699
980546394
13067427
39313526
821774763
103466222
175303147
791564111
652526727
938863296
327417923
342284469
115329875
8115322
252090849
611172269
71915045
371357335
813372865
902257049
655994305
635775384
842439332
898089533
802939087
554371876
436281496
116266707
792797172
313365708
526057764
590078798
263025668
957929849
901144579
782274714
868731249
412243118
434454554
371261382
732029464
385310496
388816803
984630609
938283286
976649730
642935018
324555054
914949805
75033173
832668866
476147063
266396731
896773768
600320133
713412314
138107061
114977893
236374438
267402886
667184725
59036439
998766938
339161019
412805531
737339124
79258801
157400024
106970742
469816134
742441019
659671926
936902779
442111482
170227585
270683809
246958580
857808722
959806245
826289355
911436857
111726442
201316900
717763998
480696841
49910700
323682066
366251899
357609715
187732265
644167652
753753356
175868680
167051668
704076656
672993024
386543557
49655784
571825077
200944162
897390929
485534993
217584311
445133671
332592153
172996939
539244283
824285248
726546182
329636324
466453734
280298338
155171647
410085081
355966028
555458282
857719537
281002939
858464177
362894831
413657057
713006901
799790307
919238476
825648480
988687661
483803246
769851110
738034824
497234559
884140251
197302795
285983644
758862082
928898425
425901863
894142129
756183228
385171844
307699901
510666416
499396817
639705715
27973391
721278530
363869313
598581709
765783597
811085639
148618373
815273486
105540617
191191606
208930246
787287103
184384028
685744684
298345834
619485189
343904490
689193692
769393171
86250423
229311623
445496072
269150938
994314692
396309563
481186655
930064163
661316152
101536309
895831093
550764275
852228413
914260239
73301185
771816916
197959945
