174077544
535519906
428916970
26064159
630371025
122791391
390058425
23826479
137487072
122759216
300502500
483934449
239497692
778664628
207115583
50643661
818593587
217387623
226602558
526521736
876521337
780608883
65242156
111018428
499755232
113398426
960620679
506922641
882061663
601023792
232227503
70291777
531108138
200943292
430616959
409449159
751303324
295048530
141248889
686099882
359370889
214880310
820604780
934831899
153058103
491705605
546344034
379980332
275074271
545790600
786346193
552625797
668023
308599968
489926696
393468660
470277750
317898541
526308926
516972599
162170711
883135783
141764815
536463278
890531712
230210723
952826309
38554399
348047668
797666423
299340335
523545057
76138734
540502674
167150847
661641026
960004101
130410256
957960324
8049626
567054391
580640346
231848370
336271062
814677598
679601704
69623753
222508170
711016594
37148299
939171408
433404783
768739602
624276289
523929171
476235105
73115494
284141502
44300187
922847379
538879295
507789634
31932664
477407846
246450264
262801135
476487063
460165348
141449121
828285668
433464557
339867493
359938216
518259300
949918206
581530363
651287413
805493752
721785679
210930007
160586969
730318139
327537803
310899369
858495014
865935551
754805454
451862443
16573503
690915740
588525532
675862599
86110068
35112944
469170330
59264757
548707682
754440522
89820797
551876462
203114640
609458404
81059048
882730924
603683740
599303914
73466566
250480302
674358081
942398806
824947691
267621741
562355822
833370178
762260410
808561154
180251830
721033293
618912831
380514711
507995680
24624619
443591844
450533380
239760136
757601956
253757424
324825271
49088969
890653449
32822681
896846889
715672955
169909216
7815367
551128563
649259091
444806877
707215627
259191099
792468985
504325151
777504361
74174695
865968048
320903791
113506777
252739889
272852533
660609175
879012925
827674387
135527690
709306084
43880782
178490021
165866559
630525667
642970788
846081783
345546489
748641294
201391332
783704631
909576124
928100800
551948785
392446605
825554811
211131846
159302062
735444951
13817665
359721731
588045725
3670528
247120257
369417149
584565330
918856344
644095178
1017535
51972737
388479793
11640524
205148292
761319199
6366870
126028434
829325344
385262003
18733424
801836088
861133843
913644609
43827690
302933818
993799729
164598569
937867247
768955005
721060170
427185076
61720687
501307112
143567973
813856722
775805958
121260358
40210253
931369762
796449409
45960336
724114443
201986604
344528953
696668556
812911537
772064107
704427832
166781600
545581914
266418171
996229465
825869841
140568638
933608862
152683821
446077121
544218035
700736709
253320527
204818579
646698081
149901338
923035006
573832457
990252049
887172680
868072549
391291569
985513240
885106510
85818181
897955581
588812593
972773086
77721645
659147238
569115655
347159132
490022279
221735622
460170736
771085646
223373090
454641999
430955610
235850844
360738473
209959110
661172900
329728836
577042322
339473543
678049235
591630829
399262253
574213104
278951596
770696495
706416506
925738856
903991556
313136263
181268359
660475403
180599990
98273884
237057248
167795551
855887217
493536581
876961464
197058902
210714429
31584904
744647842
875612434
926528247
468393007
142876847
754401204
526434206
658113439
730118667
655784403
308064187
746344637
219906345
997181762
573510832
503508539
380195641
798419159
640742624
564283422
317744064
147034473
589817286
562897686
274042009
332681726
998793595
192942922
354071891
167636318
452767371
379983420
128759114
646464330
846982986
523649818
647684856
810558588
627819648
952015301
399304650
245878117
583017594
525483955
352411215
434255352
878367538
239875484
594284718
352378677
113340940
78542305
556316276
646431005
713840839
597613369
285795147
363630560
194350998
810195120
755607607
333491284
304041547
562482348
203017031
928080766
617585523
573442013
150198776
49861013
855823682
569637052
170599511
688727322
164978772
71865946
564016877
64333330
210486471
839786656
454314186
758918111
598658203
1693213
54295378
374225066
823667142
482328107
932623490
249369616
237854670
284054295
616207589
817624527
196407694
65813365
941836568
20535246
322466924
424330448
816669827
304925524
89676707
544423704
496554994
543703886
907942792
867588953
481452233
641974892
33596491
221461817
153144089
354564341
355880933
996689494
734833079
302348333
508186969
828791964
104413623
135257415
640818522
900829158
812006342
571769386
953429461
352974983
492319627
99165406
130029376
543481630
741866405
786156022
23116828
149388662
669241404
54234499
505138218
510591490
466282272
956078187
875873
290648597
215773125
16392853
130910206
261643248
461743593
199718198
330980284
639488235
512348275
493674958
319916824
681412411
664107001
188847547
732417360
924785607
590274424
554967809
375269325
382286826
511945515
490114859
479595410
366988066
331447512
206492270
327448090
680598580
797210114
997595477
362509691
148335434
134381541
350169924
685056033
795613488
440859179
691786212
891231388
292601429
768185120
490541140
31133355
248191446
466239197
341704415
485281660
480393856
321817137
580352609
920317065
911314461
580808862
618589046
778703081
725658264
536797442
763922139
930195735
255251323
872270107
650381703
842278119
514752797
131165266
171581389
547030870
313937076
503791513
936803871
483926427
898488210
663736420
82667896
614101705
21404374
458981504
231403963
900748867
989743096
721210609
847054232
358781443
216857504
77278412
451195229
567526571
515792494
571466842
959397768
258816046
676937039
761590476
635980065
420331320
117803417
648263020
516380557
117026179
294657808
794673544
171344584
976602342
385013264
96426181
21828854
247578041
498140965
4487340
757298706
266676759
305393478
863173270
940452638
534040712
25215874
291600259
625420614
437474384
679970036
604054816
31238375
742470232
544393743
677987824
806989387
136897734
27756355
662336574
496298287
373141353
942600946
114377783
606091058
195069551
549866025
870451889
973768177
120431323
55449557
203617187
69385605
511305154
814168135
692721009
953422566
813763767
821137837
101939352
395115446
826203157
22842405
78906172
437056142
690602990
763435169
428874350
432208598
707025439
289436793
884931118
219821686
835804390
508189052
384157352
324075811
191015695
257082211
745383086
984174686
154763983
317832080
504989291
382024826
476352849
534669210
519933220
928302095
851672733
724565256
993225618
315759896
925817002
267221127
670095129
350298948
863694774
677321640
915488067
431634381
120991674
438243290
266742738
830994528
170518438
983795500
233581214
3116101
430010783
368645197
762406871
556681556
75754750
117764664
240351462
508371076
517853112
696881344
960703291
155933780
243501948
500572254
580535864
982460181
296211174
569171222
294004683
568583262
838093921
33858404
460381035
513694053
341594143
313748704
863183012
716520692
51089341
673994762
211506388
492557347
301087996
516817118
498291312
483027535
962158384
436544061
240005145
808052337
26869665
161724052
832445834
166813429
716618347
759554287
188132432
620419419
857707425
284282556
534783353
601347215
689790817
664997951
165022179
396152379
908264161
248712818
215087412
762006045
254581650
523830769
457281735
843858349
485374956
468145943
854845782
726684829
2280941
97508329
20301796
859667111
329166076
485952344
541713596
676369868
201412568
293567606
797075705
582039855
125616271
242763593
858813266
766806784
139211408
610159172
802766529
636090044
351794938
102138933
574763373
713445566
221456649
477999099
553470687
503038895
704442316
988587484
681438472
248472403
904708503
461447601
618138477
760199095
263980759
675116241
272181138
203838472
123284354
488652309
194739811
614696554
451637111
633047556
636389773
11818056
665017502
690474949
704646940
875215782
665379413
218755738
374889890
900142007
522744955
306856229
638210462
851166976
932481656
38674701
971927551
212825082
612129132
548603301
677331351
664168669
624625115
98614170
502826024
464095166
337978033
598928057
512805689
863142628
907399121
960066817
261808454
588409091
841609324
541652630
838021392
13967366
283940544
806222688
583092989
685952764
86557710
717996468
237454140
957124528
36905778
421014161
271356815
84609652
516724757
981914727
2567422
903033809
955716203
972221103
387192940
566403331
187648925
240551773
537237749
66451355
705950047
511747261
992742885
562678137
45047775
49801370
9557651
390829026
200653308
957960184
928884537
805906442
965510311
991378585
577610958
906628645
861160029
545701494
427189388
916963871
327571241
428196037
346417870
925484392
957499394
358774644
632692887
869388220
154459689
271618060
826318440
43388770
268984939
516641633
980002715
574810448
725253582
674776002
912076753
987104406
411456510
880527788
883956342
558764572
53030190
196660979
937523497
964337617
394610145
480564294
705243301
641947429
813362384
620273877
738880112
277754010
165329391
67258492
605178741
686273130
417108482
140169429
236369336
929035247
131641743
885495766
536921502
448868677
11375870
2800509
181375062
186384026
633624740
440084980
505507360
447043452
544239693
787653297
872454202
760838415
421251145
668355269
474778074
673895394
566374758
184371010
230026384
648711061
777761519
702248705
409481057
657995090
69597260
225803623
569995924
271287080
644158451
954921094
427122828
167534422
659739475
488654819
952961747
391809635
299189231
518859274
8322689
373277404
114766516
291836660
733514315
377676092
194804288
844340324
265021984
748753212
665391354
562473940
362660488
947270731
655469382
888210440
671107156
309127163
593319451
523379971
116786765
407821116
870089054
234220280
802884999
589318598
360530468
704919780
101098940
932596324
715393520
82968439
374706163
47515484
176048321
856748979
533944545
485924859
968734388
31804964
463190801
225256935
960781637
821242711
605895725
81684511
592260605
479852095
512065038
