493344265
374981806
959500814
719419911
131168911
297493362
81997796
66495824
36114330
273479660
720761094
512689938
6462566
368524033
787297016
992630104
414063176
899440957
658685765
621630648
615737624
419112873
546259983
493678820
503166837
121462220
737731560
821434908
612484773
409522019
843811684
216568214
555353714
919648625
670086360
502386829
171320440
538109484
60390279
409594531
3904892
178740481
818083823
146790598
852693981
526873727
229606391
852820992
859269356
299791495
635223723
67916237
903640679
50022852
23292915
74231391
828721822
465821994
216253073
9706690
559761800
260562886
454011049
626592309
429667975
504192880
957336223
86813939
698437671
284910187
821309663
875953690
839050678
249091234
617725756
436997143
601029049
399469385
640984838
976293108
891855827
884910567
962165550
312693278
774298295
775895446
312927533
505330861
896355710
595854969
673665005
705498444
321856411
50683588
849832729
743342004
724729430
191491513
717122621
348501100
569537503
142792452
154383320
574359168
478481830
759270031
228865558
654549445
432297094
586295771
473202340
429252437
824837154
239959964
117850862
674851231
298397335
141317771
852294013
653772527
191265347
452005361
190458228
102582702
611245181
115811218
554097279
788367090
399258503
874383751
712267711
409537535
682346762
292483738
406755604
749063375
730527247
387806381
834211446
15028263
547029888
658378086
73033766
310059939
122652628
244412568
880661289
81896446
932832724
174981498
444944669
583411658
339197499
63350093
157235753
117532142
952334222
51800617
963113986
362670611
205172751
440498466
255290942
557913342
874028058
63664805
746905673
532353416
833204358
368787485
944323983
910590952
307106324
837265749
106742639
532887259
378971594
880398287
979930072
366832612
235149928
472200833
855534364
224277005
429439082
128856053
70340035
618996668
135247984
289223462
796729151
678726629
424692393
471540834
809855510
106531421
403087144
515120423
436031880
58987822
497506893
348307872
248692086
564045238
230657513
534353716
276305334
501931749
956607453
624348492
738560546
71935934
71870543
596281374
127520683
732971917
584964101
31013936
128474260
745172005
993324768
127909005
397105431
543980896
572058333
265597354
485898558
835565488
27410238
211217
129800115
863851170
444366407
920942250
869325717
886842055
223508746
291489125
993619490
895085365
852550717
568408285
662389213
510899491
550662914
724793216
606856085
828411018
344020151
76883593
521567319
372073207
386646162
690859873
65663053
369597888
951202439
704711189
991986904
965060158
48455157
440739844
474521510
956396235
494548377
874709375
627569526
150928292
726955656
240678626
509463171
293474975
37394444
233388894
892621286
424916482
465519790
886205939
993317981
847265115
658741267
657487538
491545337
950526644
478643897
757726906
477205008
753506532
855279196
499727829
935639614
518797556
299502219
28559332
846630207
411810872
93886775
705992977
16351114
675953538
97223690
455927792
101455362
103341524
567420420
228092343
334678762
153257267
798238586
640746569
904078096
64996499
711393206
144721789
306318891
390967617
949194506
523994865
477752337
736821469
397504367
874062992
295649094
227227826
305039011
990665614
993972754
8835112
386758686
480810413
331029707
759526812
869854825
317364442
750041424
202813474
556032176
388203813
383106224
250551554
423048143
323947740
955267945
214532627
595649731
870643114
807404348
154780430
722240440
455662589
462616365
569891909
228240639
279529643
278449171
223160697
160278697
874227534
798302512
576754804
234119587
325843650
766498580
317428172
309716861
144551284
195141673
394028764
394680363
103505416
834935440
560990693
140888641
227200783
313773326
73556627
918795045
81116467
631578094
434395895
183261266
839192324
286594671
931096096
18194048
761137797
531286173
590325182
38915271
526880727
42534776
681804640
589901299
806351418
16431966
97204493
557449158
637839773
904815764
451098447
675501441
413375584
760100066
618735023
620727147
901625671
429003268
1039855
965756315
204892543
304365651
79162230
242649440
363906616
393493538
394927262
39248978
835402483
299234124
548579063
613265109
604816489
355113492
867799635
60970639
153130799
971089392
334537221
210768816
216568833
516107467
280955272
176300701
180479647
758894453
769885681
79092258
667859646
310368948
116568375
332134528
530246317
624568865
834022726
222515076
963372545
439155200
225994683
412857879
621504703
57955514
722046673
338605649
356236700
837833336
70684951
58262092
892300430
557764384
467596347
930536278
94466046
790271037
749187482
688785075
23410378
902861528
62169793
605012162
623607856
315835004
371389331
525033535
182665748
216444535
83018792
980247623
521090764
645284558
97598093
713975598
745094709
921679341
589264112
158613318
794060792
942349621
820063999
342646309
688209502
711623589
186791826
110095262
842772599
186032096
237668482
739975278
875381382
145237651
199104697
60511017
376985407
620982519
789250022
305669699
686566182
197013138
155939900
139792165
754814544
90437326
537171326
247015871
460166291
753620748
185441568
172786704
201006925
590574164
894724281
81060755
82797528
719523482
916802659
911984266
129043177
261294069
682260934
996633650
978776051
343043512
104866241
375853112
446179861
37087075
336990190
124112189
132429318
283594412
472047134
597047654
786409721
680271834
587831764
597772175
174452262
939775954
649928969
89151851
590527
64881778
538968353
284807218
250513369
118043941
977713487
657461924
704179859
877265755
176626522
425272113
514752203
159306249
161016113
411771031
985571084
161318214
800836009
423079215
416630557
61329379
40357385
917412511
118527029
297676627
294651033
402525692
131691718
319030484
737532003
189267221
611365098
593109083
996043122
913894273
804075158
820059021
125339743
328135920
59373586
679528265
419932328
255163562
106967890
46775021
82295450
627103472
519255721
176060732
612201089
13134048
138939945
226849753
672521292
939261147
24524393
621555840
166280188
952836740
823392906
575187795
525770205
385149375
139733751
987359299
813907013
921643119
163263125
247121838
607695872
165512062
35978470
472700088
363705628
737102291
641397050
785193821
810444621
71752007
215381176
667547560
883269970
955630985
706829393
724397955
50327276
384515344
920587789
56781975
889369880
182519317
653778832
172503001
504743012
484185790
153758059
34782952
115429811
119608589
232868006
160652330
463840347
272133882
568364858
446689026
977155576
666239855
863144123
935418999
297864097
239330570
811111217
94528181
737455564
155845346
691917823
570139219
678319980
415335794
937032023
429391668
1055329
106481149
357751957
425176554
511733228
863475467
967957075
879519836
583344231
606614097
669764009
690836032
838883999
54728846
203707213
611136088
387266126
260140367
747242377
384087419
521371219
985168788
758917877
650039309
371408099
559250651
435047436
348897666
792267966
583618838
356462970
700094015
182576564
803476336
159597000
357359197
914381924
143188304
934955796
113680109
698282778
983624285
352074767
691249998
569566559
120275184
255644180
682726718
952138131
80781734
182873093
418179613
668093416
552944603
908020447
15886539
347563271
707712646
53768455
952482576
428428030
619059409
87251870
999725392
250151126
969669992
508259467
35407662
895131844
846348015
696754163
244077822
325184570
633562268
685804640
537746933
633094021
67667879
80472750
251132914
303606470
752320717
396759533
711486231
400745745
938283356
32000599
629631960
895455887
143710461
9795926
206669277
89419849
982473218
685252077
79223369
896372415
352349374
441098871
599896565
612015716
220236517
787594873
105790116
384027570
938795270
92995042
34531147
867139962
370273514
382792517
279895392
627239896
802635539
648876105
676107312
222299876
375765637
598979646
311867769
937669393
878627506
139951773
751421382
836552089
490084885
154657972
342711350
948310189
606581270
641374516
280744646
626569006
480576183
639117197
83369953
964725843
290969416
327458660
461950474
845288313
997469451
762491996
525182373
760917943
729900532
579429379
286784308
333597113
9144765
856923491
520606777
753369727
129231101
662227171
733388209
80284743
36173490
269238026
893942683
784137297
750283691
86220956
260558691
728898997
102047870
653326384
146663713
163518342
565506152
711381467
931330459
48306976
137029172
466579455
940199940
116135509
614769399
990503438
106651556
910655505
867873663
9114237
939165424
749657778
120767738
527374918
497337904
818349010
905728986
3085209
928552353
21731389
433515975
677813175
95004622
911248494
501933305
796283374
658870072
76574148
432765666
123265966
768090959
297763296
925593031
472299800
616340554
662651645
722027229
617252700
465515343
45670050
162586470
983287177
916263633
741169453
147055531
510900912
608131258
574672951
155988479
328314701
257789354
562420943
782829113
909599069
614790999
459215995
371574832
28951446
614202202
818486024
331633366
30077407
477889838
744607696
241023276
641402127
824064745
648467936
911034362
834686258
96321781
288476286
537569864
882882302
859144918
450228797
761549541
353835167
764192963
991032391
188152115
84197120
920585668
104450965
865476611
205670016
514934182
15993962
857508799
157124559
291076812
693075783
3050497
647029318
714036683
132509062
505397339
171655937
500146176
505653402
686836165
959663321
663638588
321302220
231992920
969313066
24851078
899946809
50454151
164562202
697666453
17739665
264758482
623169810
630333908
247436245
109491738
373438873
879131083
35353260
126467945
808070783
790959135
753909803
543609445
403245996
285425789
890540545
168845619
726635855
944831456
589893604
853688989
258539560
304196225
228488793
420558531
599283448
872458043
896163544
180818937
614987371
965539809
692946597
459458105
273337147
428317300
379880686
16695409
466600437
23017324
131958466
292524852
464792916
379185457
878765381
