768760227
719849681
706250699
311774927
1201135
456343661
507427436
243657044
898655069
96199099
806963237
265193042
528476750
475942075
968271411
271837760
990342287
36850885
924916247
536753613
586792936
849238242
488234194
629882840
108240402
240124099
917664109
732689681
235274653
787632340
368939472
726944607
405603890
539348821
244425494
852402112
460351134
235239083
45906162
654373064
557925913
667451948
380628993
181515760
494309856
439721293
592391570
487301247
204640230
503292594
614360608
63187522
489723304
582093632
505445823
919521984
231615486
76367859
203534525
761077034
538679551
774737754
8382391
111022729
727259626
80018630
859589151
989127928
231516580
115869299
811486624
755103203
990944722
270543183
978827698
919340987
468609248
306718434
135572983
668519107
647732528
430362861
528049451
731982057
173271731
305751950
237221302
823510256
33902997
324903509
620786625
383983275
31704558
284829126
115693513
783188157
659069556
269606263
454256132
414291226
580132141
603263640
255784666
88770930
691805968
859257403
72242799
219180121
603265933
586104835
450912735
924897051
940794874
535015416
113344506
108316689
246688303
276400332
937750996
421507675
842797326
36078894
955224930
906613070
495082672
427503349
723398645
706115595
154849669
195639540
260271430
199002985
852462300
721281755
88386966
44468887
174578195
439278520
40176089
314014326
233509151
18041180
220244323
447798161
873990773
695889573
443188399
496689140
171484620
7376824
536499853
382669224
331855265
32748457
571493898
544053246
648038709
349171594
593688256
264302619
135858758
366127202
64330452
407626392
325833405
251909749
72434750
219513119
446628450
68875618
933738492
807409782
236224243
623736670
187998524
824756146
815834570
507426769
32622297
799193098
984314949
226709504
534630975
147472844
659139685
877602205
867147718
819713843
149787857
544333718
396430177
825406599
845590262
775873469
178155568
867381947
953710726
812617929
121964755
622081023
623454822
223675280
50060690
102609001
73638330
729090070
146444980
708118594
844749931
746737751
728218675
140611939
316549297
794495157
279987668
909149252
831496226
916857606
748486705
448231199
384762030
252720906
69725261
902294730
672445440
108331893
961819518
460350773
445581102
320616576
871045418
3216640
385462013
410541272
175738276
760639668
176648813
432021973
73834514
930049614
731157224
159029124
974963911
403050104
816115041
255818237
508857301
51095105
495885800
269006314
35885721
36853120
64131224
673733555
237318992
370733916
153950018
147765959
430163560
965306436
767270550
686094206
262537492
524133355
875692331
725002035
755149924
906008023
618756880
519347998
732500439
399474252
843023092
818437090
717073973
225732906
277756993
666675156
86179688
416627202
599474590
910724413
964464971
176574787
284730854
834192298
939085415
711728456
173222280
805004359
606689650
28882854
1858413
108528077
162779063
45063017
896491630
450830556
527357772
91113006
500668312
602849276
432338224
976537800
536505874
636411468
193830026
245694132
956659581
11586086
92976922
487274861
61586270
13536357
365831845
856546136
721629234
85962704
239402500
41500033
785916618
43421467
732785743
813752520
912658347
703617584
397615838
734495015
655658026
672010956
329241274
826926436
139317383
995066681
915958889
996625313
478386189
987927170
640068912
648319385
640362271
693391282
755068874
161636193
712027437
119414789
967296583
988322054
742696230
306232926
323433782
810528926
211428055
485857738
305196387
457246844
870063532
618585702
63879453
832888288
238795629
459335010
590036105
284648624
682344811
266050484
347957477
66519587
97577467
369206531
378159947
733702062
445893791
591083113
401137760
92525335
288352591
571149550
101725083
793243557
736320999
409293782
991798783
349425100
348577174
518712347
615498380
653459644
689870294
458712044
126561780
859800485
924047717
807180622
409523756
181027261
103355177
470420250
479291380
445976952
771457311
900776995
890744587
373489699
928072977
589731718
364635134
620344941
84719978
212671051
168894252
298913981
516860619
270635894
96567288
829501845
467536225
240611005
936071449
163632464
650552102
694497832
376649292
638865421
242644750
518359461
809654344
638713168
181559357
220110499
989170157
817932340
91858169
655748129
21786246
835544003
518549194
618309083
421352121
758845454
154077212
995153438
568739665
477199243
289817792
827647798
342939866
653411822
710613333
580021909
713491034
862744170
534348800
315658916
795424849
76959479
524127703
251879165
130844949
409713516
780077373
725921964
438785583
864609478
223500892
350961911
207055811
861112488
248849647
261023284
310952651
849227140
819258883
177225994
9555251
655398662
125758166
899450048
349047629
414996951
175419594
156242521
928099834
601537447
506619463
126425987
283583540
776199252
860323279
944826766
311416299
266670028
487464134
11638604
978768080
428155246
556367855
704130186
253698350
938855879
620591986
481827376
404562175
449590048
269069257
864263893
43485287
357122805
306103664
140026186
951201311
624677654
902831535
715847997
234293921
623834851
797822129
837248134
357990014
97074905
67378370
430856557
789209
304022880
949606983
44282623
361763005
807620278
198457913
581400003
99030807
421627978
645751697
410191748
794404963
693592217
751680345
478509785
332468190
642355569
82940699
926460734
470095588
720297092
993625453
686738644
363838492
771616136
777344681
354933228
630333116
719119719
346140172
156623445
871477508
189735428
481038166
100539294
499983063
224786634
502500887
235865007
158664891
724703659
40995378
529573333
978925955
492639786
921443032
540701702
872154505
319312343
504779944
715634444
14134205
140917635
960760968
280492116
310397425
262868339
680444129
590146868
30275596
843524683
951066886
379911087
75487806
489128252
538714238
604669534
212554051
651141050
978526721
107681555
139854682
847075690
767795842
745391928
679301713
464052120
707812688
871198704
850173103
236642978
482778722
311020772
214339774
630505726
142489239
730559873
228974459
200546050
790141867
237114724
544342503
912354018
205589411
315140207
773636771
661084290
454085526
489797703
953925547
316773497
328147651
221013454
340785621
397098389
575779762
167058514
373121792
215369040
601190401
846345304
555055649
809245424
739973764
793632616
360745961
640046113
165571312
444982078
346639012
808154364
375695075
12008001
860999182
741411996
563339051
227500663
641486279
452655635
971755155
18217422
9966593
218014985
917273156
533399605
908495326
261765267
970235150
817241384
54725964
975430724
357438080
13605419
599355647
943796561
682059073
735097078
172380254
411956793
954394244
133590658
495512977
9103448
143158690
145771182
941078421
316139650
360014271
599373623
833759337
348279099
525572234
920466156
243613883
582972978
836378710
337040664
891972267
206574158
885137289
98980694
669810962
348329927
390256114
371208287
450716284
362089655
412652352
917202619
59352922
828241971
55120408
229529485
498261389
838164497
522704444
863145
74856294
771501973
592321182
592355676
901750995
370861526
983482045
706446864
449858490
436971922
769991534
16382669
107417851
345018409
843124810
965806094
526819503
855413550
463779694
147183050
618847333
771950401
695054897
578988765
903487297
442811650
540020701
5517365
293158690
296042748
422204767
405449385
60268534
835515565
262184369
120470293
614252974
292781613
197229697
298949436
364847880
683809248
921349796
13744361
592098119
396269682
809784768
714334512
985117160
89314313
702709981
642847838
374384802
375521393
382015811
302905891
76447076
13332416
688868377
458939344
830840824
977964680
413288173
153815742
14767155
364542149
956114134
271902284
82834039
722654516
351553119
234037889
658183852
164830258
782335168
935038083
850600604
681310535
986890645
507217614
633026881
825686187
20400203
203844376
593332765
779356928
31064582
684747139
453499753
959278476
44023216
600920558
603913234
738290352
468108610
386883199
270521074
767534054
998977205
227555970
440155547
537882483
631500472
262462643
737761193
468672091
984663984
209554544
593186224
446977727
452305286
395136540
26441770
181650763
825912461
5154636
957564476
209443797
560482975
235410226
333477566
271366994
818402530
123555561
678631300
750632560
630124654
919893499
696721646
395451969
664517008
83066550
682333329
759334674
67062067
95144398
194185715
757937558
466083182
124660673
794692942
821510037
91560915
6522026
506973190
648886675
574478787
422262470
912377889
462953974
429318721
61077277
207051078
763566978
894078403
168788552
719479952
507944910
583831342
987128631
838547436
64770484
512832896
197734254
782460717
369238736
712803209
267107094
114588695
730768063
810968919
199626917
743360613
435822302
440717282
511967527
179806079
811880503
616582370
29744624
176153772
207862183
7515609
233767671
966133247
603439730
876015470
918766349
865256270
898273513
375664445
686240804
174106216
478954550
286113236
729922458
308677141
893826660
224061307
137734454
936083464
307371692
307673774
181609826
651985054
229691803
317716663
771228775
322849696
382110875
988982472
907599447
891362539
554086717
810974858
630685252
57254875
279065224
231601005
179020987
493223265
794036859
401850823
216315181
355103617
124728115
25520701
264406063
149709065
710794823
203290386
285979417
587819196
478847916
93661158
868782079
900188407
825905782
581782616
736441444
285723067
104786694
595916653
483145394
909291040
468064997
794878263
620019497
667979690
655427983
672667583
29611916
662225654
45040320
644511188
142046605
905520868
91358593
826506207
527256938
204171101
53310599
621519709
612054871
178820489
703003054
319780250
412514622
460425559
942192778
730496843
231349091
697282606
495159560
893297918
388436570
198120206
918705427
307024140
887038619
329849850
405501202
596426372
494281081
38127240
173678469
623753762
542778876
834336727
951614552
