114989230
705100004
786384167
394351753
947652854
200268799
364773086
713323953
221493642
125443292
297315466
615826174
64342059
763459719
511831923
201135649
980715032
618628987
631646785
57304772
642360540
547909934
712378949
563985252
623762378
576695140
340850378
396830774
647020967
311520143
485681596
616321812
378602951
850962742
84765700
357469245
407865653
9610132
729752835
9940212
681137494
948664043
389400673
867658981
306919507
937734145
70919824
618244516
454816153
45004567
305055009
985292280
43981310
85451519
884808741
567079295
992721054
222398914
770589374
370957713
859418420
967942310
66302985
909973498
639761694
680993652
237223223
213379315
678694019
154362677
793269995
971104900
888876150
621706573
376167276
693696495
158509260
844719966
257065744
686028231
505775316
722605861
942014620
602016399
6465133
500389315
572340502
293151431
966154000
517686403
364748189
185466738
239020757
358795122
150521790
713195182
882361058
479427173
227897287
625925854
700510921
857540507
939550496
300453475
251734571
333950108
96416129
422274736
709284241
191112245
408570034
148001088
965333169
84561142
865182396
136812558
25927690
464286585
903508365
139372378
108653149
944071790
247225314
161007615
789614487
607803256
732084143
530081028
471184782
662972092
811335436
679082085
616822679
631139888
985517308
648234807
783055364
641561144
350281828
672515023
403973185
150065765
583867188
775041754
109116368
216747101
220133568
154459615
493612724
13709232
687267492
418074473
575918807
88524908
517272704
756439130
610315193
778542880
510838987
643931314
601865964
566335099
951089953
46312149
379776808
729487947
531178408
334193280
99043832
216947588
353757193
384366544
114004756
230993341
735399192
958587383
360204601
472183558
51891246
572867386
387669687
577624527
36468304
457475550
975704599
393260963
103163278
528297770
113867183
229078178
37919613
4512483
130722157
706350513
70649058
837638084
198975811
537555039
395264946
379628420
685568692
885940286
55415783
276665135
659952037
302900947
304069716
344925466
353125714
558685320
396234528
138131634
726651633
937971599
256261626
24241436
529866795
493614402
70607549
986515843
626324669
2880637
220326097
869965652
179027974
349244709
253644387
407654242
160344282
897761106
759611571
822649561
76918612
672262825
887298692
501729400
522208744
759803167
797523511
672803651
89191247
758237810
175172055
555181862
832843649
899787978
277860849
192750556
450088887
46407622
307771289
705361407
466947490
408749101
753303749
682688055
665614189
185450129
97637160
310707327
49256560
896415472
184581183
455364607
799073747
573584966
61213022
54388808
50672906
754532225
502032690
770063627
696090890
397803896
897324596
868086857
827708580
665144234
37122003
279239995
71383860
60893830
957565354
113936660
589989817
54250163
355702070
668169510
918959075
204610637
836115209
336758615
662166006
486816183
623547090
192775773
573656627
719807447
756108113
259258683
838574956
223472040
142077649
695556661
544374930
537707660
9270517
69143593
511424503
885216890
854979474
469955
148328126
818397163
239323466
988362729
938850117
70644523
865374789
744823583
217882895
393043510
135429731
846062268
918417014
165274075
107897620
209274706
774256805
704548823
294430230
107901132
909036119
777863319
440665038
847911818
918816179
262008692
569561728
52282156
44979646
286558477
156745006
33742184
349631162
835645253
188430488
843768842
247492716
635184359
253925654
503012103
854432657
11284529
41375787
445531445
88042308
296015380
777139645
379100854
429810040
799995810
294886787
806875679
590786660
747078341
91433834
370464806
377732125
391411646
69546550
676841424
501082793
813092632
699843937
931324417
236298504
101687547
496431105
82771760
976843585
264128777
961781988
139072445
450623168
791418125
253468474
897751590
736487531
995133592
759869509
622800798
484869046
190460874
622472114
244983835
991671688
349869325
442955523
602552820
744211419
817965681
466036716
856081068
565637809
577084228
1929310
41340024
311440590
110051369
209232940
986354760
799584274
694367884
402257268
165681263
838213820
155814341
356252510
799368533
493609867
193682243
633977274
382598532
631542136
446745750
191972378
310621919
190620518
454860102
939652727
886429178
658732023
893878284
338560340
158877903
798092059
105700919
573434634
873538939
789488815
212128449
586311000
626436161
785900651
773514748
823216523
790501160
788203605
456790850
406770013
835857347
993616813
643586988
108942952
550529176
183988407
83438184
224538932
118892059
385111850
691307389
850719505
856580486
170398641
322803761
327622736
905705988
355807544
243379364
367589203
732512901
582379705
482713570
9879717
281481417
607371241
7541112
596697879
858027386
623529225
401471216
522418313
733829666
48090089
103795380
892812363
15145034
784935331
788031163
974889495
714653874
881161985
454542575
488427089
98181426
361408943
729730512
456037520
463096889
445892011
917510533
434693616
544824240
89201647
674257110
253477641
510903243
633707271
827461534
943157933
176447295
486740303
366511545
495362832
983640632
168889076
116889838
808490397
66603261
429991397
312477701
120770657
567776379
268489867
652935327
851350915
127837130
994286480
911698290
920072473
877640728
551503591
133600989
412135374
706018691
966777599
977594071
644628019
373832978
850317738
381909120
381437762
957473796
844873229
798442200
227913570
514650440
959179741
504786456
929292348
244519104
921240113
389434259
33105492
133414310
796739876
866917236
276334373
436266318
822906194
125640510
516616761
722008979
907389059
65517204
624943702
353139314
954376169
789344140
16863032
191295003
472261818
434657419
216285521
48082277
931039937
163296860
722903148
470047666
425021756
336700475
168657388
489500024
982405940
675553369
956400614
162069332
100495497
278721064
909278813
99860363
701259698
208361700
550926782
724677227
865292357
659428782
50084736
779356025
173498497
874774255
560274269
169835600
487923423
737997344
772257284
486582694
173148737
985023214
202374371
633443016
144014087
806286705
11244561
486205719
956983121
27116737
739603037
231835690
109116589
462874370
252643816
675655105
880065326
917002668
490035304
263900118
883730635
491608293
182789918
271611155
113212123
943547122
296549168
550247499
776426204
998821787
1576600
244408596
903296084
469817919
988920594
115472281
76346692
275835797
955846274
894972991
197117138
64721063
767694105
838175619
919825743
818249045
670239436
710624126
622130438
884619162
289770273
570920753
247962040
508357166
602852057
681540442
802233295
930763215
520230892
200466963
509737536
460997061
709779513
958161333
25540137
495194441
328539605
639298668
473953775
137171535
599308413
604229528
961156392
595062311
66782979
819009571
723914187
344614298
351785410
294963077
273307686
585925041
928117060
891807041
709051513
430655845
996446554
394938918
866965861
307380151
313238985
145583476
755604903
755379310
385235454
736120076
354941549
809532771
812635482
424631302
489709440
30940767
236670350
484958903
285310749
685540743
609764360
652899727
441574186
783842484
957626254
457618997
578977804
225267815
927159276
923812494
532880000
817972470
249109819
594884290
498747885
933600685
772332806
166573624
823932549
453724936
848624623
205777082
209826857
330662902
464068022
914381414
531978815
927154106
805253635
242366918
349254690
443158156
606496292
23510769
820891484
343546827
953364730
83123376
349753895
855619987
566605670
530337087
828220033
461422959
203240076
536969077
560422951
217751191
925883416
556108753
258607960
70096726
661026353
831585811
836916118
403987278
443072870
110911284
319774462
43244840
925640181
651823696
420014179
684792357
574557804
89721843
211476178
225599049
773992804
155201057
980235954
689209430
816819727
968312560
887119265
318287535
377557047
748403897
127422825
927098943
353958462
314227623
1270690
249144882
983758957
279157963
782131801
774910479
186594650
416904206
900473956
842453446
763348912
306509055
929979804
914781972
110322908
143427675
886865153
113518232
325492899
334823902
443758385
770682358
575872798
569398529
253276998
692713791
944466545
518628583
26430230
694668972
983488457
392675518
689286376
611412557
650553005
170869296
701033399
295399840
307590040
436565697
39004399
357088598
254727100
137782507
925860516
510310671
38332756
972337291
207964626
234129371
861538742
13904592
601606043
19134560
870469236
230588331
673272083
414360427
25880964
89418010
830443933
667966066
390473976
205804984
858964988
370673394
617222678
318567246
264228966
939453611
442394275
591465313
805928191
888927201
295819503
86669787
515955257
438090290
643538011
742966325
654381035
972129252
310663956
792300858
833130228
969583864
791069473
670151816
740943320
419964674
497597212
286672971
269518875
218172030
606121762
371038332
966614621
48922115
278817517
555187122
893087992
719765508
708108324
268511014
791735095
270073429
207976400
712678841
723315056
783799448
714633072
235181792
770822414
282914638
435036973
858314679
357302109
598173116
372674754
889381123
579603919
947070860
577623925
844264291
441856398
155721303
321946437
587756160
282805438
924781169
120055165
467033141
159272772
88350889
849878331
934615526
264020928
42152941
565763
563056799
761607463
78390632
946836759
957143871
705331600
262415420
515850556
986604236
783135055
747807081
13736222
368441504
676247360
389436393
975583202
946017131
142141582
863844031
826654615
636013791
948126990
620220238
429873402
798533885
663744283
247599930
75909019
682471525
433036305
500421446
594293751
315149168
597607353
809617953
127773659
501213287
234101
620480053
138932691
179440978
639870746
335342199
804621104
534998355
911044947
751613660
790785780
769836377
112767686
903861199
792473943
400176895
215498324
364551970
614929807
141387224
648517228
148302873
293399588
457731669
186506400
833379029
553567930
282713609
