174610245
986025362
716516428
17580888
191848458
373801196
220613126
303341786
796288606
372352930
347263451
450786384
123970750
805761510
491392434
475636520
793660574
367964886
671579619
696318464
73081018
81188897
184122536
688072239
246229964
378080325
476952266
812666725
835992145
838484782
241306736
744818786
225239469
48815247
30452550
505160628
202101167
141453441
54679617
141655258
628950769
562829550
936180821
686400247
259935326
852254294
722066673
206424060
810560011
274696065
532819197
67767778
279059151
711525336
577552852
93421348
801902825
28444189
771350923
813768131
896848928
407946399
467349639
957803823
131046193
602444663
225546915
75155503
775308959
986231805
273535352
652207133
313285269
529924360
67367695
510251467
145008074
497722287
428136912
393975668
656013651
270528205
2106714
561296079
305665585
173538958
465759635
513714132
471262393
937031201
703257801
173656978
370102517
240911484
244806328
221004370
95479910
978376997
555354054
657490661
626707379
646911169
431115100
824328204
1160712
880612062
754482508
749134789
644157641
67301385
948413272
304180538
600307275
377375254
157754480
626320722
405839685
906053558
652138238
957507234
136685028
711832782
603893109
838277756
282974004
99878374
282104616
72373785
285118032
846363324
414771556
166631076
942368232
770646249
767268288
9102481
839413104
177778508
560135367
425053521
419056448
716624844
869556489
403961007
988617927
399077262
573349701
992727261
83157004
618485605
815164683
189426350
326238758
597846818
520805633
914874596
43018060
592837342
541354200
901282337
598507446
682108723
464016757
797794316
652529827
781782196
361812304
829661024
610106965
148651998
786907617
228061177
345918191
227084717
538450785
420060182
842276291
199932101
849659828
883896740
526528672
289377353
989216779
666632426
31198640
225345205
840392316
344521413
249840616
852393690
966084420
246575761
636424307
658853029
826546073
736947724
252608086
71762173
751431178
206835731
37264958
743688675
382620295
934505004
831577986
587103506
843508157
99154041
59396033
100745451
72598304
843085957
743177513
657457458
374753664
309130092
692891942
797384330
766595675
427184622
941389878
17290890
579820408
757713273
182567576
540331855
591636868
687065161
400538642
801503059
167452095
770514117
448500921
642824096
846631782
782839995
906757057
54711774
835054438
444095133
381837046
741238275
285125380
149095164
779795386
122998462
503398247
978966847
284099364
517415981
44055782
455223755
305166497
324246556
265445851
19974067
163868267
624907021
751937428
291246131
995466636
156442996
698615398
257892972
933293354
302084185
394585035
100353416
810825675
591913667
402373034
638180167
962329891
322500541
45347575
200151603
732165508
430725243
977917886
59569113
36933607
612670019
402965797
883122659
757447277
712228339
465347619
124254364
377378245
826657714
618971728
281850036
302774345
543808306
448628496
225394050
42622876
27232408
215801809
477711200
728413425
403044830
168141172
692185695
115042947
405875613
492893862
982665955
278898981
65294248
287808557
733143022
646989133
692368314
254312523
382796616
753477197
815492737
500445693
221065014
836736565
270330671
722975170
984167959
972941937
120522998
335405821
418521585
873872044
819953523
157528726
704933100
214923433
500206685
331155686
633888776
444528847
710780100
768079712
351571664
219334476
482681663
845355382
312083997
538849156
885828705
634860901
610406030
289495782
65831879
471916852
227130138
526786714
994736794
640974634
458082754
680069658
183973211
719243757
994519947
70469791
74372277
108793910
458945457
907765520
582875456
518219588
146782447
361212627
620423746
938267768
42697097
47413025
148874029
1730537
354054901
424975287
410891173
445318803
87113232
485662095
724999790
129025802
808040164
348036670
930398587
178146386
220186638
859232050
873072931
953819116
260555635
991536342
773559763
281101872
144962199
373887753
386409924
404318475
955973699
367609116
488078453
249193403
669072034
127564110
429219755
179717113
377912684
993006256
286919733
33107466
269178484
738654407
632130524
508857852
345470000
945346473
300753744
110908786
977366931
404729069
298032949
287550396
488139695
666604628
677712132
51160753
273853260
867772156
856768337
980167146
38565363
6572697
489345103
719504114
997583641
475806386
459953767
680476054
918816914
750681474
800233700
227180380
572312317
839965464
684640632
521901227
359405817
264701911
935631870
199615724
73134008
275501137
426951543
551244629
69576166
200528056
761053707
2467406
449851976
378059001
905863851
510140527
136237919
306752585
994542102
262605787
249309304
912626409
511274209
869663612
485392706
620277688
192091870
226685457
604495368
70852569
715238078
648174230
981963995
155810905
691754934
9151348
932140285
657152612
907033137
763064224
579621153
938100472
649927947
797055584
714752678
457486360
230624078
540757913
844817621
290093173
90942460
265559731
845423360
422034844
272591923
446779407
753427701
65968257
714223017
452856318
83409266
200266085
946749260
998723596
485289977
112879476
20503410
294041070
686304065
896712502
578000241
479085306
399719446
231477878
682984632
311208830
262698462
714218623
154910934
27906346
389653610
651333956
381867834
314402194
979910107
449678347
802750868
559929150
883218981
244975527
255723646
866172027
942929594
454176819
679654957
379355067
991351211
651204349
311765607
601873201
436982950
936583006
854453846
948105117
712092931
611857153
865840283
613945481
739050211
961383092
184080945
39209077
911057322
686316670
63202707
432075309
818398250
632347065
18813489
35611629
310128607
460574258
410822088
441328537
640988856
711828212
536155711
945542626
551822920
303629564
319857617
611494111
402453015
553037731
590923394
453070603
796880108
433762715
602309262
368052953
583838062
188805386
820878937
921835888
60894582
216514569
955114704
256612923
390974111
247579648
560956816
359004146
632390860
276153977
291744594
976408690
525760917
413125308
307116261
264719
75701442
920297656
62122561
435420646
641525474
572586832
636756060
358019591
95393276
610132103
635195199
384635534
30037803
650760534
451773566
121323220
639695319
488986199
380433955
424474287
756713506
279542787
554568515
304243272
742672747
960853469
979103250
126299037
261293136
614514703
927309684
383754799
126646454
602044542
292351511
663540405
126682824
385458291
280310413
488307748
579758507
597095113
161219647
780842006
612384447
176321281
328966342
981630324
824380410
170421374
336713370
36774718
32691353
882641973
243551211
796158653
365729140
757879288
692747898
680672003
593483581
510457022
96726454
480878572
682822417
251440399
257989080
427993259
358409023
788233160
994640394
254237028
208675786
892126205
844715778
159618393
118323140
773726507
691858823
566351465
631887127
997472925
301918626
90871761
277801332
890534966
351063446
244004479
358493331
496192856
297811264
368803534
692710392
599638408
894824166
69301484
500368658
680341073
98019589
360944047
918332200
900973082
623221300
36147250
175780978
82476342
828098930
140565146
37926194
83932817
677835513
592002632
66020465
126396432
48784876
596010655
208538396
5854692
203077239
792287449
900376952
13984600
69499928
862216166
490421895
625836859
561526635
609037377
997302038
775414294
659249733
437982065
675706918
330914775
648019263
730914044
374251624
265771376
915090782
195324990
62436035
210498299
206078285
274560513
818357342
705808631
302783069
566313959
550853531
298813510
860763087
494513965
477263834
305732138
460567094
904347600
831473154
761005133
545725353
549944118
520949705
219061553
143263107
262511899
424683083
239853447
916295712
735105688
478377167
317870831
221759030
942767018
90763909
7752249
729851414
689878652
807906313
794939413
43858823
784613263
323053790
995212674
58183845
698488527
914651205
164735767
960718230
369974780
870347680
743671661
899440889
613246489
720046021
365146663
674375283
843374480
67235192
943566384
849877429
578503895
789512917
567677379
87936792
232982700
77054480
917996067
403750056
469511584
575880723
770688441
96441287
36533740
717146309
761112089
226890328
525737030
160877708
444774578
347860692
259947315
279135215
546320932
864758007
734705505
418429941
608512540
222720997
725617244
333376964
886476932
622643459
864339928
945061982
465354927
995100344
755376409
907275882
825201144
621434047
996655137
760985710
491206646
794094055
99659238
647230374
862907148
896100179
958933931
138256335
148638253
682496772
622460613
595705691
589930114
299368679
243191984
702919371
353231285
814552757
468541939
695275070
678132810
136134619
689403790
148044981
232101357
91471757
251791382
766011743
471513917
618461146
335676562
823340530
351205554
498961603
787928568
752226875
765098768
87475130
555522791
712412359
263787065
587360909
184738711
203980159
182846
268634236
355131868
165986247
751908360
52457038
554044596
10648386
152892108
301380066
82852900
355072026
104690265
951614256
415129016
771435391
644308797
192922187
666742416
530177105
346820209
799120082
244500137
90968511
511440110
490965108
937820601
265756155
259029966
756129578
431488005
90771900
951395907
485423630
147862134
963467120
736339888
85805134
14103383
419056879
64416550
325028176
670448421
49825487
416108703
432856541
647536609
813484511
672346112
784087399
68103562
70864877
920618491
654561604
857159948
201062763
24134099
264163357
654546136
260943251
114636436
288288440
751618419
396762529
869892060
992080998
403676118
619266634
803752121
451661895
35095503
558503662
178818804
247685537
465760555
21792033
128671660
194674649
674859807
78583568
843428497
124336089
593410042
474942565
688026015
360623128
170153408
296834302
628263681
946799370
939333021
472176531
431258997
753160130
304420443
776128108
573409755
273685892
179933425
424027703
29180423
28269975
9732389
220684217
748991896
509599898
892046071
672932954
