183665725
766283299
761363057
258150656
89887163
633926645
343217461
586854289
448209487
413966233
337675754
780083851
423211117
481279791
158515119
160127057
61100921
588745377
548231424
253840674
932682094
745056089
451234032
640702562
469560357
539777957
565264009
497269886
276119698
304774609
884262928
408978452
962233210
486714645
573083014
640666668
502461178
354697007
667047833
899204329
200701626
296761982
284887349
631599346
587709780
948922730
424542331
47371509
532750659
485042879
159874335
54151844
478530219
400457889
393506307
438609635
315049267
120660494
788590298
550109205
68662636
845947573
310734590
143434877
529703303
928697301
817850639
936496471
908196776
517848449
657665878
706403912
921697542
649027093
53139047
635920111
460168740
819634684
52992782
520637625
115235625
517892499
964519226
791076818
144900273
830111084
930448231
561775321
93208338
134473379
325617401
381800683
566106708
116938628
830541692
354754051
986027390
141452471
101896042
659012478
131072091
488045859
139174732
14902209
827377000
453470421
132454300
829503125
347318841
757586194
978440893
495414582
67667712
267952672
434873579
550770135
881428346
519657771
998534602
699592218
998249068
256075317
843288132
773723396
192231048
275865194
140297204
804758914
818485400
698384994
649892720
318716269
717738641
393980302
389565534
627189765
378717766
949617017
963699816
691429851
697656784
100945106
214456480
335622142
156032484
830202817
314132971
298154035
682065047
279771556
473325704
466369618
142917867
402303823
660763409
874996772
644757725
365451334
822671159
551511806
313173217
327695384
11017724
648933845
107693474
659724624
777675939
673687409
878387137
807683812
172052368
931811328
555957954
307104751
1935434
897303961
41618837
507665990
617690912
362028229
961732221
842143167
122693866
538713843
225059290
183523101
175798402
315434817
733216891
514568760
982432038
13266432
126945857
412188010
378256633
369961399
89927381
565522633
227928667
496307858
52526878
640445561
419766897
874381233
107719188
541514374
910411663
835813114
400368389
763459446
833377935
137091734
747760421
460642929
589779583
471030049
205001517
472303880
423874555
924170372
483926222
462241121
940470516
363818376
825251773
158785936
804865471
143769943
928848117
631974033
807376579
476096202
279737322
121383053
309501351
321286660
422376269
248312631
430994655
683544914
273111436
339985286
915066427
969757443
681190824
845340304
265506009
666302926
822408426
907226583
164959882
617623500
141648078
303758294
12381636
590285755
699975043
55948520
49129460
948933250
736648902
766641720
906964996
768394355
956082866
357281732
857354410
626377367
151141578
268492922
48653779
956688884
41309225
740329640
651058936
143940935
547174693
970713071
682627550
979911467
893279925
138562544
321361516
21621533
467014150
189753079
334448124
975979027
109001417
719215595
621311615
366427748
199183171
482061404
946896010
506469715
433020289
146672072
13674577
323909092
987985892
639128641
515161348
553915503
858572803
208270996
576314274
401318437
652699357
868440699
43111062
729261970
373320969
69217991
55653324
598086358
445280203
885343462
301380204
766329786
22833607
881375382
517375950
431925982
647181306
682226029
757505713
559247820
793433628
144589221
710920645
400502620
957038494
358718458
991925574
254151284
623401195
767446012
163048728
258743154
613438803
933129686
323279670
240560716
676104533
892049644
993106778
129965179
426408079
348809652
61189511
547676825
845291866
247344790
301075484
106610509
121752690
83235366
906734195
176346774
450765282
17066454
607884807
508110135
157520054
642608440
772223475
14602510
77292416
801502038
974685161
677834190
722294733
42637050
152890982
89703920
558095711
276815234
755821447
755131661
689119250
627540534
132839740
444623976
83399709
163243819
555210753
709693703
57642973
885315064
132398593
540165829
860711815
986701953
807977871
596372349
325244878
815169533
83040662
33496092
119826168
978504267
52672762
624906039
374124489
383355319
825382090
802654816
94453807
211371564
548514797
844937455
327413917
151602534
487227522
823224746
884226712
163260831
424710426
994276233
87397687
62529771
956959536
191977350
669103445
434519332
817122374
735592779
234659178
556518632
764459040
742926176
193774572
722325354
635305492
710614981
574867771
507933699
70499486
700044388
337861728
752555935
615239896
846271407
336800267
287461136
212751911
709109280
499474430
984753123
712145635
161984047
390459107
88764427
946098404
57296397
21544731
860695411
955802593
939605155
566232944
89789311
567995638
537935174
446912523
805588619
651162883
605088561
516297041
776612540
248356975
376293013
92761344
724666036
656414505
334841750
447289874
110688128
855177082
381642308
221767420
108013093
236118348
249906053
844372995
602474993
352467069
105010144
776226948
578009095
689070249
714172359
552131104
130894329
133811444
248072416
184560296
77304721
399358884
531211646
636298251
607663349
192812238
722861888
736396148
335852622
69222702
665793070
432349921
611256654
610006521
910856602
5518329
574160285
717837735
458219850
853670961
318089585
693562178
844437528
453121550
546152739
828861611
938287945
87542291
534184614
824161907
961867013
590854591
408342088
150281454
369985153
711329242
323965435
745344055
614104070
915200854
513256458
513509904
508520373
533252290
686673998
672660221
164970294
968002572
778213646
708654029
977970818
413056593
675591592
394401454
866470710
383742542
554921354
78090095
90145512
778801736
254524292
635319597
202211533
511690714
107355687
74938478
24007833
460975199
240021368
199527359
681552892
828816229
103733664
543018995
340414502
804579679
185041804
311185238
766447551
873492516
663891316
970285371
309328643
825530583
846191087
548810420
915262998
13940634
283810742
986242609
156407887
245875339
655198542
835302332
660676561
877936860
311298370
996829658
425896602
611735519
648652388
703995094
727981204
578686286
27101137
149154589
309322928
132572597
53986951
61891030
198700737
243736116
311642543
216652994
114910420
284238919
325990953
376680948
665499625
558545266
159675479
10067198
177164456
253778757
43119471
435677552
173617686
268431331
882342432
462477641
493281309
188212145
885288634
154712031
224840127
959896221
242304167
730642356
798429446
697036498
239487491
782690400
959953681
221919712
787541872
912671770
934232795
438545548
720391912
376437642
551945906
934617421
331330032
867351335
452060040
638585189
526830637
474202446
535566815
591423583
975536902
40891597
250230163
591509308
568609720
10488592
358447481
156930511
991812866
155014198
41934751
595348596
578251500
968463126
319057775
376985077
50113515
955244743
466236883
130447700
501444756
735072136
548039418
505904790
910531734
558663887
856882111
17937298
702651990
586254936
433065583
768101719
195075540
207005863
721499594
198595893
532460237
368444373
653309991
777053280
554224289
777302284
446732681
565377713
334502890
956597308
356365920
362866905
548293560
75074962
588471674
571585893
7965562
405119115
89978827
240464765
492852178
744325372
680977572
9945833
153606479
340510182
454278519
405557929
721948613
273833031
400273056
371245637
246963531
120461881
844524839
681669141
301934751
689183602
576223409
724142470
288339455
982661703
171401899
953934424
202297966
494015205
469643737
627577027
997783261
861479689
760136156
789956424
117027036
481034829
705743714
788134863
687466799
643364158
623446800
213714106
323023764
41174751
843429099
60669859
556324252
985120281
115903374
427831679
230550122
906802531
269651141
318781959
828895704
365836355
952125308
510190473
572923472
727043146
807647865
659591272
870866443
826701490
407774666
860468923
513696873
610316630
254218601
765928700
414718165
56389975
994202340
658570592
65736801
362509303
401118706
247164704
139232604
110732040
397610172
217177683
378111831
41812058
397026905
90980729
591828548
441354197
961060719
751190680
528909519
195553241
215211390
960423652
835716291
963855527
342847661
496322273
633400084
982960175
546972985
946007620
730901680
349974673
13113514
174160146
912600190
611080547
253045157
466386401
964717647
704960604
370957869
462191432
329432974
590470181
281479441
829054385
429674585
316793936
268640375
72342675
649255910
503027919
237019180
219164924
841178583
33778688
822854300
101881273
19661641
904796432
613764619
156272428
563759054
451602550
486276001
28137158
28698544
222866759
178380538
980747999
188309040
494674317
786473031
823948914
824595370
753019957
630990677
245246110
682376085
513793274
66647687
316606147
714319800
474630309
296751710
227873761
112955492
793948588
332981561
878821501
788226246
151163883
446724760
59921215
91195985
214685441
898432377
877830422
104194179
253342283
800355841
206807826
138413397
287892374
884033634
154581592
716554887
413070264
394569552
88158626
402788009
577608189
419505186
505868365
838148744
297158471
441952626
89128744
154850840
258402240
915181664
234749954
889885196
299559035
192521753
37145156
47949557
726551815
732752929
609909929
854587579
753160253
141051930
429033802
713437432
859839860
178192749
426427425
590596674
142170117
511318872
699885226
399379036
244822935
476033492
210618056
731658696
940856393
221772470
794037512
772732813
809303632
722979582
845791937
338160617
565605887
316922628
838854361
95370621
846888477
106632035
990003071
680317334
784659621
233571046
649627755
436556258
990471383
792430932
978308882
118965722
15525201
498532069
12680722
747083367
215296438
835370916
645062261
823525542
981903695
305486459
107093162
504779345
938715415
837177115
45283946
30180670
295259991
90873185
147831544
542917232
339338387
331056804
743708195
35538082
521315800
19567891
614719413
11251888
826405736
774061796
741187312
148425461
243463586
675071790
757207612
310771562
710298860
98708570
122864179
730234970
671860366
15328818
113466924
541402018
999538871
485223726
