680476296
130958085
870344951
437493650
970545395
881427468
957938869
177621226
839938737
882083452
794525829
849726165
232073554
182406272
246024391
919834039
627307788
973510051
166827842
861732053
422589025
395159356
540620256
100845887
204206916
813776728
871598206
495532745
830256548
312229127
613847540
358760637
746253558
74174646
571313842
318956742
890091290
157311173
807137115
7927407
248078174
139739901
205547205
636632885
37720784
64852136
26159294
343753179
837893377
411628134
897035690
521532365
474651790
74585727
70432628
285316940
590337827
769499064
233286734
156768666
9829261
462406124
347364677
527709610
268235911
435765192
103472607
157898907
611092428
927067647
29742749
469996615
166372935
158900434
613653879
282849124
189612151
903987370
63125103
139354780
787617433
527845027
657639367
418628413
415193435
92315175
884108845
671667831
3742018
285996901
728618914
120592226
924024438
650368448
998098144
785672048
792375223
677837593
368396973
601955591
961379527
868260385
732660749
910825728
381885385
427039075
355159429
315751355
460931847
787583502
95704789
686350456
706373960
93931953
369151232
481984233
804766756
928736262
112516174
175920735
551656346
431804775
154156888
325095527
198448732
909150522
545972175
516004486
160802289
827981829
490473899
511774556
535590396
461169510
177975251
919357046
795184277
746813637
36743028
988154358
737155744
568357489
210735984
216158514
190292111
42268458
414218264
830092484
281217216
516113911
980905291
863638959
565321418
192476238
50299245
529574752
714103497
407565222
712376996
472734862
881066899
839154942
154949066
632950016
297109603
583930232
150760059
245204449
915956701
449794184
686799955
57953119
891993234
124361815
438764990
983298855
221068790
937998373
134803415
156180274
494932257
715879689
234787269
644688376
847076537
626834939
946453136
343114158
410870265
648400497
205253549
387619054
34436641
564008164
107087459
898000801
413408422
577785966
919048910
606361878
891508397
169013814
914135782
831423031
829313955
922952171
971645723
440959603
753711246
67000388
308505961
776105123
272761807
556196721
977802603
165187209
604367672
510260688
785873477
670274662
637477094
807645900
834334183
267556204
244540634
299180900
23516478
327985070
17274355
540764187
569890433
643282823
18949462
528441535
264671875
325918443
801743906
403364237
815374420
924124364
655189214
505493533
589402910
343869876
339894535
429148425
114857247
478239918
586205560
941900249
293633128
903147732
791912487
248774247
968884783
83862497
334679629
646579577
586882396
530133054
899435693
643660653
423685247
212947059
497109954
665223137
757155660
744320270
291524845
651884160
363443301
201003434
694886267
861749112
15085448
131983560
218242989
490464306
927661668
815392207
184323653
545276558
741779508
75374105
247131058
666742699
851370334
770175213
559556751
180809378
991238812
155164329
816481839
285241365
24688670
11528561
81808286
376455851
846759921
674671396
671992763
370536975
186715073
934321399
578456947
92629693
208261465
930163374
233688799
836901222
865619506
844215322
718917908
771490187
345809401
354159135
901881143
348311141
965815999
830367254
813852801
986980445
184763519
110715466
660645346
208278972
384521594
409644901
837060441
3556886
50175274
841787137
643704384
252990271
143399443
813786676
358561484
807458108
496917157
154501364
458481233
921206959
536486414
722655527
315189870
147023490
436246419
44991651
939431962
670529534
109647416
733497143
410639850
16392667
860818593
685012317
185773456
75999606
273676052
370177975
708108098
798616563
93102933
230131912
786725947
23832369
200510938
465927637
628090744
532022724
995597649
94423035
851393983
811314634
371886020
892645841
450494031
462107990
795525595
513621856
772032551
339529942
470212937
166530907
893909469
316678129
431147286
627311716
392171676
458387125
628013219
282561878
533782055
126739181
446393265
659864669
828104025
306354501
935929579
291357501
946512551
970318781
416900906
407409238
674931883
15224380
882103159
599325215
644506645
968172750
234518286
723665464
280474010
760054194
598145423
368578156
328403625
926572025
336222442
470047817
592685081
573199220
73755960
169703618
904009503
713035771
560640978
724654801
364921369
712021349
64541816
144139529
526178410
504168093
567109304
801713769
922629034
62803699
491599022
878685088
434574969
831822070
982805069
423998924
223868839
904347754
2087868
773727859
528593757
77815108
331461044
901531999
970132057
465881761
698672419
373313330
896562820
247197288
503399733
961896111
454583401
157448357
234403845
932485295
903630934
90378756
197487054
776305915
192944890
796431652
445949121
265599926
434973002
457537353
35472848
760863009
590394149
649757035
945834778
999661748
710947902
786913117
196061044
287106260
380560305
163009815
174007470
60296649
805495672
193795973
905150948
675431745
559403964
529702910
424101687
277126611
597418225
50319774
520367989
133490082
706860699
225781951
580782969
732162103
631865985
65861117
466558996
512594704
430408912
937809409
782919180
246805785
301362509
503737983
250948208
667670282
961387312
947297583
551924990
740621118
916371284
137190405
970810241
999148915
891280703
770517374
706195960
905270091
33435665
758346235
163444784
540074374
129389046
812344695
292801048
485165951
206130148
463898939
655240274
314699187
696450817
661412764
629887735
867686262
410876792
658345162
374069236
55665980
278754702
756431404
315739298
650120640
498394783
779746869
217118796
569670294
254971708
581634053
840881398
861348609
359665156
561288904
479159038
672062676
774364624
242844805
117416738
489017812
210936935
765782255
461540133
497488372
292057309
237225802
44170300
254958520
507302669
103123979
588272123
232935540
396448138
650529980
626515389
277004260
442606937
513324143
41679591
349642175
595225898
723130753
230194243
624496094
623017539
793891663
955034030
135161913
182253726
957825058
93321638
168031986
540928424
885051422
844729044
512972445
294891270
818250924
358063330
261168980
735576568
962160275
62367625
151847729
993361928
607945858
464900471
709135174
934773514
202154777
229455738
261040481
201165214
767774561
893791913
487806180
535588012
837044038
874470831
498165645
282191771
909008386
72704793
549477609
9802340
420240137
692007115
511396714
805800934
113542943
982112989
624356012
155260812
780510610
614065606
633065621
660763127
78346513
631134164
15071681
328991191
245898855
200388397
980098947
728369319
832281155
966866770
773153861
991259508
356922863
977384431
457847230
943780091
859897684
978977207
826568180
889455481
512890014
142045388
573121791
915938741
953503755
903334239
821230570
220041787
605099724
105779669
420654603
153708955
260726291
827043051
457241499
205909874
859399150
169174453
36292916
708619988
92605845
821108289
177521184
453373365
918853253
520137204
448878071
136158510
524265759
680575919
295363127
801533401
787497425
743610139
147873113
936301124
58012372
99132939
375487434
342564615
379157826
760057160
123269595
726501486
546212167
619444905
730533217
529879810
520142932
251937355
84380941
690723230
942684290
117948192
796849636
691781724
964524202
119748426
997085486
433366550
454456167
685072059
695776026
924523803
810416541
619121201
366211529
517116151
679169938
520940373
147897502
760266210
793687017
693728300
329462162
332548684
697838693
451019697
907161197
299408347
789603986
918998259
616015577
272328403
596194978
604639895
858849109
669549232
946760501
456091387
971776920
938263944
102047451
942120883
888108446
694085765
64281133
198745790
916084944
927090965
253233376
213417066
850709871
999202557
104039853
324114729
897036212
248955990
788486028
464300952
993943029
513504505
212587228
697677139
643762563
535457907
69056482
423447623
328328825
205776645
760272090
696662295
570355648
223078550
549163452
209633556
658218759
851566133
805619853
635376396
268267550
499092903
534934751
980070230
46174970
576186919
68288387
616813018
168288550
272080249
707603682
609893119
881063203
482459549
462148357
458272414
725676716
404370310
298358319
352650538
625029282
640833509
870416963
710308298
166818874
556571080
643061417
627631320
450039105
894406295
665895968
45470078
443336136
153109632
196033401
494850125
978569752
232516996
651502168
67575643
467169520
452243462
255159072
56248576
498172962
150378971
815599090
87896098
760930192
90891038
483956839
253848448
553207813
452969314
10347113
627434040
628675938
824626452
813251356
489603889
933125501
440657065
166773913
273882253
606184279
662133603
166556982
727953570
286426148
967298230
479702660
493159719
752868141
230782675
885481017
172785819
385674436
814168387
212135336
16439903
740971988
555165318
866701127
359148067
410449456
412047520
492262263
990366820
142762518
568599359
866174186
153943300
419265639
161898279
134450141
26512454
285469549
981276818
450064296
836039357
983821987
87645519
801469949
793631960
611188376
990797118
500980306
322425138
567488296
837561292
241759604
814507550
612491116
796811452
748631899
377960182
573955937
807625845
863432795
194136759
169871340
176190161
585191052
717826787
101124044
325759359
73894080
590969862
96332534
858968562
887316269
404397616
364104091
376095977
32617914
653326468
753695367
73069166
747959689
419652337
911067212
169837125
422878524
305201225
326839755
51666635
541452183
622454185
413266378
756489957
452556515
477843703
117844022
255927536
666168016
807631826
502454466
83643162
692507916
285429016
916903037
910010442
226092603
708519732
950245022
837361986
450403458
236395138
764193537
95305431
624264814
500886770
59666155
443780458
283069545
34214
753311635
279989826
390987031
49457408
784307175
451439894
177703484
339842576
406412047
409472565
286553594
108176554
709927959
224986087
150872001
670052205
380561249
462530673
502749298
1056770
943744521
714358790
354956202
489477768
601263176
305057045
858260646
317960947
132225143
