265163864
61065351
300648584
868226508
610119718
267154530
959877485
539794570
1830566
521188501
721766311
472307027
630997287
365701615
597874119
227840095
540403805
48680084
571994287
402385123
165651003
655256616
740775196
328321842
510369731
484793252
681116824
30727009
710963160
778763571
193062999
53099587
273998297
772984560
840644629
493960492
719234471
614160989
690169885
731596643
896551349
653748060
210465547
502800503
857303721
252489237
979310338
709007430
792750278
478163479
586184105
996777213
162341255
438422392
614383261
609907246
320290153
972326741
357856776
125326466
586037705
929150476
828831408
223066994
328125501
668666724
198308730
858012725
525056984
103913626
508605623
926242815
358510197
840397642
505833773
511902942
444791068
237974692
471018119
257880494
505482912
972109392
237976729
232799681
192579465
196285785
890758331
835575903
158601299
230737382
173670338
746907729
256304212
564843419
145558937
967400872
824916651
987398552
174675002
188636997
54180507
121297612
183950445
688836651
969557854
659941289
638267015
321943611
932588618
102480319
165116178
82315461
501308621
99976282
619843552
613928312
691173746
596031726
30487528
131839716
777908391
362732825
699411426
294319602
930243286
761697893
669938602
793666777
694838705
538432900
686986290
457392514
63299690
282381122
203699987
384185300
788158946
549140076
263241825
532638175
558018769
568814720
902987284
56120980
65621204
91354877
245599108
156327930
944999865
531630623
276227125
228884924
956911024
42835285
410728604
691447680
421886185
889630842
758593364
207859961
990002685
844600236
627104904
394155718
415494028
707723662
19015770
218927498
896276294
235658252
825769365
142033669
332789901
497849351
573820945
209093671
459745540
643290446
228698398
838888409
516098784
513610672
848666911
163208081
262205774
458101365
500481489
20464404
871652517
512252305
962299113
898528102
790546711
55381864
542635488
713418531
941709814
508831565
640626950
357897540
72339106
26671609
260051634
709341613
705861257
134193456
896095022
459061672
469014338
201634932
231702139
778595738
660932444
919704954
691761175
476392013
995933324
463896822
131949944
957392661
207242172
998551365
347274979
384023988
273359137
927241261
351486956
277408036
955213861
860402413
267383856
950913974
2663495
870800856
766549302
489427175
253559037
139325297
457346823
128012318
562006342
41419817
551450064
670017584
280550165
183703375
237595658
870841756
363620687
66243475
717485206
477812991
376881621
683234288
150655368
73787740
679396628
876027645
435982475
778619994
782706498
618686985
503847809
608611924
934251075
280788164
775932242
790131586
153155651
202334000
222832975
856608026
6549999
3937626
395386318
165822354
447101300
677257394
103473822
89655762
689645602
480645199
913787348
888970386
142917206
789570863
574032352
319429206
720145488
692761561
810030545
377531390
703342821
678726827
345305818
943319356
537572007
942838138
735766508
999761999
407771131
447464070
717686104
161286686
843410498
860877178
471262992
372943994
287847969
984833012
626686438
2139234
772553823
346326712
88974391
302061298
704899636
614877422
465694717
144680212
706755810
456503036
69986098
460394088
392303454
845301583
153265205
327823171
658631806
452066960
628250346
504263160
941490884
103711821
681884629
242181531
762959093
752500661
45559887
282040027
318307871
201088358
31581236
735312474
66075123
807891310
604977566
357016108
589752435
43244520
238419720
922694584
477143421
591086296
293006189
951268094
377477972
257292015
768983231
998108914
707611973
143439820
714312187
835781008
356582665
122423277
60648349
668842001
664442082
846792859
539102203
952398973
569317534
183654690
826372339
505667452
424921800
334673622
394318965
584412143
240324016
796249095
738070734
615387286
213647240
705555761
27119739
350404588
810705631
730616534
864703558
505667078
983517428
47450972
574428052
174868050
486776169
195800227
378729809
943651844
747242961
936135564
692574025
742959575
504142315
286020745
353377049
293488730
764713955
787338735
526346293
42804350
862973049
184571088
757784897
911362877
405369085
98924901
622133767
651026903
95303537
710243759
858136368
933825546
982089299
33435125
968881544
521866562
609226636
651504289
18891283
229121573
955943812
450667119
837169181
304188451
103675069
995111158
111244970
927626494
352178711
733631008
585690632
23366896
204270241
821899208
642694027
798946340
289666074
663065174
769498964
387851268
573666458
727702905
848348306
36999201
77999195
758748478
760870274
470707189
317139200
831510486
684262092
113209665
768447451
297224719
86860537
412305929
347401906
453596445
807687807
410257925
987679929
694507272
298848191
361672528
124553126
834769472
729555305
160190091
390741097
169935203
232200488
946161461
882005324
631040013
655455113
228240907
602318811
800169979
226189256
344926590
234240883
640537780
610487294
520668224
49368915
472480966
254919443
907045520
735038671
230388098
451544434
836069627
855377366
359241038
400171337
879159185
428854713
486675778
912446074
243229722
29193173
600680183
79966092
147203996
599309997
738100630
231204340
137407437
641769604
858619628
809987116
547231925
227407189
462761217
176017041
347142149
84019978
778179965
312303612
652072158
579850028
822509783
425151419
160352998
718390768
396130859
90784094
522764285
230868676
776295927
799386192
115643033
887723904
982959533
315733417
633560699
560571687
463283297
921358225
311268283
241276626
117512005
265275915
876419041
420400980
904312507
608662438
392616149
183223997
53029188
795139207
650674746
174372165
260373915
663379692
206683388
175528764
919613092
428813227
203179138
647316536
708440054
906538760
865473676
59233436
694344083
659508020
244447655
147027799
542456341
786570460
620736679
856821739
1035328
410795532
462338023
557233868
548732376
739952017
814078259
787468420
698167944
339540288
177839487
981156718
148711446
941270866
627349988
319579840
109050028
458031935
640958594
34470069
718179087
663951746
532836571
210973244
399802238
817185604
726056896
244804486
364214782
245588349
640767654
266458727
174402527
793853006
173336836
849578381
201041669
649449519
626796386
179661075
614734967
415710716
949148590
368899766
728699273
884316956
910521989
753073216
32158032
924867813
37977770
84424405
145611865
586266609
138642651
337083581
877958960
251364779
157431630
731546770
13895120
569273772
423253637
452579594
698772632
911380758
806754190
354858438
767934029
777771605
118538171
459600508
831235548
461297518
419735101
302468370
714803155
163936804
482273969
515485280
906663614
972983679
212646454
439346968
207610578
556343249
120846861
588135916
655210354
836253254
971619420
949676888
492017888
895249614
165765954
45461195
992457078
496568995
670127133
817318514
77562765
555663550
985139185
254386425
806329641
578377260
253188856
684314346
166531508
836174279
622280425
714022155
769090808
641946348
824883155
40911440
356627317
983906668
244969016
142429382
790533896
218618274
699648082
931680773
806152184
168861281
967582619
935985932
295531564
374273906
310011291
218234159
493809670
664955454
437922514
351000064
987844492
958260028
633017325
629233316
303154392
436532514
421604408
819036074
213972829
257597265
180586080
850071538
70366459
124854513
688833876
8550410
251599979
527697750
26784617
858944490
856015466
53458411
448234240
637468359
610794640
317202923
388782781
792257601
526162987
404046265
220212484
104135353
204023834
473883090
53066947
398367287
350889342
615735698
839274989
354001381
797013864
880612007
717707944
548554918
988275200
117511080
865619473
170677050
685440028
301460881
966634178
966111919
638170837
578978023
494984596
934386081
510025788
995548965
18438675
985951468
47749733
629346805
292873086
809926562
37384780
76450726
646047704
596483367
71787566
290466588
657661066
635864279
688422759
672783234
61930625
975403458
335750466
899679320
649193158
493283560
451583449
218105731
106817572
224702106
437412085
254100563
465964515
625045810
978898493
118680864
888341498
355340375
597297022
853323520
306251648
167667059
587738920
907781380
511170138
911824474
471463375
269136105
98889483
394973439
643799813
330769899
277689160
965387601
517047397
519581137
598635614
610346466
346355807
525155114
534368019
829644000
522529232
68170980
372514477
783284215
610486209
21001894
617584873
953106700
402125089
302320691
38567257
835099238
366531586
894263565
387664537
427969085
388509182
737368682
21820185
182447343
119216247
711844131
580902291
106642186
976411402
500576913
107998412
459317355
520045249
277995031
8984568
72141908
318955500
476607647
645137825
519567940
535266902
727885921
301338264
450461480
651551230
145782781
992848349
341479122
292202642
442589920
598856015
622783830
131916599
170666529
221837284
608987123
503334929
351920675
710427752
810685100
487268687
265872290
806872812
109909295
913003480
158267517
433061451
124130057
293336122
966425348
516143737
889923938
249125740
868096596
892702181
660623259
436030418
571358703
530896111
973433465
718995781
239423169
814439543
533821481
901720897
485214580
327400755
349378720
56157746
399997444
568806977
967034824
766179893
834452724
32299252
269394612
921013108
191428968
537457998
493283712
712721329
868718292
48142999
325777293
926446182
708932076
373658090
263820002
277964346
561214024
172956705
931976224
821024563
736994286
91689318
247845518
451432746
273051330
208188397
427788900
830866761
83682731
67972310
893338677
397618370
549108912
123744044
414673015
835797344
623307569
739610150
244601449
33900705
37612398
260712135
850277488
191280169
488662250
607375298
192788821
111556489
63580753
71414373
494943721
227040739
636830751
146010260
29185606
742763405
784453732
817961865
647961778
983240569
109669098
662416950
629038598
800745981
154804321
928158921
377337269
585188031
958985074
428022656
654656776
821603873
928355254
898075519
