21167244
385751943
56098883
371470219
106729113
570218976
610944385
451939243
965975107
563286236
953251286
759963876
70646033
617016018
879381652
372646462
491474286
54198811
297639521
38971284
329258547
225200844
141738733
87449582
852692376
947021491
764729753
164302786
107089017
62431720
911328457
530869857
558355815
848308345
16341947
939816055
534726416
364885016
474204468
882944860
28861871
571905220
363475197
151111262
774712900
947563919
739040421
395727691
94412176
182028084
83849800
321864593
101636505
996943787
707263454
795966398
244013209
968649300
518777841
159707621
805489222
446641599
344850225
903543387
651957778
422381429
201608060
222337686
600674071
939565596
837920045
126589270
579994341
414694659
10109412
757353326
861725646
990627469
312736681
905128455
207981069
369002062
69890609
925060932
978581918
589463863
429233351
561412027
141044890
220375547
695802845
566077114
846107173
314496846
77455638
582220271
227054994
459931808
499153483
352331470
745955859
516702735
795053619
154846578
344108038
957260528
741870250
686941844
986834374
949910127
934240750
253385738
655912619
613649385
951726551
436487159
376750989
419789292
924961467
62493914
993148076
640196031
81292796
380298523
243762750
271842930
280482095
265497495
337239020
427889140
530298331
401793837
491473986
960405209
159172596
691278333
573948442
915044030
580952893
21321389
847593612
742291506
574577652
191134761
286134795
442417106
910164494
232457788
362770294
640968478
205469281
807265700
534970340
436659568
359183392
105759827
435409938
414755095
911083826
72265107
676778433
476372755
349702823
558945233
419611795
532446913
761911751
695507409
454476788
260448217
862538715
461706958
838836397
903640077
214900301
250856570
65618379
890158033
94163727
801345643
361678435
48024306
902727199
696270541
222419858
723032630
866823496
54814417
601221816
53412768
255868394
159193347
3960203
508687786
344542955
371220856
392588682
15632418
771522965
753687881
680505354
214657084
777980998
102322076
778429761
743762322
968429301
631330261
221759267
108326822
40141448
545251904
320591367
109738183
710586670
628754126
573645554
653432281
336525374
696579164
665623415
707097333
94285592
401064020
4579822
703345368
457746755
330148611
559097122
843679443
858267886
49985960
118635068
340475845
120840288
147021350
270043307
800405122
917840778
478657535
754603327
235493235
833055149
492894994
13271319
710616489
838601978
894222018
798101114
715788827
797575301
739156400
679107043
74943800
88064466
973408020
120371492
376916978
97742253
75084392
286015567
638280689
72233138
378079822
250058934
990155487
426616836
980115521
988897893
563565320
358710819
773240430
735591501
857867838
941975836
430130179
874042182
601390597
387792700
293963332
864743389
563524735
532047496
843308293
46104142
119111486
370878916
43691267
252411379
147432267
26649858
893126327
702662868
842756385
192641968
116322637
163260097
454975327
242836059
23115830
283999653
858486456
905324123
234535794
357078008
24334870
3564898
821239203
132967963
657934285
99365837
518980894
989124276
803778920
210341002
722490830
106233193
228924843
331975679
130947448
619276571
382925568
727704141
841465626
536915461
465584490
70577561
892835114
665225870
825653198
266870082
419066854
358554537
364676869
9963679
6256932
658200610
297511702
486230285
21769272
115546587
549639711
910723302
594477092
48066430
507668962
904002050
898883947
632415383
470151136
10089444
934335252
122999648
111888610
403839258
901074083
130782314
63858497
697620331
891493517
953757307
110729783
156013333
307314764
391064202
680298981
160426356
624447406
793815241
204084069
64290220
808721489
742694557
310206406
15400861
69636860
472202265
133227048
793399196
29246498
561582438
171693613
260419731
195074733
815563754
332534829
296067206
246665926
960837610
108889594
875474617
594342113
599891370
594736766
68011964
4816804
393626377
603408538
203412890
367767447
347242606
279554643
105068706
428331313
405860916
201367954
191640694
812793240
96487749
334202397
428871818
997555264
270459300
668373832
329911078
782063694
850310050
960938598
491751008
58529373
384231774
913760428
663609795
684925646
328609451
469948106
208830118
147957791
242194442
10584057
676010481
868793725
929814157
425631748
682003891
282027795
66624906
832088416
789213816
614195800
140894134
483273964
150178177
626635212
680017775
877919351
323882812
931517536
264825688
285948268
154506752
432687777
111657529
144883517
983535672
433482176
615944847
420143058
99721861
935912808
992537834
43682903
570598798
85903692
658191915
560078091
67741107
844827550
986369939
47883283
715438787
18221633
171724782
877555207
917635237
900957809
763582251
36974582
4907871
450690098
146065293
277312581
883132101
956246172
856077304
243322703
757136196
784930640
442096075
248521715
666082947
646481847
732366554
853301006
621657964
97211231
912675165
64274485
968443296
119939684
810178244
479055260
945147595
216942404
570509480
136285118
260962995
234102320
227248278
82577862
669899924
578970264
415235187
649031762
789847515
715225252
160550800
614352625
229826386
414869211
802941893
282810465
402731475
737848224
381800335
68956940
285855077
318423774
255897242
820424005
988282643
699307765
68531285
884968185
640511853
667010031
332164984
666189697
385736692
719792185
982359707
523033875
557682361
359518212
578621789
87112682
231246659
83334792
63453491
906432711
936660429
298322540
834448097
553574084
316997789
527367778
76323785
207299371
835142068
501552540
850430039
942539220
978205076
406824271
94295218
970592157
510438978
530267000
8519908
122837484
383060268
494361102
228615932
510034199
432509503
279908018
725128103
43213263
159226434
294687652
837710279
202520285
254970283
349464530
883763574
689960103
864859666
514957199
567970396
113144074
590686245
124865613
831047627
884184150
869362145
39820487
544828797
150858089
265222994
608029631
576673702
700979657
74814883
940616005
523372442
442299327
69706607
324413897
121064581
37089771
802239674
33110522
48072936
540454416
663842259
647909754
687568937
628740545
523060695
404335114
105732491
995481778
962296603
895375833
532151237
258194655
663313473
344431781
640672053
392689015
735079219
574270013
777990268
551196802
718013948
136730622
127705401
314354276
826092087
441464247
620253496
540445768
393892617
530880624
310904398
557575723
76792676
290593211
220341891
221452391
352251549
916088250
627797392
860887878
502297139
581191923
738683052
179439049
408464768
265177787
778985852
725274825
683741843
728375564
302010551
227969661
255120253
496876132
822440466
527111636
520204352
373214660
802648457
81596448
784081617
565286721
601589160
431415979
584471434
974575512
181401978
372720262
124089889
419219661
40437466
818990967
946472619
917102388
48899662
136822024
398047568
948266350
905889506
560914299
662478393
894978669
856703924
665517051
228870073
82934737
302455470
579916543
468152743
693230254
701248037
979036887
113439793
546200944
76806261
937010417
979602761
307267073
594967614
433889255
83775809
406265590
601184935
264522181
687938097
483019583
281497040
338017863
447976470
685618442
129064068
571938001
467325153
241734158
419118053
889102946
708582795
936072107
202545905
501536696
672120041
601485434
904567517
430859633
717971623
61400578
705551174
400271675
840296127
111889243
157219261
90780494
353298736
472000251
477138490
256212802
293793734
592181742
977578952
745850489
801437696
964437606
131940072
782534300
564166186
129310036
511711733
871705634
127082890
187703313
228427621
43530654
104721168
93430917
761769212
482290374
501698071
170325301
546550557
626537519
777468408
881225364
497721735
336087226
528399180
38283573
218639264
995324901
764595666
162905251
595309212
116401052
958493153
456695415
700098999
707682434
469545361
122033217
866693446
588661586
549688844
833845539
273188785
652592813
883461621
113688607
986059325
259867819
710231037
994848114
754514730
123468432
45631185
351041433
968382080
920212330
466715871
795852845
254135120
525882612
910670770
516386831
107109967
964177638
592394100
112026568
85037499
648025751
393331916
54086777
12745012
379664854
303631854
957888970
76848674
943622868
608036579
845128920
452625604
414710572
52224246
958771444
285093863
769747551
408390519
471840780
70769867
607451720
488313334
779886668
240966563
673692514
867898096
340810834
677990814
33302012
726735571
309011145
60198713
771435052
28651108
338033574
866535902
656144260
982103101
374849875
819836576
87742214
274192758
24759212
312175751
621586949
343227241
839424546
473658365
951899325
231292968
337362414
555787118
120553319
41256701
477585777
159712416
613445247
813120213
339052497
511766757
962821018
279898155
43546662
216887296
299025433
784930206
681190550
386059464
714190671
92235542
628949602
787644448
33540644
652004202
983027652
333258961
463554122
467710916
619379612
330465273
28473549
867152467
726091488
802009043
389373156
753224026
939645392
730178351
551065329
178321157
253090654
843024045
643050604
863083117
857015557
807844057
230646096
807871914
13150318
836656741
662036689
453365082
759467693
859663783
602343364
549717965
522246474
468549116
58229047
144326816
696158292
145734330
193740600
8587223
483293207
95668551
553806665
241537617
827514138
545801405
845284813
951012198
834994133
535869513
839144886
785925555
144593843
170457525
794988644
175183595
102612865
655682206
454560598
782722869
668428582
575108466
107684773
866427704
199665679
839655190
230977552
471096276
671949303
406738513
482162864
107356324
649283445
634463380
379789910
761347005
254037391
989108478
980357775
467348911
991371927
711024489
618370947
223598180
20518896
816417808
405124122
351788948
673560470
883045451
41713951
40476086
691173730
411017729
340158640
908184739
987983776
687378960
41871938
987858946
314823853
374188536
279062894
428255620
53706649
