962016381
127815546
799157747
626461513
100387058
142540657
361538035
393337401
288502485
986713256
790008906
83864735
111752776
893074590
150106953
558193731
48052142
575767474
682260694
131712466
152244690
638310326
780105782
919702711
492435997
732601250
45852244
687868346
478647937
554055459
293939740
628396876
422461651
588050646
485321179
630451038
397792811
787126971
617531740
568506668
49318241
133154999
84420932
834880273
482171219
189067780
58064355
609956980
347674529
157584021
635152340
818187905
258794523
189054638
62901506
323706054
347709763
879455034
134025516
367785806
96688413
673669688
914689463
734447025
692773516
161612030
661403083
523702129
407753410
519655913
160400919
260925170
958235733
113754026
82394225
19089690
553889394
945225507
437531491
303368216
674536895
435895262
340193816
321063916
918903117
475751833
369602353
233407013
525149139
161615124
282741275
518337776
653101455
249745934
471818255
375648551
218465535
349973906
142106756
320559189
527664696
534362224
202203569
828018614
997183100
374227170
859952171
145040496
106660413
43811816
769816659
402484254
441923543
830657298
693248909
660793149
333475871
593625547
815543906
217021682
792009676
427996069
998552988
246138286
236914638
642063142
607823714
708489799
641935770
706745672
800624153
203915488
803118750
116972302
775703519
140174671
233691693
512175201
323880814
544675947
615799661
224561856
126746600
481337323
391798464
880257020
76414233
822444155
556497023
811025104
42172680
624839987
534429998
925085073
528549512
99668626
535809234
956065282
591103976
355119957
766403454
151462372
503104725
399914739
243187661
565901171
599365502
324951241
54953779
553074238
427101455
821300669
269744732
270867959
601222020
567447819
301249469
517215665
854339820
356657617
565648909
785379557
151992775
830910664
664572992
175784165
669485489
878033676
588422788
676034892
604365435
277626410
921071223
968760856
778272491
464337289
721457130
726831859
238149661
825897292
280891517
751462990
767490375
3422784
383923649
220872009
355095255
263562038
323863053
961101691
798419156
18593569
101725461
234446359
789471046
981023895
999469595
672194059
735341746
67403495
896415681
721331824
736528451
378918885
948708802
149475044
900229444
300983874
492595466
136884731
845990688
574417608
279066003
28442528
75766099
814185917
17889182
148569991
446987014
443700982
820688909
405923450
554170623
627321096
877615735
585771865
175900949
686624864
179289809
797248594
464867692
49263070
991490111
170746166
929481610
559559692
14934539
388571489
54713980
234448604
320642563
54111380
770966570
186978321
115111002
224001547
739527565
73282932
158680260
975285127
963134713
850899603
225207044
291640764
246714585
490492230
167161201
109207354
501303149
362936937
973574094
213604580
121694065
695346871
672017037
796727617
582927496
108319837
98960917
516206405
799251378
629317691
93856011
212538410
123058418
766577528
634956878
367192301
512210094
653614188
846244298
102618016
527944604
204004681
834113879
613968087
824056025
699849347
924031579
438989379
392398491
905727184
887268339
691777041
260874508
107037983
932417314
75619699
514961283
318383383
641074049
631207728
974322014
642473853
176033749
333817022
757043592
12668634
168582345
480137055
855535351
799968898
596997259
847688960
516692637
870956078
685659974
917689383
861232990
58048949
972671591
883078148
184288256
659971537
123807914
893524192
742049350
402078968
951663900
16020434
834160213
559337178
852231017
193826710
12540138
215036570
128296000
885470750
27970931
500296856
856924494
811387390
531267001
443894524
583454026
592429591
308729925
39579378
175084404
389918429
421378008
14727931
214386707
456912333
345711791
757995900
446919472
314350477
518665938
282509555
591767670
354964623
61004732
152561910
645976841
296198172
947737880
403170549
835148822
301656067
742660077
800189223
889718451
360936133
201124453
161284200
351811146
740393730
76517510
531378321
584794267
702469972
226994564
561745471
594642425
819432281
344950471
395318683
848114917
254544236
768117097
813945522
366804811
745461374
908529185
501959871
750382658
378705090
797917682
287255853
644691710
905559374
204430555
873428335
647258350
621188784
125009478
853450572
255787880
184427590
406184754
706525740
237832966
987287616
697715287
889297697
127970058
499259260
557919484
826544558
951247700
552419196
555055630
580604585
533538968
928714554
433384411
144257076
452406947
699164581
410901541
973106055
942476047
789261655
886686609
679234891
498039416
353566227
914487120
973453640
694422802
491499897
139530803
663687327
848359481
61591356
576112555
379517194
47746087
19231487
373989812
251123397
820785605
971373123
336008152
92272514
350503744
623825969
339889366
718543795
187804372
980752400
401043624
556623297
773526047
433078698
764049691
448571309
100601006
18480395
391258281
774403830
584772139
584465842
132121755
459747802
412888393
891368301
732245103
471947611
352601998
53867217
96510989
433175460
325174769
159778143
152320449
971102923
453253503
794414095
328731146
874213445
13676860
195943325
785649268
713670400
90456272
582907505
890161278
415280783
297541664
127541246
278916187
29265691
627973205
599585981
666351257
236319762
839251367
876260348
679384120
459135442
891580865
867941753
365941796
133937154
884241411
967868163
231448528
613747904
280758248
792946767
995317805
306186910
689749247
517044834
760726969
388828813
798816573
418451353
369291529
829980887
1207022
316964319
174405947
225060752
774951029
67245297
805202254
725588786
493426884
916000686
131851555
576993154
115029974
869595703
982632579
145735105
830001527
651712113
829428988
122588108
351458976
276413374
134522534
504594896
132223440
972729275
339516443
110928370
838859010
277522444
437503187
420800014
506968818
849403232
457928419
574616545
693535806
140881044
358986124
816996113
162665909
505859740
120321019
364757561
661095211
418324650
191156935
820153542
534412253
614991863
558827285
147104460
589022363
246703421
478521910
724793647
182441784
669811050
92837311
802221752
727728853
694273883
886729774
215904440
478497498
711051540
70024335
265626741
411667284
408016034
452199298
689120482
292725988
12432874
959922197
845599235
156092354
769764972
843499683
713898788
781572340
519362899
576516115
223867147
718695157
290398727
831777649
260265397
370881322
733134770
392174760
23724755
48043732
556764371
89267260
468392024
619129964
904416577
886260061
950043670
348300315
925530193
408486258
126396219
162792564
869706801
854378471
576589489
286781222
632922673
568701292
412676811
826311365
378938522
20649412
208365953
117757767
662862627
497209281
188098771
879273889
809758937
894745418
678532512
15841273
428474542
641076749
735961616
923165612
491530172
226469271
251675776
883504909
893456012
365598472
856042145
110876641
450119896
61074582
848988355
436020254
255188160
973484173
737958647
164433478
979497948
197413388
669105209
536114959
880901306
350634257
956267335
407207296
698161290
70769781
538541377
30784775
729953744
110554946
734318020
228630051
118416855
653423875
795251049
406453402
317025516
529171901
932855352
13340049
164607265
97489312
667637870
601788044
648220925
752078515
624085728
836274762
156786770
514099034
36343324
231061153
971971539
199846656
42264306
140895915
270201934
844468479
185343618
822686231
827057093
825257370
380922895
339564950
326756561
620358303
317603399
601764284
178233124
331505244
847407960
450326047
264558035
655765159
371507693
783411994
682996385
354479291
758986369
946082774
446684051
702266614
873998003
215854710
74211621
503256866
256658511
918570197
611159568
654355133
136251468
472557036
343828282
110169121
186282955
339349893
716566416
328072920
275031483
27862622
434475115
22321443
658041638
825281525
666691072
586017276
966503117
316206379
828338962
258852311
457899529
915722642
85482109
239260843
376002179
124790479
951259366
165068184
265353328
823499693
363699791
399033201
990604714
523877989
195253776
374850924
106497764
154388914
469482204
32157800
66845578
354923464
79447807
731123746
511607658
424362608
44224975
48716478
549163637
488194344
536753748
940452130
90231235
352307257
196455604
220528825
387074926
104567438
734166940
61492475
388090526
551498231
62719592
451531789
664162829
35441914
31716727
134163648
630027748
291840148
479519511
812114202
846724173
796181161
192006733
102976064
836274834
354358361
727653184
951639569
80565504
902542888
615904546
777158983
286745944
423247659
308801966
638297457
327422385
974724950
987775996
1930326
420221972
407989729
644067273
515347345
292203872
627916017
66960917
476165744
392645880
910061325
418688728
257323489
8674832
724639545
93727956
294050072
160300524
93479539
384253989
32716564
376914252
782527369
980926969
485547636
935593684
285560608
164785845
240915169
726639946
393419269
806741262
655302796
304064150
477589184
391892229
438734444
152113888
676659386
810772191
208358817
287397444
251487440
558993688
170504177
483854159
358581056
768484150
562106398
329519702
14751894
477996933
233942845
590470960
955059431
625016072
637694602
427062758
158519636
579753659
6643264
463130172
826045746
749525796
999226610
103320063
763385931
953259338
531085647
332747315
654993511
141936183
483641136
282707347
175895172
745319119
125426812
223533681
810422792
1693476
577012628
517076457
602679446
911395465
711888052
915422335
572798416
64831835
349004717
852573110
754197626
11671686
993594251
96905726
804128927
745228644
461351697
501961642
559767077
67184113
720468227
405321717
237398502
229359082
674526190
872815710
994355795
951235497
414575788
209740312
499589260
414160921
616639964
156826160
2741031
489566805
860450725
914650279
37637744
83804275
530521645
698554095
604254620
678512535
578549688
643321825
148341931
386735409
478578419
430666527
283967422
623465168
663766602
743238678
281225247
171690910
279677954
373320363
