785475011
703275702
847777613
447211237
988171815
47927223
833019206
305992537
197494530
552792977
689434160
4500886
766286452
887443860
648615839
466970962
542817828
591832696
491921189
956630298
414796724
259081256
384332306
81791919
16102707
31375532
563294227
780580922
502933854
683209832
417462270
66368074
171660265
893315571
690918009
475602268
669026945
288601253
517150019
264229455
131630153
763579721
521516313
456981760
693127694
214549311
704202011
585530901
479221819
722762919
624005606
538708269
161263919
834860320
497621972
526393754
318943396
765985694
431108529
956796282
484632994
52438284
803058681
514284697
135330706
623066085
832840620
872970880
196525850
173013570
797944016
254216575
74682677
227691734
825000145
651217002
737564941
927350544
388664223
801553395
327173519
977763324
301359102
780170933
59204226
878754000
905104154
336799943
395693598
164524255
156658871
903041249
857492722
560353735
779596459
79191869
960521039
7231615
321651053
70061608
381708690
831231130
389005051
306208249
924818902
369789030
464025592
933572183
9860175
846404969
788828811
391592851
377321471
629555133
629622763
506869668
751079180
22887747
455080471
256576705
717961930
496040676
477277281
32001595
16354698
894902765
396723852
514328941
448095273
745808276
690695962
730333325
605699490
318602614
419844704
495942387
588758273
995150851
855352030
689415194
414728407
971531969
326939768
549288627
375695442
765066019
525719778
227937588
930730971
272726790
328112687
937633291
552151143
65074348
352099676
885668012
353953849
357003455
289853551
29916136
973065177
949696649
485476909
264051897
155709007
58495485
785893359
58718856
209710428
133680375
918111394
755928327
167535716
765665275
841848296
746429960
169100908
927988652
656306151
251288677
369182987
168786263
583597969
175368483
417695589
753062669
178182182
540625142
966502936
534176691
141988538
231754817
705297300
825435894
716350016
465031757
486055059
62887870
393579620
317199956
979172659
467000921
18227159
797050595
354615395
572184358
770097575
786485867
223226051
605669715
716567103
425965195
700697302
38564873
660733148
804278913
366098680
310108426
846356307
402646336
880313302
245268217
92215918
675533736
991691835
686356576
50631027
342099821
49315259
376816538
260374900
106213037
534409032
339106194
272116016
902182064
150559104
786547372
820753086
845511229
982965093
391696314
317399090
360833221
817609586
716023341
531057513
666732426
164702745
912071101
98933076
175946632
216531562
990933282
436886653
733904442
374785003
342693422
805358759
668258818
521553331
427997754
737170607
846409511
345294814
610354066
891556162
361591107
766448855
758551082
653719809
579551306
489355339
845077
419681242
488616988
927869125
731382696
857924148
275668493
155299062
383898599
177397075
137244156
277883461
84428267
889681474
543475749
902219540
538211573
527397060
807865681
981188612
152494267
323957898
554967339
654525705
470989577
15538406
207255520
824467178
169466406
900283569
406151662
258351292
519381769
686591292
215686484
571252039
948269664
806035315
643402306
484769272
529690265
512959756
137654731
250600679
599926451
568526049
260866546
720672590
348080413
459371566
228237282
231154021
845854126
598362693
336861071
676887178
864713902
834091282
456879548
715844289
650668627
451201314
985832655
483615028
771245411
878892862
758501691
397836974
673994990
972223708
953949875
732176256
883994753
323096408
451498347
639534510
186303166
304366660
54599253
902463526
754671858
486582929
476386765
710094838
672046287
174997640
412497164
921019074
349730220
538799304
706538136
114178382
349155767
927558016
834100644
78488951
527127099
654039702
479355266
721033587
810024356
863029571
46677599
375856703
505421690
496061024
347159267
522757718
146864346
697326559
490584011
560347241
779492028
554416020
961172429
164085698
974814548
275737816
811568739
596247770
466395697
837482615
48106753
135195685
265685571
839771492
383020489
956436736
488995763
373009396
112407410
532263463
825011392
333565665
92439169
891642286
439905329
100530061
204673148
175985263
827838372
889739445
774154728
652403660
48215292
146190894
334686353
794739746
966385585
670014945
103674401
251389283
842470961
883107494
254637889
972541740
814922817
911481912
110171132
665650196
113040535
390722529
33761955
773854949
584919148
958320547
735335848
445926362
461976850
69530143
724180367
874284486
71064668
635583476
768409397
576656251
63327887
395703092
86980393
119494676
505085139
588280741
990051150
818980816
269334994
861018126
689792500
941903897
78927775
119897428
76719468
528423416
990358928
539022950
62944727
437115842
855977490
299779
67484511
89894744
410855045
888759989
332762896
896855441
945834577
229389914
180324614
206887484
114698097
677981637
909213853
419219725
824501519
990676454
160565056
524759792
400671378
214781137
504519954
723901020
268528047
793431950
366998587
342079421
992810673
195756951
883925557
532041717
572638748
331293554
720678760
63028107
328218580
997085648
708639630
616325149
255517845
93195708
873146237
39945079
680693512
482905015
827205800
400946136
210683574
657499742
703921895
999682472
378457893
538184934
36444464
641196352
495779823
343583489
821366695
617423094
521761401
990683474
904044767
750077626
345464355
648282896
634248735
783404541
957302876
846185745
91001144
827415870
282036823
544239906
269241947
307475670
341634899
464574875
43207508
785623030
966226149
966052449
131395846
335310930
491835054
884243083
153583823
34453814
294849090
79482408
567248282
984635090
175718952
91216536
94563747
264834370
189150940
123068611
694480723
32410616
848656279
43801258
443643259
364497828
566498598
876506024
717645649
834217986
268942987
728968793
299561452
31204948
300375981
35743664
651196943
555708951
859287627
568733836
258242571
461221270
494699073
599794920
488555450
877820468
278937463
106366052
651696918
190820286
449676158
4407576
118324730
218566287
770094150
10796892
936966750
922424890
522409190
766898017
768812330
615329029
166597434
319365835
765510825
565880296
779920954
536043334
684259109
139975287
440019591
538854795
405546741
620417102
864826038
233259452
537711541
248861358
555245807
565822790
85560365
460132546
224809105
526825362
384541827
264535410
610644063
80995165
261110796
289579088
98776913
728772052
33299760
92389610
799921504
642913540
294623836
175333237
834284093
922675153
97899513
742894128
422106942
511721630
750800693
910821361
598860833
497907626
353740247
536834698
473085349
688105391
367179083
956586398
681337652
308679784
390519923
639772070
934824006
500975415
955236232
698925789
274932537
394680020
41198373
711247538
505555034
313157131
820495596
221912498
938635614
362378304
414577264
632570652
467923276
342666236
38025603
713087474
776024667
473720465
665674575
112736436
727254916
724276097
816493738
410671521
361592968
76713361
411051956
491241719
252393617
654851765
240509230
333308678
967438919
398973723
467961590
27426921
470523257
39553155
405266327
285703702
677412028
131827749
598199082
110707045
273528127
734608429
488663121
338671416
270654181
677432448
863747402
461103541
835300838
842499795
971670871
550656438
578186281
630526851
349654570
428841673
902105174
329253876
969518879
283783849
121869074
81268585
665131732
68949553
874704644
10598681
242564217
736471512
68454137
379970873
435324406
595427166
126077014
705786692
137143393
626984538
588050238
72380540
220587538
574961167
791104361
779405687
498007838
124939124
427302851
917305151
449240639
839996404
689898584
976424652
383598527
348158152
162308868
314415233
988837970
192259541
69476697
419713568
463966771
260055499
434868231
127275889
392649403
455329965
407175389
376243704
424579423
872399588
493383457
722670030
840791434
829724633
108666338
394557712
492679486
342463385
583260745
540192607
641646701
957399491
561358041
402567811
46572928
92029484
996372345
87166254
433118297
811661780
716948721
944883851
557507840
168336669
608413768
960532037
140092935
663828472
386756283
42677873
717763733
51059146
492725727
576841049
346612946
967228552
135633218
553873892
239491813
767751155
821735745
646374584
608998794
529284088
778066866
506567278
698697456
32300420
80702961
300619919
458957618
320009135
943125405
612917641
155450866
548499605
165162190
672454764
221310865
148134299
254464776
828851013
955707100
540582872
822428873
590587554
464673763
984516990
55954864
79344375
956396264
442498452
847674439
665367141
989926034
70574136
335885056
28223752
390269802
101846489
261834581
107792515
583125510
86136364
583720253
397754598
107933739
879808085
421390183
798113340
802066362
463178453
332563027
91357514
513286378
992884730
690667483
68415922
706855214
187479311
41893514
714180464
976345554
1358586
344223653
16459166
472334694
277758264
622991606
84876730
212614548
136938438
282184962
119464375
886299717
146672260
245725502
869570735
956862617
424674274
482653815
584865677
563126807
257841523
277278011
493217811
109935425
756316925
152080762
997041302
379906652
267469134
321368536
202790490
59952974
547654115
131446960
581766924
741912710
567261087
925419903
830175474
256816478
336513452
585498791
665127923
180993491
213098651
205057795
366614118
747159228
821096746
111553304
282180939
704825495
457027835
151053657
718504031
724080573
851005840
906523739
716017767
125677501
625950302
704970077
945145413
815569900
79394471
59511401
338645601
15225300
663958577
127658025
389601529
499254370
652478339
328049199
226613355
672342730
612150087
312224320
896836773
551259129
785466643
249882074
558809905
155915829
39187597
497964993
602925137
396600458
412942928
857686350
890906868
660737347
209402135
704497972
630866175
631543374
640353377
849558022
101599019
153587249
866412193
351388817
83200651
693438720
721951773
782926568
52347156
128978636
924440300
46161300
111930486
538781520
9686965
164758638
340210857
376068228
