685218837
484442676
764993407
805788126
885058938
758804416
395362486
236570817
654212456
429719764
858098086
606977550
367640731
270550130
959257279
580564886
758450718
627973279
700843552
583182675
68366713
969873891
745340219
465945472
384934776
666169309
677431081
579262698
868853821
992666575
785591938
256641545
932048125
378536945
359002665
620586403
22489974
334191063
228796717
197662398
184163188
192129590
543435219
2359906
225751783
455444896
204466720
346193554
96777849
482166146
771532794
52082411
726288992
184942472
466800771
715344944
739102456
299047934
420853350
218889628
81373335
816099787
367716994
661545879
644127824
601456541
674929424
989103784
911547463
338670876
558074912
424259654
399176561
503181154
399019486
876237121
426438671
742980313
240193689
929489879
461702588
331237526
482484848
386687675
221133781
733509526
530352552
747105652
911736173
643657720
881483945
723442039
913337712
9907088
116289063
368063400
824412594
881889339
358232080
624295240
780515471
215362934
434646090
758106972
924091232
347273139
652905848
223107837
785922985
590563648
288906272
996122142
58854245
491363469
757187039
750135807
333614938
981029318
440412098
910618297
71103988
927823770
77367611
267889743
457186929
834632872
510921941
389269473
386892090
30956085
51824527
544549331
384748232
615898447
148974408
246339653
896591435
724377875
462596441
873860640
80603677
307244714
961182666
321172524
354751447
885361802
664587793
421974242
252720048
366153254
34448462
843383275
441477240
447613782
553191252
852691699
137995323
166756347
300920042
89458360
836351196
263636375
836215746
754966899
538739121
744356940
611373909
442955796
342389061
510847385
853544370
609237061
518432876
566551456
830014619
763859272
966641102
756195086
913138294
571825125
170045078
88947699
136549425
20738835
996507622
208441250
103072090
937134449
62707195
296282707
108344330
729835088
423457832
373138081
37509444
816967301
471028967
206215767
782433402
610394506
273987893
221631997
79585181
741872661
512608883
425211400
324950399
874925783
617599161
789331978
886050596
381800235
253618051
729094916
919413281
747403497
127086949
815476910
758459276
330297870
641284849
674239458
380248600
46106353
402503054
123709282
185779228
145294795
529042012
13047317
292830305
760425334
973761682
302743788
297837232
948413079
9362518
394676762
508129951
571296222
883490850
228146306
319535288
273375216
410232110
726544093
476217036
694362915
453724798
290105945
689880352
655552056
447756490
452135531
969109656
599748433
841383395
33478827
339369607
388899600
239432171
179655603
345883771
604551843
496501672
125625261
408038552
950874262
431257684
971000201
738040979
732410185
307346958
187163053
446807018
413138542
354704170
106873384
635874242
675958959
647492244
491416312
691569995
238936066
323166964
637278248
312668844
521626150
333634130
698088797
107029683
975883690
55307155
119230350
331864050
703835246
882262534
714983443
776873542
284606848
318505541
525342773
263105230
482724596
552064965
957470165
348205097
260593436
5328513
555971113
245044263
734510011
397604583
663410646
741407355
748015857
488085607
106947704
281384878
859223423
812956416
886412400
617240131
733168886
863970517
762157287
677103030
188116607
855299002
742971770
530876007
639720725
329999841
351267393
357453417
122149471
228311081
208845399
686871099
365696798
289073150
52075407
516297637
777663016
453044533
372519671
578279106
391896507
377822994
583848192
215749639
775314829
433598565
917650117
471650431
432093140
908102640
529936343
618754078
789907676
280367135
160088490
405294433
262356741
25095106
605323536
404510170
46337189
305957229
619257884
519704776
279240208
420076603
915688079
570150273
760881008
370114762
839577114
280124352
491450845
183878181
285206522
810293612
271450809
527222131
755561176
206122160
412349722
879616961
925360276
214046829
698374737
590091319
896963422
85329662
128984660
646780973
253940896
752567909
847720996
968009500
531941916
85939278
758565109
64143415
936509430
355238226
517910484
347499844
710769422
61978377
68525526
249811991
127303232
606029495
995160611
349794877
133843623
735134608
269533929
399201376
992160446
166720227
380596951
405211054
821330037
689148887
523113180
830358416
441165612
114100034
116173866
87009204
432403355
523441343
651936263
199267244
51728502
207307394
590712700
400322950
688211674
64849877
168847538
863381898
145521302
448562745
462788087
290933926
90169050
779189782
512937349
518806286
483033980
448519619
975849052
365221689
705342325
353354054
242813377
247360543
832125044
687552067
906334231
596669387
945804510
981516321
817408635
603861888
954093230
795893367
298066374
926536228
144421908
869210978
710989701
927310569
997872687
517215052
259689752
372767292
226360800
232179253
740189366
661975829
601162683
597367578
603975223
983883734
547592289
286714573
493924917
698374447
964494015
343352156
568197904
659606
158515645
572178150
917577386
164004980
631154109
858926197
336840695
294275681
481123408
586401120
374384378
613823001
737529917
48538483
367349001
188127273
93664301
870046083
20999743
599945790
947362700
244358401
995506702
348436932
377541098
833524899
56269598
667378657
301968449
599691925
962042211
801069750
301013073
710330094
768794924
425694537
599637664
95684771
741613181
367434601
895338557
445913684
180852421
14761563
222983199
990152220
246353817
499053806
919365571
305797644
604710145
94447932
322352413
968252113
53296905
914157242
576671446
569140454
786463881
797629208
802656599
669462036
992307231
881431481
624358907
573314626
312809928
27199822
279743557
941654463
588489607
997979529
128432901
653565141
704607232
501449016
63505980
980745139
125453732
387388876
587171082
557215790
748013084
996170803
994981779
867594279
478717336
332760959
657033188
854637681
849023089
30497210
309220889
943983972
564778000
225876520
453606452
299420939
390402654
649668572
677342292
219153994
219310249
977711107
717308036
606730615
966015029
668787271
263644880
551847888
850651262
595926305
443686722
399075004
210458126
245440809
921448951
996136426
886449701
756764627
94597290
980048967
370166633
425105875
92631373
557992397
688758639
184448928
88787140
478730711
47842564
764085040
590342485
475785159
710046582
368017087
337905541
770301976
278862767
388251163
901579249
809930063
69116078
105185300
3986418
253096783
586810487
910145883
733525845
319337190
304427568
457470024
412971236
633638025
555071281
697293323
848987360
794204372
885079733
159315638
917971974
781566100
580000131
784914168
504005324
86566222
5583820
967901561
689028421
842441038
907535267
151146974
717273658
498198537
855185377
284667225
910932889
264981332
421119456
839534588
971181909
778612755
450923082
769449948
174303142
590372538
351113803
956704458
920713876
12753259
519029725
543701167
885222242
119547129
470279188
120013148
229929932
284201908
601179975
917420195
247512963
618908924
221117462
891084806
411801922
153280594
740196365
914772698
778452647
270404056
786360432
584006027
373084915
45545144
188133728
139359219
330643017
810550181
610611025
913632784
735452418
48879361
47187685
676275161
323411312
363834099
265924731
597726529
27919349
735172228
54737292
626730980
663801356
503699260
592021625
352272985
557495292
559838275
357648026
21022548
850176172
436341103
178251810
650309819
226392825
935023697
170616252
839677097
931413399
330919968
789370130
419379750
673590881
687547189
181967777
198633601
571721238
544842299
567673493
47967823
887355862
142469835
886853349
43280418
215666763
159629451
920204670
869385654
453523518
835860741
581863925
770804741
452902155
589588477
63456612
299111314
870627549
396877864
449882336
388387614
193217846
426247632
666313128
696999379
945802097
635357541
953140098
976254166
321731483
393388024
780551745
12652993
992164780
309680202
133666685
707706336
549487753
134971391
434643056
66763373
14819026
301230597
386153579
95552658
749056042
18565389
966477594
84002404
624090576
882856461
328006050
174843374
94959963
179285879
854749975
461108229
476156705
189853969
97478320
580309221
206489352
943950503
547654170
60135493
55308996
569210932
778639959
143221952
455921792
355750274
749623560
735656158
962234807
383118962
373568587
891987248
40094053
570760470
947943336
927236707
668879945
869137693
352163589
438875021
65381973
605708371
917693028
812878901
454930225
672558454
231549631
359633783
37493071
854333833
860274019
70868521
753576425
326018085
40243661
179845109
239925429
823255641
628080611
268340302
133232900
592349891
212608565
711840999
805717290
962762725
421014175
905396234
241910632
170241611
911429274
337351658
591786914
108779149
994753519
449600623
651517902
965761057
688291726
783363336
124200643
389989777
698163087
107900974
522844942
302700065
138410823
714075967
530516808
768098226
687311278
845624303
241057082
83823287
305642120
473032081
393099806
205852028
7161610
492167498
251544279
326153395
117723150
867251458
942904557
522922361
479081606
644797275
331264565
590643037
528327206
274164371
134963915
844717273
144139658
743243121
894186803
104707591
188996057
503017225
824351902
706938206
374879425
473812405
482930332
65804971
96294575
507963626
803137027
521721437
56500817
445665873
958599446
196124227
531819056
798047246
272266627
830911627
164996415
999922579
823618458
493613546
382811402
939873770
239771020
413146907
710660388
396339807
939683627
562398998
578845277
288392214
16855970
504144384
667815595
544606071
951273969
643910744
384321125
877099586
426627785
971117978
841660247
809543126
534142219
82661332
315564923
938839686
312898217
346092411
470976494
63275175
939711174
189073477
679398765
330738356
324126804
435005654
234041385
69783424
355144582
699954767
568279998
240738029
942876158
768108601
428809902
454455062
528308631
987212984
846773276
628355881
446590502
287896828
573294793
852500478
651953298
573268274
405731550
