343206179
567145675
336235986
872018586
433395600
905990821
189270996
489009677
405327953
930370446
221518903
34578937
328509251
291537956
722554421
716193643
523254244
249269812
736366934
955454507
486513895
493466761
393798504
208602075
500166819
586430380
568343228
628487743
762405752
567173504
658685844
804830872
848996471
448422170
818525525
939023679
966553662
672910778
568920749
104007278
738806510
495342601
888033918
945509416
972148591
726483280
70512926
28193958
672111218
166201857
350715292
397926208
384916080
291283482
400247004
849739416
173347170
127633911
371851767
846965218
337647592
560783252
726603923
838154447
271684601
416688029
185582465
880087080
473012430
783530741
749639980
850343464
680349061
632359656
216647996
991171292
605432842
448289087
236453482
773683537
515917454
540149270
956376524
596203894
216458212
260759636
419914792
557712989
48175165
968786107
765676508
838919750
301059011
721955529
766359684
178023258
768738676
49879470
673824814
555460561
540900815
190425844
555181526
888580475
416561876
500371826
717577145
752556423
74635485
409075710
244306573
725058082
891180427
598168228
331047764
797498321
604406727
130400028
621696234
10924965
996773236
627869475
831911914
504226321
17854233
910720228
549284453
958393530
865999971
38624738
222432615
555553371
774464271
680992920
232782721
325491609
984967742
67796048
179642018
716086384
543182489
667358367
483077503
639099454
724479533
40618425
947739322
702890781
390907765
968861361
573616529
638338647
428183234
662899849
558687323
913031339
358513929
50955205
870726242
505841647
951087372
759183614
886556451
36010746
186643095
688753201
950593810
210187507
365385507
5556154
812530577
536610678
950758009
905609848
467742474
329414869
144791971
192812460
779746786
977235806
962980905
846393670
567485764
897138608
465008207
584093966
127370136
111564421
122305596
319751381
966977679
934012537
197069804
673800369
764999011
783998874
780801915
447066757
452456359
35726332
90024614
737551814
337505274
385351611
156330784
37005851
687580637
522573385
195157375
229272454
768239367
165701468
271208417
893490435
542860741
104693701
191697849
989417842
571002537
602549127
561383064
839029388
87881911
45634125
38578473
878518038
339540874
276957639
140610837
683743599
548612952
697725212
740356100
744020454
887211191
225429090
508888395
182134153
740807823
428002356
896513328
604796750
916407045
893033140
551512012
801276210
662804120
303579368
130939628
660305309
592301024
791384072
876064219
849907230
474343267
250995225
649669902
291871149
346773137
277812745
697464975
410622997
381962547
511413774
680659501
70514155
425345367
527187962
6279243
317431650
595805305
9563696
248610018
143000180
706035798
956586312
922622341
194848770
494122111
237302262
215713918
35961505
146018011
480305526
91442575
757228878
821660992
890448868
269677187
636215966
575759186
217017246
835361015
462995078
730537380
485890330
222834202
404993271
212373638
480997857
375930843
135616158
297300125
813507976
64500004
582737328
542774053
733064038
143871432
517756953
328372883
454821132
797749036
109470874
62098827
661503469
264604986
901657020
419971199
923430621
248853161
534896497
257510775
370063275
741672463
378788058
174202679
785614939
412462799
220145467
733752110
517629069
982475130
13124253
861371418
80097760
738661379
332510033
415805522
508705245
214454824
88596954
746577436
751920233
307843082
120938053
419268208
725890140
400896250
69033910
221285344
321177181
985022070
288943016
232144696
841034344
878105381
927236848
71835513
685711944
408534648
757159113
320601238
923725964
784004841
810743812
472346001
784624783
248099455
982001066
922842089
932094951
485851498
911265952
708975796
160256206
788319060
505590541
62220192
620734409
959519849
448312537
384718688
343428889
998860121
412574928
532606998
693532114
780979556
20337073
201992377
811424530
260674520
730093576
100170597
457295710
767995714
822851470
967915390
497099269
648592051
634643423
477790684
418895183
146191820
289190392
835325682
73756118
579967218
71888489
52715283
372514840
865016655
451101102
726192093
960222109
372440425
977172348
924865842
371429913
278136814
778813886
3645227
227762382
780008689
111417558
671420430
755757920
811095355
251680086
392260491
965467588
537675149
565120922
972142357
324876425
970521852
965823503
197237068
709669728
577249244
458850879
113564895
709091066
967621788
829477535
946407873
809573417
3901482
139948486
84855285
790823365
897985627
596485476
218962455
869778163
630998196
250028302
638886493
34774261
617769961
79567762
262660762
328287132
679627997
87247693
834839690
299895732
478958744
401315668
989700256
406616920
779935279
215196113
794180667
819285933
665248991
294554159
260140592
950531152
165009684
861847012
751856437
671146868
166824800
601437125
67481961
941189672
346158467
102364193
693878227
720493550
326937009
162462807
91899767
497681482
196190117
785277762
29463069
880374094
994637844
646512140
330614672
602585813
150248229
678238364
10888085
682789513
802304808
399676520
204529172
336444036
989887708
688355339
869764576
755922948
327711323
591513892
161462331
78190872
19765732
893650016
953737264
376594550
707437439
269206706
79679910
617472472
123296346
296499184
623095815
879971228
265091090
379766496
955893307
518497542
531232339
149270624
520898638
488586435
590549039
384692447
138884864
946481945
897835019
357434191
730605840
638581669
292698229
335976817
169970159
604676223
623815430
951272195
860608362
100987827
692774875
954020121
895148372
881041522
598558453
393415611
559493166
505805623
776580703
324557943
71352946
610121212
732462030
351267033
224690608
178440698
70615253
672875894
487641831
635073284
754765152
7255318
478759529
350003248
538600864
441098240
324774242
787319527
126529024
18419591
256155797
313818894
519158133
854905480
825722666
577212217
254122251
639857115
890027981
197133428
825199279
633079239
169901241
573277076
286081245
120484628
906119637
941431195
111286209
991529460
534060970
950939534
463630364
225535078
346222673
685519556
475260591
545145124
342440657
157460213
68641368
772173637
379276598
758161112
68402145
757534050
90963079
877556549
525544366
647478390
924318446
430758137
782847912
290508403
809874003
121685912
837354075
905482452
63922003
418116236
534978602
383343046
676033318
134999563
484358620
305216261
850188529
293623054
508682806
140203109
101951626
708977125
297416458
732567768
128492059
53025641
253802641
411740128
504874930
528547193
29521549
28563087
415886829
463807818
67211014
103302833
168091622
173121960
415661073
224536761
848165479
569778138
481223121
924324419
622481609
685298321
96140318
244277035
273802491
763185882
907345520
797340023
368873742
385341256
545526764
215341320
133341678
50280144
162016343
756848361
867883270
425613946
400607521
535374809
388594687
506415514
967456215
212225500
67788549
381055787
137124639
677066568
877961980
284146045
292037628
532173487
227754004
373092038
110086158
443193737
956885321
9525605
137937636
741689046
621201671
232181524
659689344
30545573
918281053
851869692
969961153
117811477
11105617
658812710
356653489
422551532
169170616
945848310
535729731
116066095
717842104
883914817
176488486
892746703
626061243
230278952
919378042
84727697
93303627
13353276
987587314
760249638
940193985
718822605
799963038
858357664
287676310
658918474
914173136
156413162
846726169
936910642
293944446
215918855
411094632
19313162
665960951
219149269
927492555
869486094
363002870
281905692
837362305
994020061
725351631
72970504
833037118
245190932
115627803
390922718
312803481
574961647
937241944
904927776
864282376
209711514
177617491
292283010
858849670
498295823
134875222
510252140
31675173
379316568
269339924
780931460
589970371
960569629
481652070
606748080
564318000
700228772
157235140
223817531
650350405
705681622
922887332
946173922
993470972
726992534
25320545
42485377
543290671
523250417
843609680
271764522
999668696
389016669
351636478
201383117
841695669
373677940
360299597
429196731
734610871
852750729
250230518
458045737
724680136
944420169
483000131
872467488
763538861
508879721
826604717
612574707
417726506
713424413
254577371
158600754
286824181
231443568
298812036
131857136
472975278
92389845
966961468
508424754
535706887
997575401
781262762
200953702
608933151
280268952
765052410
190640059
339929174
728038408
489206658
797599674
455451103
464841595
221493785
49050802
243992402
152853056
278946515
34410949
696645699
231034972
854038015
286244283
134439297
193035723
914558935
610252101
74865904
228442461
956221452
642221026
885789259
741805763
922338848
727104734
163157407
282046429
263534337
483269908
743827309
635964658
272645532
689688096
224217755
456977695
703149650
821982585
9949783
249761233
887864732
320122221
813443329
932550518
811779054
304671914
143537386
495018479
66514404
415897427
365710016
154800309
115774155
111486713
771816955
846985631
911810413
713645339
542502745
494389049
885893394
961945971
889318718
795676605
290583638
60681040
958389438
164349918
62026528
677461601
489886072
92576350
600302317
825104669
340577727
636099230
828777695
953238740
930026707
617666934
583567347
668138926
215532025
847636908
117559892
589027000
520190503
161158819
917871140
377232122
545167280
989504310
279479840
515560732
363867838
925918759
430803502
17766724
641966879
751098014
346282474
979187467
432991951
389052802
926011354
273133666
554497990
290669484
770908984
135717724
18207935
958571672
783618630
924835809
910821701
217754468
746413946
41681809
678116712
701556637
540490535
797230619
246478776
684794404
132294320
500381760
813096508
84741585
461236831
414658967
205295727
811010971
311271860
178928692
271384459
604379878
235146975
826479222
921625552
844426225
34529010
229521018
390249834
782153416
359024187
586595606
205885679
354644029
604739030
146113370
179504813
389121692
339650010
940410241
210607478
549051854
