175869509
734782171
304212137
785008182
684391214
731479654
488343793
240897966
692060647
573730479
723956848
936913698
167196191
121246966
711020078
911647193
711551410
935066359
141087119
345936638
883064040
240096234
536696985
957638141
434992065
205393107
958042217
852889612
779235105
444440134
690699911
566422605
181086831
35877811
941914800
439151585
97358744
771905683
425367544
970104166
825842259
441013761
774509009
712290173
286611119
58856458
240413309
730996232
619280271
669609955
694797535
630682846
384896409
545662207
576982452
935773273
198085186
346573995
350016116
478998106
773437435
635454179
461662860
247620513
883030566
157534243
755826867
131318379
179332165
271868493
814288448
939645725
509698815
170982952
520094377
442050279
465587224
824406811
671027022
376135607
964979797
227045984
233609341
109625149
749642597
60017065
181526195
635424622
458895358
6141526
241066398
750784748
421889566
946369436
196666730
190388080
979350900
526888495
829259605
129076876
303029589
109094929
551664067
347411778
855321505
755151808
120984030
213913457
25567830
134932173
470186049
373678374
675546972
973880508
514018308
546391450
401844838
352037710
497977914
823013501
976008047
120402245
672423020
173190638
30802094
63503700
517756159
563329377
974316220
329706297
462699378
938698727
995147204
541950145
73106017
855884867
675381916
886197562
254303643
994490787
939033033
967612736
609856791
323963184
535955476
867388023
75237776
448009056
432351127
650275278
788543240
627313189
28910581
6246103
153068827
182627344
436671908
378473428
316609683
791817805
237395649
557654651
239597236
695861532
672232794
531487320
378531168
133596826
900774491
658133440
871009533
515647275
97734067
503487125
883980467
8395310
510545452
348459835
637235161
163414069
988265923
69747102
130978249
324040942
541163055
835386187
909788146
988901101
388881318
890478671
419212959
296908488
569587878
462485837
757095138
381378381
728015500
913995258
651730389
4468155
488856855
941640948
547234564
774217686
779265744
272895965
529579122
525423454
122265634
144673516
672081891
88212072
741238265
153195613
803551881
167648547
426676402
915556292
154698477
836846605
621699173
389630066
744715507
10295819
238920481
574101044
946059395
635248229
746391986
502602086
280379809
596550192
696729445
632767005
674557213
46624974
522512537
356760562
544775196
268267089
305807064
384364691
866635466
244207801
218396780
331000886
555670221
416392264
658933954
589446590
954701978
812459206
759296781
814883782
382768980
99226789
196925441
536938744
535297205
205164699
326836569
894330892
779031467
619663547
864293706
75531698
391482625
108471259
478638399
756926906
645136009
69915839
370781095
886431386
531039541
237334482
522994598
500507706
791899037
907919593
18430823
529667130
976314273
156945395
547900106
467920602
837253410
881845661
249998024
575330424
849699531
985573791
821463355
339610497
941430519
411476170
605333223
246971918
379914094
142865082
939518259
447198961
937753864
902007047
944310580
884786138
441678110
872865394
283844241
145434498
576232189
696417734
745039706
627377610
186733875
797169437
918016618
622086071
71763440
396373103
238278286
509636962
858473233
903307973
907227374
659562216
248452483
31170598
945000865
119563370
632001258
276022679
120593612
649033954
968401332
571231860
591913265
74307226
212634813
663113967
26242492
964388015
598001420
104563526
999098234
153281797
240534085
194085745
152876621
144261082
493459551
983247150
175208477
983540989
904586794
429881296
588725726
34445891
994779671
284748364
636333655
410507512
927864527
164280870
513433239
300209509
575824122
96005751
658976276
615502013
205256171
843709392
409451257
408649472
370130611
273890270
911635541
753909707
904209738
753945577
419028131
54366738
878293975
800739782
626103818
648754106
100814202
137052621
744447159
538520035
982506133
557467374
79527553
927886448
26780312
615734979
36523487
433720549
591130285
698888724
577457673
144528333
535109467
537374607
939004909
649750157
573795892
766559004
613410378
630696524
518245754
834816018
130236152
240834094
865720231
581966917
532213535
127124744
538177051
864679132
199395307
438771500
351558591
120456241
632995879
647788796
764181839
481564807
381869159
754395631
237366783
477914991
162779421
205321013
176487903
274499797
519257269
340919368
861734872
976353659
74958213
334255196
523642242
113750635
20274281
147690114
427231222
838693457
62166217
444813394
83521443
909398741
895543497
726451152
499493417
138686172
792969741
414653226
904378726
291216112
885568317
92231085
384689844
859014745
393329740
40330762
672036596
924915137
64346191
591220433
62709647
191294167
265389871
561823391
789720918
865140109
915129257
237807955
100181959
485305764
220557574
925488381
419398590
937055764
670874187
327968040
582371493
436328268
705827594
37801730
481530054
104604043
436540641
570518759
90785341
982727127
949565351
664627495
720420893
979943517
475653517
502316083
774347265
470945782
382103747
892227274
644008869
333720105
936730232
634353307
223556914
555161785
314471266
419072961
70658538
960079935
672832493
447634078
188140557
65361699
457959268
235708327
219087542
26544460
109690379
958105602
754753525
694871111
471038049
806993790
915574756
250501761
517387061
120238440
9652247
718241490
151141115
948452807
554952017
778646912
683959169
248651387
499598034
71474287
814244815
926368267
790132776
17467679
499860220
130705405
309894634
501931272
476486937
655059193
521984249
239945189
283228540
747802805
361255402
423998143
137473749
949137757
862682054
129736442
718778549
973055151
37774724
194232825
409420714
352417047
808938819
724379684
892682060
409493644
381402529
209307880
736110292
147613255
212299643
183322110
167972825
737285845
195010890
340332644
497099155
413643484
774014822
862327867
598254190
769707056
435012949
403338309
587197404
130953873
641173162
734821411
385969332
369861591
352695737
841189662
888593543
595899950
608046964
147443173
321766584
585514948
609249211
66993292
273656664
312676368
503834896
135615285
535503161
177933292
256025317
400187902
754126866
522349410
632637286
305135065
199040328
175446856
595978633
639713656
917404097
405600510
137182280
761728186
768320481
646581116
823338547
366248701
794917516
371109979
294728566
572072873
129238880
47567717
18566059
911584206
804394271
707021529
588671202
285577822
265872159
299397663
867835146
409264112
874928554
240985259
980694543
863619920
737224304
47560672
642149333
713146687
999921316
968333307
230039075
916166072
448332668
847521024
298672810
627075546
489337820
137586195
340697767
164393181
883204725
683952442
270949022
706559149
503783350
721053078
500740792
492018798
586775652
310400811
373841496
618006433
537765362
727918167
886799630
527335221
665886572
959718625
629024395
747356844
728960644
581581878
572151556
160905572
817528640
102399986
463251538
956873246
408348719
961595655
796240001
128285964
958699895
703441965
526059386
190976112
970036236
274135393
359836570
16171225
546819878
150130535
126371034
689520504
594491810
612032641
378400709
720414499
960721393
771337587
961188973
529619193
508561798
593340921
435432535
301622846
111800886
110043449
889030507
401383364
257801540
543867544
83670078
625179995
514160809
245555532
659306536
834323396
201858781
695823518
557298984
391751178
599882055
612853170
200536965
578830109
455210843
882631050
566413761
205495999
723999275
742837037
996151852
637011130
406682
266620807
619724164
365358973
268009430
224436539
79175225
859992786
385104885
958453204
758369683
2952334
66460457
501191037
175359695
348936277
952726103
544077312
518555718
264897874
214038603
569437795
929737137
895708627
392803956
856602425
846412002
229169834
543629687
683534508
677384087
514964502
547715691
446658947
624773313
247540002
625831366
293947562
566313966
977422241
616648292
697306196
6646293
641428849
854483485
197584631
512369652
954019804
707271355
217477483
252769894
179921963
224281318
731253977
422972526
430968886
336883668
724015536
972555016
411407003
378024535
850005390
316363099
701570375
281069116
243405181
455236641
619801508
876417723
927819692
723104910
658778540
977763344
541133476
648249581
516732406
562791501
288308288
41225141
195219324
344232773
892392197
521898477
326152203
430764613
497462124
290683183
816461713
23686420
193804427
910656332
901815828
321392545
154906962
599397705
766642900
380943096
305075916
360359732
611078303
742347989
892568142
77602081
779451661
494372572
593991352
202158617
683147841
83004395
906240119
868177383
48575380
682790395
777335692
67174230
485632337
328106912
990210894
270805762
783606991
952721997
638774927
596115088
682613295
17163360
821289080
337385995
822856382
941735770
881606679
135789309
257715585
927948554
430146836
452871334
451664630
814790115
742446815
831779630
836773259
295303507
607535340
733457317
117446300
325627043
862080952
219025433
544056852
87732731
113765368
438535988
390732201
34270153
576752740
658356305
103573061
296453053
394988785
762288301
673083491
256605357
379302233
741412070
201397715
770450809
610461797
120626824
252643558
324464358
615509599
670842220
585660096
158431264
434032501
488303483
345186656
905317609
478668787
356986251
155082406
602263646
793329142
735123650
827970401
443070691
745057107
223445431
351195814
771790530
349298272
155211576
419801330
980158512
158696139
580167902
916001272
866123269
532059602
346995489
715165244
741454127
966381873
219592493
472223131
442923146
852875890
232300937
600237650
88449256
313169648
198255451
817784265
38002533
607205894
70819844
463276213
644178582
913441667
758327022
25393702
387016366
769431008
480853027
975166085
460298023
251040890
605501582
999735123
853864598
572302209
479063385
373258007
131673297
641821005
413628278
635881772
573736648
262900519
385047255
590194800
512756169
623207779
262746558
458620881
151042820
337427309
381798796
372952617
