435976842
862005856
439763229
481050506
269132303
510289631
237626696
194680184
497424248
447681491
153923411
748448954
788231246
641640714
504234055
712609866
104195010
600060115
138680717
705858128
167292069
380408405
500691340
813791931
969289482
55979871
272479167
441133859
602724895
243250190
841484647
472284028
963118662
538292306
49722115
660154900
633838031
490833981
889138079
75682260
301811530
197843070
689554502
599092036
399446585
302416717
878992379
948450949
262858650
968657132
513137100
471786087
802276601
958055614
841947663
55568437
361314515
625971296
511761023
213152431
237810463
796492836
591955287
254174058
606196843
681639382
785330291
249938940
591918598
844079153
78771835
613361027
710922035
62998457
404046598
969448997
690853901
901599303
414345345
666872765
176987490
324028217
178275208
634067762
730113088
369698560
670007425
5063047
696344641
994153677
298840385
7866734
979072957
675985647
837871795
505318693
605887782
435380444
992895191
717807202
517086424
629053439
356532351
418779496
889885297
899776071
760864050
739278143
554009016
872498665
364714534
459715210
211625951
844888257
36164940
913782245
618217627
957887524
524060968
236498282
11631956
780267244
553594297
597764919
545238768
70905101
634288069
34936388
225126661
898727904
363561215
255473457
908704110
696538142
149786340
547934050
967495865
759495711
744182464
830337015
608834508
930729280
451054029
823845975
629439142
839125173
796240781
134184699
639820706
924089548
887101064
648000257
911319474
756396909
706175245
736819178
75459141
758767430
873540726
818980195
265488002
725927662
514151482
655281111
508937449
109241077
551011098
515087807
695101916
488230888
946286379
858721914
213705059
693723951
627663772
80902675
329213215
729748321
968325775
706113593
274664318
500103369
395115680
301037112
11626839
715560956
344153981
152307201
990362896
412967160
472474909
208728434
885954983
925202267
564849013
882906845
416577798
795772916
314908525
520198065
288114074
281152974
439082782
151589817
977803168
28379150
434295197
217595523
128733136
625272570
407605963
345710818
790441653
167427133
544315877
765384631
330811982
213114370
643654272
793376491
765087094
398703897
524724910
282134756
15755979
737557944
972766930
288502791
128874937
744756926
664324875
533440297
414839795
448127710
417999518
993511343
61020587
243525862
323233942
983247687
281265759
126558458
23574064
365090325
5361197
126764090
418286779
718527850
380886390
799464380
552094862
203463428
152118644
521532032
755110970
889410176
756428062
156948025
135833838
240245223
55612219
145792405
88720585
383976209
960947693
874165664
930871022
342313943
749427613
550804532
704364044
87286119
889880426
660406583
512110732
638528635
375129832
159634584
276773559
888991887
319271165
254239079
907616399
329410556
192662063
460861447
381321653
893307761
693016739
528589341
237083280
904072560
107692024
82988719
927635468
135473353
37837873
639597854
404142631
131195531
195893067
75972836
969100235
830081856
95100336
464808743
313583001
491712059
9421300
116582334
514280344
596793477
880174465
246841949
920974057
801373138
238176005
759310028
191314145
500086246
492844011
37563260
649297203
220838272
313721251
800291482
979594094
806891706
732771113
376637378
600690761
735531976
755491952
145578028
693098820
243298328
285138842
77534542
234310219
727853319
147278445
889609592
883886461
576434404
14308996
640289802
23898095
860850073
162014661
126262330
897297347
278527844
448283708
904056383
638351518
158329806
426675632
748261963
516360604
294808853
485214647
506691293
758940944
632783921
515891572
778748367
841301523
734596437
553743128
677675728
516234295
160641462
524999808
463460825
352807801
603234417
153676798
72862798
206529275
673431448
776393387
118744021
644877045
606508782
479340030
322162917
287248267
851435568
507226508
534769013
816622695
536876878
561173936
939501365
242638671
640587151
130668647
251102540
60542832
235560628
798988277
289301656
307106945
484338931
610028034
736655884
753528034
984822882
551248582
35117101
4653008
353812833
541732687
842929155
518415465
366470626
861814246
152432162
153443891
193728655
491500099
989865953
227369929
18974114
861053031
979357415
599467524
585498442
220822153
712220648
472565769
902574257
12319966
970968646
874443170
487091730
811637075
160538113
996480747
742684144
568634881
302425384
300186986
472109406
530116005
462809861
995144189
718244780
421085899
876168044
778772903
978236484
97658649
866814176
744060528
809122322
61931727
288132830
623285899
630670617
137188360
168029592
764000728
839027932
562551330
102078749
341492866
570764040
968485983
31323735
554833550
701276133
155951414
410759745
625093772
189074715
689678967
755260521
488858108
398243170
984213225
881222742
164412542
344654108
933447744
494329283
804915608
145505789
226908118
65320847
425160002
523504244
537252213
365810129
605495783
400605289
538424655
461159053
909558074
428037255
121316994
424380149
749758795
389762164
321334494
77496769
822285070
686898902
241720403
554985813
119443355
306671205
799274721
225042729
646457391
255965616
3617049
419346619
905580186
68222047
297163140
195987077
343855921
903165136
606163731
31329305
164023919
790141284
805263961
224488483
650650058
228519914
845702445
60820852
276926175
559833075
131463946
774650376
23319614
855950974
672044212
118016706
903785385
671922304
945877491
118488796
724229522
312209484
719352736
349530166
396988239
119078035
555578865
841336027
130874115
925329916
80524227
846593658
783598431
290005188
913472848
32143786
881634939
17231919
904335753
890923439
460968759
738453868
948116552
86624316
124501670
228966671
396027005
49629211
396177834
179146434
292201691
671933616
957287643
487674935
307099781
851814434
70788547
455733794
827500243
531572023
672941048
4366417
929946735
351596257
479308848
284870287
991051943
733314424
942478124
639900425
236381765
886553465
767586550
54954051
657520035
985775652
364092930
632728419
225028496
168021567
723051029
505949653
445158193
951727680
633128225
408590609
889306013
295923496
982905405
61658414
961355237
425901145
189731675
372763729
217982391
456602342
808507131
596520295
607315467
839631381
237914726
662712579
107151085
756277407
942764667
405648224
904347065
902333592
830154898
321324128
487721503
438060126
230705297
659478675
808520993
166991394
559208222
978219054
718468030
70718238
395564272
695128447
750409017
880819710
678545186
810480618
696821789
394822820
836971659
200917693
177268520
767572633
25412952
385397113
930106839
60338450
398798567
688880785
8963012
227480000
504243543
986972420
465768596
661581277
573936909
523295110
195195847
530252998
564242735
50990996
897394118
830288076
878052263
536597229
444067109
542786278
912303560
226331374
77732220
132284048
708826433
509524244
65361932
629237204
144055607
720148868
412647174
845308183
729371835
748182543
768192826
870327436
969256041
490988030
566474693
408591851
229359850
88827739
306882800
155250076
615284771
166568790
830580084
785980663
303523574
346980443
889520369
488815722
941330003
387320561
148034888
172467193
611148564
876678962
518653565
994719298
921610488
836531390
517525670
853788039
110647936
349887663
800881162
816060191
282798169
27066681
861032033
387064233
970122534
35475257
313426427
823475820
919448572
922482143
516999276
542257643
678944158
279381268
325713630
797075162
830628498
923831451
903978178
342051273
600147654
595725633
259178872
92577079
972334463
571755394
486981362
392828458
571302068
453094760
44602139
265397108
365687627
14519893
503182494
276456892
485948409
502456136
518693186
905854745
73894133
324559067
253018619
688666419
359679686
976395921
315775139
642229220
510817760
720450507
23159541
186816484
445909483
458829888
215912536
687072534
767887807
768454954
414729768
398367140
548493894
920597968
252173752
466353812
877880003
251602168
176570015
664424265
776198772
49256737
311126753
328172362
405138264
998123431
268157140
275588587
342707013
570512451
732897392
995938540
255980255
844752141
882010697
850851560
429935219
857785654
819487623
906857737
798607355
816109958
508569083
717493454
87726367
120326046
357360851
153296164
72385314
786664805
810786414
108077517
799825905
651350872
866030446
461561022
409323753
694987177
781678218
447786050
190672748
940323948
344365520
197375356
35557562
418791226
142386884
703741752
38587270
401322191
36418593
20094349
432114544
269712277
865816908
960088813
540687652
593633298
240445994
284812218
640762580
114860976
203203272
556042207
759726035
624819874
196112634
604629381
978721694
420449674
441527806
734948040
76107436
371701572
716184989
858283406
471744437
311193727
681935892
668935139
977939160
653619098
114708893
671063122
750246212
790692065
675962972
530113628
785533963
905941632
920873368
815690454
454541183
496866000
807023468
75811771
737120675
788323312
437649319
410737686
222678591
537757502
725020057
618137594
959794383
301470552
943986911
60412971
553527287
7533501
488344375
229493925
911697405
571510853
306873056
987143481
152083
532140148
805795993
969033969
948856900
665999005
819095417
72780061
499576305
625837351
280406856
579241435
564678102
640373217
121162730
683421124
873544407
271198205
446256547
440181658
928599039
496571297
711268737
448775660
846705153
615550001
976586339
778000461
417597256
691379443
903993047
883030328
189992943
819879986
75659688
204980526
982527317
468615349
461880784
556679585
718662083
652239995
118561289
333957032
21063695
364745476
495734867
913154068
886370770
804923249
355949516
640499199
125254305
866691397
58544441
503580784
820871410
357020333
122328815
333306899
689412664
41094955
655182804
808196860
721844302
397376527
389248491
744798115
564713529
916182202
700893805
404929058
809317419
889576961
721519573
276359044
378010007
377311704
427711964
481959676
119815133
63432271
891629690
612674005
335429926
263493847
