95284806
559489305
154163925
513438677
725041874
527417028
666025425
918467798
194344639
555306046
766033490
339528032
174015749
313334875
97338486
986008112
597804850
639675226
405533722
973562760
109593139
345794450
256759914
398132473
581318011
337911615
323495888
88021668
302979118
800797304
90205733
938830305
196018786
108028229
42254543
192939742
559482294
260607221
484566436
619011655
752282310
75662844
968048604
228298014
617479297
429671006
260905342
708187433
389785685
860009666
224482945
549121735
670840727
886853817
533477445
749490354
302729390
756031451
932120664
387130259
203921140
578003757
615488679
393547333
465100313
827203183
143509245
65987520
271080332
904398743
426525817
337197629
155108789
786522066
221280449
33930295
377745845
28461900
780653175
151647005
77006272
615308453
698235981
442969451
576314359
541083996
267989578
309164968
574550782
292764187
890210350
803450841
328486555
97436177
415090515
174278553
460174163
574501270
763197700
790276112
286161761
194917822
437107101
485386941
433483848
887285315
394012945
884318660
665573367
499547150
371744509
274267489
975378275
780473659
310123986
588612685
879767774
172519228
817232973
924016315
559213605
834344275
491436736
978316143
14188392
623074974
8711074
57672612
371431551
47001896
573756131
803244573
265264199
990377061
865485243
882088449
178201352
212849039
9485602
689029042
147071050
383670917
643591600
75003632
921019677
615942861
828072565
548012894
787312189
826477828
294510777
287654935
757268296
839181383
231062506
451817484
703481084
458790956
471198549
810408873
878574241
336340333
512887108
618571470
925791018
568499935
9003290
985001212
914988415
428035535
410411332
666918734
163033625
128203930
776945265
175542688
190752675
416433104
57296466
398245529
795002408
460698178
270360422
544953721
752491118
286101195
45976277
426082815
759314555
413667758
178607365
719410394
741650489
199076728
810454800
810730716
870783807
25020129
149212613
352519742
606939570
843071351
633024477
359276654
416066496
627592041
124621309
629064365
62236117
55519817
261064808
287047979
401494490
72953019
15406464
417876062
65979910
967933385
866080351
639689822
522523657
582920474
225686657
501320657
249428170
691000936
925268244
963956895
317749129
966214548
304758880
165732546
267220491
704776723
791305958
951931056
827673700
911083767
128887225
124899076
161479886
416911910
363846697
703794738
152602950
891559384
317915904
668697469
183670264
392578737
744750805
902850421
158939777
509522789
829996083
24019096
617384694
131703820
109848483
725065558
702323796
160664413
311315235
96021568
750760936
95332262
19827488
696717765
281647060
63475407
590202361
154896142
839046160
741181274
478209936
105611746
219073776
521891917
348717707
357868784
373085032
256570774
780286631
925170390
221463743
401908457
6792768
757697700
874780639
767286861
334546361
695969879
801235283
403821665
422575279
815473
105596675
267825129
953033801
57270687
871731896
621198137
387050409
120194856
802376375
589854662
63804260
417758501
31312853
724384336
804945318
95492776
782986112
751979698
351980526
445753021
380377780
386144844
874557824
348852478
88539493
262129786
821937125
514360197
728929044
894232480
353660858
435224494
318605995
477394463
15071
951248646
568858115
291447019
486136886
751886893
869520364
660091775
122794015
631609079
338104197
589034265
726384847
150396302
962341541
239053585
912983766
49255584
51841138
976822256
620437691
719451829
393267303
604181322
968731192
609602109
799261011
872690210
391265810
908143893
236193803
628579765
99152506
553918389
724369265
853696671
526634659
491539092
265842811
600093632
576232655
720286004
263350828
242948744
10748281
499505226
535744938
671540823
552018654
489875459
981248713
304405273
383383355
341783737
856956770
280563240
557981342
964676791
322715825
876534776
952625880
996830153
268825964
214650121
395415275
709524430
489881759
172466457
426027036
108644870
712418924
421444673
783412772
451747505
400589601
900151686
456101001
150318559
593433041
469225966
73857170
127720187
320671555
901390350
926895178
931788529
245196409
757368768
696961617
443806024
295715329
561957867
168823267
389308034
647467750
579402501
451460039
48700707
847533468
301223849
9623467
363278480
245513787
443373784
777456533
559804040
520992500
931635849
941194134
956805083
824462238
407662783
371243750
853489858
802677605
824905693
676158597
367435612
287754941
463626745
464328021
732512989
475504839
982221010
812929539
150461057
252621406
394104738
804279753
821187099
448691646
407400294
302785090
292209192
459602498
710578688
882206399
877297770
123933816
367091138
410796028
313560558
816174632
740156533
619343785
888052545
190714117
315333407
586630427
822562056
903243903
84024426
760945764
383906722
836895826
277110476
887773640
263292775
630444244
626995476
307182634
126887762
127356096
120007035
508113437
417061943
104877693
79034557
393887359
92098916
942699292
798860826
243501796
920663801
52830716
150767462
916338355
735348304
362877225
924876993
959746939
937287997
807474309
981717695
917943194
364667219
646454529
918878366
455313364
182492021
822805047
618913623
246853526
496938339
59908504
283908266
186204462
696167597
232043096
202281841
783174852
111679559
921446046
494531511
879862762
104383076
840522629
840281961
331076006
686128364
360772120
152425336
900415549
705567250
667248535
369894635
319413452
145638399
202063839
143446217
770607413
185999325
623721191
211395338
269293868
323785668
552007300
746563455
860755297
768922449
964562999
220170758
503305208
160595383
141702140
848067380
15841950
312942797
101854932
813560117
524144588
806172566
587802359
769184999
821719900
670379710
718498073
541286274
829689803
690013867
964494813
40566063
494103757
88596878
431674426
597175526
487958366
710050708
225237643
556077093
552375775
93959174
979526663
562153556
721565364
140601361
649120126
739820165
563865109
819181154
354052685
6470654
43783466
388503720
619301627
964434846
598196964
854536191
389675436
598914156
605287594
10721025
916873651
170741429
804427634
923996935
726067000
414708330
728920956
544526613
360109013
305791240
87705154
545777837
261184342
430185414
826645902
25648803
47619635
681118539
21259584
978677906
977421164
10508648
335961182
958024158
996782596
105600036
469295249
467239579
998978560
633422174
320375272
626323485
950789498
541654750
177085521
808785233
757725920
797568427
414534360
234411796
10899209
19338496
459072141
48261444
918765499
498005627
127319378
189116213
137788943
572548160
806916555
708556896
577654571
626609687
33299859
906365002
834780245
846403475
927214338
620466963
945413079
261681376
545548051
726686837
985415967
461381667
594988338
719529590
253099893
17860668
267922882
250051207
266584178
786847787
967778697
958082667
551436506
287699738
39258659
498776968
978280656
280179036
329450635
426430399
826505618
611818375
48668913
324179810
508354891
270720517
974004987
911322443
870354088
794067395
288998715
749217831
473790444
732385302
62845475
457383831
903017287
407789787
936016319
119928275
304625278
556865348
441972717
790806783
658830989
75217190
354928496
547080506
807144816
428437369
642186305
665234043
932230740
119117651
900181218
373597592
412712753
270808528
211174698
982379374
43855680
356600438
379697118
472516781
497849071
218560865
484292223
819051202
224854263
581874826
595759680
570490869
344162715
209522360
121805121
269640270
169845657
257862129
665348820
433137700
915792020
426924480
104177627
441916718
151881090
623764671
816987090
354672792
832204083
689247882
44671078
632208759
196615088
953636943
76072594
948024839
177168229
969455934
292957712
440270123
590924965
535877292
322226243
225269989
832677688
71695436
321071327
722708379
997312528
630540948
203751934
154850624
605459706
778036997
66587354
616931199
252422810
937780398
320635691
874084398
401573774
129619431
986847118
535606380
537203748
963550919
373875780
390525771
133449765
173780281
92472040
200389722
964904415
225078696
842212733
379914727
104698236
878907637
609239028
80185654
302693344
94278710
357360262
201663134
485495947
889820452
26749053
418578090
887049589
459141394
695602028
239387830
648820242
418873313
38696349
461305534
549030172
786619862
688066240
869126767
697819654
930545555
589258614
823532247
538068908
3362212
189946208
380381009
935824262
686672626
512232962
373515172
328541369
240450037
571391054
307295063
772259167
785183984
50110432
647383294
936801866
955297689
503476180
674308370
478178251
853084208
551569478
546031102
186382347
380907199
830884553
318078373
190841397
740112260
382365998
372147787
505020095
533828014
663594225
482133735
699874244
646368042
482753826
200376963
946908431
322086856
910846459
408370205
847482257
731401284
689046366
763846187
736509429
40682945
932324900
742521964
427069374
914950242
345353995
684984698
451792733
643915104
193998662
554917063
855788071
194154588
182673775
588429108
858084037
199243266
802274967
238431153
121589759
567976696
947509048
290433824
472543862
303099217
727399938
156091395
942237748
143199272
698548843
454981061
691860831
67038366
581568943
150158451
807787358
639844033
945078412
590069851
188474018
978609525
30341002
55959139
452369379
927836762
344588890
752753842
139413081
322417350
550286166
648238990
929126316
450615213
642256428
168532732
93173895
641891075
269978101
123970156
187550304
189262600
742746948
308593460
945366260
739017600
863056230
788749705
612585643
32515323
780641749
218240004
254164853
212205116
49957134
142980232
537635694
891549909
838064443
544707098
958510326
974646094
16678313
619820398
592913105
50309853
525854744
241245618
424781936
413036210
56984556
165896282
369865931
821108255
402519547
999211416
235862576
721747540
110592878
713351778
64780532
555839183
140168198
106897758
541775600
332046162
394074136
716921200
400658078
499276195
630897037
201623985
