589752996
682554167
808230144
299709878
931563184
955820528
177301451
712579177
982566395
121645663
207866670
232651849
377651819
127200403
780244517
752597122
148239636
798195922
771770143
961110856
7319324
658858109
941554692
647258307
120303568
652634565
303036769
199642412
300169281
138197005
501644670
925547193
574441045
893660224
63785836
204099877
634797862
659063844
958676571
277965037
546400429
508334445
222151359
396752771
446517084
189077608
179426827
658044492
495263904
746119931
37458614
476891936
13752968
11254594
654588154
930894885
740999473
160971836
179406309
278928619
652783758
977659038
412409896
844369390
620000992
282319476
658210802
483991594
63414566
576144640
117799259
489175791
839519349
493805105
414710427
498984878
436706749
544801921
200741222
931225959
473207737
644992276
704378507
554049348
100738390
24752733
911794225
563186451
239072069
132890950
463100402
473826026
479657535
679747952
625181278
568741390
95924548
377781968
776751777
164197608
530866804
695435232
594629926
919119262
628320671
548282822
637372585
519947861
596544166
155603276
494188135
196197552
960230613
248180349
805720880
7791482
273280530
858360547
743631000
595248258
370525249
95024351
244919524
930523614
113044238
643973232
9518255
159771397
868623826
845969036
403060329
58924781
768050142
36543613
400359154
777772503
50362349
785259244
925728675
552455566
387380147
391846364
966642283
83468793
638702813
266902849
513595412
231477185
874027070
617389795
295460859
237564000
634150967
181503518
793672358
435842452
450515708
664106310
806075024
984347438
538764566
477601187
651324033
750575129
752542945
435263354
428147408
923686999
847821193
27948376
957429131
488021285
932631870
191175433
207868111
978678883
128382067
161450731
291820801
846141387
130377820
778041068
285744326
251234030
550508176
165496329
424773813
586546623
242871254
964516700
327256795
386256038
979184218
941381236
13690999
909778958
740522330
216067154
330925846
203439459
838755439
589908411
383655991
846078693
659960663
807439573
304932128
442975533
973635406
814993473
307460385
289064977
372285509
959933636
853969618
760723496
191856861
400090002
200066952
587046615
10489540
841600784
680815744
883304492
700691579
571173092
508837065
991250632
177484434
298089152
238156553
912314911
830524883
88381341
7385947
540469407
394385077
439665631
591273366
743068602
860564199
981798279
612911216
427877780
657056314
38191818
13970529
19250582
87411618
252967501
717922096
340432327
16000202
743879229
192949918
997154654
909092666
500351498
145387113
88787570
298602507
313681495
265491099
675546253
576836919
395145473
458540092
283904167
952547688
313500210
366338419
752191229
808816635
456998348
726482415
28691260
228689567
252937964
226248177
662499761
557202563
489586483
903839014
924516931
580167055
897724225
896314708
86645653
895431421
10231291
631376740
894033578
294278517
502485795
444466095
546882704
716307179
937364961
851040859
261910841
579651724
730066360
66702892
773911406
886629081
965730865
531615690
559001852
17396814
164258658
768465087
656154701
274103320
482887351
531585005
809016022
409842479
340974167
95379198
679112693
498830763
371894439
388472744
942316397
682123469
472304839
457912712
306330839
12532253
179599710
312384079
291324604
401897103
964337334
82848036
827136202
422883590
129927608
37887849
614436188
366108534
337312856
69248838
731172763
241766203
975222037
619930257
811391164
970900788
635450071
137040224
375333012
841985763
171928166
763080077
207757285
341593615
124386493
91787936
414324242
507818152
225284851
546469598
837797103
851874577
477140482
254257597
309765985
400039315
704448802
386132431
279914871
303086317
480943008
313004159
161517906
302645600
657299980
700550194
706901431
852374580
646521546
335430050
377082181
42559485
937051066
449338840
229968937
201257257
875090750
485542586
298497096
38139671
623563605
106618035
140823683
790843256
231451734
879298184
764625719
720964439
310164272
411351849
266451986
249317639
857125352
72246694
361042754
858924006
601562170
905111683
684293633
423836298
384886504
561949660
861296604
889854799
169387417
795237617
914823509
27801642
24288660
108508728
524948563
218906215
87635334
241775200
679522710
374324972
172180476
370674649
71193865
778001794
935924474
985936990
542210308
235169697
68978063
127764542
185434132
864804372
88296085
371044930
599695085
969979065
801248951
874660797
653253166
61613945
245321430
250968882
621455839
436214116
964474674
736824076
696675779
201655543
886403284
47545770
161682304
615350152
392723982
986717781
686743530
230887521
833917817
906291838
487911823
398949512
19739352
626126907
820876736
41622875
609803484
50019137
939505556
653243729
508813641
554969496
417657262
212974536
588522032
617908765
129003542
921211592
749218808
634979748
813527119
199100397
289261211
340554764
348766411
21432293
966082236
570083979
472080389
101578302
684301399
368807564
136061248
894957112
386748974
254303653
41874593
619194521
430092144
579832964
826410631
914455536
797318519
43432050
692841901
331433788
629888506
948707766
26828119
774815215
857714239
765531936
481668711
198938069
92764718
288811425
109688301
679184586
277360495
799444443
75540637
39719504
577938746
837927253
968942328
140006077
418908248
522700149
826225561
334218379
576034172
509809019
491119447
169385844
808569116
899071581
401781877
245829160
647712862
17332623
391543785
17374469
543255860
697265172
243864062
918769462
887138851
937123178
802192393
97937548
144615351
362690005
341834025
630647700
504292326
786691126
336516789
959391264
74489720
552835823
912525538
107188357
122482205
692609738
198781043
347905219
274412488
312282867
390368952
193693136
887029547
863859140
31471723
260027872
407900657
58166167
496463643
880673572
594063191
50172866
252867224
481785069
720507754
728288013
189603028
213344166
167974993
860471745
665093516
21877989
562554791
442390612
171339440
94877039
104807083
284355427
894892263
850646121
498484129
895958842
644356973
574855983
546754225
608499257
210907999
280756209
331218282
81806153
222747043
446126159
290227483
455843216
365328072
24316853
299968598
430740469
386680601
394194190
503006709
985436875
179930225
413940741
647189349
368490962
631138343
444638935
692519700
936594683
155220789
123545229
163273902
645817520
382189443
698104348
405815892
678011240
935030842
112008497
517380014
908846817
882125883
86168840
637724702
218967357
731650505
106711575
77062539
147022586
794908439
674066613
897674825
500698073
347639411
513047253
716028616
230416232
927666632
178263263
977360913
766269062
588236508
394623597
926585362
99201813
282852256
644409961
73653772
667223723
618500960
621957357
495709625
274672104
876814175
594159890
103310991
93761384
776216037
428221992
636840456
524426767
367576396
545497114
141686244
481154175
225870403
662575828
298178108
869142188
982075730
175399660
750344606
756767579
134647583
751110950
320610309
487502286
159583477
538522889
936115100
87240543
33057802
409838814
528521624
172951081
178356987
623002720
623883896
753479520
409736261
622267232
454200193
499444640
541422805
452934145
398692666
42739394
252937353
445431187
873331408
620276426
346231852
204511583
685147992
443101300
871612750
738942045
140024521
125703224
273549581
615808704
934177906
237693148
492106890
549599912
491368964
957737580
16975489
968735161
302797187
602867682
38691932
544698587
459405926
359808497
721199465
250899965
215344773
681713436
352418284
277870914
234564933
714152288
665191480
315838674
741008689
828546218
724690821
85420323
301338330
439414941
482978198
498180671
479929939
793927556
688089325
216507045
7337749
991822892
961565179
440955084
25763905
284202190
142633999
270463725
581584493
801533264
745105655
325339494
721901834
620712784
523597271
458311083
773284939
995678665
381243770
220025617
572501667
176268216
808591221
662822745
233046759
931555164
667396831
863382245
119889484
540511259
64768648
665478368
671719171
504692420
243562216
223521880
720148256
911463198
252107009
950362741
571518289
394727754
734254179
939475424
83440563
399351326
363518488
680625544
915817668
24667114
724895731
484251272
412683786
468063707
644005377
831069531
183231670
298742433
207908324
94208739
616805357
279251752
150574241
41073234
736764616
79627286
653620321
217209413
377150568
300075391
738162826
861821739
743571655
430881027
648507327
177773912
442014035
869115796
579382182
833695432
568036675
986771285
947564576
95222369
815615527
580517374
252794582
203655464
860687041
412492683
40290209
421405822
703554873
157898269
333557383
292266536
244153512
693180945
202710807
3813276
745731003
146309074
303474976
615742276
286504287
863073990
740679615
981802757
819556379
466231464
389055495
314115872
719360250
374212891
526172063
630034071
331687175
55351871
225457705
156247241
826832702
449964857
356522371
964657884
259785181
316757003
158266866
585673385
97323643
356240791
933620399
748833089
666404989
575568905
87964428
421727600
683296309
331822300
808718081
952541536
839837757
270991824
384099083
394455577
23437187
726174336
702045571
329341982
631726205
703523311
960579360
188801640
467723239
46463565
176980572
295766145
789786702
338817091
355957094
969747282
704807124
155006229
884479113
463315588
532611064
640222405
647710882
143791344
286248463
104444462
946737760
999864873
246633789
272916168
316409482
555840878
65865774
962066793
941220696
533610844
614711431
828924882
953947178
393800331
395661429
744818758
281109850
619941423
398588333
792198281
631940897
344479218
975865204
838970798
247734411
684831528
386512710
920783494
861844511
383214781
78463454
558254226
43093519
527281743
756785550
960714485
942167850
194807070
730054081
621139693
229900371
827719908
397596393
822346249
355035851
875882240
201059049
490678782
67654158
787792304
359112554
27769458
745203010
494050180
472503564
602258541
23999669
