21974122
873259897
530985777
138687742
454520974
562588823
810649876
130149542
796859998
12988192
56315420
969331096
528287686
127635652
187292013
836289211
315067039
273874591
181456257
441234076
884723238
462989989
745039862
322866681
966082726
124718382
951846066
593236053
267757003
809467875
205529784
331850351
695566182
133267571
982660818
184215061
248020552
448993333
449305108
932199242
80836845
987162411
972818918
185274434
777413439
525775481
669554250
489402408
145041834
462451400
805998573
386916560
145200662
784660482
568439855
558984131
128220035
208119096
172605014
329802592
610742755
217413822
862392538
987392122
807458406
724465068
273764913
395020114
144974832
3076951
588268659
866073704
824569481
249257013
360397231
897560826
490171069
559765428
545453240
440307245
455164130
462443658
448194219
805305601
3469301
818613223
186649688
910905698
564827714
423676687
55995025
39901455
276388319
119502516
321456486
863423021
124769872
985426795
377816026
52948371
252010567
274534135
344427575
141964882
874182740
939924868
562347077
895943647
424263251
670879028
68813061
568454606
662665854
732297768
874638460
148299097
769219602
57086937
983922820
988845182
537815379
362859213
830192398
721298144
947081925
548367203
589685385
705066965
927800525
496974209
772790953
504744273
181949401
492504869
188296677
180629995
118016082
306229336
931122859
63544432
256266145
290706040
486642447
893948684
354863625
487540418
377235600
544090549
244864055
173157389
94203419
67682935
1503975
388970842
515132990
889151352
444341736
623129429
194882956
325815537
350239482
857280110
968143120
927289041
898088074
564068786
386505204
170160984
544001090
694008465
30283014
462990266
125964077
920378387
732579036
247109339
876216765
936243712
366434518
459541507
171131603
45594835
460202910
754643136
402770790
705108017
503240298
792978557
977371878
299145324
736288257
494886651
111346380
605307322
713304948
398986033
322562918
559353405
995860609
790794837
101035213
207074615
89459
550855589
142874374
631213151
941718857
81125586
656391805
268023650
12934586
508098022
256694910
735341447
154683933
304644647
397077200
213499984
524518251
192980056
60828488
593526646
192789105
244855766
957720206
535396361
351643885
520656753
207073439
333593002
924546420
316863360
940383102
575639680
358506294
964056987
45505376
909347319
611768762
771557637
763389159
422114711
136586752
709348227
286210737
228190235
238191740
376004931
450623388
408660301
1908833
109062934
34835154
802880552
729966349
507508565
14285509
755233692
593135382
607478011
279569266
421062103
874052145
322798802
343477229
696071225
567714918
681055229
376835153
190626945
259139270
487729879
601731220
752960613
429590896
638713775
456939893
483440877
958645027
729529970
297204620
975638953
70033365
798413137
331684169
815483485
282028206
137502550
845673330
850997727
949771477
290271683
316211937
4290750
491988370
342327056
548062564
813787949
365870997
590139510
660475316
557136510
999169776
259996442
149521030
514178952
507331712
281874540
373289655
91252573
50568672
530844631
796588663
863605410
310273390
303930311
351028737
75639008
991114631
527993743
414043019
430212368
835381898
525837425
240855466
968867586
171517942
597440470
260972242
87263840
90651210
643151943
117569879
368505516
69054654
740068109
976469175
810036922
648892106
817505216
308151773
153665
764212893
754420756
800429055
418926846
493683018
452606525
694017359
188058059
991298317
472423556
822673316
837877253
176096490
230262948
721754610
473332351
19140975
180653442
342661010
909891241
20902297
286025815
601362
407416728
413274751
428083146
794550756
570205279
327461134
540991814
426746901
173609415
219841969
413889353
665999473
80961141
725408369
821928619
475184567
718911415
903423110
72914183
95965521
618227653
820478625
279692625
192409025
838791705
18313499
503136824
790895946
468238663
474844205
398260531
979251366
478187078
753819394
393012326
5652094
65599872
658055768
123812079
860596923
450306503
45676654
649063901
618035284
762207136
564263473
640793468
747923980
197212355
705468874
623749594
6468131
947988113
190060294
382373707
586938101
133582126
235674120
955759050
551891780
824324309
750095866
958508236
698765208
821581437
434637985
187812394
327141746
332396042
816276524
409584695
60855646
779611030
212317258
645659016
572550999
171414724
661657340
430201888
274528231
377520029
755212842
593683591
762769788
851094610
391792400
31263253
288126784
371445686
806074224
872069966
829925750
702296717
571920297
36272613
700210636
87168416
950298691
796453845
327569150
376451079
313651722
415527938
380935829
295884179
562893947
226857099
735670854
544401276
809822707
415523377
471924785
805472231
681230818
174371751
69111466
156412274
195738448
847670597
429789037
403374732
899685609
955696058
526321816
944206556
579658943
358558928
207690732
176044645
945448378
485382582
221116031
865203493
102632738
898077151
63868306
339684903
212747762
466885608
288200662
164935300
295592397
743725506
561622978
390550847
400145181
24453519
21065898
397548546
967161145
543798362
891429967
102628094
366664808
924194416
476765468
357955663
889206120
436729271
716225234
204335019
19166366
559626209
598952896
324440125
194407345
606721291
702839492
783153666
110503444
729426561
943664511
728852838
559469934
264853736
107782335
155960102
394073080
135770969
544061375
555205424
337493030
810142185
208883498
401650016
593952614
118487937
498538684
178438321
421311682
705912642
450478782
776018489
750660373
83865643
145768933
735966186
144772610
237182853
196143502
793423888
321614025
237912230
287045101
237734584
600133849
162577128
543158159
101811071
816412081
320805365
963882582
753435151
892667895
161019809
866841988
209024180
350742711
197302879
730487510
75919407
108182606
524401171
361841983
404590801
278947779
167646021
978192464
475604290
119084802
371816147
11187492
156890226
939627466
750637485
233591398
99580799
523097084
971148913
801516165
431375485
575329777
396727612
362026239
100506317
742030059
697043629
883350593
589640563
217023654
936744752
385223475
947469729
506695341
120224094
685241282
797212853
876070245
882454298
958786803
432487828
184384663
67553868
982726267
444595933
309617872
806992355
813807684
142030409
927428410
767261188
685927094
379593797
395786712
299112024
500589629
711454992
162374932
261335666
662560741
581904148
284295426
388551900
258580636
182340049
986592671
63717762
650194883
819403371
65396203
436378543
223510553
640642784
12362109
369028337
246990822
507775908
414001344
917430304
790888443
935037702
883235944
741320184
662212152
449762464
250817657
5629677
551683016
207583317
619634463
973786288
634837921
614734579
219893557
376882654
148192401
795832761
808973230
800386218
458003260
245900110
156797471
994404311
76634205
491049866
543750635
45284310
367231687
26758375
52121201
992813720
297453648
244944626
470447221
727523037
698668202
542975241
726339747
808818170
931522390
980962993
512034744
442611566
199768908
91609914
801540621
608775972
420749226
635479454
220835936
451158060
698802676
613615124
459427044
544988333
778240231
888831632
664685978
171162285
906011828
205533346
638397989
524924641
155462115
626820742
676332639
389893295
144287357
492370518
678214450
605217158
69493013
155060
868863827
477040265
733865364
714185903
794635403
985024290
689509243
934974661
624535082
731752231
805922437
600963140
294011043
683838523
785517580
925458887
949282805
809836569
878289262
555177461
902806341
725989043
342565004
987110102
287149451
572948164
415277273
411647326
464488615
928378707
957265003
615618776
381665047
698647616
744751295
982386778
811122967
64054327
94196229
679661686
481653040
971037165
580998263
906645756
719002202
554498973
332809698
992494115
604375713
218828468
543087712
868377880
726927894
514315550
97348717
142874784
134475260
746755261
427036452
221687238
569747016
277861917
470486045
696156374
774487227
190303661
219298093
595363426
939087226
803130801
114335919
885228477
715640339
198627576
73524421
931769174
144990780
435919246
268107899
732650476
240138466
422783157
807271612
245660147
385290995
88887122
888690880
867349495
601298899
601876511
847911517
64367706
637017873
872508990
109914669
203791123
500551120
884841887
132158528
528698541
335200880
737446271
53406888
801244910
104492548
657859233
152737540
528300318
440791129
165579541
997884002
698556013
478647362
694385975
981548770
146963859
470590303
224825898
310865379
685600104
301612779
351948596
994064526
337210715
955219283
49968213
248210604
843131348
88712906
869733296
431218054
260148892
303760717
739409356
397449595
502692193
369376269
6026701
141167598
727431760
936149581
360390562
426558366
435719357
603992507
149355504
585720343
942631897
890960218
962950809
733200818
275725222
573976507
446558423
227085762
983252282
743381744
716196171
846025625
54524335
409648629
309606191
439587412
571057832
734361485
737735110
394795295
739238004
296936380
478856576
777587588
464563601
83658299
583433617
749450522
941222215
925390229
558345168
733218207
805863779
464247869
305578706
952171128
125762096
136532477
155492832
686172383
857202293
512323594
414197311
759310448
653180096
160001075
86643263
317783131
626543389
920803149
855500533
701357870
866257395
754560208
846482337
645695516
412103642
185363220
268637216
192066922
990542888
697107899
285863545
57862053
185036575
982977963
40161846
590276465
104069922
357435062
313825316
434525354
578868652
51562727
537593000
226914409
882739067
719546127
124407492
304562526
997015035
265650486
122907132
20419066
69889696
856987296
866960810
51303571
617765530
659883188
540067486
940398874
867895259
963425909
695629493
160094394
226460049
356335258
574273872
670202132
119839229
496366796
213713208
269108327
606977833
420975178
122489218
814694668
216967207
619567928
762956448
692557513
60955728
964074689
195051886
