194516090
619630820
517507373
596255805
870640308
457383978
859411390
489899215
828614472
573341360
893894283
854385482
984963971
438787260
143298069
19755202
315246182
427450919
632605825
354068420
48031562
42528281
717207125
622898727
810143170
632866082
283706219
43854529
590076012
777948338
247082195
173406531
153291121
570392458
62160703
548387960
468157967
584591789
890351875
220969625
281794275
812375315
111107314
253739562
396854169
240609287
436966838
303136217
362674089
393950058
936292508
310470405
374141311
452050768
215999326
151987808
902423693
894608644
786112633
237774225
173677759
815556861
899823201
50666134
326259164
720487752
701094361
414571513
376626557
594910108
551597234
730654392
537099043
411636200
72274145
235656246
931420966
463467563
226044557
569533882
195899244
980570000
681180438
196125954
841655828
936611788
799265218
701240351
354393131
910172894
645964265
573549321
798479155
652577649
47291865
466237412
912552112
60441180
927480396
676366416
539514925
22395324
926509659
767763980
842352822
205638116
773371361
962505110
379776623
980343079
220566841
438956130
668564087
216578750
41874980
193107758
134376423
703697247
209010304
389647375
921222532
999854008
60178381
466453661
948945842
978047911
932175235
884521392
364344334
606036731
323104132
870979785
535987165
549678140
30018957
173503919
54060340
913416456
353773130
636017711
163240426
836760107
321463727
374050051
689606052
207008134
904985233
581900404
610702668
854184106
331860989
208854865
851430874
537833021
755143882
539660915
962216942
460055997
818818137
864304909
273462879
888849968
598160775
773739891
657238946
349587055
902968964
118885947
186559793
868371060
139047417
220959965
349924116
572992591
226406948
84462424
678390280
686128328
776847608
741937707
73062678
350274831
273818723
510160227
274175741
114249267
19548910
998154143
794534256
490358040
211286976
594004342
94598319
489468219
362554832
274390457
238599332
547723835
716811104
340018997
304039169
786099285
395340611
742331607
715136689
110901024
858930747
278438282
311426072
670681458
861270633
276088613
683208388
76880429
791242231
923188047
615031245
88000548
499564150
542989679
330038144
904814819
324351690
696201752
657084083
545043074
126361645
860455896
210437759
952016490
845863091
130666445
969317223
436828611
437898537
286963391
954934219
531487114
795023536
163274717
255318518
741110626
686728071
123852798
629087405
935198361
910795952
17717889
698225987
439366783
659359210
150598783
48159684
173821424
9980852
399224349
461747595
699138857
85247524
170093614
984539377
998474850
68000523
359409580
824818365
730604188
306771389
246379777
638981891
504278839
968253827
83544130
292977010
336289432
287671161
588927516
218086748
200498891
67114346
721885721
634247120
108643755
162229909
771070974
292657280
695264307
82506760
795495798
426847758
38674188
825215795
255795361
446239590
624929921
178735338
256843666
673110103
327318490
299034431
898483216
628426971
664416175
378735997
193947147
471112955
575815079
857621772
711870251
886150262
421053334
181137600
261248703
632024511
363361801
535846493
875895621
836244941
296929547
66752300
129554058
648097427
511275590
819532017
600307703
679063043
712458465
637304539
668047087
157554093
30827494
915817412
890768256
901464459
168631129
93458749
969830944
729907757
968282760
299958019
716842199
837642534
370636508
909345534
5794423
857536586
563967091
623770848
82877788
89083428
302839716
420598723
376180555
260566190
169480373
250385789
117151381
844884156
778428293
514884103
758654488
938510539
189574684
554316157
855322767
505235921
290369342
359784243
463393382
269903052
566015548
145987864
867962180
996971527
349910099
291911523
277460918
601930054
813737594
742771115
115095951
88687616
554426750
578963659
854714376
610228770
539636856
630202066
731984086
918245339
976307366
124946787
951479462
453398656
541303529
778331658
648067849
816320349
54022766
500558501
567167244
204182847
160377466
812974735
523067879
156851851
552636542
379209027
910656089
877568848
972924869
515221326
31146562
35657178
399788151
669966871
384083788
610611023
699601780
245093997
965599063
660167275
627800156
545148041
293595685
441068760
194508400
414563524
455667997
571578439
643843672
461140567
547907287
313179092
175603870
910913103
928310148
741452014
55895780
697862524
57592228
160427828
719545975
854415236
945320468
461086040
93800224
915822284
53610504
871336656
394247870
37456825
116718569
808928767
534959436
906999968
576382690
615229424
519379050
81999118
962343450
138073017
923541029
339077649
233725176
511784301
967314037
717967468
860053306
488875047
741656722
642631773
554715243
1739255
187501769
805171235
940621298
773384918
599827571
832509643
347268536
278686114
360953019
584331339
177330569
606386846
344421997
738978519
778219655
268603901
334530412
313080724
222072964
973896660
735519073
919519209
236886798
380468325
620690059
433536167
493772001
375832754
55768978
564735456
129679934
751616096
482741581
114979314
621426997
729788200
966378668
802997771
15401852
686869405
734730581
683657335
777119997
339209689
161747080
627338328
167362303
228335518
939747812
591449405
154344635
428575997
420558808
580818582
266220181
267982559
568284436
560152973
152694858
166291404
338737642
971435780
222917136
796217562
454651405
425714472
123645265
229442683
117551521
48431454
302225231
531532640
297678872
535203558
239166079
51861738
142399212
897677107
218721245
993351729
266173863
265436483
436084941
464319572
410390821
701103936
331057287
901922998
848759131
353444438
161503763
406225695
650302912
849110446
348131763
763294800
460740198
980902433
884558283
736032606
503693063
937919618
110783996
891316357
289224173
622811993
130897125
885355249
341652502
214358442
125583347
670607328
341431727
159343127
900117540
73301158
535350838
758597563
385826741
753547468
94657184
221722266
380683550
764107082
886927689
895999534
881229726
448568424
187071795
475871278
591121538
161496777
13118824
482688637
489658666
328254243
154652486
544768582
175095398
787578826
570206810
445702037
560270495
634400689
227861090
490896434
64793967
490959785
948992904
274830604
227943961
702142634
595075691
131010814
641375421
281970796
557236068
346676913
4388668
393224637
741582266
682328699
698283454
865781223
623236903
964086568
657488503
858743089
669684460
571863297
918648671
990582255
583502165
598247914
183340657
648955146
661451770
746282860
536245991
396031255
831205567
390269941
499575519
912241189
247927316
888978903
566421085
882108008
841313214
207687869
771018174
807975571
540379914
781870759
45996560
887878110
747418581
694489271
11163786
263774521
833407930
206050877
821275324
377129607
356181931
237361704
118640468
996827776
947670156
992420273
620519025
810953206
810430921
608357411
562019069
351312324
182753180
786042263
617853906
734257998
397665483
775380494
17429874
461996590
800845122
110673099
450202341
801631404
552251354
295462545
901536564
966962498
735119074
272471469
562623324
625154690
568994616
122445912
556059257
10565611
770338434
569593307
934437850
848892940
587168842
960064966
997544648
932022501
219851690
694684234
705124930
961376316
76635364
276905786
866109037
58027435
188621003
359278733
576284483
245508832
787159362
317009063
444576422
652207610
90883709
653556526
75834131
537959451
45734087
936864378
782317707
60307268
229983006
607288294
963919562
828072174
840942642
168536933
874827746
840780154
113128449
518179839
581779714
857567118
590337614
940160246
890327133
458213288
406362431
504595888
436533686
209715882
546161427
310550425
223406248
453329371
125016885
282230240
758009230
933612314
884230834
459585197
886288413
282987310
912366526
644817662
731393310
469347068
312986222
38036862
217084792
20084070
484450985
735504327
132380382
268979523
735229347
587009302
61869996
150723461
763229392
617620842
131597020
541138198
500330691
572601824
514145839
919432579
383882046
510590191
703055289
558712402
410527701
941215430
956549318
653543251
631891424
298792403
945200591
945519950
208766935
420980064
145227065
368325568
287511095
416449616
725264895
810657098
178170042
954426724
718100022
538007581
220360243
607285768
170382922
266609992
327988176
345150214
782656618
339764701
130671822
811960730
85465022
802396030
334981572
658372389
609556367
543235554
778955007
478837129
637088097
436436944
641808710
116350044
941956525
342249327
472393777
763271451
253627103
83881074
847336927
703488740
741262536
429455320
792490167
165047707
338352158
803241931
770832507
689939326
325555075
286741210
516135784
605435889
814848127
396806204
335515042
342831033
33343995
629138704
806893248
182029341
31702090
699332912
317338627
281663078
896198869
104010198
665329242
828133594
794216213
564716724
91523110
698775543
492427772
427183081
70698193
656009701
9905863
169933864
320020231
806314435
772403045
89015681
153282054
350346886
920301159
36372820
301501916
545150320
6734285
129562743
729927455
624488398
276987825
665307586
671786649
41929624
112116693
510827089
268848837
234341959
137912688
942698912
895723111
760838349
195218099
817360239
113008117
387665046
326108010
679505339
332925170
863410130
309118473
578812
409626295
942686408
546050857
966991739
361361917
859826048
802508281
120178922
821399309
664653469
834789268
467034711
421787718
827120185
755396430
28768569
543893007
499078772
901085026
85678271
668401746
829704131
193292568
392443703
155128787
102940920
923364702
913836868
219042309
327228944
796637572
866517324
315369924
276409012
255681290
729100240
495878766
145124953
149465171
409022787
431833677
17733766
121299602
231069641
926049080
728183386
395572520
285887930
632268614
297339441
135612332
833846396
962325102
223440201
332177065
579922162
749393839
153607153
811862952
258420997
936461345
888671411
901136611
494170365
868015896
968271943
151664786
145378705
571438894
26296190
532889802
