356451666
909082459
146312343
166591123
192959788
935118125
688525841
296220179
691176317
748827375
325262938
528166380
553267143
841819313
230031530
59837904
721771463
391826225
658752883
720894441
704581901
186802101
296979800
614496640
825443043
856674721
827604641
463120686
378189470
528300618
103682376
842883405
129337785
369301804
891990594
603148435
514069404
662822074
978281440
460574523
884677512
776052922
628025137
753123178
630162780
941128691
354915450
65918370
785783963
63768812
337387752
873935752
216858760
864983297
802681966
169649565
612102658
531815701
341148078
336285066
107513484
225405154
918030708
162875699
645144998
482379532
398828595
183965338
949828718
626883093
545768499
58949388
413544784
198178359
836216928
928528978
558776962
543856620
984333859
884314351
501759271
761686270
677336722
314420657
190912865
229746623
626024644
264354486
566619836
722341029
991045775
982253701
321673995
641996374
353061039
659272357
858022212
465149438
107978180
147783248
542300095
170950111
116089651
158900869
518000312
278438363
460390968
18680401
28766369
874152987
610872601
68246037
547481841
456833726
834525793
345827212
548068431
603610050
971962832
415398374
856354886
134474108
617345500
227487688
635837317
563514796
737275392
771548409
845117318
176944570
70506765
93627524
435878440
836550610
342014255
330809159
645596619
518435852
796420344
912474501
769355654
607344243
235588117
692466848
111468428
922799738
434771860
864840268
807470579
7233827
111203926
254412162
493186604
692579804
291428360
407825987
553604609
888601961
523063551
954485515
541162969
688842557
173563081
851821797
803646221
517245076
632367596
710931229
114819470
503716633
700230592
29632578
807189704
59488330
646042719
249010643
898885990
924878651
116019260
713037578
128742935
872435122
964077829
837883491
65740644
816094601
600440918
743298634
545122249
934188267
777204549
756994656
995372300
841934827
371311532
80513096
433781162
383766318
888820625
594223350
290432141
723840630
750020798
303753945
307003234
81571347
447222457
433698274
46537084
42417717
508939996
628725957
772582700
810025972
825742580
668727845
724764727
335679588
786081152
987551619
916804157
889068960
165808979
180631202
726512083
943235934
34260277
965254876
688176797
565529622
815229480
515119671
36058025
521795909
422605436
404902304
122414324
660323883
530880257
984169296
368872144
166742644
696761550
502704532
425248270
148478592
984411954
185346328
16192247
702583685
355748368
98101573
597685165
901269005
677419192
401363180
558031650
569389596
577241860
363767299
47311070
481967579
745521476
481007461
227188236
993820324
592667931
250786791
387420536
420840275
546313521
64440843
804799330
801911855
618679474
750061512
192307410
663104446
755382930
578033491
958823978
848913948
949062628
985593111
209781254
717127906
917434504
134789018
844376715
21242255
846870652
553024727
83082023
167112958
936858226
886904563
421221167
215754088
275516295
431427945
555810659
733625162
797925790
595351970
156270163
291307525
293302242
795773309
282589530
927357678
209055770
894927202
814006664
999208368
404943319
198397121
532904950
759928363
271226207
510060328
76385819
457878913
406410075
366178280
573969621
993288793
981358819
637686372
865053628
731774909
328840345
976553320
387588151
323954985
22222831
225198815
50988157
353710657
829322947
918473727
423825664
121661195
852199486
917019036
812186483
951943449
739018061
83873653
762169637
738461104
353999613
661292802
944527880
765455965
355042125
97931746
327215087
431747509
21382349
162981368
309948705
655615868
930719680
550814619
598517332
232502449
507339051
490051679
976985536
179744504
147408964
179194292
930605415
352752478
86234664
954724623
605679425
489391037
553991796
622026171
254270732
897485165
875516734
126592523
377775296
667547542
32025439
622132184
968912858
924291084
897983726
619240646
332328308
666341578
608525022
768209795
190941514
301384867
318501704
579684034
444604397
248966381
106888115
582425133
591052140
174805321
730687385
591775402
679221301
400317501
492252320
837824049
877755712
399356176
908710635
412463538
780099133
804127156
173039323
930969788
200477009
885206866
521138819
52694452
281760776
528168316
846865982
264263836
744227455
318024867
763783108
304294558
170889333
974307760
177421774
5304350
790597050
293091601
535540381
202969975
936860155
440250036
942910881
568595357
432038764
60159677
741484932
932972131
757630941
196061483
988110660
386814356
128345543
387531914
379207025
559397529
727827561
54193662
300664356
62883824
327939337
466423549
847547945
361196433
636534391
187957762
666934716
903447951
221934402
903406285
621866487
487007532
268586775
970069347
994109631
760226971
942295984
952543460
620655687
221601099
786683382
913893850
506632893
548165972
329914206
376968752
175949014
783357417
595100735
618024243
277476788
736403387
992427243
472656557
875030636
470436606
592702089
581714447
932060965
244081002
393224959
838036980
711037729
854224655
574194995
501103128
118227581
158276195
393422281
618980052
617101544
775284099
433537974
79063256
276200440
414045485
959790654
299381973
31282227
259565638
12008747
883577297
308347215
603910158
625929496
885463098
494580287
795930216
95038710
523673025
167524882
360581537
20482494
376574685
828376138
948646401
202856121
652408236
973970975
828811077
258741170
17672819
389935136
976120682
922698
502192687
302865412
913363987
196456117
460985150
510645950
293320116
550432219
672495327
232072254
509647661
529689764
107127570
228295158
688731895
6522840
322297363
63237484
869749255
451455170
256520007
754801604
56963289
250687117
327554037
211189364
307382418
325410996
202471149
824467
994335927
493642161
332226532
602987459
123736808
582597685
581216299
599474099
634053558
13027075
874204764
810149316
347987166
144502430
318728477
418956636
95728550
424113077
285239079
822288237
936443806
954435334
520185880
524665512
744402689
747391082
245902123
662676870
868902078
249795786
203263532
967909118
347961070
671670859
237736326
16005500
197463232
504140110
104558349
106134210
425306539
722823263
429183924
856722179
577250404
446370690
406814437
912460857
931958639
908597399
115460813
883269339
40171917
380182910
64380660
39900592
973456280
807561019
858584768
376345725
336695562
918539428
730572019
384257772
809763541
906295645
462188245
676316306
906766103
302722976
221493404
591588439
319554727
179104869
396981697
213620542
525251409
663463699
947415106
298031999
340576644
333441264
730718229
960304677
134334972
319994191
927737201
967778158
607290198
197835733
42549218
389902212
645555340
728212623
769438646
506767110
992251243
44926152
46958637
670954758
984182443
730498130
5694754
629235662
687103995
523872373
563714611
861067046
983201212
850760117
514649182
309992580
860145911
560552769
35769080
3254298
187821198
770267340
249922799
489769350
978558442
494410085
69026107
708930369
260173757
831591190
946033097
591342103
409666221
890214586
221369298
480325256
616505061
276460348
313849554
610078513
327746509
101482567
273200682
610462597
756279579
66670155
984576945
756530080
683186549
732556636
529756300
85002571
692443542
766184348
318945911
221983902
795003351
557189286
692396314
489772358
661472022
296764384
369061904
855512803
577839275
972372507
451400824
92986626
629390819
34323926
693487518
583685562
246703214
425690565
675507787
86338630
497066658
639460201
733489769
911888287
509833139
312496026
25743819
527617119
301834890
861030525
898898559
643481872
571268674
999385394
685321903
59315774
584064032
824077195
948606490
30982125
732420662
417687877
32623322
783907071
615269329
891590318
127139261
648862623
39069118
946070736
838299356
266752976
90676560
232607280
724917243
155543150
823699516
780508026
979939217
348975995
271020564
841444783
553677913
716808748
73473947
807918951
521717950
630005424
349002021
634171744
999621529
422626017
477084074
644525662
353917967
79378780
606836878
949582697
296618957
618242819
185356764
376881195
488548001
355764152
22731169
632145582
552805311
338661393
274468150
529778753
235616257
803556005
844137976
599630494
759961559
890975878
864009962
315814572
710433123
807350377
369872367
497133836
299860602
404897373
946449206
415673338
789668901
446150897
878689312
645538462
548706270
874116817
483889068
361696397
163619230
894139368
352896781
197913760
694077579
441328363
255113640
183056556
355537273
819223267
398555486
196065524
578488039
877453578
884564102
462942088
215368816
291022306
239149573
489268579
248370452
688222927
77020592
83650628
409314945
607057829
842476680
106654413
459972080
628929686
981072481
361499438
319666936
482441579
436011263
865822189
538079096
666096202
621736991
269104759
552236736
186815810
141596562
480637334
6341886
750383682
837185297
912215321
561586794
415747224
430169645
257683964
634967244
994620487
113325945
475396302
817118776
269246153
788598814
87019750
598851682
148459226
723084475
726607586
838150784
37056048
876398586
96046460
441442314
18741912
924862991
549272613
669285314
970044812
937031841
61554641
546626364
596383256
77308741
658931261
769872530
930261357
545067618
44224856
198760040
723388516
726532192
325046447
369115633
960614960
48703413
268832942
877497386
534717241
670253076
403777510
463731334
414988975
642486548
969285837
873985094
741138836
470773007
542844881
490884232
880897031
588398649
664922430
57588646
51771304
928769936
220735519
191937412
129667553
317147218
668590323
603391606
678859619
527847545
114762267
310523854
551352139
726930826
480827353
970038497
656030048
671775226
134568073
299791735
533254331
597823306
131637389
953896707
108022903
784946165
28733693
459488350
2222736
553340623
317863008
134989867
61609762
267457801
317344329
31845024
827967893
76895529
747829833
217570022
1662753
800385903
784871714
887141428
527724280
658761982
322632955
14208010
989945652
572806383
