568765036
342483707
751001897
192914425
170091799
423681097
678309591
193507213
543298372
855154797
673699212
757148055
834875676
743612804
589582678
916554573
747679427
15873619
159332318
712923186
163602222
67552743
210068274
459331883
529731973
348737236
25333415
680225971
25995001
240495927
324288084
997291379
613398406
432608416
628066537
931552820
146244529
331158551
621162987
241717967
927601437
836641968
693635346
877698850
14593599
126597332
359722169
357200948
634720645
366529184
274203639
777603487
698228222
650979212
32075470
501212293
132415432
291670013
663182451
821354561
398347682
998083618
167512211
302802444
530866712
676407832
143749648
402267259
115546266
658029856
770310044
416520876
394710630
917614349
785321747
326960253
373917395
332369423
444738283
403134641
989015066
668132465
45505325
659465815
966292287
546684596
299063156
962419193
400532945
126854244
799137387
854574514
667976099
799808424
843370284
929517818
669129756
390832902
346832137
338185766
982847682
957454909
241654682
976690788
596219139
857682762
382892856
780613872
865657463
705115216
127294897
800046008
846931728
260047810
832339494
730215215
952578292
508046395
336510156
984182115
377344676
181330453
1734314
988692021
858892467
915735528
748544775
594902204
74244065
855803928
657830495
983084492
985537284
106552517
420286957
31560156
426477783
68814536
63246676
108609524
163791739
518449282
96761730
695417728
999559345
999091378
7642786
407928288
967468928
113155068
976939524
161083361
54322745
362650021
960841088
801517228
955720595
252962659
117798320
680483609
109137986
787990650
706369807
9853534
47284720
144210404
814508723
740379210
839760852
800779338
303737432
883763756
444799719
227900631
820390375
858895392
84568723
306316584
989132675
859801088
908092742
340616487
627433275
961088995
878864402
496747134
928761746
622887262
145711428
618769727
75839560
173515123
951016215
382763065
999471537
375801088
812079474
86908195
648133007
855348940
184582655
267263574
568167435
166689590
809417635
93175768
716283640
826422113
542259645
101945695
716948505
649404010
263829983
257997230
772390865
768521498
160557375
745280810
130989131
550537584
215448656
191621460
594667782
220991124
724939777
130222309
932747540
62036653
228429092
444589287
46815917
997660526
658183575
133783734
675218433
640829168
772449050
460743684
151671360
785688633
780463493
102339633
80627617
43765732
901821221
426435549
909685138
693018984
610372198
230950039
215243712
66798664
955919063
97595423
639900283
992961193
672595791
347176311
441749812
679195325
160428227
654246987
597993020
97670358
55129778
719287977
991220433
130046248
582778796
131561697
996072446
699813690
593609450
345300496
770074090
113109023
110993843
550902049
319169901
298504227
220537169
239728555
451664453
997479052
229345574
980017252
41741463
560588152
493883450
682257238
968233376
425272739
18993871
472476033
625260405
126216505
504346612
982957258
988635953
182533244
435215114
779638889
110240187
478810501
234877592
515430020
473189212
610618566
327521331
526791260
881967350
121693741
28006409
143245585
458658156
920699670
202582533
600513966
868324782
75112524
677546513
430632281
636162797
900521557
163328320
570799707
680819819
121133417
720040089
643857584
608762409
128036583
562266095
136636657
863289111
440898278
129488368
972853951
762601459
713915553
506828040
431122896
233066820
967092188
800289886
846539634
397266329
875748285
13817877
704560733
923633970
903832644
114632476
913523429
504986730
4582833
143476092
209718629
315482181
664077884
834610200
352055795
890578475
683663745
918028849
753930767
559427645
891369751
279956472
17759877
791211302
229728581
837912505
154409229
568284483
246423616
197565460
669070607
100231670
316788684
173533377
805071533
107315540
15479356
720223613
704929764
13404107
648742665
631649925
858706278
297422186
919769738
657371769
98523575
879305351
154772244
540544420
549403073
49063339
46359119
287111989
505896576
595791812
996057998
913349430
693905389
65920138
960223245
345238945
258563113
807017371
474405483
109486958
998693495
490544506
29538667
244740255
875099119
963440131
213099085
740526659
910684979
259719825
421250193
720337689
871441563
572356810
739388930
275103876
413512238
705879195
648162386
620007268
53872551
29676694
667636799
209279720
111257540
102129924
26318224
639009625
53180860
303503719
373086812
51688906
823016702
810282779
658678272
607979068
849766684
910031988
665445299
585962940
835964252
305832458
376427009
246176751
174541619
275720309
41907867
121548578
326531207
685119369
931726706
552683916
158854985
854398214
55614407
969016801
822907705
820258945
133482714
772969194
937121907
574089459
687345798
607181259
886633011
369561286
897320986
61158783
913678537
131409862
425337191
503480248
40433895
62199445
784043014
748040091
653249684
421460048
34738101
835537230
60222057
904769645
312478417
368061490
371777012
820402895
892833920
968618486
754668372
689661470
785071361
29507738
776549274
892476104
648841031
261874793
618486659
769245748
359543738
804980332
378399322
980749083
207870039
195121345
259782177
428246457
512250020
96655539
70355199
307574314
315767116
401447657
785520844
297945483
712747137
32352262
261611041
319284308
235404247
66230116
476727364
928702498
306490409
224017066
346338499
395829452
726930973
147957790
413358412
522168221
129553432
884003934
61916310
229757767
457137908
79472972
696899605
117357072
108279312
943530553
308152874
796178381
898263287
447094057
373894354
383623704
243986892
478603790
179728966
616488769
263751
299202351
533841501
293313621
328252967
449696822
674258673
983852972
848782844
863952723
701315482
364292230
683297125
548186977
178020882
431763181
339531346
555763076
840807574
633274164
335452656
144253969
211004995
291873692
758077241
680548982
30439211
859396350
850122711
962714794
151842560
248327182
968228822
796869642
521904469
830351079
350162432
768602687
901504799
7441085
405214298
713046631
268574226
244326588
242215071
943860643
112881256
350076309
269073175
942131171
44092357
688223815
637796215
546454800
281036112
856009781
88197356
241967809
535236378
647703983
419257611
814862322
133730261
886068049
712110163
452988299
396063406
886427481
26282508
347669801
81600748
570928658
654258275
833366489
228059866
622406024
875679741
966678406
49658621
814216597
567667726
680362900
590323175
907991538
918622437
463618743
610530966
421774022
515833529
665894686
742153723
108194623
233366309
253800815
588183472
590351975
579316369
382506176
532216423
789226770
547797236
226453773
323793801
921403372
860530423
473163698
33965539
804429725
318394934
658630087
980330039
121518948
192309188
721019780
80036257
738894710
224539146
225738722
967445610
248491419
842457332
974289383
370593951
360387821
605516077
973406123
337562348
400457460
245183016
637707890
43089654
493173565
434461982
260431849
266419360
341213952
356569099
668919802
47461114
445458739
429653204
806101240
103379087
857203441
685564646
620634774
915885434
512346527
173764557
849288761
365812828
353577647
415060564
283725003
946769437
573507852
855859820
963405979
315887295
887124298
135601349
633508077
559246708
680687043
615540433
487156473
687056965
931877337
454600419
738822304
382325611
555619343
178277607
521986871
818838214
36356091
870910295
513390509
674823173
984881301
57520689
825215820
226692902
395894254
271895061
689512005
78113001
150736979
313662411
692911507
485354130
393163118
353032507
160336815
309857390
796145125
246854531
422692043
241663007
198408172
933577808
984008096
57746108
434942252
466963149
810193484
175300040
893073691
464886788
910413345
702597555
342469311
288582805
331005992
829603609
310385527
406815175
163352454
408791981
926028426
409043472
536319986
618214925
761688911
253468173
989162491
202586836
17940792
212129481
22693088
789501559
448218252
271727501
476415001
51303492
73512592
767469712
791750648
928931103
461701576
514211965
185039308
685850189
403249065
990313950
142884819
104580313
22026514
330733205
999471861
389329950
83502076
13900061
315634580
789364698
397257822
365793170
296057195
181474079
477800657
607606648
157359247
680944210
442193700
120911785
254379303
70741809
812167802
279702499
756091016
542915814
615064526
234421349
947090404
411816461
224004163
850469795
214965860
771374960
110583353
884582178
180560321
687207586
212657619
633363137
705999482
434318191
956092920
687050301
654045669
707719421
471412516
610276569
451130446
854094927
356852717
504095097
243656489
282337279
735934647
72143010
292412509
742324013
574642187
456556046
774265423
849080726
66809655
903818117
565360535
546788025
150827309
524682234
70890725
593218478
427046326
470151660
468286590
808830562
414912302
820061110
114648887
125117501
625656829
48371595
71503298
4787956
783290902
92995477
54963743
719909065
606813306
932628580
35440312
38440343
592169668
438236306
112565399
756101571
859097713
856918755
367508536
52274802
121689766
107257643
556892111
946730280
539385843
857911967
427048600
886701055
35808506
434825926
867424976
915873535
957494121
167295008
116667184
526270591
385052748
769477466
65789823
973814177
848854374
845451469
939974718
218198728
489241922
32450382
1048809
988810019
357586261
712185018
949732847
557993545
452552574
62374085
3427734
518399185
491479483
124773016
465402112
925378934
665946875
168262686
684100558
171987379
65203604
119566775
80946220
424874660
321569122
586294806
371048823
89620246
791128932
393694357
203420427
276238296
167282923
338693383
457488358
506935461
856863157
438238580
529114794
323623487
485093077
309431430
463320961
895120036
163867273
598267997
34791108
260279731
304075354
140410887
307867301
680591687
161350910
767987338
152995123
369675146
951504160
576174148
667240896
771291453
341136195
860112600
766864612
58858216
858953656
727189437
351116261
152786099
667284656
958466649
