101423684
34600268
906245212
632285196
792689795
244914342
694930729
298984208
995897306
246385740
128659126
928832343
765961496
78003985
876753077
20526232
340553809
777057001
664530276
269719297
258863495
288674007
283421036
627550150
981138704
879064208
523270109
944558594
555228008
489473208
431744211
872596209
795472303
864051360
225238895
103081913
18452571
892273109
875323871
740085571
488792739
775620873
301263801
789904255
202983158
868490764
175254330
464404652
102272797
594554662
275722087
908830645
204414526
831122495
970801746
812749676
751179230
278695062
651146491
913625585
721644231
750372133
743756198
506424098
814641527
256062915
133360039
901910135
852765088
773671164
2073661
448280699
901733129
924444704
780926556
483242620
987410205
493516779
424566991
112647939
703809877
58865457
842285797
960673344
213751120
522913564
668181683
964349807
893249612
412489218
351902681
739757508
241126617
961698284
18441340
738420605
31864674
794839701
975262727
946920242
735130725
273344194
611639563
328601632
592481001
827441387
7097516
279969821
50195938
487559125
825339470
257662450
854128069
538498552
209815708
662778773
908086335
783082853
292672977
291727963
587881231
169010230
8660522
440275870
421768482
262316152
207154081
940034843
906003363
42505951
451377946
192570503
518254051
477646748
377517212
430465682
447225893
513684164
368192343
386309732
515816047
388211862
914153869
405690487
587149747
94240230
885629437
702628064
751882575
355662565
830334268
248781820
502166724
683534763
359039010
566120494
264683672
171363693
906833149
330164849
620287305
67062671
373966456
7689986
36181179
632768966
739408398
376481321
160981339
779350024
215552880
394402170
414890509
906363244
775911914
199669368
254856360
602970034
853126121
327528251
376686713
504526016
188152267
550340798
212171681
202596125
690403778
834719286
118607737
811396717
165782010
275862200
606851014
38027494
766022425
448753376
14245406
906463882
369509307
954380779
354831831
509148115
541646725
972532550
140109684
435932098
833891309
595803478
907622848
159369641
311264134
661713637
318237570
579304897
953478134
115761289
878910402
823625656
795518304
833585052
942365186
904689110
257873583
349584621
613568014
939690679
787551155
376863015
140340818
327158537
185423962
348392477
233460726
898745340
972696418
867538596
962879289
215619716
410231113
776239582
368704814
94600299
927096437
959238094
500132582
504068371
957624628
27546117
84549359
650261135
569842972
190619748
110945578
535924254
12015593
450142720
251274532
192062104
358964535
200419003
648380941
457028294
455462660
580464310
973945678
962871656
428252911
419492228
606608477
85939537
152881998
663290686
413394543
19278721
464880238
847764886
977592672
298635488
849452037
109499643
982066050
760005038
292313656
490079681
757315564
994804213
237446898
697536470
886729747
522553698
616264064
770817185
856655179
209812109
127858640
911676519
639137638
346632126
985292415
537260925
75815460
538132399
420937638
998609820
497379136
906552285
777225204
91666856
71044016
164250705
472550047
952639042
342610065
249464892
218352952
888375902
164714637
965382977
823148745
979141463
725424757
730716439
532762480
84054779
469675471
382064812
806635505
203582433
891420080
553203717
208627248
630960545
313343071
312191111
33684182
443933650
339067399
293703834
992700543
850763278
217579008
145780042
626492454
722479042
50003651
663625021
428207120
607190287
991459155
239482737
746961881
673754659
523483380
6150951
811836167
345099019
5369919
336882859
528934349
115314324
99916780
573642770
200246774
517840297
955623455
841589500
639295971
30418953
215780709
774419301
549308502
871010801
972682433
972385466
761562455
579644714
104223984
810283436
34051128
806050449
953857690
199445217
212123276
651937343
806241834
534872587
107477165
307192120
500354943
688585162
438563730
2184540
764769484
877386218
750846497
643936236
945533266
108652157
766855585
208414149
24329049
397788166
391409577
217039854
690174233
875951079
701072225
551097913
244588495
232191452
240875034
195086481
302831731
722883899
161456632
900471561
361519494
548309430
711598462
420750867
734112335
332103851
530064009
527195546
335855571
547123962
106241317
95296214
221538968
117626218
634111446
995571826
43427851
825636977
781721399
556069524
808035639
995083421
961763109
930290754
833800361
556379250
62603624
268163490
447710127
243477248
699352808
41885585
715929586
850374935
282416742
397223836
397053694
346104717
474301812
692225197
867724156
864214030
881184281
143050271
769709761
605776011
329558945
126962277
598080004
245303207
151658630
477194752
941162499
605387107
92435922
366436071
586546320
781307706
586950505
177733084
269500226
261900518
79485419
92378322
847771152
64355732
379366627
371164032
835209474
236887610
598518132
697323132
351335164
89496201
688345367
943821608
113899139
818712838
160580992
228024350
226820305
935641345
670083485
202406919
91818618
222158056
100723084
110542478
757939012
915980669
810677514
615745986
759154211
296568728
422724971
605823637
784728610
788805958
295279117
705354029
226409383
958394912
291752802
361192393
646785074
454335496
125859587
851666297
917041738
148614313
252536932
767833481
620726714
358926154
950912777
333858879
591817032
877078498
559704
625613096
963632646
268824148
613225018
919228803
426210095
982772144
938168920
54766436
666771229
82521730
159092997
325093179
523433720
455226962
1614966
268425392
643888543
308891091
555621844
637483120
96298468
249056786
193500739
609324699
663443737
42844032
995019271
400228056
345655949
88866091
14006605
907650111
788246254
669666019
741721381
957585234
345169893
372523997
934982297
664012928
516166574
71093150
184895068
834520008
989521315
927443751
244399760
165499751
357311188
682487384
689970334
282925940
321456653
363076583
529314628
714575860
75323408
3900318
255785066
383366062
987752872
537940864
709110485
577905137
68515124
251442884
536846924
853767700
713505579
44029730
923255498
271364546
373908792
891608915
121316545
25205317
64161717
358980729
619803383
735999984
798444271
829519519
42916867
663168563
398895756
731080663
586193458
425169670
140351391
27145521
882261825
341269574
116738930
551616234
676260054
978225709
361982663
606989930
766004883
738078430
390596826
390632059
451994171
313281457
759231885
418605787
909017147
429847736
241760037
504109310
650414142
716342677
384096934
519785080
584921790
158233352
495023996
45941922
179009381
337434460
665249425
111677254
713416309
686360057
161767904
581985923
154625615
822292557
215348861
143090834
663222652
457171785
592975845
881724951
345403157
407812211
377525348
729635409
903936676
980289967
822063515
156345721
183409633
636242080
376731377
165919147
957172639
596953848
966694443
518026701
483201713
316040741
427980549
428570423
72829005
278919572
677215749
765634113
151513553
177245962
263980171
86724589
214498875
98669202
840886656
193242357
123366832
502371982
174381922
177109578
780708003
765388586
142005244
198719412
515370943
508903703
928267620
77174229
309628679
995848755
624813282
557671765
855598112
697322158
659889120
347181911
29191236
164405421
808895945
66483585
730596461
611891233
578121855
726690713
716309795
735338925
941846845
84740430
795355422
183489020
42552315
454800656
422571926
789584864
737318696
717813126
174035496
229261136
913199478
563925301
350651951
600041519
456005433
155664797
552432678
706308405
231126476
517176716
438780081
493704744
164051120
958961409
693476035
107898337
446513115
168816769
187266730
415314529
482409616
780032017
567056857
843527189
281818805
126139658
953296440
170012626
135099839
66013247
960003460
942075992
173146414
799930098
251205941
244970644
715831632
130554941
155885800
422457058
174258035
10001390
504212449
424670128
645960347
301650678
19437900
83590904
761324619
314673588
343071749
568501927
530546395
758720966
746851518
133167461
996868443
507124760
318222714
329865774
202368356
382420052
571208565
165113228
557173255
496704087
320558330
364121020
707755467
448505391
392066704
315958173
12930969
764809671
241056494
472408226
275819568
142386728
197566842
980168125
106701758
869705535
408688005
820426250
722941497
391501533
411529597
414425447
53078580
118038480
248102200
208706871
812332225
826020025
220088702
791837981
438792824
339099220
867496872
149256259
981092346
655316878
375835435
312819228
922606883
27113575
555570957
765736723
517664471
274443292
857347892
854481714
309557918
338054587
223164015
332662819
973732046
750782313
442171730
165671721
85174490
906132881
311042440
589716987
200403191
183359832
503625946
186910943
544720969
449218512
33615402
936720346
274889854
48310582
999075778
451384878
493870100
95868776
897819366
695827921
835930574
645792872
896760974
778635286
260690587
393620484
899148952
474277638
602856009
887425881
818105934
688010509
896927488
701825150
64081768
74959464
344274438
786118446
112416036
739247050
523487627
368660014
221015754
68445959
240827889
920627544
579591860
261247335
338978808
771779135
838792717
877863269
852962946
746343807
329741146
439381616
9371906
532407152
329026399
806782706
284210879
29348308
584054932
657295086
631112577
345604892
39792858
573064702
984228813
924116313
107110440
707751652
983452739
158572316
172340294
467270559
424777118
828315015
537807396
340063042
814028623
637901616
135298829
831076872
48633164
940242663
835047561
150583681
372084004
624700151
65587557
811867284
457092046
305633329
455036170
494139319
784605081
563720666
437333381
895222996
880834686
6527157
277018521
414862494
664668695
131041064
894410529
694390630
574003513
862470586
14604498
181056890
994599754
988963356
992754082
646309261
894049478
752978059
608661922
690869912
510557329
889209175
200980698
359528661
858528755
295243155
250659605
677819409
703536144
678200974
682665477
861056451
390981634
642584398
459228355
807501465
