403119353
55998369
150280782
101585738
6462366
229923371
194769666
811835518
951873688
298088726
877249246
830751814
24048466
310998882
307374904
490351244
847459354
196893710
949676646
147162238
821749704
191297723
820429595
230530661
482138508
821287174
88979722
567741640
205709871
600692586
342363375
62164294
145728162
924437819
690368130
713784996
904612162
285955516
46467710
796280686
766384834
237842081
296677439
206303739
382960038
668540770
164513831
31443584
356832513
128684611
254125492
580743924
307745261
870787478
348320883
211821630
235568773
919750119
619447229
185175190
140943648
627028025
606125646
351181102
955725349
815084952
685023651
99610645
620630750
593589906
585739080
561503838
150426000
153395959
380777403
583907622
894620283
614125855
847570622
813597737
656773342
57536138
210909126
77025259
346567094
761619450
754419031
274940683
576116935
478546500
478216223
984862041
666508286
861292518
655337038
139356809
631716433
945496335
250578388
567875084
983517117
64903186
410812833
763242606
542945529
692621652
430317924
154349302
490010075
764413259
317201346
621442916
72179497
805849490
528401846
83407510
416118899
529100387
4614008
194105899
60665920
410082967
523493709
142084250
115373683
600877038
894995551
289133480
498058920
241420593
952191188
949123946
363547466
279695538
830080618
591870156
646723304
447666519
534079728
653945440
331301525
600069729
784930607
811703674
161345153
856773305
912682544
860658794
332890671
571929527
723237908
102616046
940882326
56472489
507209163
573434150
541409475
268728582
647868922
942068490
797626100
141184443
656290380
248589481
812222070
368077399
257895449
792483957
975768871
936531688
436684205
968452379
995020657
350668567
862804372
460596190
625152358
711790033
980739095
258600376
688194492
34336756
956242807
926129391
518182683
849575141
8241619
307074977
772486373
256646468
50460680
377994721
799797595
592011237
856319339
190117081
943779347
536341126
999481602
793267753
598877856
120198586
884889922
396358981
135245322
754785528
107595388
590213759
193668115
46612973
948281790
829619441
287989486
389268545
253873997
763289344
184941635
730160988
730406796
962646927
359835779
950820471
19997584
719122402
886071008
58689484
168654783
403009420
494349227
672687291
516816842
88811232
712308429
187471341
659722519
567995906
149446832
559883825
790884069
763397153
741979753
418027858
113406861
725873400
308364677
220841238
90005234
410529049
338137239
93029994
5175446
213618359
805934329
36834675
433431974
648057384
100201001
165767520
510287972
76555837
586130745
704585967
95864532
520980823
529796130
859470557
117311011
100518145
729546025
685878090
613842511
625057808
939276917
967009641
220667173
941807920
837413609
294124183
410757724
665229769
968684249
758125732
64872180
401319232
667511845
303198482
282876901
675473754
754039365
11665135
467794904
983679311
49595852
714328231
177266408
37393786
322163325
592426037
196077269
448894118
103530227
989487087
680983023
652259148
479187482
380117636
274341441
838924687
816167500
491624053
810643773
806076817
755009794
845058202
107871587
828005011
639713786
694545299
853468977
226597647
576593656
441837256
346478778
717880889
218083185
630163198
575461955
224948685
789743232
183273387
619644594
244987572
98046913
961863605
561699542
979197160
77142708
412613031
922131748
287394208
28857041
443952213
859306253
262415312
201021361
661718086
228669517
204537649
606456644
349261395
397679998
627618024
738957058
969479621
872300461
661692970
643008309
963102133
434175962
849024283
804655679
49392755
49181454
632894112
871979457
565656201
708029903
793146187
283358659
128674426
750862302
227100755
772413550
566074768
197740605
132641442
582531002
84063466
516859528
556365098
401493680
370924306
618492040
440481836
785593387
992026568
506030512
128567291
89563143
900006571
336188851
114040574
978437067
73107465
482738528
979464285
394770758
226412140
390435853
635365158
953688181
435523328
921178988
477782217
598399092
170579243
855204473
172882289
771739015
739659018
79161968
558944842
446242605
877810863
447530602
433731373
430900714
608699617
847300724
879952887
59625688
579462612
703583044
383352087
792485574
636821728
248663687
699306085
83336240
218276319
737870683
356118861
693627611
881494368
602676915
965970351
449745316
140709822
842082743
615014144
136822095
333148222
356828274
349904124
820844603
777244007
667797968
100626203
625576861
49007154
548563570
786071140
379111415
510482964
575739470
374225569
731940283
537826901
685296642
961577362
921915555
155898387
89546049
553462695
1788334
723043105
865317230
564748235
275133948
481560250
983986055
290190891
766616872
232286579
743130792
726477464
222634337
353678919
562507483
15241567
969023758
148037483
73729223
34329085
669712748
951799542
977007445
183144646
305754897
228451345
234030067
911918414
455413179
880505379
693098588
980923706
243602173
803365578
348115789
97801498
911926775
103049732
825492254
144016611
65021098
258372679
19454267
146824835
767352171
849262004
151591232
378261363
975319416
670055075
992553602
773878071
82169164
55216963
883749946
49988791
746035658
682172583
258993337
46682603
247530182
72067640
834777710
886111491
539187990
762207084
482875291
419268757
5563130
464705985
103314790
865974026
322545228
929712610
969307986
411340068
932345274
830182610
415792474
456492892
76860113
855768702
936598997
785358103
887951775
919220515
898754542
188385209
919615630
298126997
351765838
229754191
844056393
778809650
896486428
992953456
423594968
133342774
607636843
5145086
366386713
732322473
372698233
510613431
566740284
126579576
451332843
152456552
85908976
472409878
117643516
915853046
266380109
802500444
969822489
391761478
135468642
49419607
998159714
619967474
863452541
294490082
499653125
707436131
112940146
873560597
21917632
543735576
33226182
976354528
987745099
799002499
222545767
410647387
90106178
344537638
483070469
425985565
218617818
761372199
467887671
746297989
102476232
447205752
180483481
435912790
963374081
41555949
808987160
504724950
857484814
374175361
135183059
987669367
141692543
71896631
232669347
665262101
397673284
693179686
104661944
907597266
119230370
109554447
484664777
318641016
693307279
855732720
712394265
625284850
908691008
709483075
830801787
236787515
152079803
117154552
192013849
52447373
526952650
677027354
910186515
980361681
734748414
528501230
118869713
613569738
663819440
234876398
268954844
18209547
111868290
817808366
28312280
525438131
656710255
560290404
627067619
992921783
962540973
861842464
742605510
107641360
329161682
183702309
596033941
148001738
543373572
898395542
835589564
24537991
879882780
180221974
138309451
720645929
782993169
124300261
172848851
590729138
990684732
871095038
654821574
458430881
586777876
694184717
513416560
90882641
681170795
305363655
580077259
591789398
490086931
199092064
89906398
665110184
934421843
802545155
651199998
551046104
932467288
970867974
70196165
765423896
399286832
244416852
138326765
931646314
679498915
307666350
742444960
532409993
387441552
36338480
2237051
91445934
207020889
284174628
520863482
634976964
670285748
505151299
466830942
238009916
318318283
243800166
534451058
680790716
90315576
473199265
786224084
980448013
473100261
621802745
658261848
19816758
800898873
889397677
59144048
342361024
555857951
581770244
411383724
373504444
562918693
47667265
204347845
453748451
196855013
998460462
458089295
650247214
281681672
16223034
880760354
427315988
504037032
832186247
447105613
155486666
709965792
457536048
841330738
206299650
521442264
761996946
59309732
765638806
378076630
982420292
290547060
317623211
225030580
178502458
79119012
88515504
93767575
93326497
675091222
270651017
39452321
80702607
483935703
91855113
15109969
135976870
698766340
456877226
741042389
230945859
515779724
968712625
442292063
903657380
632395230
98321903
740439504
205084074
852062179
800921746
988357532
438709037
75671820
214434719
707913402
140466084
425216634
103179214
937104021
792244850
333548413
410710535
157095025
176454596
116034345
629263185
973600344
749475624
191189680
385465394
63230606
602432504
24596416
147130770
466640567
321834433
875331147
321373198
546107226
980797107
348075998
888683500
241264317
874169474
282293483
600743282
5030787
269500983
383941710
874643884
710760235
595587125
519773204
948797538
897397445
105069189
811617600
265837466
787623035
3132045
124721558
990963878
13894393
466596785
737691139
385925028
414112620
928541048
747794151
386078968
265134936
103843435
557071987
956306912
444168851
444864912
169446218
282925549
894161112
515291061
624232398
704099360
365533914
316545795
674705157
467643480
82659300
75798877
249733324
361571378
510216832
609493680
533750161
542975180
856075549
357112118
874789106
774667530
136478335
896368454
186630661
76489737
521706830
997862740
609508948
606916799
38515137
563466290
504628686
452532533
935622970
528692051
371676353
272331974
378899646
420622196
625429964
697348597
791891626
270047658
303265727
338313743
678807723
386222773
875862135
655641254
570093272
14096807
100231363
87056732
570075804
394778686
146447213
997792656
328660399
547742660
182392530
367671172
707036845
67788357
429128343
519193009
571170189
797200790
425948407
981524780
237817326
261418187
164075533
435453353
731682153
177440509
982775903
866430675
593102726
848316917
397682012
135484057
122000605
953867692
36823526
24418330
463234926
417571954
882456727
540844283
382244837
373883695
943671573
831156985
238229666
257758791
990311751
724103268
840919314
784072717
767143552
881606932
960274364
894337353
417823927
308675085
850021272
664778009
355374578
392635295
412002782
280016537
404689930
480343480
150060647
46908472
245670567
753169151
30964830
404710012
55958082
153598235
914744061
885104122
599279943
863933630
317746612
332918547
197223686
473923362
187128757
258672634
