166055319
331850870
763737423
938220445
114514691
509124970
106887547
331515712
323718729
209166396
75243547
678123722
296978830
168211509
881123206
185772080
477068647
670952068
373829097
350341060
269376768
657528638
456311159
879428992
105903455
928062450
996322337
730770648
400581842
796345724
693139790
524654613
290130008
150073784
736064331
375712781
925553068
988889285
987231010
568383480
767240789
492703964
30898561
525705159
794717293
877874881
716201393
849238798
581762864
696664513
968200695
910670747
727782984
941499613
226765028
508526679
875539709
884308429
832316990
186452239
512802632
376116898
930933869
527373003
516026605
550588932
387993714
146905045
432147177
505410424
260219011
488179360
683721056
805445616
583100270
776672802
626630077
930605999
84711699
228028572
211861057
147083538
149007783
703917327
828145028
782469041
796871628
348630394
923308755
227537651
500173070
41244639
156572295
800778770
55580847
391123890
561770093
503525557
9678553
244128361
489881167
569296347
417091621
76352439
436445501
480021334
226949691
922337366
358399343
450092224
881896601
944933709
799596729
604288417
974591181
365719094
227109114
227016541
699227974
733557563
753717302
39363319
223596289
204609525
5237353
218974372
331607064
882942284
749864769
191976379
214902709
123104520
920927445
840583337
738147404
642564708
729991915
72655343
267471826
348123693
555519350
874534260
990231049
473216531
345641048
555239360
241647908
552283877
826187588
689861751
164014775
334753552
804297581
276120989
490411057
450517847
345700058
212482096
71115085
217471129
148414269
344007405
172472597
166422963
235189515
758792081
24006263
959013391
866141011
332026473
635727178
154453771
959544714
351104281
178038213
879183040
49132269
750379756
858968475
449997992
977326462
779323186
56754696
60003017
27961603
880149155
318806937
644806456
350172279
287629556
296864650
517509819
1540258
50000696
199709423
211511944
702061663
823808085
238027016
586848966
531233097
282634516
686142864
494161115
54134573
9561004
375208836
453193300
98082776
611228016
401385578
595320300
353513619
621117092
240144665
369091082
287252708
112469579
138461360
355040358
439985144
379199805
608841111
578511455
35161823
118217359
152913513
909544018
151394857
966526267
177121376
225324182
512352740
272119509
918764894
694691946
93180321
562593580
5868444
18400599
504940319
865613635
546723680
738944262
886243976
701544348
163996199
380423164
809856029
830618339
924259235
589592083
685346725
882986657
146863822
152033291
673793403
107631409
458999292
935917213
856647490
465664817
301798442
131556507
434106639
176061395
82967560
81394109
702352196
545452717
275910761
724659127
106601135
120060760
850100038
574371507
832476124
869896848
692267478
333617473
954221158
772490347
99687988
320776517
42267032
587529292
539977456
629366081
125255687
766731603
20898543
985548911
103594288
69951230
161753107
39275501
563815192
415167172
304837622
710182580
618576787
82602090
678070966
264403311
554707578
199600107
482990947
565285964
32886619
572492313
319557165
803896554
415363929
125381818
981696053
84157143
365976829
981021924
89289475
846577345
636083938
453601477
956138421
935620592
524554174
290361848
621064839
36649905
958307652
810824536
10556314
417308951
565059225
982084896
715040685
871619068
94419380
835284675
766068937
842666923
104538344
974691490
596479462
552763372
447174437
217001987
570184981
978212468
88255175
77595964
673298671
582793267
325877697
458260276
74098641
164975309
126463667
742450372
739849136
264345730
578535267
446341042
606978311
222062081
561935999
902248212
238837329
433279032
410341132
110076985
989737761
530692152
214952986
246622550
742039001
661392447
857122014
403375049
488446155
307552186
720176865
642852369
948394729
880711687
137525865
427763046
91431254
106798949
907986254
550065375
745155400
351969006
95435539
501723207
264131655
658197301
367713179
374417381
990827372
544926223
978164657
136905949
567871336
978178188
87858201
142606518
367840281
79255146
716221273
412706193
307853294
723088617
254004217
432296949
544168863
935682897
497946311
726266622
84536215
134172953
810816958
132038379
525292777
860275755
364921584
637768754
435256613
713229777
982490893
83841699
293679267
482704633
412547676
943519930
329387527
583270916
74981032
970216539
792853485
994919346
59922764
12176107
390577674
495280060
242212081
22066783
97964789
663138588
957554343
328448757
160250989
641446555
289881165
856654419
734109264
846126277
611613170
707595579
613256604
450089446
707349903
654610502
96764252
632379574
119026925
825148660
310540940
310484286
102909421
960897945
860701864
527729771
933413135
89616868
74250188
798640850
741460704
30012716
618063674
342854800
539803965
772118024
755675433
654042136
923590708
652232711
192823467
555893256
209410665
483261248
971657745
367385451
356959935
342764039
287569443
405312261
915411854
758198098
376253134
417063419
711525841
787480501
560229166
996656397
467746891
632521217
708033418
200264297
782404230
935468413
104665573
581600454
89531905
270401804
910285479
935231878
898935067
442722114
708788864
466794213
632325192
754647683
101073620
619648172
989240199
493316412
170769836
590649095
802047424
668937925
883228994
983262604
653759580
201000254
631328957
752323462
211888857
759019034
186295244
291069491
944199291
992559169
773489024
273942251
378595675
390057290
277853546
86558130
432478559
352337563
506377192
472689740
49409234
909458920
784738226
956878156
686406881
940580993
7416198
974430478
461751381
117384322
398216872
113466305
52239418
121402967
927840872
888531649
639072845
157962016
723343020
139916032
256426869
417719372
522594921
639766022
981158658
827131368
241052496
599182908
215462866
84211705
158170536
449709860
162560732
410539254
933853370
744300659
416262027
674450799
65916581
271307863
751602836
211864765
829318109
826814968
594342297
660022718
221702832
257192708
462216417
389321895
447485284
274516542
628994541
366461159
216262870
631689860
386863999
144972204
975719497
859275511
699528496
408233288
758967611
377539675
959213785
948507010
950905572
641700162
187549595
183540213
472269622
964622044
92045435
452035157
388313194
44562104
588401262
695779951
45423725
321135940
605428536
983859787
136966491
826140969
636726419
883653992
820715317
796099571
194276384
302163509
357436660
271289822
698731301
206641069
571779365
343369548
452897152
451778433
867601182
645835285
709117145
580002668
69643112
278676203
917052271
482863239
182471107
176959384
978147963
171700766
43288598
691084046
99548479
654583556
253846975
715668708
271266796
932826641
740813255
75559792
127791693
154806000
447423778
885386084
826103552
200979799
265890742
885404365
880255791
44943646
591664950
136622828
828178768
399588438
612018793
25425867
914216674
858290286
909088696
153863180
701182885
643755933
817951606
22575618
258874911
666352612
171741343
44147745
952794092
856110655
72102751
520070510
710965177
792041389
518043591
554311144
132578890
184257027
452572650
716072471
216972496
297066741
296703591
933204317
580035814
906665768
862905277
699960039
42564762
228421108
801452033
412976509
23737944
586950075
374376906
484035758
336854392
424848160
626511172
159750940
29238455
221742997
932610271
24145135
972840893
71594440
425657650
36137378
881544846
57707649
892846975
729959647
405717636
193016224
936890682
404116143
347052341
884747288
442539802
352209142
803447333
471781303
1582982
724372984
54658622
659126241
496332565
124015102
417664483
34007832
217456751
707730729
557745853
292821710
686834015
995229498
364456468
272558456
960363422
508441374
481008117
826767899
818415191
984857112
335574131
71492386
7258872
830721718
650059391
970260761
136983417
452107103
982308356
274302030
356303605
557457151
220160014
208237287
969486512
313714652
575261873
301642548
618472893
847537013
840250896
185116245
172213794
112895925
506182207
941661183
39659674
74493885
924383864
934098427
871201023
976679432
653366110
16725868
388798852
983166235
651867368
665610845
473955709
447403720
897024414
765349647
725422372
283443822
936518103
129376864
775069483
156219181
303071942
646648769
933179499
179365569
208295005
970878177
144606216
150457885
899278590
894362946
324539510
708398207
930601086
62489531
527723238
48209929
403101006
379624172
904091039
203434145
819438433
986320275
661847283
909651027
827686837
171069173
950512597
74901249
459693872
888769970
176377821
376805342
166591699
883440491
771421941
277735094
918927
691835454
768384426
682487932
872119651
238340966
83887644
757504421
341071334
765557501
516802632
834534882
237626409
677212442
880342815
556893930
225285824
571635337
336780747
316751666
984801485
23528472
351678730
37225832
20365579
69704967
690764012
10508620
717985124
947734166
541806507
47160595
291067589
249988143
47291001
711265551
611239744
221603107
331314493
581097466
902432631
904342860
568579692
62129336
654266539
115977715
837274839
782481428
8427155
619483889
151519518
594956360
546659744
454670275
292933608
977390454
340156724
731158594
662122352
802414684
547576953
73379024
39519296
393337167
223750993
469642037
543467293
987638264
629921441
169077264
945654185
3682717
240320844
755683280
414319033
80458624
454948779
289549393
382959292
904387863
232430126
908282582
2081464
98501234
796214648
946850145
500500850
836397313
957054533
69900546
371108826
880081149
559480753
528899807
33520513
829053606
864823563
175242524
838378341
184624501
572510420
849636573
152559987
839349890
673829703
147836800
354635516
790976462
40351241
212474983
522441674
50607330
348199301
757734487
569984557
639294369
71297559
941018061
597122517
276900847
969141186
707069979
30583730
560020894
797968436
65573036
444201962
711421035
722162766
585265426
215635059
279706254
451171051
198334791
331877442
382793552
755722594
162731572
424671530
648377847
