418250948
311726715
511570431
571619525
278023361
319809348
135635367
726188812
114454303
351602188
951045272
303078793
172905708
643494002
252887832
719971122
451845823
237155055
290313345
315701780
277719250
760265240
662370493
831729255
191340532
304383215
871049995
594712758
596907143
631570463
505838525
714789904
878154005
491179945
260220784
806093303
273380888
148800100
321123831
604825299
343762564
491561121
220587796
481801768
220577312
936134728
906657198
208789978
528852647
850313468
605542393
656669590
421710908
668965301
717863311
657985706
649356220
679841174
380278992
973640145
448759352
540922607
129281668
482883839
845763661
236255368
424924786
681725762
383273218
446794528
446590234
303045722
916031223
685488044
971939214
786158128
539677444
180568725
611151942
255205802
397726015
662260016
65860111
746593673
26028069
849168933
293078996
209188703
773316632
602235076
156737082
593539712
768521106
347483685
156065947
802839955
362279452
737703956
636038105
984321943
511209941
224931436
825516759
82058118
403723234
302496671
740638366
736222862
697026085
931705181
118308262
468787495
68689232
125073189
575914129
786499335
475062496
382687994
456855769
996594727
943176371
215736083
908409128
781038140
290057446
853050520
534524614
568547538
529422097
169099259
423878676
801973487
544530619
626829997
743995860
172794579
836743255
983801991
342870439
723531397
108530566
556856132
512162617
841611449
483926814
687949585
524850479
643447917
771569554
369566611
327777458
979591457
280848186
639443376
41145572
295473858
316522306
44478619
792000670
550672712
767972055
172090828
206800764
527926826
507826505
316334774
924256874
441859234
381077328
403119549
949756078
491260504
39817554
733324370
888064160
386320238
703573464
66797679
297111326
602107859
328200040
891076696
796977982
159855486
841321799
444287218
521125300
905087241
585684424
448522001
856272272
792264635
191801320
792197726
955559341
936439737
350055367
984235790
333784944
167592040
763692710
82991245
262370588
368450005
419810531
836516953
939773902
547523814
751379215
654825333
591900392
249724626
747367292
189892811
222472671
876895357
375112844
46945278
686605025
63539287
795209472
19169632
856174808
932555325
546847275
157491443
299459183
247619827
777765028
951624421
36264870
719337673
733012734
129519286
838415148
245208795
628706107
428527977
740044953
4804846
504513314
973601484
153708026
930859089
856621608
606547645
44897343
1908509
569725054
78663983
561326892
303110089
297630764
270245657
372382566
744523077
226816435
329815261
821602728
262319088
537057770
692154075
769758785
799754792
618560463
872562717
516711891
617848006
351477661
977263875
248189249
946584866
306900323
681800178
559025971
821607986
865461605
925315718
75933717
940299628
112594099
297550673
677894771
699101045
390297529
733154779
421706909
462767076
757136718
93892071
18392359
298890846
606925247
477725865
467747075
812359238
203842699
353953233
312298626
984058889
89835754
427049336
650430847
592461177
830474732
614742024
996209764
615830585
711219684
550774578
879061471
301500716
253881544
881303098
149724988
239507096
14259303
70657739
409457263
885405682
450855808
53944814
860711286
257585590
958871516
949298402
339659619
829174457
214053103
746666732
617765287
511508371
613017091
91874827
850463874
685544762
647119825
85433593
868626311
775555503
736945014
805876323
751547391
206362139
214830599
716891641
45009301
725622147
328000876
228239979
798099934
133184959
944495968
426892942
533203080
35890939
566338048
392845256
633589660
881176328
275082405
167035307
401777481
964552951
933009290
367553099
688483623
162006717
30839224
464180225
592387269
928825709
202031426
633901759
148460668
644979484
302397422
654349146
42754990
241979874
904289100
614037471
501173580
985813123
948566797
484580327
567012401
186124148
558671745
814572935
119206713
254274568
451843932
987449982
500473097
569909706
404098841
786994438
273352848
847277498
28408017
883002583
694782923
863820650
635852708
869274224
931153531
310594209
278432274
888223595
733493515
911988900
350090266
391609785
976887226
661044933
665861726
415964356
15986154
448428962
800540696
502359475
603334970
216266287
344973511
338112700
476981776
214581443
133428661
578550961
240880642
515402983
380996298
195477491
213571856
21286516
919254546
637352928
349960414
79292572
553426795
256418192
907691873
670448148
81079420
207217812
904184301
60234146
10562755
839428163
904047979
988134483
771008284
824923885
46736802
526048541
279667612
478516635
518847139
297740008
392292447
716572087
177165548
699881312
647342952
218090532
530992602
154612774
178037929
955600710
741790385
28508797
66003941
936693580
895002165
544122504
594667601
932886821
135186867
137755698
433928397
416747629
204018688
294000497
674502981
252746158
744394697
556072411
148740688
687523313
741618902
440737911
118505789
52220406
687000124
836854706
79252643
207810560
23105196
862988886
676225209
749571526
882196216
54962044
97637777
875539181
922130541
834314703
929921718
502614297
931380939
346780790
343329767
381091440
863811609
975544816
512553399
883165049
25378331
394596794
473695833
974920189
5872086
490514614
213981807
301052473
910003007
13783534
249693455
58147459
464869860
386857040
909781625
272197979
461530488
684356869
534551412
149056644
196362719
798963798
330615615
910079993
626150692
646126390
756142373
394838112
97408144
737414348
188408796
711455306
324301307
196087593
182432229
628508400
389293053
701305018
743699440
391681602
840980235
796585302
965536172
908347006
584621247
871774259
37744436
544523899
436999164
71131787
919560950
179454739
440993404
363496754
686802330
226414531
63981179
563615838
348769497
359745694
734372240
819143693
203644329
172588659
825374737
538238148
733846150
268782267
204424811
281273224
882904925
760225468
940657427
142869810
308076407
399777415
833427624
422268607
325458746
754376431
608381953
211618474
957838946
26276356
817853396
8954056
270461902
960804551
509285262
956017696
564527221
825677213
352535521
383953746
657309360
21836542
592940973
792947513
82972269
46383098
137928108
768962168
340099087
155725940
188226861
159335481
238797310
298123593
55420346
287024914
392986906
641712570
238157092
594393064
751363739
522753765
861304746
177367973
354735262
816420680
267776246
773041598
759497004
248407114
716746001
57227711
407689947
556703681
485560448
286239865
806836441
40480111
339296337
279075648
616448322
839419784
871519385
802113005
838049494
658517914
770156745
972338307
905384204
222260347
563030790
922814649
587520121
758142455
632590005
134555594
160531794
415573000
438212251
266551588
778606851
364886509
9465164
91691973
438979937
130999149
751645533
682093627
812563144
769180480
480188471
352506794
302416232
959081442
977944740
911943954
651234379
59191740
339318477
696217346
46263935
295437937
867657392
537236656
685376322
793931350
469707588
649547490
924113675
351004853
125708070
391263441
602267858
72744749
500468795
251561813
829954619
779827411
363133068
707050344
906872380
88063117
159775163
136203724
742071875
210523995
620398417
628438677
780197713
720646049
483321214
101340054
76254522
741994903
220287653
483168914
497229116
472228507
406315649
645048586
661291559
102098042
757979951
461558290
643472409
88925030
750238935
229671482
458612647
726382927
81989335
871406966
696058671
632268132
789344965
958200816
135662774
731453667
795164779
474852327
173532933
841268910
869349776
203467626
867683638
24368016
315008919
860272953
852457095
17299881
754332696
357726112
373511762
718084480
45758784
804774337
330083165
698216871
492731313
653146845
460285059
390726934
169826030
53814785
638656714
611914246
405281381
443986389
952649937
262086835
347506140
765775447
677063726
931463321
471515652
820022648
232748265
554512325
593874651
619104392
773916109
889965980
377214385
441312766
972050230
724263222
497895204
977974189
586509347
984570627
628117651
437445901
238722354
142017934
14567268
782805997
671442879
815534990
564810910
255769391
619086634
871022528
907623015
590370260
669793740
988557247
680662384
442048439
246568827
225736135
572026072
775570838
104342220
873626920
879230734
570319078
13512548
728513262
81764554
914393491
114019041
427307190
857477040
968079309
633969183
910060238
527053093
535045792
916896053
688709654
148579768
417213273
989701413
338105259
17757
902893580
982342963
786844124
771519025
983492981
43600837
55846764
731405362
360773212
412544554
852546811
333103680
365095432
262787198
444248188
769293449
942929616
733770435
650417418
141750350
191779443
13545488
939543704
956401076
759733500
461504154
145616592
525152385
557859172
77156366
154812798
785869424
766236960
873609162
976337153
587976113
226668422
956994236
98271571
870792653
58172277
695901827
496703827
555534754
781422370
576956557
161957660
272258593
472647864
919416203
205650151
683442837
339283994
196354909
808238313
889348091
42799259
830443047
11785524
521988826
897984243
530694377
173546189
283616846
257731756
66677387
566866718
491486269
286450044
856272074
542625026
985935378
635498863
779624763
83578072
495877615
516841659
384008950
174978705
182776943
299546493
873357998
52504521
638442968
871506213
471369960
446585429
569882051
65370849
86989061
545176854
396225374
945208711
576282743
972808409
527477898
522355638
213086981
297802998
714744983
10089838
670471390
985808547
616375788
376791177
219714771
47943973
559659229
112776836
312360697
372506432
658790307
655464341
829008580
222442333
24626244
478189856
535103220
412110631
786361795
620091956
996984666
426115419
199460982
311095220
146399652
40726666
59216119
806816353
556100173
973521976
303754677
86205952
460233721
172687104
629075102
887549450
436128732
261651791
651791441
423425986
886926198
457105214
753010150
714482628
886386545
740761031
116200131
353840410
948182164
49288042
987252416
800976349
