938607634
613694269
352851414
29650270
548705097
162636129
594718976
184822000
873984467
790252855
583197926
221120430
397806308
959975905
677020162
778637214
770638980
221555499
324955415
714386294
601098618
47589519
772820597
358702275
821999478
90013199
624386309
522499114
295666142
615025133
593339435
835779577
367884905
718791893
408331358
158956633
59258825
388169997
241450966
481562641
407551655
536925372
38260213
507740043
816720873
766301740
304668409
287572176
444871858
740200103
107948969
74873726
339540121
119793646
875408210
891018114
840873671
994149137
207650790
458691898
538249818
72219861
889155857
258959333
196913419
747418347
853235524
679014414
551644547
518063529
719378389
382468982
980104532
843392773
306834638
64173245
9329306
265080553
541981401
55697738
785344788
336814132
77627256
555466037
507076164
518465709
496239456
248091258
843383681
517313242
318082961
65109686
180519206
782759066
943312821
335331794
647769514
779300878
310826624
69302526
913066215
625653993
735927628
926808328
20821714
725479986
94769192
496147347
812959006
811234964
881688808
575793117
452167736
151953052
673347108
201435685
994592604
333689819
751883167
678447708
251178891
605144265
835630731
34331304
199980568
654268702
201949775
197345465
900079950
971502843
416403730
230028426
954253927
472678874
142631521
159690794
600886502
150818926
534644323
781596177
423696516
92108
435132251
32148717
635624432
742289842
612941948
28566154
109411958
741877135
340739188
314079695
27417710
632378914
818123634
307921950
790023261
701596323
726827759
366553011
523530210
897423726
596067396
841456161
394831234
651660381
621539189
979488860
9321530
513656313
600549182
843773677
799045495
970286989
254751191
251086782
170012013
803482014
398706871
457690725
41326753
173383621
87933507
158202814
630763654
102324034
202610715
321875012
654555239
834709570
369667532
899290177
423991165
168091311
258065966
526272789
404024710
593676088
637317482
983964049
120750653
633453087
19244623
595755643
141327953
496965510
515034198
57130720
377627723
567036851
137909936
986541246
302889452
269137034
325226257
350146589
809490218
437864582
210692507
292507199
449049666
299664176
324933620
174611959
143988781
701259003
419782511
630954183
712221022
728478401
847062071
576335924
166164532
414742820
336940072
407873665
154138998
492177863
16874860
133798144
587289835
145479995
944247288
87518388
696799634
383126285
596400725
154854131
842865053
907919376
716782570
966160127
382983581
344810282
534914383
821086475
308519466
844632663
451766862
440068949
77182998
884080014
344909696
649149321
719974778
561574010
820376713
888146630
932196961
917352590
196007591
317312354
420989721
76894362
705217363
303569671
355416886
237415232
477812323
760862494
104858277
264928380
788089128
804301645
11695830
880901942
193352342
821354248
879828436
515853595
99354199
309506333
40411001
576805909
56615145
703209819
800570297
295097967
367543609
135225623
562749570
708254093
222657169
925512461
711911785
399470215
545170405
306089218
639592918
231344712
465669588
71104234
366820339
690904366
335210671
812254617
95990885
540608050
637453490
839072834
368221667
999022464
8318194
416343365
817998391
886501256
276901353
844183811
20279217
2007544
502999372
60318919
869871621
342586699
198112923
396604183
42271211
862576665
92389859
612225614
335731537
887263123
181761330
648483723
50184006
28249965
942685992
349506633
241595237
244360526
607218933
259962247
657644475
528470773
767003954
563727105
699935898
806313802
107514070
825410528
122568861
700986593
285810001
637585374
728345338
405350669
201232611
24233640
492791443
938606487
769983406
233414219
448218190
25227876
503341297
480958543
817261133
359834469
366159358
789748425
943815262
927394719
602588573
775918689
394788609
243037125
402674442
341400848
575582743
634385816
696668283
235957407
755062595
266979330
489656752
634744942
601453122
544175955
920138384
644833336
827017353
918452352
856715188
302988749
474377119
373804714
811744055
632416599
25129476
286045411
746465970
340101429
440154443
317765644
881595264
195174140
98398020
509891310
242796764
485308213
2676227
859831761
448650895
858405625
241938203
534025998
478351623
181238860
535571122
868596353
879505420
273085178
439696084
721326021
962731071
25362909
70679530
299599823
301541569
20983895
431293069
770257841
316271372
289537332
887919845
356566854
795802963
437296950
385384064
294482611
536346922
91561811
301379190
434830170
642157109
967185590
469801457
998309562
61050545
940351120
895453090
630505195
96845476
156533121
406539990
473380792
900405343
718828421
355034571
856232354
124494609
798798195
208349740
221812869
54015144
232418384
543560389
159113563
970485779
885371348
738223034
41054672
795854794
241088510
332249431
787943608
971705987
4865913
79168912
995545479
555561451
72369967
238549278
361190448
125530803
800787873
673412365
159738250
882997340
414539052
456161509
76974541
82262379
529151709
169988002
737548725
883212070
79566321
380815026
409738724
423625201
310687894
27823782
175679196
202128085
854398418
834650399
855756965
824283689
618596381
501674804
895539429
639659508
359489091
300670903
52124642
560248917
847159290
96282065
253227270
559006018
383822138
276116221
555946726
429209838
661248492
958792292
266703085
71100508
594700704
904731536
892139665
624050886
669430186
571920277
244873557
44546184
62870082
159062363
271132384
966137472
817655399
335454560
264400959
912864247
560622078
437315032
722773286
228480805
117863359
177299808
36052779
983284254
127587756
850732705
39803063
34571673
471877055
746469356
540879592
895606125
567947314
784656456
229582984
713864843
609535137
271488543
970229321
787568812
55797346
7578457
497378834
688096927
825149679
287089796
741350618
48367577
11715261
643082477
868587758
223933460
236019005
38222279
953237147
417400895
868678756
908855409
496463129
818697480
532117214
210301883
572669128
316400724
618182770
375526258
398190158
32998942
105871575
550536115
303329110
289133535
467085710
935204472
172683459
110284902
679920972
347955851
158134575
840497958
109382087
991435484
22856411
828794576
877881597
316946131
659587119
529725034
831419307
812182087
845186085
700679726
775025413
151531841
255451598
845495461
434909328
180978109
69914157
449623421
888899637
708351675
942496000
461179144
339753367
579454223
756847749
300814531
865538819
842952245
737479921
520722905
750720834
655965169
709315392
540681728
187445471
743874550
438519126
301236638
715939137
868465122
201579634
293689486
705350028
602649382
514108120
315553868
679752874
327187996
675375572
498942862
278041693
708511153
951598320
401030410
48939484
561677266
489041209
298427373
560098380
358772588
664186213
988467060
74702165
324463179
949958891
119060243
442216447
714769869
658049989
691034777
742458982
768677517
733684282
20434514
506772041
648806513
755829114
737103983
65346102
441293880
621061656
538350823
167576673
238537059
242681212
42209681
704366847
308284981
491742244
625768204
254833340
140091752
741138256
357166549
204278909
213112573
218987320
380886849
652690490
395047876
873337420
964983004
669138006
984340794
756483879
509364174
974826869
931163805
894258368
400132969
805848150
751937225
233081271
118804500
737710930
125835390
820890387
836165105
81781967
907749209
414693394
133931465
223027625
32281784
436201436
602367229
27539261
376517732
816155604
293659468
429819192
374942265
84413492
670298224
567956458
656078651
869212816
183235878
482053178
733317036
67382810
773203040
414026612
91609274
819920053
502896114
907010480
622333756
619455617
78443518
392222184
382822213
299104881
744941279
980354480
739405955
741955379
636856221
548139358
154116649
481824913
598309137
115008201
600598900
970313775
430905884
667523732
562783045
550848040
81632279
256622573
637654509
354111927
348464930
840366399
641490352
719904852
131418350
212361730
933305320
695356748
405205503
757062114
737712086
901437282
46996979
75837383
339472211
689943743
828550502
914123271
232356594
635096518
327936529
251492122
469073672
658194839
813427710
121295498
389014169
835372381
344227434
71485715
537823337
821820943
754567674
28710286
950639950
904574878
338864127
19501103
610537029
424494491
614834036
458759899
76619409
841247021
377296114
699161617
923316796
355068500
328051520
872839301
722297536
167509007
24265978
2557990
26175398
96972807
371292727
983295512
906477140
10122851
823347559
97932938
351129313
333719787
219238776
915891141
146869607
18286692
125197432
434897331
351079615
809049399
303586242
807862102
20262482
869176628
174872712
627826649
280898725
114266092
197978701
33945668
507320860
471388132
349188178
370314330
797554964
752009684
2534888
853667142
533282151
355568614
113023961
600414177
601146930
516901097
107630586
742899620
622008245
461404971
552292010
905030103
229871068
893154188
521759686
913248136
863922764
216403875
982295507
156998769
922100094
743466077
702396786
792211047
812144149
789401890
590612077
879741180
984531608
848924445
118336176
394859921
15751804
271530288
901615179
995510999
696025438
703172063
206715172
503361383
761546041
431973090
5818404
819493752
561974081
292948596
804074599
614166671
949628445
435940040
506391564
581151089
769714176
845536117
931567047
789816072
653171826
320812912
788270027
811745038
926289019
227889404
758368011
773083798
343068794
157432089
889278299
958340778
991539007
526248685
217222697
160750701
9688703
478934123
395452726
490127003
737647673
882903032
230236966
519195552
985327289
976445404
930112733
548591567
342532880
537185086
625145743
170215685
339963239
111799106
342339172
375212525
914902035
394970132
577072362
533656636
673605078
232734604
476424958
404541992
403670295
845733820
622627663
423379759
218717343
345640863
571462385
290780052
450083391
441440044
52168399
770268792
90575945
269074474
826417747
949843613
