432867912
491459439
701551465
636936755
653394399
955031253
760725462
378296672
303386132
486779782
488080598
780684965
91655950
202242825
931921594
226997390
558955434
528401225
769046225
149814375
564217551
839137037
547154246
845771444
415898244
519094614
852911853
555011336
195394443
17876509
18320805
447173909
867475576
462440738
50353342
958692978
883293627
308236687
387615602
657144393
75256362
552979412
84581554
406819974
590199906
839216180
667681341
865559048
971236126
315921015
168837755
806513038
869300954
659502477
259717922
593730874
944305191
855780020
221038511
134299784
102119400
205714126
182902229
285509622
468458976
40906688
913209388
629215211
151889482
973228615
343703761
250718747
140785623
111901831
74558012
11238138
754555483
140334271
255571537
576682062
851413272
987352803
583775208
879473426
849038752
211807765
577872954
207973098
202722816
456622467
14387786
27513607
87198175
253315817
555024993
869542235
370077183
799071930
938360996
549293218
926006791
38466129
713669566
998007510
972217253
918119007
665727414
757399123
584944465
248479783
839175389
803970919
600208483
644356447
282886511
114766596
621938916
303428802
436470868
256651210
463033733
705236289
426492394
695267014
958840828
316190154
163520571
887469805
556876836
205015775
641160954
955483551
201973273
706278317
650675270
812947142
273683237
585767697
907256172
930919744
546080350
820473829
623028632
954243032
617447076
210416865
427305123
442841727
970429305
440258397
247603319
66648381
362601062
681709786
86259484
220770501
611973734
18402551
39166681
656027099
754598435
778257608
200522286
379928690
607318828
883691837
601997646
893930164
993681175
469939367
841083358
36171218
396172628
505551123
710570859
642559902
82207656
472249361
77819938
748423963
888885030
720678843
917040498
116618439
957412454
574512573
592882489
520263486
620018832
429904768
200973408
255280685
546601015
251229072
176321308
767822740
619951543
243099942
346924204
733755238
608419218
533374957
449160550
500489938
599175037
211432101
670475751
857049937
971138925
443699580
138562844
139724372
940582612
290742717
767142068
33919592
861217108
83903846
422516234
32806254
290809347
81734159
273911331
563776406
268965958
585802672
489570202
144943556
329229814
942748118
22608359
839107713
125325157
344064698
140004745
355510072
271518292
416550560
517443400
745980353
904036820
735832550
549124560
176319252
291341923
61249035
314698072
255858297
484087003
142401716
906605631
536047697
820583706
314117949
442945890
526685058
259463625
885384143
231523979
13372365
721861897
525532195
527820123
28390807
421091221
299455130
14399215
596517913
150737972
411631995
762401299
444666547
566460444
676535880
128769433
554976795
532609597
97592079
272434482
207716922
271104599
233711904
660856551
186828097
36142487
486560661
18524007
811207206
901118807
613319685
96046446
386134147
185026580
504071035
24118455
378504625
208012427
520733753
755228029
991886792
46849820
718180158
105120325
72455008
380000416
461939083
969587251
144047825
185348516
887969093
994075459
161871546
612949660
23807057
742267765
488149992
864675642
340992025
992248319
934530559
280931122
203192007
695399105
537418286
315585548
376267151
259639967
62389409
652417425
750264806
346964368
11875844
342364048
280547689
160867102
552924439
128591579
588401543
806827680
574203402
516973408
874476180
625858690
13149713
619244224
934174899
773184486
161219523
761803268
535968461
513828982
867020400
528485433
820697469
710955669
843657811
22781053
567702038
756869458
3733265
202299116
907197842
491630399
435083708
541004724
982199615
819507496
332401971
862939953
189343326
359558413
276274098
534164344
418044916
417557151
406454941
577333315
682249392
918174060
381410648
603082663
98420443
300586139
116448963
236435823
479943967
483390410
521666578
569592018
317209289
530143385
560889539
831532084
803094415
371904286
609775564
382845781
190774981
472144987
637044608
114667402
440782514
298279568
572459942
176410048
237554883
332856055
110440517
403140317
304500728
266324495
340531660
649527976
375458809
400650600
103878672
606611703
375181435
198647885
61060757
498809205
297840917
762809952
545730664
659199939
798668872
444742013
731069928
46140629
807781585
23609159
386558334
210104404
281129452
266743245
162300149
800140873
728126196
940038914
998880939
147087911
372949892
118526260
265091289
50884793
189611725
911361562
456073274
402443814
268025614
3163861
7664345
992127095
411084229
138235403
816826484
677972561
752548903
913260002
377741174
792812868
601786126
64299887
595358730
280891569
879766160
130427255
368398524
108715564
238350450
303737798
878485505
435142520
199766944
913972844
125859312
179314657
497718662
494845870
469588213
887307309
988668737
328626113
778115014
804617724
15944813
394431237
799020173
142894049
449916760
484327587
47591969
814866193
562297739
206068070
545301784
308650004
523167528
984199719
171118632
59184469
542963037
347357710
164093363
964287815
124678354
572521824
792360151
497111384
12376090
637511827
180253898
257703033
443671788
490433864
804144130
273160012
286184872
790741005
264946755
485334923
331407080
225504475
658798803
754022862
256145828
63619312
872844779
993698873
368671059
817209306
656147127
513518942
323727237
410403744
344344272
641311027
164532749
813827198
679939370
443422988
602071085
301908789
130517958
812404932
304073688
789888935
371194404
71863875
401923939
272141772
22465132
732426522
719252964
685783708
727777388
317458561
688558905
410070500
708141986
61059041
699677043
798661277
128440325
195166783
981364699
666734955
933975794
33268044
146089591
162833102
108627262
472357673
110801634
821523765
883263837
29498291
94986517
846393870
449949174
466256892
692424906
800980904
591774933
96529286
794744174
923720603
794265977
637943528
682626355
26885710
952752120
754462248
105685211
618880329
743745944
803409806
173468464
935351173
831040231
637338732
855913139
337926360
925774282
239090836
163514510
550107457
621624888
897729197
802519870
698279096
222472044
842165034
960121324
241885094
368634133
898696138
206886343
31911038
400422608
57644095
872468977
296032266
350641688
119203881
210080980
354165012
366672462
491921303
77777821
79854030
856029825
159635343
15353638
812610441
610343751
354498546
875206620
352684096
933014775
244636716
302095714
896536778
835423657
984347257
804413664
110587086
794340923
863800115
250246195
845049805
596523463
141557426
534928564
773396136
764869753
559880873
987284671
806570400
29009856
809349496
183434994
129703584
819951376
722665839
842249270
62836701
826811396
147510883
631541342
14135587
23489517
854202245
98896261
155785892
755548379
975932197
460608607
366294429
314790216
99493894
559824088
502872346
241675108
232728014
483330565
714472399
624706777
241957500
47740687
50462878
367213873
68636219
323674240
123665279
61201721
172392130
76585402
112757817
142097987
741576963
283775688
646830039
232258773
236110608
821560287
742321216
42661164
379142672
17847756
788937555
99272265
620990241
491780184
929515960
249525407
680562647
888028475
587223361
239335274
127776870
438129923
584853895
99770195
581078463
646921712
954853297
530528005
975230981
94584170
583156249
899346795
347850789
224196442
573213251
815718205
912994048
270613572
5564499
411167725
741009348
671811235
245564104
224109744
258803131
951190611
746223631
576856033
394158278
874139870
380639073
284363653
489362039
873422542
14321116
303447040
698921791
547059843
651180308
589188895
866706989
211793211
67430181
284558502
434691505
889590758
751421475
396793798
918566931
113797755
336531358
409949074
882463976
176055636
498325925
455965634
192565818
360744151
840967063
629887851
900698079
377997263
136369726
101091111
713945095
298792595
409984756
474428246
209875326
269766211
116796413
365934204
619433263
416375602
544460734
529216136
604381053
961005601
789418237
369212371
199769135
349429832
658289100
280360523
537608511
970689997
401899676
313306403
375096617
558355481
110881221
338177640
706092779
21292456
688490815
488709726
75423484
966339069
570613405
135898909
479606002
276993229
186918472
648800720
997001341
970597153
790515810
466088373
631594900
969109787
851584579
231560215
571325912
471754691
430118715
551268247
719708161
856009202
563482598
743255097
896892918
96678352
99331628
651519843
158884989
778618771
659841423
598140806
727884786
55751008
453792652
638041982
390392196
653519327
889606367
922775905
162511359
9488380
283359181
567011357
180174187
935811301
681711502
405986829
706770900
879321005
766851727
234338087
591173740
137222567
769001563
219414281
402856471
827358306
239005990
382927649
177661600
535398628
489915730
218382569
310755729
192375003
738203586
575843891
515317134
213542597
841168018
917806583
582148322
507342809
388756887
710219781
572650020
996471239
563080910
961081615
414966849
693344798
944748941
279563983
11767044
425503335
6967066
590662218
286749444
234378370
235185510
563033888
414513337
506678717
745114304
627112730
519572649
64976612
256255627
987799182
197607715
105867610
890669693
493228303
38152986
849045143
652189763
83830931
748465679
58781781
646764259
406385231
264277396
277924374
967960799
484316801
590649685
210351746
206615525
885252393
185407937
147541368
289094446
280938763
978357085
278134130
503293246
75469605
762228503
761644155
190647132
507673408
740215612
575281726
763473900
309099239
802675103
451520638
241410997
162721900
773313570
923136134
842196537
227967663
587614109
828800278
298756491
136588963
538717917
260797502
36463045
309220902
858361085
371003233
802391245
50066346
816773163
609730929
514871217
760018855
345751896
576720158
321602426
986821522
868134648
139090851
666169617
688995668
514450472
658861559
681641697
139129047
968940748
43893625
111938822
262271802
305344829
61126783
693324653
149556806
979377637
366704283
536751686
501431000
