523171110
548203556
745393037
937128514
809285519
433104676
595957628
448455195
971295034
494909710
217309784
397196647
692804003
10598634
696307523
84371306
725111077
955060557
345401379
747930821
384170042
691715183
117711364
149945402
747419633
992585842
230814514
464025610
93320311
137193717
3277128
411281675
876889359
813851998
801710769
697724716
441006526
545711670
756098139
935066818
299275421
933530758
759299963
6156260
23403374
243675314
915491457
386169372
472729573
788396095
581813947
80762176
993083493
177338851
78438545
831455925
430492191
595447635
189708880
816699676
202290162
131932017
355134883
834101317
491632581
806028107
520307286
878952004
208887864
998582806
643364779
179399407
198962418
410334559
448655399
450639283
932415218
111555104
126542027
503744319
77094385
844645140
991296036
304924214
555379769
922514950
418198181
699550508
735413453
970254842
267232524
845558890
356002789
939398461
732776655
167343403
578395874
925198645
514523677
217375266
723368026
36539452
177281508
474146765
145031316
402414540
881799757
582748933
728683450
627799261
899040706
318937087
468905607
685964559
739605290
357645020
140635980
50210669
278721548
569117630
387829925
820756777
143538551
238633021
731350281
797805888
823396616
259563955
677557902
281311996
872243407
7216572
597031425
909166760
780376292
40554932
667363632
517149270
159892897
152965228
40715193
835449247
970867056
107614192
71214135
948295435
376653282
670038228
199793171
375131635
26707422
528185205
646477097
945406046
829545339
902611247
893000900
938648486
742796483
347225427
579017922
622235801
905191029
447371454
755555852
891824133
721905660
559738845
905588266
699050358
690281387
623486709
890317770
125756319
528402436
552380677
849889719
35924359
167418885
783054844
421152605
153358387
59770784
302426267
254604573
344058201
360739473
651625378
79621421
877765043
147554031
728715145
774352786
812667469
573947305
418479391
930258216
523495602
352058338
179390001
226389774
816914435
764449961
500742811
684850247
403220712
637867434
520720778
417003609
277164662
52721527
857076541
771229600
959741637
926072820
425659534
562465016
602764761
192766880
411497651
531084659
70280282
480117424
27823222
551496326
961566240
849133922
77650300
551809012
109923044
622122459
326394117
683866019
988028883
556665070
604238168
388908425
559027971
617576019
851383859
706190765
840018694
234621768
802456758
825043515
290477489
957485543
814611148
886594647
148287770
856014374
327493455
330728721
940560685
648305340
156109492
336797011
736626738
949246484
723284005
554086789
560217133
968911765
307080565
655042201
726327409
173210521
783200716
403076567
321834652
36751109
3437044
985188741
341383020
705306884
691065964
835658512
677660665
202779705
261018837
4080696
34522774
191055652
403521241
253908669
294629004
995665394
743305333
339723543
400555577
267441157
652281685
609781486
894292012
297297070
145973632
871106928
927541202
147414556
98716106
117266968
174284827
411534581
564759995
111536661
852577329
342304712
989345700
235253801
957239374
320450979
659136344
533847032
688227647
719203309
519564015
369161481
565390523
53171895
360413196
730662013
429905187
443477173
2520989
54393495
384469423
393655556
90896728
44085949
559333252
819959035
908117309
530246108
104063599
143751868
829795867
622988192
626295656
291984580
401331338
952324290
6319694
508051531
382484167
80104598
608304811
118434652
921553838
175088703
777733054
776812149
305716404
874369306
787001358
368054091
687361780
730807653
409013591
510366499
727067236
458921772
251407984
945259750
675920548
137280339
412333668
128890235
429783432
544475778
889407440
896575822
742865824
273405942
651840556
408088905
724342319
921853654
60993005
922416390
446088683
266034770
472101717
915808023
266352894
782521102
514242630
33748002
743244749
736009507
456390087
98988213
213974600
115929156
564917342
942409565
700916306
61059942
832130982
245203827
667770928
479414575
688651218
377078060
285681261
881157231
33946324
32310462
222528750
378912453
643711770
765508124
669814647
486597200
64277816
461032466
986820054
335599959
678906856
893399444
623037708
378585666
385645485
693773924
88085690
790419226
682601221
626936668
708488598
709430989
707172597
663282377
89722671
815789177
254645462
966674106
577383550
95023657
630126761
385195661
748574777
481932167
811219251
364332295
92297736
690881962
429173565
727377399
51651339
103884876
955589509
365316346
382153084
938731536
622166117
289185262
93769089
994877293
288992369
495262034
198556010
407009655
323821862
513097759
671739854
980429392
675785452
854025469
231951738
97603708
883648914
891796397
705473196
293711195
144824667
141105540
567366413
21313190
601476187
397203727
361245661
955223821
575285328
604603721
753841478
341856251
281129292
150991134
193623059
965460198
872905016
582506256
806031286
134864727
186639651
341565122
158110304
298121491
692592439
111868343
15096509
575148095
495425661
954047630
220235961
63793112
659843148
88441889
793906869
481060576
721818847
72455899
393401105
891788641
134016373
243332187
831724326
719218140
759256279
329883603
699300099
524794318
660402409
266491538
224698691
301142657
85765110
570608469
107071543
803259544
982995235
269244922
328720750
489607843
382107218
786097565
459798159
621237697
384367760
690048365
682013101
192687402
357084263
712562481
243641351
800449117
189105151
914242643
848354
943307462
509840795
438892163
538865211
362708835
412568242
490302189
914745684
228934123
729348938
919093302
978028001
89234679
981370345
990647324
498065340
452573925
743735148
903793260
509681423
347918806
783534027
210486628
334850379
69207913
647870501
506612696
167710054
947839926
22850186
424249572
112037506
171522465
569760115
163764079
293418749
544103071
730379710
966011913
77039600
891805027
871351879
230864036
891888757
465274456
712020363
592778422
211317056
366436938
214497141
791067425
56713969
285311889
404561220
652929546
159773435
299354166
104041784
469657297
714838333
905955545
322592135
966905757
206083936
305099366
807055796
806505535
519474563
817606265
697228575
953962267
722194213
777723233
826753660
617876395
476566926
552669990
318597870
869575921
357187548
55092079
295295640
801273115
733342784
231782759
367535603
826725616
766961244
916830567
3990644
994064581
440061287
260722412
251173579
171084054
569212891
904446121
24780100
586789390
658218659
905514827
73303858
393710790
669208362
260534872
68873211
278990734
458558228
786684824
176362620
607103443
980756294
234465861
112469748
659746254
610659904
521319019
233562972
974301175
937563762
980330179
39544290
602643994
813615620
703163992
513900980
461471801
526549653
655669605
48663503
572120804
527889890
731808479
211357262
451672720
981788219
901584848
132064752
472807912
162909548
88544868
368167388
980276419
740467947
396887199
13308287
205595426
148252664
591427324
560424148
47893872
670883149
50478923
649225627
677888478
865970536
470659862
580095168
966044369
746633891
607401409
752441079
802888621
738021320
604241815
79213553
248947815
23108598
660797027
677958034
709075055
389254266
760755058
811391627
849018894
612162791
59267870
862176046
416728420
689855704
308305553
313219137
935122328
95245456
769631
901237654
477410966
82582851
533468783
585702182
511128356
321489679
166020382
726174019
555508137
336103787
565278765
242255098
136226132
317673646
764360471
182486828
487455636
913469289
851349092
658639604
910128089
239087295
800206732
65725687
806702666
608483815
163366747
276188664
438328338
294182272
817318750
707643164
737251689
703004160
601802585
166364963
489639814
75094844
166829677
387585375
223233884
34581039
255883489
512915106
46884025
817012771
725949913
99054774
925495232
125818725
825763500
21653038
243896363
342130025
991109563
238323671
282376118
467743095
778999515
902644539
158122931
889831717
287845681
261325865
518785035
857635599
505003407
433221971
715871059
597995507
692847013
412360791
746639611
463763717
435405720
875547050
983203804
287291625
18841661
989689893
882533900
64311973
350693431
312509612
468418770
795665711
463746801
395121664
711894595
363478914
883988843
21896718
296095327
264185136
229462443
333402165
746735356
994557622
994130069
189248425
312009363
292727942
383183714
327499724
432971711
413402708
275013426
780132644
906724303
115562513
255119866
995084492
448901434
789309620
20110638
93810958
539138286
975336067
792907094
723119323
393888797
109881743
721327375
352392145
714006662
670950294
116265464
482454474
234301274
102003554
128811693
988646180
293161554
829593235
677680530
589805958
681128257
23193706
879537900
55016062
520652285
683614155
488397360
596332081
108359048
888904350
572995283
506785705
244074498
135651484
794263878
771399287
201650528
271010746
795359626
202127620
571400566
30791569
613493060
762021415
297137243
792558950
545831370
804720748
986750819
266473684
701922937
619308198
111629090
430304679
412682699
515944579
95798166
737891031
202467037
710274641
621484382
124995293
244033097
825102311
97955011
609479758
238379976
98649789
307739674
357412405
786995652
22150808
34233608
475552910
18405392
650336688
409700644
117516485
757878817
728093334
137782785
683676610
609581261
841885362
186981412
953687084
395156615
813769817
722968783
278319299
675601120
463759495
68543708
85084985
580643236
446405272
786758470
788390748
664066404
687657484
554178973
447181581
496981073
629338414
479478031
679772129
585074589
636076178
411899287
762346009
106243935
978281680
980012213
474373702
572491855
937807770
515414031
402147733
638120899
144267925
214323142
424610157
375681004
29420375
681811283
323236156
953607098
949148622
894909672
572000119
863578217
621309895
453450080
70221332
173914360
690601202
186695536
980242846
362407331
507209281
368612495
759080435
401870530
960622772
172075363
697319439
483747280
594170005
512593128
642835464
