466030576
601000306
372503228
458263829
565757610
830152624
180624627
78871855
797555898
697825558
597907730
746773554
584305560
231011506
309950480
464297
154715153
766494500
151849944
350705704
852620528
393757677
546445166
200498241
160553856
401440496
777112797
826436985
523062828
592896311
597509307
366704629
281317566
896941487
192567541
297153584
869881394
524785912
842349768
153766305
358958446
406948072
489820129
308243026
448985385
641806776
389872218
62816466
377329487
84485326
970738629
737185249
701746244
973669953
151321271
72272898
54555139
172004986
297709972
164317113
53039826
354187641
555809026
204659586
100316251
231203101
465455988
687364072
38443965
12796896
130582902
629929239
924144730
998083638
991747257
445672456
903937547
238202140
751512855
518747078
11568278
714296331
449107498
438577501
622157681
860324056
664958383
307647611
745620215
120294643
242598445
697876407
227075939
678032654
100726479
4770805
851139044
285160542
207926774
217782284
176350788
702508145
24372500
364532591
953902422
340809389
813040517
703662605
981922695
705648813
168335349
816352997
420492130
778962892
152748835
338743494
905080141
117231524
582501904
239992194
566244716
157808376
941743855
918149321
770198450
432706494
402853300
246112075
897357159
986976452
594533411
618777004
30275365
533730571
342396290
309060131
689923830
84574907
484675077
281348292
47283538
961295777
325724915
39971401
951959292
426245446
277384276
448113046
525283819
761982983
99690662
733907519
702658637
967934579
651537566
18542412
760764288
106223178
594334140
521195928
937956088
566928441
806305444
994946242
111115402
549558344
786077632
886761558
436566602
843688702
648819662
820505234
632556446
301153612
192708655
604948938
832083459
901772453
966190028
343953003
155322217
954740252
720828255
135374175
887285789
860625890
916118366
62340785
882193004
323853878
548295842
583700652
490240765
963479148
343392202
480355095
154990332
330778672
928855997
402400948
640167812
390622717
11546444
681595116
113163321
279185426
101351073
401505025
775225923
46588627
186458951
858991833
140033148
250381136
365873711
983215834
846100185
670931269
107660452
250489511
633439976
723736846
4568553
112712724
295392859
65119010
330264468
669077296
957761408
712353558
449958605
501304787
972916454
563789080
703785189
764699498
943193808
39233138
22210854
608100363
759274817
514613340
287114860
835604376
137394926
689304008
443667503
239859629
597605436
360176367
634254909
484059062
223118219
678366486
768960970
916430965
386054163
898833719
386202256
48044310
948920956
432273775
443743616
62872365
596630020
685154162
886075377
576244067
546595945
601174211
40022025
806867046
648720415
499560087
491214693
118826636
436621986
168964176
975317796
606088850
621451505
90404839
71471860
597585040
78098649
965899542
278186567
294549968
794828108
787354223
378645335
44360089
653030880
974166542
659179406
327001041
70869724
224242495
238974355
452240763
803228629
867423435
693263683
996431223
320154341
827387861
835338645
723558131
187151793
650134334
479808978
217089987
923515921
780113405
426592804
858516117
360801915
846158574
984773714
630730476
406967594
591525409
781415958
759241720
222528876
995661935
153836165
674553872
840380680
164213651
47956911
212379491
929989819
523077032
802860219
754028069
397141154
75040635
277430699
250710787
130560897
554628435
107398175
144693774
307545245
161555347
120844166
872917474
547573737
800663288
966199125
224711149
239468779
608243878
45273168
211703220
86007477
934021962
773902347
324492405
673551695
160784773
883177449
22938141
602177423
267429487
287100166
400438889
977253185
672564733
461374962
285761280
568727875
734062927
500169579
852339157
484127233
636722183
451696474
60973528
874817768
280918690
126980134
39717392
198014525
823245761
972910710
321745941
477803863
591156998
668020592
463119191
301138286
952938292
577159090
969776122
671450984
84460033
542516349
40115758
874455180
720405276
895664288
875009003
339288325
680437844
655983273
505405851
108074298
192934010
727575985
449285292
482325487
712928818
449674635
392633004
33804639
843460057
824923614
778931661
294518775
965354224
922635024
386096186
4544141
998255770
984622992
615789581
156903836
530393455
180888173
399667200
94205833
411580716
186518347
154412492
385254401
251971130
700429065
517576679
167262487
467504859
213671642
284869853
863581012
218735299
980793702
588209467
503263656
184526085
935971483
827990925
259536417
763584687
745596981
909100954
797770251
509568101
870464861
341032554
695814851
40193691
348502014
577680841
12045837
327908785
355079458
70744771
526410470
295262143
7378603
781833508
143030992
307346935
611669173
827013915
751682581
637765170
522515173
785808840
17462067
396413525
112525924
972377750
594421971
352897246
140130782
330621145
665983733
277417392
356642240
875686298
381506267
359396510
821761827
127068796
119002844
635990799
272824016
535672226
863655840
910048931
61798996
208001512
177147482
154137975
684959933
952189481
151915514
918583065
157418372
160005080
987052927
84656020
323570487
299401325
927667765
376124263
983258869
659148589
187778002
24458313
404761036
248993078
938619902
131692303
400327240
783634481
485585106
484600376
708011070
115691781
364941153
986842945
922152999
107413134
334614529
904524411
795230267
440283995
667937311
187941300
178705630
747400667
119999019
196637159
888633369
296850247
35826023
522360501
199401030
742878580
652731929
613675425
347894224
839197527
505287895
812805916
269381609
45455178
753810734
901325451
466604374
667315137
210571994
41726590
795063925
209982
162503020
216157352
964786795
23143354
580893994
542974873
991211276
999836700
845752682
657360367
128994058
741982743
243058932
103476993
747808457
963224604
285199346
965132489
462959851
751265727
638948721
82955472
602125237
521808611
635142801
749775088
686473260
766611859
721336925
511390492
536828673
78272429
401573233
888423387
134347226
819668669
557573704
176257675
161984585
109757055
622464147
348057522
993444844
847927527
683811857
527398864
802396244
650333740
153516993
503379769
382115790
245439503
578766738
43798198
361261259
79547548
614032114
442978184
388000551
831118905
856501611
224599417
278499775
334362190
120531694
50721629
340409510
354635543
969129765
928139787
405650899
108941670
803147904
353202795
128801579
290891199
89510627
754197709
837996752
107743936
947378843
36139519
613094866
217957155
129274701
291389169
499505690
357775034
527162128
54799678
205636555
114595520
788257123
330865679
253255443
397864730
69557746
659082654
727395832
633090228
186989354
447760700
681203974
225377204
97728869
273174120
442291598
225563942
914996618
70370060
990036920
859834403
604981430
280256614
883740060
820362092
611504549
60542620
205087488
829142523
551215938
982634474
827473414
914330086
722503232
291055379
320684545
472282225
99947352
730936847
221333452
430427971
26801877
204906524
920754581
499618142
354935544
387717661
120228285
856100579
849097570
273941747
442778415
456792067
64762757
345802150
509614088
508000509
447125617
432893350
786360180
9015126
453995165
898253307
81874289
204354879
620287285
766873886
502873971
806673489
952489573
970009371
125616590
184059771
849036606
559608948
833032526
400074906
359502032
384121918
465426547
223786888
940314333
348986908
980044952
277274191
539856059
370681346
849567329
376701081
781441289
812684035
25156608
667054001
944576666
212318326
976432805
128548568
123032234
716399701
879330855
588061656
884843689
313554795
903611005
879088197
148325156
258718644
607755460
505153808
512769623
109539181
148498476
63003698
967466801
562573291
68700791
105008257
918208354
804600097
664498819
249605938
917306556
126172889
25232199
139805537
944852763
458562588
239483103
636718279
583176141
704483957
277042672
643102329
504791062
877364890
338943197
626759538
445375901
100956754
128949034
281137415
762925885
344413520
863931456
671902108
664185559
962152908
699587198
382003374
143617534
871424548
210340213
318432135
51900882
629724917
670755098
758670799
288322595
763805467
934235433
689762567
19235540
971037179
921977666
808285665
832496507
505396146
558212635
90101911
223630094
441941252
659632354
817251599
675651063
383361404
486680052
572893036
262241432
353330089
475619977
982699853
758975388
857479728
493100744
711751591
494143744
958610536
591201446
875066143
206609791
580272397
338436942
681570433
166721320
439186465
261901874
791888704
422435853
55645791
839405599
158789412
403940273
609485287
158373279
701676281
211792194
393088612
642781071
668539477
143044864
97862062
496429367
934992504
288185490
951535579
930787178
161755810
477936434
210226074
314141921
873885970
914194698
683146490
883492118
643357696
103504310
978061919
650530279
236464597
121459529
694791346
150457182
206595640
513924488
316830565
578759579
149490100
699106448
791424462
499959396
101055131
315829465
922661968
732021279
108747729
83843029
403444436
393384943
215185739
508399286
100146064
313952269
212209778
741503869
965519628
244594712
720793782
725993168
515015582
598171970
233730273
742558332
406316473
547079948
448253516
947404878
289833726
421068015
971354924
372775999
781297078
462649360
686511971
710266676
213086789
558056504
991532729
951125210
774744389
559514666
700059872
584676976
435344539
728065310
21313464
380839077
938247403
465091770
548404859
72235852
857965796
423496931
184090866
193252491
266229123
358496797
909512991
375582019
283767762
161342849
794009302
982376419
422030017
842409739
727102206
637496702
627440297
501943100
528417079
407463124
253061981
769668571
951248777
955500915
898112097
649053295
307213793
678251161
525766483
67414439
9157475
824741954
872663155
899119071
514810202
357800147
278558494
493259479
444037553
854589991
648543512
615950710
667357447
613401540
765505362
717683451
162646958
592934799
963103
383816760
753398778
