32856379
346853236
746128462
388889325
45849060
622139866
394284968
642776356
986182613
694626429
219356771
995020551
930378019
137224297
440209239
620380112
698318118
92975133
118264501
353505307
122005394
474953940
115554720
520760988
795058514
61722395
548855505
800846215
675577503
507812374
452549814
251206665
974242307
992497558
565984532
846230986
433131772
204767213
99858339
941164148
643175504
795176909
771431011
31319921
384230378
518656252
208397897
246258480
718069913
567760698
831434805
987665930
495974327
248349781
490649994
557902438
231298516
225367474
593830810
984126664
73284361
593438752
967198851
478370238
242076615
968150104
20778243
937880459
571239763
593978251
187248339
493550905
993116793
177100352
710329801
326828483
703522927
84234798
136530609
276402261
853324497
302597025
82776301
107816805
676377567
464883882
755232336
725892525
501847563
8082094
614932469
207764298
610936402
115731674
867879787
49736752
827978057
293060772
789243305
416080272
497878008
270517436
675018715
124091661
380512358
337883900
994549135
318873975
538019979
163821511
854379509
147063718
88836864
317428548
130802167
770687334
510662450
859382045
801992670
777192731
212917767
294885716
436032895
563157668
979045781
979484039
882614501
877385119
309220563
660593049
498850424
410462154
294991492
720450336
778524252
582807060
627578308
958684639
727304445
338493666
470334746
436358361
187872546
338026052
153702584
467868751
118927434
293507854
984929506
97192452
539074300
968596010
491068101
12050573
203162504
202992292
834484539
111861046
145045879
401028318
455269397
117164016
9653411
877426928
664971085
443917354
852072224
368386527
538904295
547995105
143109026
551977810
132077600
463499003
306857985
776559405
107013170
98006843
409455084
511177029
860556605
589106647
892455612
212028111
121518749
530254413
919394052
282940918
517287831
575531960
748322519
515717261
813638760
326276127
883224267
353170729
426704950
310445617
673054966
709785228
615796526
750540905
754603558
436934400
954083425
987096489
836518410
27569098
705192587
426603098
95979121
736477696
702405960
633868848
540471711
866162749
224708402
797625299
755908179
134716671
524523301
569131305
851098694
963372333
799672585
627391763
738339048
805801471
580274734
953687254
349854454
796567551
424951875
699669855
895380502
110015700
834503088
455521211
257944684
134422258
693736002
891824953
577748330
90684732
479552838
11844822
813311299
179769911
785804415
17061518
128462327
629079650
554537437
538338294
185261926
46665220
899442209
791231223
637261814
326691661
248757440
30716938
447294363
751505332
76748643
299411569
311525821
2736105
738488345
430456011
31659661
769187190
539680614
621485920
440980668
632698346
991382974
760413962
483819495
787827762
814080462
558569137
19997056
563213215
825224927
720774803
242030114
886613580
514407929
848715282
210573489
43271864
818259396
931253022
885664817
663019063
444530590
826242997
13936088
180141269
700319000
810575194
441281565
355348403
985401856
359275135
89399035
933051515
97357626
552563578
55282245
139028247
307411727
849434051
512611197
690188302
10719881
884081146
926280403
355973839
57381454
424912239
488328174
889773061
219882522
988387795
950927793
608427591
735821101
777961603
188167756
165139976
746477873
303678226
87508761
3505268
117287571
664648651
577811358
465949791
631375767
308978597
789255954
961844349
793433036
71545241
735860135
968825343
418641824
195476515
652299182
560449443
899962592
657962248
122759814
275406760
322247019
551508502
135465881
997014059
408347341
480971443
197230413
319396021
364395822
890142267
392550373
3733501
761925289
509105929
572900730
346071229
306269787
460330612
724598071
748402855
635656284
526483824
96340025
148337280
252527659
982102448
189785767
540344586
125662421
627718311
265177383
88515624
180918411
812101999
681258247
565779067
529182770
580797298
57602449
150404323
111748184
469859932
597448527
903290768
678994866
732126634
206900054
909535893
622575783
306227953
254179655
439631979
933364176
374356958
639750475
795763194
455168477
987128599
744486399
426244892
291185676
656885826
193733600
736677509
624964884
304034748
822815088
949823288
827847681
7121663
816888458
725472488
402728163
574193747
636654671
165796351
929035295
193049256
469342413
520401023
775202393
280249873
917768802
819434467
373538655
825545402
155151447
806561452
172351524
885495051
110610590
542054169
836310897
631357555
859218646
454862356
276126332
860771017
278325883
374960117
909311545
257076764
81688211
615454120
489339493
528707166
36903816
359170428
737702285
473954124
866727897
262119221
517786186
224085376
651042498
10935803
739117022
374299132
363138853
799419480
148883301
16253636
777471764
942352628
896511071
274834289
889161590
771370607
714975100
181792314
889670018
68264278
914723371
94382295
611089477
518125628
198561661
302314682
330094973
844831488
788641586
795981017
68859166
698397399
18767153
848491367
24267982
612225521
980315056
848282842
715745333
901827199
497632163
478906402
226076816
893057908
479604999
139335581
718943047
214505204
639545574
265533208
644195327
555909971
584284105
798463619
347395849
423403891
612995897
132916869
812374141
436802340
44204158
518307363
10777893
352902282
947394468
79074365
923585474
48019703
250566306
276936069
791055549
866692256
466046980
987842817
570632113
435816968
868305477
718031568
38520629
59226079
583371633
115589768
205285913
523108378
151785690
512949194
114113293
220303533
501095518
600864089
999229622
847398186
35908701
278942992
857623040
979324798
468128508
873174533
945663439
400530633
215750106
670923343
963938896
362609505
474477657
777503070
89862991
596441286
227831505
911578879
555098412
894964328
94396240
753148061
853430705
928614389
313021450
487669514
201116592
434445274
964961070
703281941
546924184
649702216
277706445
943657362
830783554
187103987
130219777
591307313
967688458
995130943
772368127
637989994
843475972
912448289
151650870
842676407
48630720
374282618
423086202
517672006
992472026
589516637
45765676
104265294
753001946
282760639
425512286
929008650
666303348
980458992
672057941
511218164
435569562
512468163
123999159
314236680
84903059
530820293
946719515
902759002
466221509
636524190
943890419
559967468
122596200
456406244
909672088
940982415
776963518
470345041
439038793
826833972
11359071
447289063
710809913
957407545
603936539
173441150
190655415
548022915
761591700
201211125
925003963
987229464
323073002
261149963
202420432
331007808
788449130
837414188
757773347
517810425
427563102
520327199
51450497
355947836
645626217
485798207
981669093
296595702
373088549
484529869
152045132
195958306
541420199
845223967
499859092
988280497
801658249
166591612
710300140
911461908
340164878
398696599
141167302
265010383
711520225
956660953
236894465
861446235
253985811
578664279
152533285
939549328
712571693
921228366
399270869
491031871
395838566
354862077
311781328
118138331
191772055
894059712
174934365
277061830
49165993
729045657
445809265
477849033
761290870
214139934
529349558
621857517
127114048
846311437
177645547
28866502
379159897
786440112
644427609
688965262
248903741
120222858
42609890
794424268
331996584
212495802
483386612
620191831
445953098
8827221
592441931
446796171
854810283
592161809
719689852
446105164
223762234
864105470
215844390
982474567
510851687
759045431
100155365
39845877
49314720
530675767
812435280
866260254
743582819
370404366
111871974
609398452
710434467
622816064
869234588
71549197
851449822
380510095
945065244
836670190
245659044
825617433
31895935
752463649
621698001
82553387
767047232
534952237
126621585
731540381
805104267
515054425
570595722
661953040
178113574
489858309
20067493
2764012
745109547
801320816
400060520
617126356
876609011
75548731
896955246
983043477
736361703
231994219
722927219
648140655
594655341
843252137
919040224
379174199
736815522
685234253
727149496
347691715
418147874
966761332
763628534
277483042
739638669
12042437
565300097
596817547
38802730
48481426
444702489
379376278
51481703
848685809
635400546
143744428
436609669
628532687
949008421
956347202
855508401
638654523
346191682
535053012
812025017
478480928
136885040
961852129
596014200
191421523
925137516
492879320
762708812
672375777
584616136
778348214
37692282
122577478
877487685
864566573
510248632
300137698
944240746
687880276
787291728
343550940
596658951
745969531
207851590
775295795
942564528
108282835
736225830
770802293
492183312
779493350
620569650
228575521
465458024
261157740
875157395
603447967
803346
847381206
123343909
951823168
616667465
379105925
264069672
857052331
106052146
314032191
751045000
84441847
446098569
555370703
694413775
658311404
747761283
468474076
881821976
390915508
754000539
820718403
248856993
816854680
756653488
991906518
180192465
805122785
157778563
809116759
657119452
616329945
989409177
906800664
299334352
96859540
564536367
835468558
726883473
217553026
481899858
350799257
669243649
628532337
357237834
651783983
324703723
936812608
85079574
962258244
480814237
996983947
379335763
484241887
849447427
180084942
598524212
306489227
195169680
624760946
198913460
458946885
699273767
296935385
656912737
134715055
95032669
539297904
256036350
597554234
93775037
912292723
741590601
664268949
909015648
403201281
151474753
620324654
459616846
104869504
667202794
243379856
720043211
195520318
328302522
660135504
236994181
505167289
57353237
119249409
498335326
258047140
640298877
102122527
18639566
22952972
651525488
372308264
971619598
222522779
556751313
785405818
680776257
487525338
868483207
568521512
255393345
715066813
575226238
446246145
28610188
978199557
846872379
90300175
957558151
955533602
738903673
503753449
968632861
996777232
897720872
589865379
481944666
136786940
99218908
835727895
271993845
639468074
645629383
886062675
751675791
779166488
648705054
237094067
548118190
881796975
562603598
232517872
