446263868
838108951
246999754
898746427
10258731
686613289
243080026
808374866
935238122
804118766
71020340
700539091
916018896
411144
273313899
700516578
447972409
744568963
644391175
502512336
875934559
257308973
733597397
377365010
872343671
402648112
775836381
960163881
114489040
409693296
277517203
299277875
522244279
62788094
148737406
516638407
945901013
255913107
531562496
970317394
963415489
262725201
550998061
24076249
617513041
56285494
61308787
797339354
480728280
419766843
679163335
201670858
686223972
979303437
605368423
188954894
104511553
869634743
26402755
607610618
910776906
282916144
693885826
525544825
526601562
771742464
178294811
853230802
851673737
756675491
754615563
192059302
213006467
674073780
539096846
613209358
706310911
709521147
759851967
816058177
341339324
978497026
479435601
694722196
730529960
75846345
613053901
542940841
457419669
959782510
412126853
76266270
229510351
923951876
59540487
680499344
568839374
25453235
497474685
845770575
877990682
208077984
945665616
724052787
665151278
487104032
988664389
12150192
440206590
992159064
482643982
394990404
109782775
210344577
266271293
932279879
803480542
999163628
795014864
450755217
158688562
635353968
395811132
891891225
344548637
678349293
962548950
289054589
614533292
858597501
44369984
680857676
212046461
914081391
938067493
133261340
32831410
755382812
29570918
243425927
87181954
600903709
102734251
465260604
477138528
17136449
966483493
19165773
657680583
127260607
877018801
569675744
230438370
46719468
687082012
242636713
812266850
53774390
379504150
986801983
524555081
699609800
397616899
581609088
947789079
801786304
182943942
195701382
272277082
133009952
899448468
48097730
969592710
551588936
363573263
557784852
532619717
930550527
414752697
327412187
711865799
943383176
631374005
487272684
981578698
474694239
450419306
165326993
226999378
695430780
320994489
979057019
375878661
42768933
718870844
387572152
203286809
521125162
517471523
675352222
834192506
770782110
746888690
524670630
227812137
828921071
600083032
678849432
683146203
129297160
710016995
881716321
639021691
52091962
274936184
581171904
68235794
910344213
600030388
473094840
351366998
17616948
968702003
576846301
812015462
920391448
672219067
926823777
832718091
976001109
354498043
11494555
413079004
739400473
493219680
941083687
196494486
106703374
259460546
152657627
874611205
771569872
482180789
97702218
985413784
439278166
340035327
323786699
767832748
137698940
319336357
292942595
921094772
44376682
323985223
816575557
802080106
170042388
712655166
307420688
156702003
673259254
846131340
707145092
774799116
698522440
468637317
899621217
558872280
333852495
384677418
961532419
650883666
447372760
598483633
579797125
535436158
870999784
591432516
372737296
580356121
348432368
158991028
695019150
656664752
61555447
90399781
368702322
415415250
676644122
139003580
26452097
394048207
952039857
995955622
201351951
925438531
775035695
322903101
286891343
970640848
440414109
764914417
433980252
753021521
357803937
642058927
473722011
445893047
744188097
281139399
931080320
578609871
339917870
727064565
808269634
514268225
151112189
50480340
713243668
608122659
99934995
484205966
882228157
194848914
358225321
567484211
698843808
451417137
397131682
654358592
760400461
548096683
304541172
402096446
139942012
583517950
725010774
941997628
298860814
419496519
616677768
922809273
671227152
395504723
207923259
447842224
54130336
224975292
187685988
687083724
774326342
724555355
609659432
678768683
870705853
956208141
882686258
239131337
394796199
790319724
943215118
22304874
48761365
89829504
520738936
382983637
274068699
937821422
587122552
224751684
789257450
209114559
751619525
293747148
991444889
177125720
812978813
486723434
986925654
910383095
513353875
473868515
263731148
710047956
880032249
35845106
938437249
625772487
531390592
183733870
700831690
485879436
547201428
508541088
476281400
594372893
874047907
581397647
874765785
824939620
173773524
116308913
637852738
962934303
897826273
565211782
972935828
315912284
687323792
693580132
143229328
395962824
252205681
484413102
276965849
469346602
758573724
338713408
209797254
484893830
444546387
648296211
406430830
403388682
523919992
303378013
661913130
243078437
817465746
397071996
303077811
231581166
611957647
161986034
736609571
397044962
836015775
300796844
812221681
314820466
62909276
622524965
938448693
837810459
40504542
304868866
233673754
62788325
231575238
6934797
835799167
535334499
371600392
389871955
380393232
525477312
709878082
234464056
439014310
594448260
903298651
729857391
498446536
290251796
390502320
911648160
784005175
90219647
747803530
879920886
633330825
457776880
526491726
894976786
421984553
822021421
709847516
568620369
362884140
219051126
69704258
599124804
11503198
810530948
561272828
767743310
859980772
222085692
781592800
211132258
687166879
601551719
861782533
217773420
411521814
333051883
124078428
648196897
447308138
128856380
520863689
143454107
314984794
351654350
373603971
378022287
8842773
476623604
967887400
558371810
815629795
141257712
871579914
219963183
524744002
304173847
718354193
687915586
728978967
622759008
51667388
561919482
308626845
536671272
192754007
31779106
595994345
308718305
483454972
88932669
697942992
61650619
121312231
234027759
698187436
926250149
284140010
659848847
436926977
183250540
758900537
383357167
254198291
223220989
395502462
545909166
729971803
641819350
693029417
107347967
614697689
436162841
919217928
824549128
77188992
958944206
834827261
778313520
158900342
341824864
782027940
700124467
993168631
878954730
860428817
753979175
19945480
637552154
521775746
598493851
20033836
58505346
250988608
545728426
863858470
668310219
307721191
85405855
141168809
646844839
301807301
954174994
615688887
376107004
474234978
261780151
142432689
296763102
156838767
739243228
91422887
505826488
500948504
95102113
401222598
58776069
390188535
375243559
362792171
641523285
525963686
92419648
120043603
94535565
87314130
556192343
185174232
373489502
960690656
408878772
651223014
749421406
637144710
512055501
40017563
827852945
84435580
617061626
404719752
598648666
611546486
723182377
480713387
782532516
507070963
514207347
557556840
155886495
144505827
805082400
278121683
932477631
722613683
499645523
120881153
209387652
834131390
521153321
288792874
918042634
76605918
768943186
336072444
747959994
88020214
342001480
868681776
988893001
55084549
573369652
974340488
773126907
970523806
764143503
29976799
802781308
611706260
337511086
587464600
573106782
998635501
29287737
228983674
155608255
130757088
718745382
26807723
137499187
391174348
830629909
993721553
563282257
328268752
486677116
522042748
842603298
387109932
732753391
694512302
165069483
645525570
568663838
100801945
571136173
830741911
504994774
961953823
958470178
469668724
318099843
597681390
496620304
933688720
715686090
919407131
47318180
539959511
180464188
617202905
369274830
315193757
731182588
597718652
224454638
579648098
411058231
444858154
483846689
242100755
187373499
415671376
878952867
642998783
422395117
927581211
429971663
928485790
657847499
324866343
625762312
756791557
68337543
667830462
73074505
232948519
497101248
629593536
612582660
567269984
474724567
302643786
206645743
115550486
325237471
849875724
914342980
970945184
876347305
991488074
419683680
60136619
478107134
716369422
282295225
902428466
718728521
853621520
511293602
788104878
489435467
118832389
882112011
855597844
991440591
612483272
246856213
63352126
524644147
991506118
82546849
781464693
832275493
916576703
767376187
884729711
209025632
763402381
317761311
572519391
13238230
459026477
52138484
666359423
905182662
565625692
278684423
351968120
385535237
170646037
514219996
643479727
118299933
824477781
77834517
355892177
420531774
351047897
124109893
712754198
603019510
850990853
446301037
884841185
908941225
638218985
227861125
561530430
948993234
397565512
693402833
955326139
535860208
938774209
774866648
30408990
66693904
215752587
950415180
425814898
333798848
894888092
677816888
353998109
477286122
439067120
663164760
7797711
838742186
411484009
464197936
857977733
639292487
605007112
969499880
162247375
12725439
167297297
757418197
266963676
337764567
717153992
402974884
987969723
477243203
558893855
107619518
179525722
49611133
47425527
289198273
204779187
400632716
698294993
378955349
708131416
173173965
92302928
407555063
469874104
975054224
220063413
722788242
537509225
933367575
835425098
316033651
930853095
969274328
612619272
17683550
899396605
458334389
683451504
88050331
616644855
491913208
689847163
876754905
918392265
331447602
483639037
958186577
791316659
122285735
259418749
457345017
940997493
226051762
261368463
989073409
920422510
759742233
287544092
291909451
117701153
994365748
865465658
54602148
641818103
242860204
176766421
210251393
436991859
29741976
389801667
746444796
717181210
610244661
762310492
216218208
483326800
215548022
489162796
138426502
491415186
261876834
931471582
415223489
673948825
378080080
375036157
704801333
707905864
623545861
97261038
139654371
170790296
391542052
970349177
622279106
626447548
635245015
234936801
675532061
154681180
273387644
521194718
761574682
732484067
512973951
740163805
330752831
463741268
45150254
505746609
704874488
270579436
149117590
800494263
855824317
62894165
450242169
380653322
263738023
867824046
471965087
502345527
813445997
932480937
250147295
575654499
325639158
639895483
140031386
589770659
848081783
980611219
813630734
983745320
218027542
740682115
169896900
682739420
160974873
637916273
44283325
241060064
662755610
117799252
392386548
869074934
21672706
591047788
114524860
559384940
176205378
254591693
971198776
807708013
682716092
771042116
707748719
829093744
482336771
937319450
414524647
690857347
323709882
455379594
657664824
724263267
456948701
165372269
582466720
115142201
892997264
767502747
219678448
625821748
