250068121
514608707
390811286
877600090
462532430
212498364
816390107
492458101
892465923
394256301
21590823
967562565
540817127
112983479
308307664
753740837
834371518
990572884
920345398
776035820
507705130
110723211
817279333
207002426
500480523
480690901
670292886
27186667
450327571
103102119
927493588
747062256
545094252
945373613
768159518
940353892
21425173
508522126
845387739
943426604
538775487
913122971
999248850
28986664
761735038
642382035
875386534
360839248
628846890
527298098
665406295
831214250
323337242
292451625
220273369
139344910
697329373
183808859
377119567
981841528
542205477
789203440
42130529
789363804
466762711
274528566
422468312
595443512
344823960
367953771
732315663
325849392
145185145
976918793
237260332
594582158
111474360
788292669
445267386
858098486
605304365
309453637
398339775
923029472
437695822
96279338
423725013
252642626
725100244
628814607
243024519
837616312
131402559
863546209
401221126
749572045
870992441
209885045
562223951
487206472
219913723
279943022
16015288
260893119
794982433
339556902
686029105
346418448
55191293
625691210
27870549
909036703
738541471
519021079
376537162
232751840
390863665
119101056
351667981
370483373
850803551
169825685
870343267
716009351
124929252
894699349
194446833
281638934
575697666
487688285
723589716
901589313
226068717
958060913
638184763
325361343
293438348
137446656
128047038
98138919
410250232
77306565
197451333
99409033
600944058
333987814
99074840
612381478
487009047
168469285
358708380
751891384
858217063
191740578
636402920
50088037
409599753
300005935
135963867
900283082
145110069
404390170
770720780
567503006
902101492
126281235
682967985
780480557
880836315
51175819
939313490
253417008
991054017
253529061
960233139
773496985
972374351
770934233
115065293
790941436
795624509
582065353
794629885
407228380
128979905
971698331
43372250
34328139
321657993
588096725
915761588
993432411
1482788
227763955
953028849
5860061
306585783
629948326
197307540
474662822
651019828
318594282
731545161
435833228
229155794
105291371
760837366
604688001
231507437
862905933
77713685
638665519
184940642
345022429
104658573
563044714
609760284
363492400
438523100
930403160
82908985
648639846
458822563
292739590
135414229
945881077
251934219
763290061
300500211
954373078
466911202
342426025
573626693
640402469
139921608
477030226
850520190
358796657
178072586
23688533
210860964
438684247
802820700
458752059
510383039
277096069
808491769
656460357
123105382
389984134
396099776
943093382
191425225
266904379
391753837
2379981
859771718
438805571
300418998
283274715
853357150
997547303
304187790
277134358
395994730
735287659
65038826
544538172
205100821
627628346
712524523
250963626
185419813
414834567
719542195
644224736
845819144
70503
782356549
858318159
137389308
595473861
640184679
910516075
558273302
523817819
151000799
306722313
248648631
137541626
617258506
411714618
58377659
894797870
170331382
213313660
134496456
525686342
62757329
775095379
212057242
263953597
451359536
495477034
677459610
145136149
757673568
776590657
547362182
747529099
156560836
859701214
656449021
442100838
145885406
257883289
357362624
393671714
718861055
872176910
584286859
758316511
295889540
67559195
10369839
300809904
192585966
290621942
244503185
506228535
509728280
320132802
937313173
7261169
646260916
873435710
144114324
144707644
233056465
413137152
766144249
374410141
759360130
501119530
980980789
757557291
755265595
616276820
748912463
912448091
855951034
740824741
806825286
190580417
190808520
453740730
968064055
383800341
485107195
376649705
952550182
467051626
532087471
41133646
237800819
836428033
922388039
649187852
795839920
272449694
113768964
212654979
160615248
305723903
106032660
209876717
998956379
794770008
86578404
252812546
545544307
576309145
541709477
332055092
650277499
768903538
513307514
746732756
816452648
192520185
905371653
760313982
659600447
856406758
460586969
299092623
842322669
718226483
263318711
144552756
835169251
106077743
820436898
476462769
798679126
643296055
580209492
501101383
84547757
980931801
454784349
173294047
297221936
232294649
831105397
376241036
925342148
200032379
390856146
468897280
323120518
175655283
832735202
603319734
367078040
353454981
553054530
304208488
845136933
806940036
367554047
280729896
531451296
942025647
417643294
439466563
755872245
65246708
533375965
6981444
188694045
12206131
662184998
835520845
737735834
732077606
463092046
427305798
25301360
84345932
373750474
642290289
327370337
794421430
821432236
659513967
273342539
217117163
109384729
445224145
90241525
276001003
655964449
277607719
613377754
174054453
641842749
355196287
814651353
391638833
620368789
860095439
666656413
383874702
280203234
310914386
513470283
997214355
865583898
635000432
890362933
125748731
278907127
760791000
433189562
725263756
953359557
737029864
120593411
758129325
166124023
538755082
955861978
88151819
916739917
912693040
356241681
384577279
222143091
563681381
90234857
107895759
612654443
633662526
463977141
513655033
975633875
943495634
514218195
510517849
146043684
276128182
351533263
474384295
554861210
964492792
997093874
895173447
844418156
888113996
220694894
904812883
234602875
56522028
225514809
81613707
904233460
578504593
467134783
367510193
954672704
128893004
775071264
301902517
544765575
782467174
513094286
645244600
296813858
919534528
749629880
9863923
222811668
610075560
612085641
889995839
187221818
481477682
533290608
952247124
915599164
461068232
540159121
334029094
342986486
185421972
873292882
556132415
408147716
382363434
609421571
397129282
476360851
146708002
555845144
17150680
501056917
49630746
929618719
772394035
451398506
351849274
598359589
924883627
138484116
210830971
682001214
624527314
444436385
335518969
894391887
422755778
45213984
514887658
451911027
493604471
588733881
441042170
958916029
359343603
909174290
956961869
237096884
914450422
310112956
352500598
533503071
76103666
54230416
594934961
388938922
137591072
551858962
760896572
500848618
563749890
862708642
615275493
195544978
132155515
503420756
248765568
111696030
72628747
487971545
186665793
351915297
961473192
694796973
62240672
428416797
60014747
90714715
570275115
863219743
494436635
114752389
683909165
614770670
785983516
677327899
605897548
570296898
849501423
946580045
756800815
870896814
284317411
14039040
888161136
630895828
973458386
245497192
826760514
855922845
660408722
845265839
164468137
426478876
123447163
585300
572029878
381306691
991989742
166518163
328924174
46876356
981583845
897676828
6411982
448997501
178799477
504822
409561460
454827614
897523207
678468668
262194606
126048700
731170729
315768977
67597886
947434151
806635836
431344843
454958409
814517554
263954199
714352269
202811020
649170795
950284250
257430288
491323507
785398216
105298021
224590856
578307154
682983259
617655871
709924458
889312967
386640582
7627057
439163635
452096350
972953563
835935730
371932899
958399636
981940052
583071232
38419437
695308146
807678184
932987413
624595725
574670853
560644898
711559753
514406619
782922156
267231576
694865807
357241186
498713249
921369187
509181314
624163243
349529593
672932350
100161514
579211346
508392828
21246270
426456009
680957303
939807094
367472201
979248491
482004844
978581822
892021298
755952632
220870966
66099562
911864813
562122140
683645321
852410801
480702295
649920002
17662256
971423505
103249251
927002301
622081391
691774773
650385869
940450385
530727161
463772249
211772487
22403306
285467285
881778538
3859886
530026607
674061875
381222175
252030110
684788629
207198652
581396405
229554908
535824795
890900856
511278942
473994841
291141624
586848434
359247047
825535992
771752440
868827297
23012348
82499258
607787839
405143576
94243968
804374616
989182528
289421224
427021815
448521330
18232595
766809334
869617992
470485346
339092426
62239675
381838205
888060263
302423146
600380690
795913664
442721349
436265849
741868597
567424454
36101445
110802448
217779931
359244245
353601950
171480114
638236255
440020045
153576007
262454937
799279280
396072046
124883031
579817907
576847557
262847580
395367404
780176836
132875075
211322312
769015460
21282863
40793596
134902414
228901949
205010228
471186782
523112845
171371750
72913632
580290997
646233407
865919241
837719120
58142523
693572167
771402597
930176978
73419864
277041215
379996338
326789288
716041984
208030408
539813145
666167628
256955174
308242356
725575587
337533109
400546259
662544512
303390773
530546284
798408993
14818581
70008852
82877516
130342296
148591722
700293331
115123410
268648295
80662375
682163938
153045872
530152803
287163909
521675384
883275388
491444982
465190425
706756971
855833858
831325972
442226171
305240878
832763187
595089268
562734319
948055052
162944426
797537257
833838639
672367371
917746483
342842634
335372957
39310127
43323941
623563315
688525080
799834682
924828140
576747883
264872928
58140993
635379609
525866468
386767272
136014824
969791263
786566970
842300198
846088126
935355833
955787539
447556914
699220310
356182821
709577702
237245663
487788247
567607975
200536669
537348904
317586152
434809654
408295002
764417454
810203237
194779846
247853782
478351442
259712072
802919900
665355742
781928830
279085974
566453044
384085178
669861267
306896718
208321995
426719495
978263787
376377454
955237057
987750512
737011537
961958942
895285719
636152645
683127304
333746238
386317651
200736833
232226706
724291471
39398978
947286775
623331337
227084606
761449013
576564034
941234977
721937480
308215528
582588125
43168225
270000091
173858709
168470939
132767266
972097642
39716434
930348944
279466251
140888479
222272880
160971450
362349093
447059141
671283464
802458510
914917517
558627199
564726477
144605203
873394419
602183066
433129035
57637358
239686996
619166268
760753840
442776661
545447704
631757960
485484516
256326306
68161925
372648932
944582286
467011445
788100233
726814779
503385379
711029660
294029804
