225450131
38838686
941106686
201701233
547372242
329559105
775385591
36398367
912878782
383445488
467073109
81181758
243764028
314794049
617303399
514125906
970484101
651419316
308111190
821656439
376968545
108457875
538277099
403861340
618381882
198052700
579778365
636904669
441531199
674024511
214419943
834658077
46405522
409526914
570159153
607432981
141794112
771037110
980085857
475942841
213213271
737511908
253608332
579285547
826268820
910861599
387232661
477974273
347496580
292564465
185791774
374178941
388378575
414148404
457006125
116992256
500561585
537245345
583319350
349319542
749780739
138480922
594867167
238854271
169025544
632415030
34776236
834237113
744634895
9870417
372331793
199446990
671333457
832168347
608443168
639456635
854849541
958991550
577592519
707520282
810820038
101804092
289408088
148966734
488232736
840241001
446279502
632257116
952520788
453166897
106871395
604548765
187717760
630766315
726162101
74732349
142644741
14754061
410260002
193853789
876085362
552995546
733339376
337626162
920232670
986344783
702845482
556210227
805705235
817549489
262142713
541570034
959652825
875799066
538499502
647976646
849072832
445900432
750621533
328784542
186135527
402519119
881716324
291467998
902999021
767783027
11729230
40567142
106006245
533710818
496811893
840095479
548731547
383738729
831434919
257824491
368464715
951781925
228734062
501887952
137395518
890069274
826551880
134971299
191024183
565301360
644895938
311918692
92266812
78185454
225659516
696744307
264132527
81475459
7718262
473566243
671279221
441871377
434627139
152449643
974615552
662278339
450203981
271994416
320737595
422047232
992838485
575914096
44364147
280675011
279511931
897290905
217166370
248733580
191389024
296066251
575967237
746745024
100443814
337697661
122887088
699810536
948300329
27820790
308051301
800067585
575962952
467256088
376020467
357868675
586545268
926593336
517154785
76284419
527272398
475117178
439865293
554557463
814233703
768976950
572462874
68981842
267554544
811591800
798673522
328368610
479577937
15398946
890086434
711652009
897599004
924534196
341427563
96929478
29562554
274805016
713978008
422383190
963943113
520670008
846084278
525582397
199893629
686495470
694129741
352918594
380136119
140881950
721461181
716271844
856200957
21409774
932511320
331466863
765234786
53905245
432255991
136708529
229147267
979682690
320489648
560564006
577169652
664368456
460269670
662011071
585165773
420225307
46721864
252467382
761139168
17482102
590614348
293563694
922892670
46880477
869088212
581059072
117462058
445754927
948232489
338695986
293937763
173814589
855451050
876189229
992022874
9960699
331694691
975657307
842549023
577269479
193235923
984260422
200180360
285520271
948412743
535525171
226225800
32118669
767752820
959910810
94160085
468993798
955132675
838718855
430795425
638947626
408574192
718354309
184817032
851196918
19246470
783392338
31450201
981793660
266626242
403355062
808917405
584080440
669988196
575205073
88530616
71064555
409918358
183869688
824246177
606353925
93383334
637372398
98467732
333563041
354833272
85343389
678002106
988321677
244535901
824943964
218681913
16732195
445393804
353075248
601386506
613340381
790840275
991352104
558023009
409843583
952810220
218386699
18894028
545057681
726607765
642145359
362130472
192547746
871380194
23095529
59075440
771262986
14472677
824441499
545564292
771201792
619886576
851253990
496363645
933903079
105390232
43128522
737257758
441682277
184673148
792185209
138686635
316912948
973818566
475190234
280224279
418566253
625846678
414402594
653543703
874996633
618478370
553410049
606955275
712687912
723212916
485454360
116941483
221440371
765868524
447418926
2259518
620952304
807510954
830184713
993453803
939586284
494988458
624119928
304453351
909681698
481128939
577211750
360384532
934422554
503458723
45217523
218729178
396189960
742871249
640509185
145416308
600070082
170897795
670567657
152723422
66476527
244298715
783675732
210690163
619935870
926187038
515817386
675813752
737254221
789925691
517734330
509401992
143633853
481736429
340637993
923577793
1726749
109949242
743862004
393867694
41266619
193025516
672532719
209229189
677995392
266725181
720751521
478569121
125359338
302002617
402189434
450054508
136943297
677461290
926977276
695287569
711312725
413429764
684517480
983494658
965311551
901397997
623130310
144496862
985724391
535815530
75095325
914453529
402233255
716931391
143689559
490120839
427035790
276699963
111456802
873451009
571765994
574446542
532694770
353210689
205435516
37248264
550454414
435251604
387736256
67679822
372458695
466172561
554759152
645350423
212265068
588296983
425431761
760367344
428556141
139868621
569895205
528035856
223504796
142179862
191629856
806297990
76335866
408427946
158313058
912068593
23018717
860243333
566004488
53526266
123521575
136866182
880734993
331306790
778059142
928063286
350943582
187878706
756760604
918044568
163356834
608922762
359694377
756882831
504666322
555392574
64689078
666668445
848143821
971588179
303555804
43730137
350941745
390514908
161580833
399137524
960912397
142026468
276938545
475667662
44661104
512215361
900168072
501232885
521828848
75398886
707561989
94124970
982308200
500492853
788925037
382016498
771275251
305460227
978823026
582707092
446603613
319453034
903761622
602920482
847379514
356350271
12099511
594416307
749970461
79791437
785924435
490220084
169725957
378921617
967150888
208917114
910940159
281092942
873383464
651141472
708754689
858461490
235053982
429267436
847830584
970564107
684360243
347650967
182663142
921539304
272454885
45481518
411691881
578873739
952533910
641459363
238264844
674018062
628288146
688310832
500115849
305751764
751262422
442037410
289474449
217341904
924399011
603386583
533341963
580007922
471076338
490182308
432076761
327681553
873952402
588142121
84399051
474494185
755089897
876815406
671990026
664448543
411753165
828431156
807336551
740442916
78528203
590852217
426387706
325691525
970652269
236922097
652804795
185072631
151025623
403002924
107199068
793016571
139792987
630488679
46165095
80973660
814309002
602655218
450462965
782272575
613404756
84010328
704921335
364391788
557060311
763770657
918928164
751472738
16320805
835667305
893998598
922831265
634700857
549031531
138813701
333546794
176998876
207650438
609355652
234154241
837377512
247004129
176655929
470949478
480943053
291382478
334701198
124601217
830650310
591016366
850139539
809097946
377968190
25063976
127038160
994517873
885930880
61995918
768631212
206881611
317993932
901332055
168751826
315358317
509004324
184367801
158315713
590761454
491674977
712618300
903974782
606658564
993299564
216308724
944895062
366400626
907354397
233971856
883448733
265677832
429069458
794326946
920822426
425304437
985527764
84900652
544863074
609636881
421993370
144295826
447615912
115002958
439019225
402474041
916160307
936045455
78252303
861297611
961945153
296575251
133066764
743939743
632926239
118032010
687041583
243480975
815798380
161659465
80168913
760637533
87163476
651959024
178547183
502953379
777812151
523666985
980509628
743447387
329830551
424103671
639504726
548678831
168768083
347379150
265002387
788971823
167639338
590825522
300148416
8849606
288148322
46056785
272026702
586873481
132611067
685129714
161400706
802790415
738262853
742046789
269102270
383203609
529467968
661355836
57132350
795656887
936455773
936065844
624661888
392493322
955535826
334804914
531467060
537841481
657070524
584387932
575171659
285547088
853029621
898069758
75841636
224972857
861511048
71319306
472489210
41106691
379932321
591673701
370342311
92682437
362266278
177719212
5184534
587783760
155001401
256301116
19210862
507412246
290246800
469345499
852516049
231573493
966163633
907655092
53313778
953343407
514589724
734185220
929802956
548223134
109958054
875853617
949760793
840193093
666205153
44129412
521692559
458148661
188866625
16025659
415724565
344782072
565723532
531979451
30227044
777816614
329620380
943683298
382840079
400769407
565177069
67759413
995300287
383684122
45553709
844268142
258809223
953855954
18005528
519145802
526516965
645747100
661870744
822119176
982724382
486412659
227958417
164991440
921578606
110871988
734608556
561062200
318545620
274221141
53620933
507733976
665849959
434184182
877428047
275497163
623723026
570906424
351345140
529033548
983046063
42198640
880553328
566076670
794639383
821937010
785320187
567836603
440143133
669720822
489508692
769977464
682911327
743604355
549255068
543814383
549858196
164628940
22104692
271968091
666160850
4114869
749213792
721079146
330063188
537819732
178418183
824625040
76427907
742508363
895422774
955610540
294401959
132837195
839073111
940525741
605859330
661881745
370352055
99641595
325551799
166771952
120919066
648824796
784712447
283643467
824822648
922245602
884929113
333613664
725638965
459094086
548801731
79377049
862872696
978931194
292984847
159474182
236013482
256819651
643518827
960695146
491408696
697634768
774298047
533898151
475575505
550074131
904531242
608729325
937955052
887976449
794276883
922463095
946416290
499388897
883195802
100388995
936366697
46419721
712997082
256172579
939695926
742814241
16869398
436328687
406808808
215024910
269964497
860141916
647540893
446385147
425868263
113532404
456122767
364856652
675363254
423284296
874526748
250814296
808067961
274748517
17714359
276199787
395658610
837662514
664817202
626338635
132960757
363483798
95735392
192595851
223107484
189593761
543822567
387346247
20999220
748594453
680765370
337969359
127089342
260550594
280109633
44389326
961188430
491569905
462108186
680744479
466340327
581559638
824025642
459911505
225862246
685552400
238351758
438248565
238458219
663496139
347155631
179206883
771511483
780470171
82064153
906480697
764406524
454945042
223277662
236274502
569709835
68776520
343857432
926768800
742518925
536557388
123724953
