87758693
909900065
211646698
869647808
805135516
929177292
614182687
376996720
426115915
669256440
614125841
645180640
208094074
595120491
259727922
439332950
290272972
927148310
605963504
64770699
648356821
177991962
409662412
999640655
230392859
322318637
589217677
469867678
409952778
756455212
205556305
826507420
613994697
103508925
752536073
12835671
909435072
930925453
160570304
532515463
992987373
236052583
625569447
409531648
391737585
550691595
244855105
255513212
314893485
913494739
99307201
294459523
654759472
445181792
810207124
909766729
500237652
212006041
639254949
482816878
339959615
144315008
967043940
669660701
463700134
787618420
31185943
104585148
842584416
246892250
529897876
359347518
766578006
73448040
71783325
412304237
552422513
130764
607903069
679701263
77463531
333704464
154974192
496458038
657148011
911096780
171747947
168812904
293301799
842769342
512598017
697429030
291670503
677753424
192555847
848672364
269008641
955908745
945831512
604119164
519505651
140269956
412928794
68001234
383596862
739959681
527881516
581311431
373398467
397902887
357344216
500106888
604102970
959553685
405353347
6255150
989340815
470585901
12512689
552603353
615870473
862373038
811283348
999815073
734294232
832468844
67677014
88824581
880892192
223110959
143295595
596513767
54299251
3783905
160195611
937193573
920775669
86972957
112861175
917188328
383215263
590436514
795414435
895398911
485425126
12491129
93326060
332116816
272400076
186300697
859331547
798422738
943396055
393228158
988248689
657132612
328986607
413113720
333707001
551128016
672282667
439056935
700419238
150287507
254607291
760830447
445807637
600319064
799358073
468159773
85479480
902367858
357724726
95324360
169388089
25433958
66958602
915884435
514389946
721803102
739142784
735560196
816424503
694591494
363779410
344872855
653117711
661071091
15535214
503062998
608206965
507661948
753265954
561733158
244905661
944158327
890017274
645126927
640791620
724594678
566683490
493006994
532758742
804240302
100821217
956963688
440698012
848071694
223840068
962814731
590174009
413102171
898723772
611903898
811985230
936722469
622632430
5827744
786508095
909734434
107712735
784736544
584783849
296295075
859952806
577817530
149101903
795991566
850418697
225229760
135416682
421831673
275092815
789795267
155119611
246135790
202801454
12184201
593770276
406815721
904174841
805046015
437231022
52720482
912888987
195104794
608938174
141362056
749747926
308183191
321525897
884189530
858618830
731057184
616881942
781946945
908223143
236463667
944287495
523003685
807861784
644706445
997652996
998610306
827398048
168342335
138009355
108928505
456784286
565849439
733921014
610448228
412057466
379692374
5559592
302666718
347505522
532063367
383406086
664848012
968879354
7739847
46243639
542235505
903703862
251227151
563212841
544035629
172913324
373172665
337912646
966337786
67896705
70766590
598953935
259468396
807393018
438620714
225322432
744546651
57095438
500009669
684577769
183898487
574262176
711077667
472132063
478926456
725497592
314215224
434441422
376159775
853057580
279439483
554124330
800121937
598462805
455417490
94906444
576170897
605129493
593973725
936015179
83611620
227936793
767583226
542551523
341290875
780738438
746091194
495273698
908884806
306740934
638859433
607752573
468869684
323162076
862345151
967973328
192626194
779095086
84286385
818538036
858698098
938731241
961752869
113280206
788457220
516642259
798831996
661005589
351975528
343714270
649151534
139417158
463121712
563994488
600966148
955961692
806678948
168526144
130841188
698188017
979406396
818941524
525556615
69418841
214198146
671686908
85254645
476959861
736117653
487444160
902280249
797075809
520843107
775435688
77317080
144880377
266183922
654303020
754094301
824648614
981906440
85085605
143298170
565170536
657589399
499442274
144630860
904875195
722195927
906383458
161294380
24100050
648253898
386098367
839131638
39756574
413174626
892334028
899082058
116770312
431387614
321872135
924887935
864531366
441434019
852075723
618574050
687686023
486677407
456085771
689777769
152375928
414431841
306192572
716281575
894320791
675643354
960386077
411829440
714755871
527056047
180379449
754763932
829734194
326149780
878180198
148821910
134744740
936304048
37560506
731705749
373849893
755220960
637323989
393261000
660034305
160197668
278766802
123736516
805513674
880868223
456944836
418197787
266110156
216605688
8918452
609668207
342061326
669816790
944810846
364113218
452788547
480504587
184326187
589714263
251008164
567108201
95153741
538381586
563253820
703253813
483829310
751381974
449116901
724380020
315927876
397154966
777107850
912931570
56247270
734123122
396876551
836649561
606315765
833887647
70111211
762181661
488653776
613128505
317231328
268511990
806760583
464927948
991493200
673447286
278917202
893345304
570894773
47609726
142252835
92926103
65043927
740385215
560482695
102259861
397038912
705562861
969080884
541730134
900677810
611763484
832560356
429129755
613569520
210687724
967236666
616138985
874188821
350438538
519603051
488826502
78454424
482025234
221150257
294741829
896493229
18901362
759888772
775669613
445462818
422582571
826260191
729498124
770678734
963321166
669079195
656491334
276166865
504055903
436848734
364548349
793100775
946923640
712450693
705467842
435951633
377630827
851358427
780805476
706210619
662778215
19156482
220456234
528006673
653426332
14471678
583018691
519234958
265740866
205766631
378137550
945674087
193411271
96267316
478095239
785503292
103062231
658451019
650248353
541608527
310745331
339972119
370132917
913589803
155054702
695725726
131530782
769574539
515682413
858790194
518862401
167542933
979083295
69458994
782684601
403426088
605803956
201491450
117252402
948849487
86060503
137256376
10425999
298289272
58711184
418874260
599689503
850656324
234355454
919964549
332889401
719179806
201110074
239196948
395465287
322806095
649023563
306866430
372951970
957700604
882940895
813444150
3552544
406950670
686904228
210594616
966590790
123952277
313582714
74669151
179699336
901570780
541198617
701398864
455548024
173488955
329546119
71843645
854878618
736180441
96036222
280874457
535219085
595717863
525900792
799682593
966432858
739886347
673993705
459878505
754402523
298937525
828539479
159551796
65908591
272616352
133703831
603475328
611385042
848116566
452283469
475737226
537073609
159686303
740265213
431318620
177981189
499711208
783648923
221976332
993259975
577179918
451987811
636771528
861664381
602066437
278225065
407834679
881049876
887221634
244161757
226704442
449958570
853704208
320266626
880761809
73031301
381646820
635490273
182931671
39785123
726070790
460458601
6762052
283896971
620298995
743800846
375532782
855452649
94582172
621701404
466721650
956237423
452017373
466618529
177222605
846949713
191767950
297887414
463842152
994391286
725869151
722425450
724163407
603954809
225579026
25778655
683369400
839419676
859503402
358287319
796334367
864220933
600717251
182191208
267189184
116721317
445225758
352874556
241365386
858265589
902692281
552382028
786467704
265520230
777440105
270467018
997941196
387085678
143044020
33812096
881263349
83759406
171648120
188540384
313915971
3645339
736295192
402807242
58317945
594520339
60431446
536113105
995949246
736294852
825367035
602500715
355520172
269826164
199429344
60501287
401723954
838893392
56522027
605576561
91699004
173487122
935957745
458643177
826514702
955112007
27837457
296283721
696375655
825691306
477023968
712574961
692572813
412176866
868275236
263543844
380426124
42418516
294556611
646845045
797834143
366579176
556432781
50172851
440153193
174939390
914946844
728115032
187656334
82542733
632088140
42369957
27237378
566071557
96841379
140428848
67687593
277652015
576292538
103205936
566682882
764147723
839737449
170257940
259270883
112792074
909927900
943343304
401550926
935885499
680075162
359305437
544336781
409676980
807742417
725119827
617054340
885784893
18489983
651575312
40165162
299722424
108627387
613832921
193603165
434654011
685337582
126501256
315335486
727846388
195856251
102774108
466125977
191350674
80162163
33686419
526841725
386174841
790901967
327361119
265011488
971603539
326564105
251770833
402467569
272782702
498033174
617560397
758329139
371721551
523374507
181902698
259162031
924717224
63040774
266960458
655520335
225904527
976654773
824616870
427454490
783426644
628007817
673704537
740029248
577301053
893179459
352986106
329514817
774055997
198278101
230879498
94882926
691128862
386563824
68561622
973158317
856856552
211365352
920820461
936620835
67777185
368172115
943613934
204471880
13953552
843612075
541408751
128309900
813201704
378166083
300937198
409520066
966285095
899906627
481584842
343595721
652859567
511741584
825166514
379603242
145047068
288045579
984273140
173443450
292495008
87019772
568033168
538153400
994479150
293802140
798663781
14539175
55834312
887996034
359677305
415254528
684393882
469232656
726075695
733688977
351770707
224676206
516313112
395889914
897340902
821359431
128597829
791222233
904978980
724965899
320298749
345114968
386198836
541217219
791573767
779731604
383898974
770170484
911976871
926933779
275578907
3255351
133830748
519399563
579502300
286398023
353685753
78289061
540229322
66330313
659201838
183626911
785665888
91477537
27832534
920370861
771732465
588383226
276102546
471135575
958421941
776810933
633174418
269513251
973503389
453548813
628340337
514617092
96422267
579945699
31355554
914223397
557255783
799141915
458110069
348515356
90845457
996913547
816387613
610942878
467673678
50308768
250992911
838648667
65764061
136671837
559449078
294721299
513384684
871202904
7999138
795515746
494067937
440841295
968511837
498767973
370080931
864317496
545896173
125953486
658057684
839068660
981866793
960283621
34974758
744978440
626371126
986523972
633367466
679317177
829525403
