1019665
453112400
910671446
997211477
488599254
984190702
939748748
320017128
467954582
655105598
497875887
5032646
621745273
974697665
791562419
151246230
834451125
748887974
821705422
83998035
131180658
272895601
67947077
310631587
937748015
77366843
247556257
619818925
361920244
129075915
500241059
244359604
454213245
397205052
543121110
347788621
952808833
780595972
914395936
371028498
18783834
389472049
918020136
776099260
354390058
884998030
703772973
491451784
622879627
765359651
695572436
460702752
942558297
934104040
72293416
728124063
385165322
600039858
59463461
411232411
736634444
319929822
958096883
338878666
154864539
253516283
550819399
224540220
431576554
443773797
198437395
53855152
834492037
450676924
65214201
741708607
354875463
291847816
956241528
52749985
373593868
756104472
996939297
596560591
433503478
39538306
301801306
520109204
324911635
814997046
962623298
352768974
721132511
503163525
634394052
698854010
431375165
579141469
621234721
100873774
334178630
479232752
59875229
179105829
566922255
641717284
626210714
491881372
868889838
330584807
373248599
93317505
643798328
6713476
37638542
980529971
322990524
361536291
905375187
115326232
951714976
30710195
899628584
616579507
481150497
845668420
332722639
331328511
816282871
366360189
310333442
775733992
670613094
855367754
718571353
894361114
696229242
817833467
29638335
791786193
413327590
809919932
651219364
994326827
441748447
869305792
708970645
714419035
465524982
653864079
375863486
69838873
673766281
505908488
149158797
303468435
579604167
443295720
697955330
721253834
308994644
294882202
675598499
502529649
20251364
597514605
422704410
788430573
288142121
143277427
284300729
505157055
331897956
113588993
701998640
141795043
379490829
905301756
174831060
611844704
136697775
618303603
865803528
162418792
990496702
240494569
101967711
164704605
706208956
415102918
314756946
252933522
119878136
308384499
482791549
118445387
134321432
148689715
974075462
844233840
446601382
920540070
426276914
322247555
369563350
870706429
737940916
560177287
803909846
7363753
923977605
674302410
268464660
86110626
584556059
690691039
429078673
513179707
512032945
779756794
495546893
257999804
82221616
873039201
828520479
31367206
385278919
23513456
630797443
583553252
7473611
230801113
931226293
330597218
165243321
216157703
192026689
543555973
792855441
119790273
502553651
541790422
360794758
698845202
491125312
640454535
984468860
33767509
723828439
792100508
689366713
621141723
636656768
194318667
348686946
188601577
838318453
553237711
493727075
338196143
485427509
714427460
929379843
220356593
999890141
693176491
743076116
937867440
920867303
368398356
498664349
885522698
720324265
392242672
277203142
953756470
897205045
383376413
381913889
188065943
46898344
351511409
299685016
838696933
894186538
386331886
594144344
736907625
981910271
976641743
377839248
638788977
49828898
454659297
634362762
788126190
612410578
140438164
698955060
797948820
897378418
46601420
112900204
355430083
293436158
803844013
900817457
244414096
917115523
394930475
291396531
454942040
171323821
305661131
291297798
133916099
414742443
90682909
326170054
613558255
99032147
6168490
955957168
944225559
990559106
859875371
835693800
265664967
757879909
489076951
341345891
756766880
684421352
583965068
290687524
296924
238611204
944254931
545260775
90342524
485514427
349730247
819792101
586979795
685245212
922897207
467465155
744167765
163361499
500446662
373383746
521727669
814268108
85396804
698916672
891209927
90644251
168674644
364870975
433560786
968150211
635152490
486534185
428038572
53584584
534629649
770520687
587358752
14973606
291000874
895304894
470487510
545422133
235827530
128043827
749301898
186376388
368977372
258980347
67661898
392410216
91526035
102303468
257433246
115693204
819618221
942498770
599024547
885048394
399477596
909652671
69936560
579383955
111699989
122192311
850361936
863196060
391753528
533395211
150615563
152376520
880106402
729194158
872360624
605141767
902896234
976305535
578440578
957352976
949614773
704833538
721666877
909694296
297209077
41150569
876624176
532849021
229100939
312345367
233966361
592130877
171496139
702310356
615496009
381348201
825368333
891103554
433722144
113635218
277681889
886105836
794622858
835582160
108364784
915285377
512303813
362331875
229942842
652291478
212796968
843312685
364058192
641671570
935433620
694644056
187985794
160242263
282174878
70549419
245568133
317512914
634095121
79408161
299428849
558484684
980880379
177796045
113698149
491012423
779773432
11792680
542583390
464805360
679671086
63508937
910210679
886084716
801329512
381923699
528846755
514292301
302906179
576809459
99548398
390653675
228072685
529824568
766876735
920851952
193362407
665126070
608928675
363172725
868067083
960168973
252010714
715214697
536153310
549880098
934404996
334507767
248633726
738930418
872518044
201004288
300729294
899252830
962000482
871924682
784433376
301901076
358912749
900251178
541702662
731275831
14606735
57285661
979859761
908775173
330411999
451055811
410919308
192846195
297650015
114647362
402864004
179410665
596738275
719502111
811498221
194995982
349931405
251449413
447518701
194338987
265658574
563975759
704291414
898544109
89924380
328819853
567824084
894952051
136418576
891461329
306213320
708677495
821470061
136791252
945562238
194725052
735354934
627378136
219468098
483349185
923588458
55787530
441280402
757870682
798140282
121318628
302514555
242498371
60426461
589437394
951969670
107463336
452732477
347363674
465617256
450630975
352994246
81315651
818850792
1592146
883231725
515967255
56427619
406188685
808434040
694186507
357940602
459947022
773939872
616773168
459641046
722553268
31981315
964169514
270750528
209871044
122695356
946420731
100403827
968605750
26305297
325325713
834525590
546981181
939491658
198749984
255945018
474106387
671173995
494931263
841730805
654039283
808527342
217875951
600117459
407621202
999359910
35091717
949436640
103953775
763378025
842567531
468558497
443653291
129796347
229416401
75482020
488562961
76613145
255746212
327935618
406573513
980911823
850245041
975286848
557906011
681441664
509446437
466697025
609684056
438241488
883834214
788773026
279008609
775042362
805601761
914025925
814105362
364052055
863129324
210511132
87603638
996984090
996450050
205227725
183737764
856767214
390872298
417184833
710075256
123267963
767382056
397493241
415427782
166995644
435157291
673127459
958282299
242589102
42211448
726179537
489913473
568394690
339752584
665712285
879543809
53794505
189549888
668610928
324194585
315390474
261376656
124510906
213483820
45235079
240331979
409589422
984461771
645017315
791549083
701138795
290569365
92261603
756621767
486416092
670859431
486340972
373345244
112012964
339885070
132474302
955743624
571516260
321840606
136949787
720597658
519208946
657231506
330737764
325683914
129943259
667217325
722261368
92990247
394684782
861891306
642871150
184009421
370192703
926663663
25567869
688665686
313264984
451040017
341072651
435610171
397651869
811772922
853336490
994852853
393202836
680449260
77536924
328725858
191720282
359646849
689860395
802670298
76534032
324637419
721123031
752357915
653724006
319333400
661605824
33921469
568307995
999271355
361936985
624524785
27988280
302331551
3152540
185349299
314317201
443808615
642478640
120476242
980767954
701339614
322945789
707436023
803895014
335884909
932481077
449493998
589680401
393535510
901269964
35037932
172030910
840200851
107475388
45555284
205540631
273209952
34941679
993931582
789434192
307151182
867302174
398380513
449835936
228811705
966864573
90871285
677296719
892187623
14408657
747911666
717168207
569384153
821902343
375194417
1691629
13687008
948462900
317839097
386852322
212111825
444241066
174772485
98001390
326899052
452493875
187787428
194856162
957597255
979808667
41107248
408866936
648547057
331042049
673616771
834037438
924565275
257600087
575083309
369020335
841609791
772197277
697492777
379126853
153358298
317869724
602646756
18298508
732280970
43863654
191853623
324747051
717102581
607079259
577322366
862910114
692529689
300379122
122936883
776317829
779077144
896015122
719699463
912378955
973301407
339044729
68621149
238342103
148285571
541156977
77126353
756086919
373379591
948818760
545242530
439914547
746748288
795645631
944643091
9029328
849847117
169488920
462575190
913733600
787955043
716360196
691764353
41467798
753719681
810706655
141507749
624186153
134663204
798765478
589943189
945594668
52497814
785113821
405825444
814313567
249248574
364304652
870012935
191123993
966737300
435766703
951367459
768283819
61836728
137407819
116161826
896884056
355736030
113907555
926470710
609588224
433439931
805965861
124423911
256941211
647280375
27153351
484622420
337578914
399649227
452940198
621423715
574614111
358875570
599647861
387416732
961634465
389820187
130329524
759780752
485542465
299475983
271451197
946996299
352188340
764992735
923480533
979631068
616311862
694544829
244623692
268450123
20755649
872294767
980354964
512154737
246531951
660689909
148884232
167033192
222095223
879682230
532434021
791474765
513797101
814342986
376753347
409408249
462188866
749991085
154527359
507063869
225406505
354126801
440928244
310112241
161988733
858969561
772235570
491948474
723799841
47522281
868310557
643034083
155025535
184490075
600668066
702319343
378520605
87493123
140884781
300944556
240935954
963296330
537685529
605860234
767041961
479976431
433199197
537845352
388239388
514072283
517442201
866320776
540017469
737559821
43043617
666628846
431366522
670242723
350166003
387562388
888454338
656935756
443233350
174572941
11371673
889399936
636449230
329307026
213674920
674434003
30887643
374695742
609106304
853582802
266127914
262110174
816441271
835068009
543070278
682012301
425770364
234390218
103709086
209727557
530080078
1989780
103016613
417465712
141446458
