849523143
133015602
580579695
781318916
406165585
156222063
387298211
737577356
334437877
191898655
528516746
671311785
346194212
833533000
589240164
239902044
108523388
762698640
520479494
71250962
268478048
393300229
541763798
293071899
478795151
438088573
765401436
888809817
408233761
288263028
754821604
466390389
543745597
427308912
10332702
265728440
209041037
718660960
179348507
173619822
428406870
374438925
303972979
415205866
105460633
253245799
611816802
764866768
47238301
742457793
930435799
792845431
249450641
12816654
506915320
456222913
591251802
287507796
302523764
968077010
390820626
498488393
329343595
46174848
437077049
62126356
127566188
918885298
823200298
323511724
30861006
389862427
583350133
346859671
642844091
894039121
89327250
126557932
187611265
225549352
826271769
534667
841571515
665775966
357827228
961976171
216939748
530928942
920393590
554109788
674476636
921533239
416137196
211271495
782799194
929918475
45095329
257798130
978128815
43334277
125679611
692931502
941666469
723726576
711596787
540573371
209495297
902590968
369972562
612876197
366895662
464693870
99896531
76974411
141805241
390285959
656916876
663567628
688347618
475100876
845186607
596637245
998491707
269090509
649035086
109327765
973725229
372078637
564060476
712925614
848943792
831529118
148429116
144276988
99869741
133340266
58868196
117844939
954179178
817253856
752480873
314348778
160956379
307517392
187214125
209782766
821636708
339162784
69466254
392513234
273001599
381527700
569450511
503027938
198147668
529042364
694439794
672575960
74691489
602269021
566848140
837416659
338530492
657046947
763932404
535366543
316264753
955619541
977104669
8464974
331417763
539071936
709388448
871093761
722620002
530837828
435680866
690974315
81876384
439252319
287691055
634562445
302612383
171547241
439924014
467416092
262078607
645401176
946129318
570827375
438900471
386292235
43153449
351910156
250405715
915064213
975818285
503909431
543584986
651847581
893518011
866017166
362058113
61001279
61095471
733929661
672139250
698356748
780407935
667309838
93361498
3465478
590699575
635439168
314577965
932285694
534804275
166983250
217122932
296516312
273287935
670863576
9490223
406277294
569564501
945125527
495918486
357478292
620688046
807555787
555019542
931771433
147389328
430028802
545734307
421673888
272504331
241611103
110451769
705994352
795276840
563721857
864993240
278819479
477465876
435434993
795592658
407714280
37332191
318120019
380259938
808835034
286786498
247068674
378559645
222654435
856526942
955780818
491436777
115969943
238011174
314660958
77668702
972852147
112290296
161590063
856076149
160670773
89704861
892904076
659781362
293193171
56531480
511128578
501239470
709566077
805870335
730670743
928811416
134129508
149532868
88204206
320146100
302568026
427295848
746184507
644984935
900320653
51469157
323079872
565146945
316723512
750174325
994481825
467983177
480615882
486053155
892141092
166529183
315875812
579358842
634921885
318009418
144428113
658338656
87066766
752303553
775657918
745829202
668993566
416784099
125856199
26969401
357307269
966437073
149806967
994514856
775100674
545556298
366105787
516605127
955755494
109201615
766624988
327757131
343057849
543018845
62049654
43145401
20623588
223512921
913729242
564141560
612935604
554770664
514610981
770194787
175717987
644229369
340229082
993880953
869327015
154491451
382475589
906295772
439290745
289754111
392867056
28044751
318176209
486101024
710952479
346584793
800423394
799270683
623603346
525720270
551384429
816670981
315280806
544047920
690253899
732512517
725205613
445480644
503054856
561714638
414033795
802536603
451826092
379612179
818796869
130871305
205327215
372224833
647278111
801264043
726726024
860329214
888466384
53303738
150151788
34004902
724969190
534522562
512560440
567144448
763718164
813664919
931167316
988890710
218810357
359047004
328948562
796181160
303627054
136814497
429285836
936994943
403240916
877576106
875720314
590330451
576218658
938564029
667304154
580081174
141257577
428198560
151992572
822339301
798994244
691055213
928204596
261977068
393896132
656248996
7543326
190683051
932920203
935910406
797996472
600368875
871369285
462935380
160801822
459749865
801922741
409146054
68597779
510463613
371978207
789731080
457088298
10890277
177583422
559821335
457786242
786405160
867218406
932479265
425886870
335519603
661672346
108828014
189896466
527755142
430842406
66971494
402285028
647378056
129271170
238602784
4074740
467330508
79579634
275351438
718961164
113283278
777762206
207554289
778158432
732111522
359600781
641528957
450361094
9263163
233966914
917314318
84393646
834074795
198462753
221138165
323464643
440937
510023536
462476868
938696527
762541271
273038913
633046678
28907458
734951247
6861025
421219722
381192442
133375422
785656339
989757789
931310642
902231982
840860169
344502964
8642953
659664117
154320832
693775346
975918821
20143389
658466919
180633302
293788228
513528086
982577847
568210232
448915302
908133004
915138140
3633802
957306970
617102764
336654910
956419892
840244363
144715528
178646831
43207185
725250496
938381058
260336514
316985671
223606823
244209124
986003675
182161662
993214624
853959788
212495211
663800525
846120104
816248189
486558046
918553138
104074351
92405611
339258450
515379370
752373398
438650792
972304418
473059436
218237281
782022536
32450819
314207878
565577072
884440276
504258599
863927424
481017286
111113647
968524848
37537763
759806873
341481248
957026478
49579103
527524410
800416184
574995606
594955512
695637793
251337615
157513697
141058781
130544717
418101770
852345540
747838752
805457077
663267459
290833785
286599703
966076638
787277076
98748389
441584285
211758304
671795797
616584589
108774348
349701188
348567785
182783238
735006456
847723339
449020283
158746265
762593102
135379131
289679346
987854958
951957213
863655184
377348905
777421642
966899665
624508839
891392037
183663160
147475301
32094735
756419846
58470347
817749825
820279860
681925145
71461123
972529795
242732858
515442192
837820798
855728612
183831595
466221258
245254324
347070007
68554376
422507239
293335440
681524433
259355505
89752437
612459620
515777730
675412499
338876571
422944518
588727732
9855434
131848723
817075445
320366266
488132636
469109287
76679612
593281341
290097438
365033412
914726594
165798194
377559159
186216468
519860244
619936938
451858547
132126346
768125617
397433926
132094581
430351635
898345289
202001599
598056596
502138725
888119795
942342296
143960225
542692615
142337325
481403289
258980627
482733390
962674361
110884135
698366746
517454531
367595975
714722306
389541646
651972981
56972568
703520962
507780643
127537246
303965274
73139036
569892192
992522681
63919183
543286153
570750952
25510591
456633151
579503798
233503432
615073845
722309669
985993910
580989491
134337314
449321115
747404821
222696087
433323305
906817566
894825768
223542106
408976108
921570190
934404014
764530370
53403311
7892279
480121598
373379066
194824326
694220954
470519349
198173451
814980758
372450103
151437543
478773432
599051171
910652336
233470035
26100238
383170563
877380701
83292900
795144861
381602064
133732815
255204331
202651866
309567746
480824875
74457338
220719679
409139505
849596928
160916084
70952490
129515167
778755782
517347641
17618312
976511551
206124731
38679106
920852890
251790319
787820458
766008731
761887210
297883572
268631389
623644915
522670968
673347530
868725529
840371542
531595405
838277290
139259152
382928305
919670495
752687947
277469732
63811320
713999450
619763616
249799670
789033944
965383829
211534019
80485052
349258264
820295387
393304695
215851723
49588686
177045831
838701595
162440009
543354542
593781604
367724082
493317120
904768292
40936356
857179959
551786369
547372147
540413974
9225386
629320677
232675199
990256013
395827476
597677144
264930363
699041818
142313411
324679654
301089274
1990649
998786513
800624901
550353190
217398519
919373123
803349526
129366272
457495807
819136843
663325711
692893809
675837280
595904609
789146699
551946412
259370826
372701438
22874963
856819489
67977246
702427521
248619969
956158442
582213340
847809851
359002250
424467911
795627549
950921358
350546866
34732419
514021940
861350734
541363892
594995090
567099180
942963928
687369772
121563232
53830433
422420096
89876339
721277130
345899673
936426867
556837917
394351403
606680775
45730732
5559536
326340379
119438447
467860163
233112027
299563126
750166543
844466457
968139848
369588667
560370873
378881614
333738722
506574448
468589976
628593291
178871868
814486545
54540717
194151609
984847231
316406897
685331665
901311730
802989056
645557149
612551181
527342837
610258768
645786472
290971933
964650845
817787134
749896816
945361821
24206486
915293971
46161776
628238706
241800765
844828546
722632721
974824079
317781105
561192358
674948817
88681373
583301890
252687154
717306381
757554998
742351371
339810686
412529166
60883500
689152638
641008713
218126716
664871106
587554876
687011944
222823705
234207688
322353375
78616733
595720027
561094479
583841904
561212625
444383490
713299319
132710091
186247838
812739950
349323062
262214509
341582816
367550559
340119371
128040239
556875775
29249291
274655683
892952386
888231473
548620561
624840158
405257968
689013316
256209183
383197771
697167254
381290669
40683830
554788820
622004840
488425032
652470703
239164371
965472329
113854337
504839468
22089264
808303663
4007062
624844906
556103532
527070735
63206103
798668989
347569821
273458154
878007343
536830866
30679101
657762652
948168020
341255301
434121901
529996171
970879868
155836510
894828586
305003442
61185718
16132065
751419420
145564008
257951129
727318220
773789475
689112112
128386187
374647041
14185901
52036307
7160026
466352019
888945323
263386566
992517027
97769422
342051864
890344326
908639360
109739617
819159909
844459802
10004729
897026166
673836819
147169731
218348801
