672236793
164582631
683645699
624606970
7371724
576485120
999626677
335288872
137408143
891936217
930449583
448656046
457411207
213745921
634612851
7977472
165572979
516798359
229125087
445827068
155995837
231086307
797300439
372922928
138094463
507031870
900233131
929594616
165542837
184650237
200478848
295501105
667760935
608451680
629783767
14693500
765188000
870101722
308919670
818858501
824612020
383377942
391797437
611496159
993542331
250094693
23627514
410360284
379571520
905296945
125576872
691332256
863913645
750295737
427937363
441150486
367282191
310722770
486512506
500339852
676251988
70032061
169746035
952757904
691457368
634948477
780895109
848959525
583962153
619919351
242789470
295471255
207878688
410266584
621215047
772617894
839288868
185804279
379380596
887999768
483404355
489872846
550023096
260245890
59073364
509146591
431587458
917465197
180514316
188633281
647411307
454465229
383589216
808579816
142606513
754579959
213631906
439039531
920038790
358593854
469199583
174667988
826398130
759652167
662507474
830105616
483453567
453647061
129080689
655319468
601861616
181477911
931342173
598512736
16935497
186379142
520008963
909500144
893684539
182310776
203361018
863429910
668445208
395328872
972508042
788324240
911882038
399298870
267660070
866635087
558985987
400249337
265765488
20786741
418800185
308736367
663474714
790370927
597738414
228967747
25693024
977940395
788384507
525194847
586771663
465933396
523123054
785076478
791644319
956227370
234570995
304131761
545354990
737728013
155232835
605769671
506222778
431069258
787144124
874183233
918223577
84154696
185986991
262445600
96333481
201612279
915712421
910555432
179712551
708199128
522904426
729638035
311761730
664716792
156617752
225420621
75045403
143250361
808557207
506574645
265201186
126805559
607654549
311432699
632064092
254854225
854894345
528037473
865553904
813030512
802513587
232405456
3226803
723555179
310744169
941538326
791953404
525938907
428861365
385159384
550220973
612567621
605363926
83445191
433322944
504932959
992370030
880638197
581110261
929812213
530724268
362972417
622512050
280569478
608982047
791418017
476500145
874554291
630381506
841479254
346717933
387674947
45001527
366682037
905685539
290498969
726411231
588206549
353972622
215079424
433467216
549106494
714388994
423397822
956353670
652633563
521441631
524209358
878109753
127131133
262484194
974256146
946927211
935741690
282306243
439541170
609893405
722657324
114573132
519326151
465038181
917399112
895557399
587382110
38441451
162546025
567566094
238681889
177759650
142823974
778521726
404163480
526665574
366030837
496344997
981617772
648583421
199114227
324215806
956348482
269976385
952290786
996444536
503250373
578995059
372461785
440747735
109259835
84375794
466144369
680605562
3753907
473633416
834646470
750041242
516068102
653549094
127006884
384956370
793807644
85067469
282759742
346449707
735285778
348609405
858320712
447590572
580896373
439396693
300688470
790957748
410779177
398441517
158224649
249349765
512747393
920954574
392307025
8387050
665979665
721798289
458306258
154306095
711615280
462218411
774767819
930530063
692019102
615989593
980276893
328068678
521576537
814157855
530408160
871281012
987216642
605841078
261158758
154640968
720674346
924871212
859851360
669863141
783687322
675186620
269826385
605312388
315408767
585296705
237293848
595113527
261242068
118619833
718976704
72009355
626761210
128453647
634834426
273067367
573841584
927790648
755571468
964906779
459119798
972619790
269381210
596621321
868033356
286943635
262133122
906906314
659795816
237666057
287712703
741108452
861946927
788443115
370618771
36428660
192392025
169455431
615121295
106722397
378695745
385163365
66826609
402956703
95181151
458398804
244519802
858762994
971006650
988091389
580799382
792883697
169299743
894944580
210743342
811067531
405805409
673205062
737279030
28465132
323163583
330387533
935317710
23576011
830907129
977868251
210062427
838318093
757834875
598405766
80675341
404386152
312669352
648849071
586211033
73956433
905793180
866424505
501440169
409634551
42423832
403370126
935899662
671704425
656866673
494829005
571808708
967002345
577699772
559551238
630623249
519186962
432176400
586656163
783558812
48308211
449845654
43250598
572049573
117312898
248336377
406201707
100928118
372600884
907416047
176413230
480214344
520450671
308733546
136786909
905274349
539380903
171764892
327644478
986041298
919793455
394487870
263613284
366709336
336078123
406059543
243060080
260618320
198283636
967782515
561488378
972209751
726013187
865290257
537902821
624110777
862542582
294374931
384127271
161298174
636222123
302442008
563298777
764288376
480453443
14614660
51358036
658268798
440912863
654276888
91242346
347422069
104531921
600614864
863765356
653820340
186232369
676541260
235971449
711253354
5276296
145583386
902644481
404818367
345927669
204203477
754201155
655160413
770830723
512676130
42731767
245005971
787637620
166346304
349819174
617351447
831189091
499324907
886255892
321463463
354701507
584791280
819705456
544006747
876540169
214066309
867677830
125398323
1524900
884082480
437878408
186001321
58403482
672873915
156021877
490638736
399797525
158480410
418360707
276249965
260413504
396197621
887438073
928236731
611545120
846236374
559784447
938185615
250795689
246413909
822631248
686907461
790285367
914507985
356551847
420485014
325877928
358637733
528278196
131861360
336525646
628802831
653635513
886748242
74797722
856730444
186602488
114763704
10324426
859180436
217553921
672708680
80964200
610005926
61049959
958503884
697353206
891468724
932461626
30303795
654281860
929492213
874602633
755110990
61451232
750970946
395715953
143895495
316322068
735536861
164760807
41159792
630202212
286499346
939724318
631610671
742562107
689831
853439009
754814674
659633885
445020742
927861188
391615251
28859987
149922567
605943260
180279440
853458026
398047961
723131807
434409203
426176105
497974401
477579498
407033432
754200197
898524521
825297010
323826774
461014491
42706993
798441635
274787564
694419629
176394128
42506468
794464852
670281606
429439286
215941777
696663375
38029715
177646951
370669909
209261118
1631024
482987382
726251002
911528663
145027685
215436512
290437468
918274105
12405054
730351603
614983685
132227810
808919847
532690886
877410472
844037584
175392819
529612234
293800183
616926891
646579105
653073624
697195621
852465858
107416098
811478407
509997832
424018739
182106184
26468432
396379487
248529154
127304492
268318380
405402407
271212815
172273519
913768345
178799088
245577978
752269524
880167528
262382509
964068024
561410441
910278656
985545003
137590720
552028813
371904191
521270555
508417479
883846767
753743016
562682011
348557398
785791759
873785143
804112564
333549277
705438679
866418727
736167921
985936620
333972115
366454531
4923318
540601467
127288478
606197657
671764065
261624472
350813146
48222205
864657366
766411576
390691114
733127595
291055416
197137441
825933402
372407112
871989925
810201991
505197875
887962007
364682385
373561475
705636367
56845009
485421054
298488375
109655781
845249810
540139298
885850795
143999606
276445888
630095908
194955909
905355337
444943536
10302241
945831154
700140125
259646083
157604332
835624562
889085648
796270433
957866282
52664163
582729726
606975123
507615873
333031566
994428801
925965929
480738744
446010107
1772145
631361842
834965098
70443469
120776603
373275690
151968691
505563335
508082905
978806570
622411969
114245226
103031687
96099506
291782102
380989866
362104871
926158769
110061865
245551792
730357674
529057822
484475825
909365932
98978725
432756890
715758647
502680656
337633936
207107731
891421993
218033676
795707142
184085801
193183764
273993495
609978436
939858770
825054551
326864435
107677391
652040996
327541656
910279077
173858464
843621056
949632475
486630220
315193021
126626006
970926694
68270031
815904063
235186952
715652431
472714321
146886016
925599164
971464742
688019712
657517041
649288033
167929398
300975174
87384576
404378293
318538083
918945885
902915741
17788606
771011428
422246099
101104218
783197429
137874401
78316677
201516166
574196747
735507468
255357668
483124413
229128427
187487635
211007930
236181035
823151961
402129611
560520190
468433368
720469441
127107479
684379270
968394027
137034838
669347392
458389356
484111598
26566481
822894500
769480169
525082973
30686590
583714477
297404414
355614576
548680595
967165811
32706634
97312550
637335754
271198155
572689268
190091696
716107074
204895298
428388614
461800398
956921467
64794138
264232613
2248681
758017891
450512517
182446299
890681126
86632158
453852071
964069378
113850036
679485043
594205078
174949685
751302245
966027297
730274694
452437823
645413948
890083220
855393352
687500439
855986149
369422977
463207639
831097613
449271286
554418209
494287574
252286952
932139539
240958778
996588957
527190130
961772342
558661886
767231488
767065080
580174072
401268177
406723286
268982418
94828524
3096432
918856597
417827506
43130675
96248470
821387021
224064397
985832378
752457473
782974665
571717176
101528114
377293697
408246463
632825703
294810252
619414902
733175012
336262916
592344582
201565118
31929839
872891256
682896084
67014947
213177341
192640358
198795809
963209613
872263750
244145770
483359933
586410933
592671915
852889717
450566378
45380132
787966937
353022815
733031186
270223177
266454573
179682065
457984112
424871781
425662015
584478644
150415423
134405784
472254828
960759168
668093164
70460369
676637835
893263404
971166592
45965340
734931421
976115726
883071127
628746662
25268587
22622765
880193722
538828894
88357243
515117179
784621781
555356745
182259324
249430119
831447964
380152196
603231729
322121404
935110544
852247772
414907144
258024303
641352931
628698696
42224935
64390025
490954784
911504580
576052605
412899563
909773097
699408509
881723124
404601037
310448710
811851209
469951687
104284523
