537222840
77536939
542078950
840080681
502746786
589294990
737975198
15677555
773495636
490911336
257157380
357450780
493141947
675025215
90837940
864678835
274129572
976686544
203228765
128052469
978386820
842388188
339386682
720626683
787867881
689417443
701704238
884077211
861733703
187423552
894105935
887219051
699444118
951221946
940444109
979879839
299068684
202050668
67981357
862810896
45695447
636734051
890684973
924626536
865202402
506241738
18790119
38176187
982406043
636788373
45652531
659017949
840391179
250789909
695093211
694834651
738150256
821452265
52212799
813329341
887590751
853897986
153943851
586072083
596805400
369938328
658006661
541919999
734581104
110958100
565610150
72078904
908705187
340417868
82357021
341652768
951703213
414760145
855424280
281626143
670627324
663528050
901671167
224945329
141771021
235087985
46827871
448654209
256128734
245609458
241729582
477616418
149837869
254652014
975220144
191797460
482790200
304612889
327821135
495264074
848235075
476870118
303595082
871447943
71178223
973573625
750312761
499973311
168432887
353440443
743131436
323390111
966027983
770586654
142702017
224062700
952226817
928998520
444301062
361717414
323110456
209352452
285791265
488971645
869228516
87993731
922241033
654053172
365197722
890559560
858862566
647090323
86939009
360160205
433391066
193757205
359932968
30223224
153767106
168197394
484775222
546854559
280221321
902688289
502478021
918339470
511588433
379251213
111949996
751157444
239570641
553791679
860311826
966103719
172153618
638882623
191078852
814623436
2219426
983184491
51332592
96259589
134775588
277873325
494577875
96041112
236451101
605867778
337195587
948944811
864129730
922003593
775231414
276103668
876942191
776255895
929131129
383102974
986493622
950889044
576405296
542989820
542103176
614040277
650988918
305070887
786778496
120835288
188006587
794508442
2678352
545309530
28003797
170582613
116864802
388515633
412078970
2347995
408110414
406436908
681888369
905720654
42055625
163005184
887027712
317567047
778560264
584208157
89161528
395897721
709751492
807975877
828129812
51330381
406779195
508342770
554156412
520735310
626884406
189506988
309262614
115615813
417861190
542687144
946266458
318820200
893999795
604648800
159238865
488426557
364176925
926783134
974992559
580056714
269000675
670684640
500934194
379097991
727012563
333421871
526510621
202570338
31673759
792108865
84756949
194702474
717179717
976673414
763803416
608522030
834359220
891343659
375463588
218603426
97174293
566272555
487859464
499368480
216738724
568207512
423567250
173911463
424969292
600734969
31720796
782968357
832983316
248073098
782329705
736094554
7408576
175058420
793722746
293462534
662996365
106692276
83942053
625752323
457930194
751563983
601640482
917326380
840845382
550716834
654067336
472833264
551319545
756389133
482882420
702728118
182825175
1565713
162359266
158805051
909854619
352599157
777601045
430938788
760388069
301788590
361719156
469106618
194343709
27708862
601113454
659300800
97620913
82001053
555607059
990482016
482330501
862107139
41438285
465174740
966567029
506240869
333066080
874252456
946667632
558887530
231648811
76594183
765190677
79601586
553269378
5842862
12699153
634917694
383607914
310397208
329091229
653003263
865364253
156141604
389844826
132533863
722982670
813136519
949603378
994766535
375212351
469318492
200782074
492400402
220397617
320718035
960127427
697184525
192238021
403613750
19533077
903348587
484271155
201500539
70139778
285124973
703915940
114742123
474439483
595270592
646601646
462703217
698393138
245209851
661390786
829327236
996742885
885296680
75329913
834033165
783258198
519929559
924649076
951901095
183675178
762330318
875812108
272790274
859203968
232551342
45715433
315514626
442679673
979994162
290864130
425742640
168732107
663863714
86001825
104719853
428617922
608240546
338697036
354332786
348164888
912509133
770925352
955572221
831009615
391070379
323975149
74830746
621854611
358204854
620355550
499603517
978699509
532370059
17825360
307809458
409312863
431125665
255538154
241888141
549555158
331087020
20023543
718398974
954345719
235648145
660595128
332879170
799294855
970610059
405415243
175017651
181232523
570316290
603736206
271166044
991404965
920239885
441780658
468133589
908576192
970884686
693660013
84474819
359638612
791260611
447043129
636362047
646038354
778192365
695406988
997492255
352702392
96808894
804777626
17077868
892485589
52526377
1226502
595361469
730475249
991095977
275535890
651244551
952789610
445337899
318370994
408383219
928633851
746659314
316404492
489072976
989345006
787404564
333311947
578670471
637427005
935548723
358760362
163085108
788605014
24233081
686840815
21102489
275203070
407922986
822315258
84423628
765538662
586658337
378680454
938878587
919013383
846419187
737658338
917480213
695348795
42415462
131685207
914300711
472889617
38659910
707728194
899379038
461787873
206334011
8147248
565297827
763496946
226107155
379650862
956936864
693766013
838141392
806756453
706242167
304255162
254433401
376041481
544866623
623022640
233947366
642844555
341975514
367978860
377525903
570059592
142925818
49746225
415831733
883321674
595011542
803863515
444459649
690195489
749945104
316504885
787461776
559314615
68869058
399775737
257017430
320926680
539431506
207007475
421743588
245112574
80871990
39662734
31416170
613225051
440915394
666373980
586818583
291278071
238942250
395815354
365752680
531400177
84261969
636274418
865221429
515551601
347665212
342785480
784639318
153073348
249306363
147945903
56811349
389737282
516793384
695118784
307172422
145090885
366005209
913020684
103413048
134968039
946235270
132413329
489187601
103263084
18330054
802606680
442406280
928637561
217044932
153181578
451253238
354129750
950752204
256061598
475052645
432594638
534554307
741465827
973261467
196646026
422368155
268670239
995806209
932926086
982851383
641678887
96431666
745796608
359201557
441727697
925272861
325921565
292402305
230784641
585164906
951848639
147086817
761958344
497221546
545058530
900379199
856001756
936028415
96124785
696692663
702681598
438985076
260731786
220066139
874577783
610536577
624539380
939759216
906767020
712599882
677565030
136607119
556261513
120411700
376651166
706175014
696609670
569436003
775317233
227908716
125331673
61727444
719967562
670896691
523204005
285507820
772595962
244244281
428202936
296266826
566366397
332641823
899681423
236233423
280169785
202693810
835699879
525730468
484623773
831191119
300733480
386162348
385635283
518184757
907599874
815241519
590825303
641546644
120570380
838883515
203769528
286565753
160711182
868216068
571360990
640954153
719017513
589835093
696862132
589069962
837940614
380295099
511556280
610500194
146233485
344923207
236925694
320028090
840241913
173957355
870475134
170879201
84812229
944126113
927175234
739169323
676092160
201782805
763296816
707962484
694682516
131049317
123673900
589319419
92497298
279800644
171930640
31465355
664872432
639215630
483676296
245864785
828868335
895553810
993250504
920438379
874606067
775135088
371951272
562676666
578315825
270797212
801304729
946613023
968408380
32890326
201753523
216585067
941040832
832191665
964861992
517234707
826538276
988899647
894387444
706891296
256621199
922236859
518002895
866432840
172992566
205460338
655155656
201026283
690281058
624610349
342010865
189258418
950875608
6736855
864563255
900957070
829831532
200620149
129646659
423885303
329744587
177060875
620911038
59606972
78047121
955345571
90424522
832680766
674353636
966441587
419326507
839968686
1166366
286359207
663817180
952369207
257132192
505518431
389684099
372855486
615641554
600278446
256331965
343798030
690879459
12495104
265709458
934303977
967628408
63904921
687403174
625918127
859252987
470502140
377146709
79560323
301325820
458395923
788385718
217646994
115035816
822474889
526672645
723839469
205283841
502042177
188092052
664516400
342919673
912194047
643824878
324313101
810936049
756791171
808243747
729466139
920728908
277113007
368727511
65552016
689636113
156120544
865052356
610448714
279038412
793408379
980715698
530664224
909212497
584256857
651043386
798736267
717132711
172037105
257819670
793166664
73605801
532492494
138514188
188837281
824403051
601193057
591384303
55434361
420080042
363090073
814982077
102461816
662258391
647680569
158831413
24212812
89668412
722833701
528010879
958915270
957422532
916223929
444801056
411875461
521326478
657427827
755303902
758662814
261150661
845088609
607180388
638898943
498971501
15077083
655860338
388236413
138598818
179890229
241148964
88443056
564736239
809617995
190368672
915948338
978426300
878253881
868405831
261531927
425425443
626830573
709067855
994299008
644026224
298904399
835744130
157381871
87691437
726638726
667510802
166975224
845889153
832721488
794283698
574991432
755909683
176083133
603490314
647181308
991820230
770594998
885613993
909778181
481684737
439567823
394179030
147804537
725855256
528852717
433449160
643072595
789021994
493771974
333237371
634320086
136020753
612881379
994872718
200067101
179332952
498478466
300544976
411960091
512379426
74173740
242553901
732014750
15334296
615377239
160038654
802343167
274763567
221224523
269711696
654830443
741216579
799289673
512614270
204458400
904725367
687939593
431526613
558838719
293189565
24438206
377953228
352117178
499484116
159963611
438970678
143028304
181210414
403423212
467848355
493341763
470050022
473653901
397398754
407510997
197013921
662164278
132470240
110478017
368814063
631105991
368309028
567797471
224060277
678406926
893103506
336731079
100267108
790414317
295341733
491393358
66951853
741706255
118770525
487941220
696220510
890436721
232530633
855370683
176406560
17010350
621132752
871340354
753376166
776369932
184780421
267562677
401890918
105103273
7444479
242561088
555469352
321048595
190024656
662083573
656129176
810155756
