778344440
937141931
237590675
549628619
570476509
183542507
911592757
594540021
537027879
373862615
459465756
611563499
949435289
985815365
647876791
292510012
992819112
862357903
219602893
425059281
448760543
640909114
980410003
12162842
719864362
57517701
689531166
594056117
666100759
807839760
359777885
870827525
253933545
931137815
517060680
235071082
766161063
624101108
227177736
548690493
984787933
606093031
491256674
973313607
902372815
74332617
233290945
993221153
350281801
592555304
63239871
377997539
119993071
127932048
205420706
137435325
956731926
225427832
829764255
512958808
494011340
317536640
928439260
729188117
14084729
588638230
357629953
18297473
468754685
412805708
526348948
368718004
635180166
670912398
440271347
842667511
149652440
7096396
109790026
645531745
824226755
696310011
243774315
73545454
744599889
981780345
750834454
126001497
725717109
379625355
278339154
540733230
794336851
714218927
54679153
667251292
677653770
762068556
959228877
313734585
716702663
214993471
524466468
937476091
66206356
694521865
742817372
449080671
687660700
362753194
987782884
949635529
115637806
184232510
688732051
797701328
73762325
854893805
984588227
32304383
837803774
231628456
292580363
89129330
134466553
985615716
574381151
920961237
616233245
773020053
165013741
387583882
47867518
796055439
928829080
609233283
171843542
306298222
7339098
50078023
238962972
301753782
438340795
362963915
391842469
328703624
425095424
610104341
25486875
256977824
593488967
822759963
777480328
926924493
475930809
485074207
922413106
435337138
803009538
80590638
120140714
821856133
832847425
914640645
197739452
600199001
901768011
319582365
255403428
79498768
625857785
767464101
847554706
934510203
793341409
536049992
793287659
929616447
697286859
805762928
560520291
964276809
895474362
359255420
179531086
342253776
610103553
120943023
320124630
443754873
686820175
736506403
503288683
926748459
929937308
417106838
468906356
523700149
165224462
791643467
426935611
105513059
354700912
945988106
631120037
826024864
975205256
842970123
133583083
939880816
691786547
992796658
738050278
997246608
520070345
155863904
926381770
473592004
735109559
855485675
990095446
780824987
999457733
811648554
392678591
889351381
264175418
920806245
4572895
376234571
67143635
269587509
764391985
905643390
378827317
455007232
609575896
949486254
728135381
353506220
367048519
767133429
987359939
380243813
751968325
694023516
998456123
506042074
406678114
774073403
490725067
995314351
788590589
309738785
801548019
646110622
106055324
543052357
553309514
741768655
561849446
54399010
838397228
757348511
872737180
422199037
228404673
832406886
618419290
65063112
546288006
976895514
745456621
381603339
488437155
222962017
793465047
619213920
59680229
698655074
890895256
758133343
514128131
230499490
885509502
71829283
480996919
454653199
104095371
732716693
348951907
66523539
396176739
986366725
791656773
312649509
928736200
230011427
507506631
329769287
465618842
166049237
887622782
341615001
227785397
513829552
249857729
406987250
821301628
578586002
852645574
486841403
483372128
854654439
850873397
803716101
540270877
607897737
871839007
800907897
941202117
773751472
728311515
885702596
716111204
479764467
580718774
759089895
589946564
175787646
294225816
563453619
111707288
729910940
233036231
724846019
870510559
172513130
2714093
371679950
821971552
74009669
633351569
525509368
880071118
862110503
583151410
541522299
135493327
987940670
772378630
320838462
358172418
706598732
388567169
691867369
437737721
1920186
625503796
748020928
933110776
490767833
817040684
645513982
284360185
289191954
375134114
753461186
621618207
126027378
933205540
367757747
605183644
500159057
978936344
867192447
140399902
202802146
5631477
854000700
896613056
39196474
623596567
602005893
403409015
973387353
205281201
405108555
341343771
541168861
287108298
868590373
547009332
254693163
438569172
331203718
256968984
987837586
241149182
590879164
486976388
829690222
919904090
9465949
54735129
404620882
715654817
858013360
727662387
521374720
551467466
234935574
996288707
771503095
851407871
893914301
867171265
215034790
242104966
310972831
83910752
970025558
412117415
80449346
838919078
64615167
820748413
350490480
61589885
647732625
610223463
152562315
961652962
414752312
367024312
66922834
119292383
614130617
547270763
998788131
257732536
347267839
677446166
819969049
989701393
52172723
872301664
775506236
403285290
544654869
464032452
41934193
745732619
930176350
506968411
516950828
417572806
839454744
170546869
990119961
583872467
365164336
796423475
79929762
911151256
398905150
273282610
581536395
404478783
784485037
774621918
253040647
667764025
243316834
53240295
736642912
292579392
592148365
90747951
786746355
192313501
45242177
947205189
516935014
183700172
568289269
406829694
31476612
907783899
850073482
649350026
279837637
443583748
557150801
414915663
892568198
550844363
597516404
908817791
590796243
778890111
290765269
371027453
618800252
770032949
210991805
374170166
502415784
876936054
770325498
224371435
825424439
748706793
383800513
797806459
538630290
417959145
279488460
896229588
342861986
992075454
241805998
673752494
554405299
135135010
494784281
809456898
110613224
828401170
160672095
185798548
695062986
683330572
499951707
7856243
901548231
674214722
328404936
746902063
972708366
194119103
904413909
154540556
137458401
625702046
823925585
531130843
59783234
759344340
876285371
474609052
271355902
701286815
565955805
598720787
537084113
617012773
816622153
483665241
275248668
401534905
263556942
674014613
716263959
584526949
529308448
142093866
248755085
375944270
896258227
864415566
89554209
532586396
923521221
148742883
87661545
87265441
536294093
928703251
311209423
963653436
749673663
351268883
952115797
686063041
914442644
993776170
117374767
901230919
470772128
284535458
857592568
844739694
471653395
571173460
930562159
230399295
438276596
552931450
96393598
681831718
282375757
683838963
863086111
11869804
385054843
738769505
777765593
417212921
511059241
449818672
80718680
887918901
172455817
311595230
651861241
912288058
721898815
30200917
670084303
535532276
24719099
347524165
905172140
611722769
6822998
244814514
60933001
352347760
218180722
857262249
648988843
983362641
832309652
629377703
681277678
65834700
488182770
940245992
301008197
175673139
216010577
700161844
390171677
20953455
203816777
969673666
672283876
160058164
919312218
18274101
508500479
408075678
882847146
560861320
657112619
934851591
778666821
251363342
5046806
140240329
677836503
425417832
199032199
653796991
800829828
97356038
55609248
543078113
630317550
586026541
424105287
781652821
729192718
494411164
319521699
324557253
957352486
884218685
407905991
37149331
572530636
900874835
433035541
199906620
348761769
240913164
100515495
271448331
972265083
746426086
287167877
236819427
935199186
160767868
497836634
790592744
501129645
736374685
220123626
106460739
914064417
129205763
529740612
333285677
594168813
726847656
678882958
388435981
241339621
332555365
977499103
894448135
843457350
967897473
567709691
776961667
992382289
999125577
305035221
559916663
996840542
784160915
570813028
883891463
298858663
187285859
846453634
568424850
996574528
528928954
823427607
220977801
664095059
301445251
123084912
443324873
371134223
99749864
605737806
621914112
562030204
712079512
30108710
639709717
768926981
392719740
393362076
967301711
593058175
720874966
798210453
502004066
431339463
660206961
109620196
129903501
558392733
645849148
34427013
406882953
880394021
110458108
391861452
712410666
509127756
756521301
230353076
542012098
844812560
124384818
405827443
892632425
393387771
683121108
997886457
284761030
754052205
931103310
114964481
906138922
793923782
879151922
975366674
275699561
730718500
321423541
789638337
3888097
191825054
993181410
884932138
725285073
65322851
198854853
741520090
451572096
320218059
317698043
130581960
12405680
162366664
851349977
122489150
468673356
315047522
905578026
108616294
748218353
662320502
824859165
375851295
627289422
530884667
128288090
612959169
1242098
135091432
116161890
981692165
187704215
966882963
226464978
350187043
851631149
239452678
680542369
827309574
194532918
941601017
546314361
964542969
436354162
800521349
102558801
743772257
942573803
756662771
506693318
960652037
825140472
212807246
41419983
341567593
366965888
617330114
257642716
194400406
937034760
585895682
740277991
316480664
204056168
336005877
942877744
45522715
935901684
501162933
270857999
229220677
634505152
78268452
914083375
806617335
116006141
860316195
939497131
826768072
428325865
384515831
670385365
244579326
628398113
155509851
156551693
974896967
925462980
884897383
983221154
234301034
981809961
486141962
890274812
608637234
201323026
229833696
760486800
100348285
857643603
57036085
807870572
441410870
485804771
277472640
326146885
746872019
298723870
234802646
225561452
506649692
677832982
430874643
766074540
552518928
915510316
495698665
688082550
48546317
179454184
967980776
120059734
51004300
517941778
36556965
247410715
148363190
187993639
305446140
605294309
886172443
99829394
839148846
969124467
371289779
576645258
228974494
758774553
350925472
829362965
409679672
676173097
690660333
659335931
476571461
556468051
550935317
720067421
337755884
693126917
705624360
541751145
711940483
920894100
889662825
936976350
756866271
923469090
449247806
30061924
177783694
558878380
993277728
629508336
339389007
406820297
838684134
461750174
394784760
975873669
686535821
736924110
337157077
219183350
769774510
291807679
429399399
391668368
41370316
480088912
696475396
428295768
850237753
612319222
899669948
344421298
387888909
918254745
79461642
434313427
819778986
305505403
309526746
320863548
651579271
850801291
682895367
61151996
319946923
69751163
717783915
89185143
325282660
361882214
6591096
968700248
204594068
492757133
151119590
597855146
507576951
