570566013
751727618
555579414
976002048
508942088
367353051
448516992
960560356
720692806
761780432
494277037
361881690
597902970
604783227
80727965
47278967
757005345
995495103
428513614
95359772
416367996
579047805
934691179
68946778
775253310
801121496
856319119
789463532
929027622
826144852
657673529
82419258
27536752
841464416
555220899
563890880
429015218
587046581
281081227
8244640
440498373
469838691
704864253
444205697
826108870
363621138
32449410
552591634
195864939
495329100
837708364
943864154
908754692
585379648
869643539
991518206
817036438
486632636
200748738
707820591
511033930
659053459
31532734
894547953
104106902
411857778
334344938
756438552
49562327
516837083
618263748
169958763
714413875
420268974
654861397
946529304
874183551
490485482
242837907
411632171
768672085
303727485
593598593
433698521
988436487
713809374
173664565
442157102
971820875
563702691
746854441
942382581
386297843
573260635
497210709
781444913
438305957
810316299
340098795
414251092
29276200
276010856
503029306
679027854
877065351
667749600
229450279
488485718
930518249
923114233
117334655
326550956
243794728
789116565
939148505
207306444
65454866
597834211
906111464
390297526
238193213
892187834
784617675
485859634
769982641
675881166
783660919
141153240
923058263
873416483
508223347
63867252
150386686
828586814
382355971
492661228
800698177
914570738
556633168
320686886
484359095
685178845
511638852
48706642
446368036
420303485
698587852
597181276
634112129
289904264
715990047
840471744
904204833
949801267
176057878
137088365
491393179
17169672
909045211
201184185
884088680
88297039
565427453
57101766
414890886
53467403
176164269
415207913
406760594
446487276
406608266
150884127
41201042
585424577
905938430
553014367
380548981
735911033
39491598
349679156
977293312
186479642
507041109
633153999
157426436
667751602
159662417
200585418
652528935
245267605
1268048
783528505
5525526
355448983
436598205
396062055
119751391
454537086
633815755
392900633
244139215
283379938
190420681
187624852
883295997
565105919
799270702
318780255
43862836
623043510
756539382
755482145
977678073
559366054
223890871
697609037
581255928
932273453
899675328
747139283
893804984
975578850
762678977
161492988
445219227
623079759
145358600
685752058
148826372
509876374
433262975
926011894
102095278
646590963
105539940
693913374
996058959
319416257
749858001
592320515
868480898
840882161
156722581
29485424
488728222
245785902
805850431
446159470
131558111
738989167
814806126
187477937
554861756
886676471
499095648
268560364
520700959
28927693
742405623
260216237
419747319
113518644
169953883
533986461
189780535
830527487
653386866
331087109
453826114
529977495
701550076
261839670
182415451
307354813
878658383
52922822
818856268
733193553
672764765
199433325
817229326
699199128
554193946
409837203
695070247
245785038
371150137
215418806
147495315
836979575
173212414
967131266
577010632
489641763
172573196
754962254
670928278
622736119
839704888
658200733
592399034
474763322
992333355
601580614
37439091
552966455
5062486
247506943
8018088
446172825
449704095
787507405
356162926
542972298
442986910
720548189
559324696
760116678
838916212
943995495
459377349
437968060
183591794
616846538
356765080
734418808
684829037
692773686
134781617
123696128
381994542
196120149
893488663
14564031
607034289
342466004
706865772
952613330
372398112
142103791
240722552
123643194
207400718
701322488
387275479
385705008
610968340
34038334
46654853
452025005
195637558
910811599
783819905
895709391
198823384
154430974
291171528
375486817
244815533
303020281
868137417
312288798
112725326
884321958
64178282
253583945
894018740
341598894
935938008
100520906
13682416
606711365
387718565
696812421
703272943
335734155
230567342
482269304
229571058
971060071
123450468
650790703
646118832
682756610
928058569
471182942
412300242
997779271
815740646
452603315
51294475
331378955
707797796
69377831
273966373
928433752
10917867
323078758
637144205
133691534
491686266
269369445
98100325
946133946
438342589
588926191
523093033
87007484
192436448
863089228
923863630
808902222
145915758
273755461
179569813
217346714
666169964
429968714
956263388
592995339
841283701
896239468
525858247
483334692
49226430
682303459
898913567
318340734
422846047
774839189
324816287
907488583
845125097
95879523
479373804
854081021
552690378
699984885
244414021
339132377
948089907
325292758
805342822
952651417
528739683
242392252
185463196
434042335
889808016
56619659
262263787
580949152
366815368
44148866
292407831
595446796
743511197
614765631
896907515
756039128
690012622
204752299
664161435
417597257
538272940
16375047
963777123
50036234
794381655
325488790
664656335
966185077
185554693
617131010
644905430
515990943
90896645
573206829
954595008
806834177
496840262
464871232
428532716
366226388
512575402
743867134
540673214
800976231
803471691
883927007
110569824
937924745
803077369
488374891
649119753
743337608
661131322
387745565
414378476
512364635
278615127
135426962
639660678
564319226
391963322
296078708
395394458
749684357
399243435
776416887
504550150
170304368
660170621
90073337
259198865
225141390
776219581
297935046
905021854
794405805
475701832
162800892
246564542
910454647
214918966
726731588
163107708
697179800
968011255
901567820
854859620
703151079
158828352
442230372
528219050
361413300
825210552
864213489
974263064
216496693
348472676
790988856
401732796
27054804
379376856
940265455
277754124
713004031
229176026
423978363
967118025
363196275
482723710
619972670
36662803
115814234
888862418
729206030
349400259
665231733
132971000
698214656
781673100
497675613
921557265
801399070
11476015
217940249
561854286
897785563
399930836
912006091
323671980
688525160
445933129
684712975
761068095
219509737
531077790
274653510
448977464
450103675
468003774
544032891
934449794
491663344
220427369
538855681
405567568
412404815
472550880
96004521
514813229
309031331
83525692
650258018
9315755
904057181
105497537
577977785
928789439
59813874
151149745
331390462
24047527
55111934
39524294
794198548
174039540
351949827
354746138
669352681
198128240
74746749
216254269
682867323
230210882
237640208
563225818
429893920
580971701
472620333
812372679
149449470
425234682
303926314
397192861
14640649
604999467
795675109
675397219
857010912
114012200
953100004
345864069
389163589
298953930
136613312
519985364
879337859
452139049
426228819
364816140
53617741
57658677
803198198
897876280
440066479
92777061
400658368
420047136
771675546
340831363
675603615
997006082
456169106
247441194
1700275
906155778
720121211
657919071
24883645
189199080
378364430
676552606
497735224
555340480
245028234
728882679
827090679
383913393
93597569
717654842
683887957
977754869
154742881
107804192
758754937
91790792
622036482
406050032
957126380
921863586
204341099
375627972
903721672
516179548
438408583
956093920
889694962
141722395
297253655
230457532
799864151
221418788
427255404
237029739
986451709
377065134
559923452
247857718
652848046
711183799
265686381
16744974
326449566
54020703
656943405
697848744
842263201
348364913
488686255
909909481
284119295
314071179
700792689
103020057
984857980
2736457
772830932
981555674
116931897
288934312
839187716
685368284
86659738
863140036
917790690
462469169
550499465
917713141
121352482
381689803
531867338
374178764
753201985
245942581
656177205
187596124
49178406
849700969
859236142
740559837
113830719
541330048
653036138
387344172
946338235
485792972
520626097
324235346
252171757
983715252
604234200
578367776
130925821
363913733
871996082
580318096
930085235
463309529
136230011
194474236
147349279
924550058
227012431
106996452
378042142
909940530
560869192
454850108
446842851
797261855
953558050
923129962
122319532
376372058
175103593
297857667
32332146
699315564
916801799
431997718
941843070
226264119
665541383
137637228
777455601
953499561
243252943
389288251
373946497
75859108
257510887
585868875
713470957
664761905
593210558
189280659
314317616
546039685
9302029
36397705
924923778
65775988
877392493
454909901
30157202
681104236
456048244
754553761
188810140
574138414
547985950
230769670
546507728
704232292
252631164
921085159
259008675
89375202
329540850
424542580
666687586
171580941
80903610
370983742
539750967
367689174
209659005
457557625
783161498
985822932
983540049
486292459
690013534
880404093
507073938
876067082
348871624
210631482
107480026
96351364
497451316
488699180
200478110
799808082
527873157
26741216
39361146
9238664
412130741
672125398
930271983
224942413
216498834
584759448
369710118
753342837
984872376
506408750
915158932
662468026
471445231
998490617
971392262
202987207
590598364
61693490
540756134
666103634
197158354
376564081
572213534
48377193
981895175
233189485
927091262
177988405
971102829
281095527
843110584
513009750
328328027
200420340
45426884
111036100
55550948
758597635
269793624
105254086
510693975
753731100
891194704
842462872
295472548
445011998
624906132
498960698
517306917
997490902
209209718
466179667
485985080
373257511
812080309
35566660
99911863
881894790
243047237
983309348
657668184
191721712
782240006
703776849
663298165
402149181
334139999
271024890
953063732
860356161
147436258
832000727
791899864
435502048
155409658
443427252
485369375
729750661
752904643
536883177
608283352
428130564
660681487
973611926
71885809
376930916
27024670
955070515
388340030
9860224
11124236
173656157
515550398
286484275
447585901
318972262
971491092
187417854
179164707
893323366
110871998
353881241
545896964
656950754
850054643
377208989
674279801
50483032
217847852
368653056
550197283
370161201
128990147
706164058
375025995
229537620
531040224
808628079
631891040
286367248
375124511
379069483
882684858
943203508
849231924
973780100
316450328
505415588
987916146
836437394
471936159
297951520
550585954
859581276
426011178
254402111
882233599
3730732
123557282
694676818
702651114
976541636
737222662
19686974
459662940
640963034
44666009
809386338
911458279
