754710933
668466429
315196355
708630913
540060974
101568479
322705732
589630148
558173736
736349744
313380327
384634874
619705143
648335130
553162163
915567245
790649867
86171115
318840476
998999459
668869951
43835046
517318455
852831702
81074542
843190072
323320613
782866338
568717045
377045511
924499733
846657223
79509713
310502790
980428244
576078908
523011758
902765717
596857705
132163565
141433874
468412438
3347591
19130302
824715682
384712243
974620820
95584691
925506799
815424843
502276374
378646725
874634991
154819031
890630963
710875887
151147974
462364651
627556371
696870901
778247864
539839392
20913103
181128224
811850010
466723103
305125160
309202352
667906884
977083254
392555487
887884149
489313409
186676910
857565585
200457513
40487454
498188152
28116019
696362298
868569250
227735921
857359537
753292201
874769136
545853008
972022230
924690681
419871825
269552357
424930934
60647106
275209346
899986803
353915700
601594480
447499335
822219366
207280291
357992579
79587082
665418468
427677806
948423544
422869356
614392224
889333314
687958081
297253444
690173450
670388432
652959820
434248632
931194071
828301649
550511942
682479853
267620900
306359086
265997002
494700871
380434478
889330526
398354526
552152319
331908380
612674803
589326605
832761209
255971104
752958176
218268087
290907861
670123438
616775216
203150782
800058114
908935992
330422845
260376911
656519692
284064149
627437236
729698374
599163924
771971113
626398473
344015273
71685153
803403756
919114626
179878434
515860279
941283287
863291706
699152602
776087940
29323279
396271225
90960975
1717421
300006709
855196870
41282339
937215272
452120345
362051958
764125192
314418855
625150866
750453827
773543860
937198054
45982175
609477308
210636722
752997241
159632152
799190601
780181205
705509906
268659529
517641451
29357453
336856477
573079742
702407806
349624572
806831731
917622612
427062840
770734835
512664766
239461869
258659490
356512983
428867277
586154896
792483100
147043579
409919154
862273279
29596418
446534285
52949928
145570766
242680378
469878104
331805979
652654984
946155359
616455788
230132677
616090018
385451068
733057890
782365256
825839417
704425861
364135530
749712538
12427386
957293460
396796241
198088026
979718991
260879093
697736185
787322683
252964325
781769443
166842345
367149051
652147022
370262051
843236625
239063111
71107166
976407523
191285711
330399363
232529701
17818593
154176746
971467251
810607051
540602158
896574746
854010799
525601599
574147725
603027858
881729033
428347569
397331040
397491767
904979818
632800175
248446259
73230936
884691671
544944191
682555420
78841653
870885539
779313014
249306737
577985653
245827967
542214441
493994779
711258090
849431892
513140150
33736166
517182836
994608791
803116714
425328988
387480973
439116833
364304345
843725384
261721084
678816598
178741584
285113310
938801480
254815982
972770282
938256806
606262935
822660905
903176587
306594038
785455170
549974280
938976938
283291205
192154236
561300314
962616503
650746779
311796358
31606819
862889634
753595965
368588883
394611402
880148202
402882974
101863103
207471186
860965284
634114101
520387325
701218806
420834336
400025053
692143954
494199704
310505255
323169671
273057684
603957634
887731843
888597183
946255304
206546111
248280995
967208555
55631853
519825508
233174751
826180658
476500329
713557565
531929026
230114264
815926963
425145618
916524426
544190077
374667778
569887307
836393702
398791748
961695619
269062485
786206712
84236364
129139943
538951885
591147249
697954531
250795058
639446831
377689095
707838723
143874975
974292450
807340659
162042771
146330407
912939646
347251121
582037594
974296433
34784626
157613772
806829758
169289779
190720071
584098089
266998336
577675277
766315177
948501892
703170375
767563930
488940094
926901562
677192818
420339398
164044631
838068611
516679967
928678257
535220219
575385600
837053496
335868470
824090302
86239288
841634512
617804958
754481654
397859670
461728131
222636185
254356108
424495313
926910993
111448713
979376952
914946583
938419870
954853794
324148913
120279253
484479880
690944938
674518718
940274791
654934879
47390887
130147841
741703371
982285775
74871034
830571153
653359335
439076214
459399025
320560274
470961288
345199476
104480783
742463575
649193376
823193621
368455506
486773761
480534189
513207821
64444781
999990568
565744104
440962445
249098046
899648739
561826171
604529344
414940965
90905719
146108558
661349751
883815509
431304407
794243624
487657116
12778283
415573894
386857096
392065031
600996771
985419098
467511967
790888438
508415663
569747107
833939087
212390219
674955535
297085631
116024373
204171176
193984528
427066969
590490098
47400318
564403735
300740925
733187728
175222294
268744982
48829991
24135248
368493305
174451715
809611536
461383965
673176374
948219949
161536259
810415338
952881611
99916664
88469158
912211048
79025682
532478600
774855665
932546780
679350938
65709651
349435951
929573807
117855334
974881345
941937380
467365222
456748539
840814307
746843306
923253380
712037356
682386164
211634802
123320048
552166780
961283849
99018661
616436722
698804126
108363141
160762712
264170268
513419275
486670291
163142761
104254512
105515370
514855920
511464416
514921716
789548068
368194144
53836790
109512642
919309029
119256182
906279913
393611959
232514333
342246313
4635425
832362066
201376642
238282878
98377982
270495446
888281861
965149108
360044268
117741831
433459939
158418943
233742654
570987796
904946938
85265683
416154531
631185042
811738584
837682868
361849851
941892618
329349891
231921590
133705312
343843212
628549374
102122159
204011017
432910597
55003936
705406701
383922388
356557812
103727715
328400645
62793625
275136397
388292308
892647313
215972649
140366260
154811651
393722585
81461776
631129124
134451489
482848992
204565703
834043346
703101650
275094870
581873374
394831463
980396461
62742806
503012174
969455051
104577565
754534769
641946071
786159702
761138090
927133669
62737895
728053236
774496553
877184840
467260080
576546292
22472057
141018134
242892733
919091269
621710219
221483590
787080966
935627304
150459813
502576186
209391722
145700381
897556455
369967670
729808946
779909064
123533327
989090923
376161350
40984909
825388469
93338573
170558831
633757538
250701241
429812946
379228168
227677981
330984690
353408539
856632569
257266648
15588912
628019409
811571288
562083516
32202137
662782103
773121243
758912870
275661838
567384869
818995237
602001378
545143047
496245689
888603245
391170420
197324723
282828829
604519909
785405629
501023489
426275170
751157821
929133483
970459301
609135194
668390027
191897273
842255420
559402985
604642614
797051273
645943615
952125072
130111469
269537045
558396381
167725429
747706927
460751222
215969680
617248479
765323070
258003600
274343334
568557452
88614491
754455551
541209699
988057747
30353257
48155860
748888628
71226940
756243157
589313740
876861587
882437803
591624213
423066941
994392074
581223969
916657448
716258851
962742253
21943963
956057761
593017973
366134220
619066200
832774038
29599293
535121901
143768687
569435949
883775009
660952098
493154220
654790148
401901849
520520703
913934475
650687573
854197672
529049727
556486754
48162645
574716675
195881915
540797727
392675457
675958576
576101214
324639985
466359147
634745709
700591030
49064219
295261346
252399371
612499689
495596517
388321330
922143497
155283708
753964
513033958
605119940
501790990
872468147
928361640
383707366
227647655
189722364
902546237
80457598
930536395
62459775
187209123
406255498
973781316
381341086
397136057
825336491
226390743
156815462
453498077
210481915
677409539
934690238
183183979
611887879
197892874
402390777
789402158
24924186
525613145
728544074
698913963
528295763
43452796
443042703
72925684
323413766
612436086
8968091
448310921
386378850
422093746
385901548
704209312
638131254
861855094
889005846
278618053
231158602
98460459
562984837
695752754
998468245
547255885
302552042
927710400
567100750
689284168
316473761
185814491
825256876
400320204
877622051
554844452
201992321
363545811
658913359
362802702
530738613
308415401
73722291
212900405
217422651
708504540
67119227
788388167
291507990
230480926
545052723
750032783
308887026
123772723
558243556
926463725
962628306
32791319
700445716
981039876
740900752
515332301
505824933
634129597
295962324
823153598
623054043
986058644
544471694
831057094
502216990
274585443
202941735
526203144
747879439
922743200
24738167
350084432
478330102
289963705
480136657
514163874
636202409
336619823
144231444
566440976
876927464
701484152
842076647
951158324
592216145
169201002
663100093
677873481
621901949
15406311
802590467
439592692
916938079
394269052
85450496
81060582
243916473
460450895
728263934
270467280
547091047
782683881
375893283
635500354
901725558
612543874
554461215
410482011
500903219
226736877
879129890
169205109
489898152
729521346
946226132
921569889
143981996
593313368
238840949
333015988
611485349
525068253
904301193
732473127
120152733
585145474
433146351
84061050
204513209
399076075
270247401
175751514
608355888
873764163
19349928
94243582
325590868
206576292
49432766
979672270
614739786
252618082
176970261
395165071
136276419
633385357
949694538
187416733
448042918
163880605
937078584
650603103
221609946
395247946
658981930
22022794
878382686
643420155
515347621
316580083
179397522
470400165
205968801
101827143
956489475
703378376
560849220
616133988
710171417
851982550
595979021
937405703
543880602
259168677
718276201
358867266
348097991
509136121
596196707
486767374
635450934
245729618
636018130
40632603
461997490
619644296
954141567
213107942
214782233
997327133
215860894
682170712
691228670
732852681
800274747
144339620
46649280
75143118
438675594
432898042
72536137
333560550
477245314
596060367
567901583
999672880
106722501
962441267
676971743
300114663
673924801
369246565
47223447
28580246
681129148
933667903
834382033
165336198
639829652
336845179
749236807
