736114621
610039090
427160508
904095360
2683161
193778692
821650011
424776087
676908698
234773462
820586769
515791625
502359783
678142177
814713206
744544743
290988441
429273277
878518349
543183272
24457100
75532465
933120902
203240730
60266279
529825524
704748724
252316904
134472165
955338069
339621888
897200518
482747163
382724152
901535914
541360997
124150610
307815748
576673977
277646857
603183372
583908884
221127254
452812832
565414566
141523532
477766492
593324970
108374602
267511646
852940277
776258235
812701995
503010366
549286805
660582155
676918187
223919778
843829081
472857636
489029966
569333107
290303922
721570628
895151572
923386250
33044462
119635631
776606261
273352208
620394132
983172692
852599299
600871491
939999899
440548215
854405210
480308070
637826162
918742745
52059031
111423753
143942302
866960517
102397791
563363652
84498523
979736795
833437345
240953758
864442809
900230831
463986665
103816341
788616889
33850264
293604961
499556624
557661258
642028315
108479070
358130860
816718707
835022392
647117513
869767583
923658935
211830504
563010465
108738589
806176944
196610116
586093614
925086335
420798604
377606213
425390805
423343403
619172836
331787919
838887726
53307665
286198284
535652503
408909397
720163299
519186027
748782957
812254600
906149635
146943253
354848585
922646810
995797846
810263674
693928170
294705044
308919908
219843004
232630207
639704716
872668018
416726329
724698755
434776813
667832692
314137217
538900328
683017735
411010676
608459457
870261556
880383787
225873338
803140587
55171405
71932576
281066204
426112994
926954213
350581556
174875977
399575902
656860829
961795335
451328358
273963305
590295766
114822661
726870433
82901168
116470897
203500399
386542629
692083202
966219707
636581334
561499527
100875689
741076704
406026081
980285697
65765222
401243924
297690178
276681696
474464796
696773471
192657258
755092268
621995593
13638840
882806912
292888790
882048649
464828738
473092115
759865499
762903419
983448453
393869387
723841450
424077667
956147300
328109507
491988559
666761156
493841158
533790135
836920878
418590069
510433048
180190515
685036289
520928131
370295858
109110754
998331976
359170651
685113638
976863561
577189832
397638507
359730391
104874839
69262328
233663983
910611608
504493979
227254464
493127592
876715834
798596106
117427234
347207316
682184630
556208030
109617920
73134416
805701617
609920538
980623637
162983336
355736378
336502199
111562545
833448323
197770622
771960657
511752790
355717983
474760137
400694847
77789781
6584892
816679554
326202942
64347275
851272461
258847179
258324575
756149547
989347178
306535670
343793286
541874233
711836940
62763280
337828973
838743500
814087826
999492833
925197560
553469033
75193100
996239922
414206495
41902129
23228192
993312293
235814003
35893361
138650950
992741187
871536479
18367454
476020986
720806325
110842342
530527760
355981687
491860754
258345458
814287236
547377041
853770990
991276457
856447665
11943092
794627964
399725603
770685043
859941648
933217156
697664963
356225149
549562576
847225813
2596681
10344968
402473059
284300813
41119083
857960166
23033175
222431214
617498596
996605990
434999190
325425832
65853246
991030614
951920936
807301211
482761812
322227071
741147374
110910323
6091991
221422108
4963465
557758829
29959036
228600226
593586689
465128958
175951711
205433793
295076223
515311329
468804877
628795172
718209644
100497373
128054701
71680874
450741671
400385291
791254060
324945826
236272394
994670466
421448474
686517258
728774717
408694988
818764105
52640437
450455343
375437891
615077773
438652252
841133821
781174571
5381503
844714229
254341776
812518855
264373476
557904215
46479503
412064802
701529766
919687859
856620954
437058073
272820969
851423562
679246509
411080938
871485399
340762083
319656262
681146164
985149713
10292997
136310354
343441777
499825508
184891701
646364851
123311273
754978449
919638331
900233555
30152624
787661349
937035072
95115870
283340471
817339097
638222815
136011814
233349845
278466322
824207590
293140699
501760613
829896303
291716643
135874018
967340541
373393927
39374405
503952491
274315690
118995990
159987657
796024856
995088505
708403874
910899998
312693347
79481774
911539362
923168228
657086352
781891434
19454304
826468329
649396723
335785896
756307692
395906037
593741839
233262583
204750269
86306416
402679841
160942123
717152296
634549739
513545472
208108864
49017683
679024309
749917345
715604043
415685840
625917865
911156632
627673692
141010215
100027364
574936596
906439098
325529467
56530039
321810481
355298092
167121237
511249264
482306309
3427973
642319919
800088120
211032849
977487888
445632564
270689907
69565420
32689573
757307814
635082733
277936208
73854134
397354525
104584483
30464091
232515053
173250883
941482307
366205593
393536438
915311695
21723031
194775681
656280328
820969440
687302740
907733115
148220229
764495934
47381748
993820884
205903031
152243430
510117499
565788943
248929561
467991459
772429456
269971479
144995932
556352444
878467059
870365876
505927480
822091154
501082461
509084572
220944984
26065947
89295427
182047209
225638929
145043671
88769870
88116276
620596888
605312439
554752519
156518447
758329822
362956790
921345190
268193638
709926065
641261848
72033176
921610702
887237024
538795538
781534529
764523592
400821425
671510828
221209660
837183993
36844636
151357153
688848199
834189172
319886978
178218168
686788131
122154281
675200506
865334538
768181955
60859360
63473559
422001222
945192053
643617121
913238939
615911008
511641655
782039140
635007252
610273420
160439811
864665631
750057978
579471758
621847546
682149444
244531417
324771833
781225782
554128099
923834009
251585876
51271639
469239735
916464238
720563345
836631468
580111654
676168658
799190909
592993130
844591526
873079892
11173815
858137142
465235802
593603484
137917408
851284652
784910415
159869173
439170519
202176740
426571214
990917341
824182566
84131194
740415219
556370620
4638686
877622862
350428672
84108755
214053855
137025350
811887682
370729583
475952318
727152881
192675593
779279539
931529999
105870481
835816342
17280290
315848283
991585738
738884162
721334614
156611744
88545960
106614009
473487180
996315366
394258925
484663489
49409135
624700423
478322393
92281672
636432150
96216248
23741034
671529972
921568045
242564457
760482770
659026036
874148464
46249460
94506218
117651165
410764525
658609058
5630875
228339172
333300037
366360397
409290924
675069057
832596827
345247031
19080604
399758875
916092725
771008853
876941491
87793388
819794928
652361859
762478546
746029158
997629924
634871209
556243441
683063291
907788965
434340508
914248296
774715831
555365511
332559701
864735696
675085154
62105525
970894793
695849482
814878120
990684490
165919753
151363452
683048737
215409499
803253334
259684843
291185119
77135643
623982157
755437245
150559191
365622965
672689382
839231106
221786604
283770912
348477059
120021239
775893315
102365617
322567583
320550206
898959527
452112100
634575091
119703545
500037125
480511333
343995449
337653349
945197930
75159370
62063370
97108897
653875175
500998406
79429809
530619658
194376590
375186365
265058322
605927647
283806807
678903262
763689104
409092866
882676128
493328593
642949092
391314241
713628464
850873554
919956165
712512503
668116906
845369545
252403924
230936637
580834406
683549788
759647717
810673784
733140192
286328807
810239314
75399821
303559594
575580485
185355931
720788196
204341103
817857400
925644648
400706950
837307293
716639935
36743398
220056265
688422995
225482225
237027416
6708531
837562240
952681207
624024883
94324376
155203204
349550866
428991989
808505628
248594482
848493171
949785251
510826800
615538647
454384536
872787453
997477998
868663947
688289282
105533271
307095642
307972662
922160894
186973138
895771063
925228904
519249215
875205208
951476969
808626147
32347659
542513640
355352180
446522372
752939185
973111543
780458984
662303922
715914937
920196616
954008727
146588495
376850301
472193714
355847930
868072147
414817848
785168302
382922757
843852481
39265398
351392316
133712
119948954
929931772
698735868
915401344
765708069
728253819
169095470
635953987
474345656
477515019
999879480
216246822
305979530
594433070
64304427
862599460
481272991
92328468
335174076
152749009
768092665
151524543
160507147
931122359
449967180
831125206
27698915
510411055
734080912
492282450
107624488
769360748
680955341
542379928
235403226
516590599
54203317
57710199
14750915
934050102
546819466
284242628
479663070
669073475
376970819
255946891
49868400
273639077
350513420
922568840
901649765
751524012
704091321
198643307
232041045
968424410
769424624
767613507
465434164
934582862
700554903
658684413
901873074
982063204
369890530
230518732
535291480
763599601
359029843
547713827
808396142
423562792
77577553
401123972
605929541
483850037
671861471
491433671
554151539
194020288
781256806
754059837
159897635
811512070
590632684
356100474
65269426
482312034
310338883
266978815
747165973
286589809
592276033
80168052
233495199
888135051
382369553
497599864
299182944
146452087
720655410
286268798
914609232
802799592
114172697
478086972
673946458
302967349
592713765
748191007
296562938
277990953
213461967
271413876
153326055
946495064
498786778
90361004
391430520
13790056
165249306
52979445
453260718
92051028
800547853
521806333
831286757
997409500
167628772
717794488
101480484
174261607
192250727
407699452
473364876
494988008
839450603
357098041
697339372
112545711
682154014
762302076
889598268
562147875
970415876
469175019
73127841
320862157
926841995
287000133
389348272
292008548
106169344
285392888
981202780
667675964
833008078
822558204
2251739
592366363
646800214
676536957
135338576
874919275
646710522
122301331
85740226
805762514
798048998
658338046
107044461
141688737
393021630
278884808
331636040
402947229
163381176
891112842
121635151
331372833
448678492
510424600
70567505
880628638
328446215
809471934
