692170572
585069972
393164679
660981919
675279309
765798204
757136763
519250347
841688298
259197805
690554919
581974805
383496083
939669464
954309538
708132795
885036230
513080975
712850636
887441499
167330011
251424296
764651807
349217578
177466391
615506589
555786193
767496866
970222767
717142907
554098339
260296016
505615097
427978504
899447591
915076241
111530613
433388729
397304544
861690056
475945141
781215467
407822493
182726893
675826558
562210774
443088038
554403037
679149130
777349003
237736900
356036163
190456738
157370897
487744334
440746275
820418163
43947100
483515528
59772720
210012011
989639895
549027579
124545391
705099464
430258903
76359708
955517577
40221873
39233297
596602182
451647500
115776431
851160579
411496357
386114543
843601801
581924913
673391019
615255616
172418550
1383156
88347736
192873764
479406006
198062176
69839277
348244199
940234168
458701315
94658077
67583512
949873200
337531823
651678044
486305244
232187888
283277102
477627427
245567654
485851065
487570460
514181163
639915833
180746821
786089399
240259732
339296157
745874539
101629791
597144472
238493250
370556080
868259910
887354169
208628854
901292159
356153814
645139383
507037288
360419625
728115507
15283408
581520557
944575218
529018669
501774298
778244606
199482534
925191111
153926654
560324699
104297485
427823364
129404550
684848089
487201992
448431901
12126943
693316605
957802442
730543118
602369659
838604377
861556841
856164826
697027431
81613289
450177653
443049190
585013084
876034072
638137717
970590138
885148027
757735556
472287051
932660605
695340613
651728150
284315100
462015124
139813622
820683426
947703136
36819773
134195764
942732714
738855360
202506079
721426861
452860257
344026871
951822776
549234844
629876505
125745848
176679030
719963714
88410391
831991237
420161009
328066953
756433343
340178027
277892581
922186980
133707346
542675336
371668993
212561037
554541385
753091286
360398791
409001505
495787318
590729496
781686232
890901240
824737068
721969062
754294716
342757928
247671573
721622327
132152826
532007200
686314940
421355293
255271522
631989708
295608021
212696891
606930222
819736912
864154090
133948171
383380278
480505399
669810555
114632791
488418
400057378
367186366
989945040
166885475
699768969
983628079
542821271
53447526
39147009
344059615
285777789
895226644
366441328
77696520
77403080
80395379
34811015
208025200
745885379
235872040
712352051
287403813
739679283
916953015
341844494
146161064
540661878
544847413
361839146
207349217
301180832
221090684
710104276
721480643
354237338
975571560
257726531
554736852
432383855
548379120
143493668
367907766
216124512
287930093
9830231
317470245
240488893
742040391
786751010
53552791
348569262
272480198
923925174
878760750
288136365
112653564
627507081
72992025
825040979
553607904
442966201
997973856
691608379
831797790
42878782
64687104
185122367
644960683
723459181
101831518
822668846
480074162
775641344
197506258
92378371
344444285
71279301
451749190
907122783
24374248
905672170
798621485
758096402
308286354
858779954
28700633
297165509
831343525
433344278
241583774
348064478
184734506
729695871
878775949
105412919
145519810
676299386
384326720
245051310
945143126
132347878
595528208
18581210
684919491
230883944
868495099
496838853
726418916
786382378
943692078
41374262
175757890
165869240
800666730
647935733
644344714
239877454
383322024
973017835
14178149
767521594
353778840
211616405
481875407
753767039
637934340
750378289
896865393
92093339
946858560
668144898
686952579
206697880
961979656
892026369
310143962
780040275
73176911
77402410
990284854
531861778
570746591
44961146
489652198
200209511
172306587
18865265
929029139
230840216
461068203
905642355
292977361
411308884
230873160
177621532
778569036
383911803
536705801
931152450
592949602
118116809
599973459
634325577
839523817
275547180
354421682
969060009
203889583
908640360
337791770
864304438
166700542
305919613
982732980
482316369
196775002
308817693
721964205
281665895
581460451
619069074
821349149
666025177
631025134
41216204
375167536
275643694
975824718
784358124
113457332
926232158
243334473
142024459
484452806
872168044
931888318
936421013
205437328
214105018
845787827
203246577
814975681
20388779
893048444
596763764
738941812
987057746
428575902
748556790
980846528
469751342
661947596
255039905
349691999
973880527
296767659
933948281
3300442
798307612
900379643
78777987
993235289
419531457
795183027
411559611
620969964
24676083
821466806
110564935
550428050
260353987
103380365
507859186
435878067
378213873
804093391
800960369
772976731
34261369
302274391
388109788
847067791
227267928
803511594
643705988
264284561
988294566
792332459
510572278
575400385
997940035
933120571
407129714
313725374
767009840
210011287
395444223
225205750
481488832
975793798
714265729
165590940
318010967
198128739
720492541
366370977
154088410
819161837
971478124
169787135
495807288
160971549
969039072
496033221
512269854
231710195
765967360
616019862
151477038
147275050
632675397
232343622
310894528
535164549
552488013
327233415
696250649
194133812
668868225
168202586
408649167
575754619
291487899
58467569
588008660
222518848
529056823
29139189
83019053
277335011
110196151
169132728
820854333
340785142
79593096
836968486
964081497
911096492
801455518
535299644
444043925
779424360
73728711
334213781
343118401
481922106
854696411
782846416
645640724
393259126
670120327
959954596
150293612
803275537
761137967
920052668
869483648
910571502
908024559
289751006
702653370
736828171
533000809
874142026
37078899
463542668
411489288
970109384
455571452
715519526
363151916
785154155
392678293
133568580
724158660
629224806
502025907
957274116
715349167
106086554
367822435
746210406
383498464
689759926
607214682
150241554
18839116
17578796
579647174
159540427
967484836
53509995
3071933
511704511
832646273
707215753
246423551
199586684
297134882
879575731
70432818
884587025
327274963
930121197
30107209
884966170
567276302
16725031
79116877
131913160
418026760
912209531
195222335
801938004
921928569
956442962
353329707
843240882
266927343
886837344
444703552
393910492
390462210
296031025
748034688
309641921
782082221
880973780
300922306
16942907
382801255
302439223
660139233
835773434
35653735
483235409
418935443
453377265
659652716
722248511
582965250
2114084
938461917
447734013
741513666
55275305
858287659
201133927
589775941
876203309
353886045
403182667
932659339
410297537
434872179
676522325
494124814
31243938
182086509
720465287
102883948
686302520
715802724
62173969
749111904
115587537
252070297
359448899
766284268
438693159
537507519
899952440
183588165
544678831
303872093
442589468
455448573
942728196
554517357
692759382
451354261
580948294
291197839
424718995
663056860
979618586
369779882
249841696
400901255
359131409
989110594
387691504
271290756
939187428
619364562
896662729
286311358
876287948
698622107
625926129
803205007
498838759
434849657
151082781
338695789
453933604
219594502
387980507
106425444
992282709
221073752
551396617
476726579
489327125
269111025
521935653
395104680
291083729
399117107
769493317
745807653
2228600
958547643
407152859
449582564
149816015
628661683
244400736
925314268
407209363
156278109
579160623
244106088
928591227
889554374
952515501
146098636
140115058
86023205
209123256
760024083
981799373
143416252
408618544
138057657
437713976
910964923
781963630
670076402
97428908
501558048
995227628
477170840
929128788
880118474
800976406
540291114
27696798
701500215
188879774
825271919
975193764
462666238
699216079
836004600
641913127
307290528
548135351
599772750
316595523
375837017
254989621
205060523
189993851
9469233
764008278
858812347
549929098
269095201
11868588
238851090
846698052
574324332
827885360
905651313
161050479
101989783
314977298
48472752
88577968
412224386
118401837
438614842
897143429
383851336
784830317
519133135
444200171
572613942
496144529
130423447
362829572
182190880
353480878
721591890
246568427
790167104
287176989
919659554
116110196
942164057
990362015
758601595
689631627
950028683
978573865
400869432
634780877
793564765
674954121
539923343
992313228
499662598
511194782
904371136
257435179
816374777
307917093
806142514
224638915
244875143
414612176
977315155
772950671
881445139
876021516
664507172
220843454
106293469
659082885
370883373
814812792
395317742
932362555
146413909
421862370
359800241
748983214
947114745
405277469
383960885
884352257
650635404
897659820
956221184
138110218
863166973
670996097
449109740
464156711
430193648
482250011
481034474
695020639
871235052
527551881
13046859
985650923
808186486
74007166
314066693
180025977
528487407
134481879
304070748
725110550
596995486
567300041
364780872
482508766
897634936
67391563
360802347
400865044
840678028
360522885
763976770
79655335
816729486
743334921
12854543
993511074
771733712
642136757
228889237
888633360
333778318
700297101
61127503
618862026
408815510
374149317
940796726
873107578
91210776
203934907
355864849
516153524
593589071
231110634
541114730
295866931
306215224
966600973
566521773
362802085
121447664
80169429
854342610
510712166
763575110
933391523
168921436
64851565
61152623
320555617
408292264
886350649
905592641
415437386
391332231
896698383
506172538
745918845
73693256
523485619
126594835
487694767
309654268
636743120
4658035
247823245
486066262
585618852
202220190
716987610
687295850
805132738
75614984
866087151
767185695
253608889
845954490
550415335
855286915
475423985
205227880
875945161
811954954
770655158
795642642
469514198
610560882
178151685
839778401
644416346
789694392
560296377
892907716
43036153
236207249
633752895
770515160
217599490
506054131
515751864
447325261
583302583
862631374
344165012
633259765
603159525
810735665
39505490
648251689
137723341
50743892
955757202
890631929
598269269
318257739
250649673
675739812
538999109
841100477
535143836
637262362
307914577
745840449
557803842
927293217
126999472
912225020
32578830
629879901
133432800
483093728
628355000
