575549761
302947983
77566989
76140298
859854644
340429291
36487828
339077232
147430962
870144431
546743126
684934435
832055241
591237313
285154484
18554585
784084979
231979288
812439537
922754803
816999486
538120161
453060108
390346986
486795920
197312936
326693873
252743261
328157189
764901090
488149819
144239175
458419230
819048365
584264623
525145581
409586197
802763465
311443776
599496486
386642251
523864130
8685644
507576878
934101116
744275863
205027096
70154744
622885021
573785721
310103920
199096673
908073188
79303965
115756144
37429600
849887874
687220001
589344377
662541708
13735418
783744566
10920042
382529870
381994611
402503951
226515205
13006876
6972690
760008901
608968387
981321513
920535511
212943050
536112551
293135356
529434517
945483229
456245869
742520055
992285839
256539129
629858238
754371466
454797170
289053145
236165986
379115264
703292221
546835023
675257706
722366194
213419087
648902067
585761068
602897684
512944087
626155772
125582266
531597165
517760658
192020220
63182054
862876119
964817333
328782405
278561161
695130137
543191413
822620786
507995081
904404644
230974132
846824321
670255867
757196288
153886328
256548574
927732699
92941466
166337964
847399939
309714653
460137665
84751195
886602192
767902426
271633444
627181981
933214866
780191267
903278743
819900962
924648702
224759396
800265619
193357074
766982118
789554132
126014764
10491983
541035847
835923850
880671433
38839942
770853060
491392061
366594765
978646198
828564779
449011355
256395512
698423072
32640800
365259200
670360717
882305565
603044388
778124923
78215141
560879978
6927717
67948156
609976545
42429518
604716336
84503681
306325428
622064924
869990247
563839213
386904209
466994441
801717934
82449482
625302116
11476089
429043219
421297723
313898133
395210130
401307660
292987244
798617200
484203510
523795755
204855671
787260162
559389501
554398678
917960052
590312685
988857193
711338990
565134784
3564266
473087691
225947304
838241914
434123604
686349378
185066632
744529839
108655950
264725565
62107146
789401069
896705137
950191317
739957083
658884628
453262346
181746664
464226789
683005009
159572318
713940471
269330954
125773034
518633762
399860665
297243518
746935925
67666246
952030193
973526527
398047014
755655449
236583150
78885215
152214424
785528783
590801303
987174117
627548753
210143497
656777820
184331294
533891635
422096363
734394684
308150532
837068844
819432417
895514049
464697706
408566020
524630404
28333981
405562466
289623793
203756737
100174270
319608152
34262939
389105860
438130705
676863593
156625755
291199037
664060131
33745619
660121986
871306101
587742659
873355844
862461041
194572546
836678034
472861512
502794496
529609176
735439317
703676669
784239077
91710132
460174673
927503507
172152195
487332487
564960506
873416609
727321468
831020683
789261420
948457685
685354513
271193151
952911178
238442893
772012790
979914225
27705539
242692597
758036231
700649064
648028545
965762741
231689758
22158205
602236664
213993474
687952368
555472467
902767968
760014616
468317419
396497599
535369074
942552805
928931185
510627197
504711397
669293267
726238530
790643521
306424150
829101302
82044680
639284973
188001330
591267890
241661367
598235141
700848720
522880270
501903637
492746720
945640437
83590012
443681586
494411930
695813749
149993990
885095822
350967032
185464240
171849001
928252713
29246804
480140266
288856914
735824076
10358372
309511706
261385593
475202827
358412270
516454066
967392709
394224914
818927241
883718061
592404783
834156873
10968773
972332105
89717227
854623746
379887698
258110978
975570697
450857160
451779061
498871219
434519255
814813446
354717406
784197444
375271498
605179280
134575148
900848587
52797875
159144706
899144415
855443813
231302995
288723434
439463127
47677442
143491367
976292652
978247726
689365096
624754343
610693868
103408965
315837116
874127048
378634925
95747013
317225253
548365015
771135825
504569567
837999752
284045014
511487151
874992450
446572145
120485421
574214825
141182568
362213428
259649765
918078652
830920185
433260076
935012456
155524959
741029110
800993791
415160618
332210255
114619610
999278043
472609433
762413963
874116874
823825385
711404481
38880289
910070394
996636571
509432267
817349894
352483572
281662049
654575138
61144663
571398799
719815842
413730983
992890980
927192020
569276540
835110084
616034297
429715331
706675690
779773681
670148887
380824659
718602089
637605813
294753220
902064634
216154760
656516214
505291522
365390319
521631049
637370275
51167064
735167663
81605131
664144429
144545995
852781160
442299870
565595080
549258136
778684937
873867793
584126159
21213268
387262808
422269637
405018234
545343069
164167959
856575134
332698632
167441184
44051703
41255593
658055629
191468305
359030758
214679047
915285258
136328812
625145833
149283615
695754343
49767749
82445566
362563919
257723316
845586888
905132109
690564089
763253136
987415459
141080609
230515545
891463949
506956865
134475930
616392545
907490410
479794996
811136524
111173145
341123563
508815183
188932417
469929091
7115360
693912070
423549500
472676124
785515236
638102112
527014610
429266268
924112302
629401321
178113449
534358409
938767700
24698889
164546320
559431344
640210958
473603869
93321997
345283171
26360574
813536157
149791642
151098764
56992375
742638212
307188635
435490262
325192286
513972687
808160051
186939159
860835331
612516474
355448558
563811245
422037388
432455985
905048851
125151023
460400849
711814340
306403242
262062627
328843415
600117519
677624843
882791521
315248675
251705180
470962186
867519693
415493186
843649244
443568516
193579201
544120427
272450736
415683749
42877024
330913477
91524348
104073981
410139614
821241269
991174289
673523077
326251226
669250329
600735074
137393955
207754973
568555016
968170972
884882321
314546232
507132915
887729014
822255347
456874855
65013369
424397113
120241586
73487106
43010500
940640356
771445971
17186086
168947957
161869356
19690818
149586652
16772235
862171827
794237545
368876501
607740359
896263626
440821357
337669125
926594440
351373616
213541191
714513600
114311224
263207213
298964677
447322212
958766922
129022283
686446285
656391412
450195387
958808893
977863653
906516363
971282760
30586875
367129114
880600911
219728317
656336991
157303269
507380972
581044255
987807302
190982737
706383187
173933427
516005819
706805872
610869287
446907656
484586222
530280413
713639751
210855921
405727984
959175880
779803286
641675679
324123759
58419162
39925673
475423069
363299405
699391264
57963341
884308172
887721180
397593739
577153483
529134512
560220444
117940807
270257448
194070347
706160218
133469344
126503920
72224475
592581488
273388784
442761102
422216410
75576998
209483755
965609163
428528479
264223902
695660442
565554775
71410993
587325826
238925231
895604556
597917829
117377595
31957902
217744850
288416038
133019396
822075013
286212245
118412080
129652389
81734775
886687211
366645415
260022965
519569404
504695702
272258639
832671960
707578810
49094190
50734974
615658058
617709262
399846071
153815649
733782099
629434860
620084270
192060738
832038962
505742490
941808684
321295212
222336249
672339618
76692751
674202315
915724493
838087881
939205078
770506474
987176537
324349022
292564020
993842221
322796542
598963748
168505514
744654496
190964740
293296136
238739032
879747015
189831041
844869581
982259769
499668332
632111830
63929201
554633937
503584534
201990743
94151507
286373116
623909898
139926090
565391998
144309165
587683345
442876653
830493385
356534145
994584078
768373730
278587715
63558435
291309035
325145241
406003848
831019105
134818351
460929346
875429772
1095998
538742826
267003457
62061668
131464171
377466666
690079847
577024417
42090484
851795292
283453943
435620544
568515731
893025030
37975906
668654121
853916131
757404543
454654582
580822167
301777843
360471353
936761989
244154952
111373284
911243324
781311146
690950734
174523090
226107981
232910094
419815586
42655187
326560969
93055508
747630288
356906440
77864421
433927826
766842497
897603497
865852234
788402901
504738852
711130135
332753185
710071983
170533404
253333129
656491119
552087716
73614562
680163767
880107177
573651929
640624644
601980835
22848505
950688383
220220846
596155519
999129112
402501326
815982502
618885197
863638355
392965357
241954761
799969522
290345616
311747681
776051709
323476716
687812084
683218669
435925607
572068451
432023137
533024816
778620097
201171341
610777741
437617604
518031970
674020263
159295531
739651818
162548008
752909038
452430863
145649453
334057935
127176037
213706980
170686977
898474384
463350908
972420397
885853653
847491778
939787827
468117221
370563880
962987511
344743437
776036005
750137844
992351681
196888508
137726322
68556193
169957698
489823687
172068285
19049504
985377776
561511507
884469354
141962238
459589665
123986537
230417348
489045722
347538659
144696163
977689744
648875672
109769735
517125106
784744284
972574698
599648052
546169482
685533036
838832268
733054118
240213861
474630092
173288532
897984257
409157686
747300135
965659499
615182716
383874669
975691753
844234246
955107751
194657476
185309199
336962876
578881552
830458159
426263987
723505241
709370479
979071498
23025221
818291348
367053692
127160333
640368108
475226575
412144223
165151622
468908139
623788215
804290649
333236015
285995384
745163915
86881415
711180822
243977980
50431979
376686400
264757848
873863004
963663988
169004409
133455498
693767920
915112258
331815906
447781407
393693146
769189892
119905494
962027793
129461789
753982619
217188639
656338742
806234839
770823924
768789576
272073560
553515275
450031093
914966529
351903538
39943596
621871736
908662090
440145283
250081461
867700729
586480179
375832007
346818841
444612631
105208493
59361232
649286939
233598193
433392411
725255848
143410668
964362814
771458475
699718246
503882720
842262855
203774225
532012764
527975276
430542671
904945981
473154054
281642402
104612840
711242571
