104362356
311322711
192845865
777330951
226432701
506716657
775550893
65396086
472392730
563891419
442980984
153935511
708397241
110494642
130610766
386241880
230970352
266501785
739564712
899483511
428742358
376637724
873394834
245121622
56688163
949208456
134850783
644870944
498863167
757946696
471385606
941103668
884953379
152836013
358651261
321621330
572896879
642333889
195536713
611123384
364365797
102257609
748143491
914808218
551576479
831614736
907000280
112807910
944253832
717133006
229556088
116221958
907459801
571598810
518325640
727724631
437927876
947724242
720642787
277224243
371865873
130679948
566532917
714446032
92505813
501877315
268982130
555561227
751843380
808989435
813344999
588636461
70965071
128441328
535117714
326484748
628494232
958586614
693545141
225073426
42208176
22042872
700617111
781730160
528390608
355163647
33643866
313354568
634510372
630926629
883693452
625172636
921691101
918312469
239257510
233685848
535724690
33697458
822302404
49699164
562632605
351439053
360964529
135264397
903788005
640919625
45256887
779018473
36481096
191840891
99230399
479341260
254179100
495569361
235016067
349823001
430062836
784802756
186055424
737342164
468233448
955627561
921050853
120916751
925295981
188172363
666945359
152652601
889183816
301431865
790760056
594796773
136284210
643845976
662440819
690769121
661078342
565352713
877942153
887470982
309906760
254625392
276873471
442669481
531696229
404352192
370993535
426121739
683296401
889434508
803623011
750921933
847642033
84960239
581465714
607005043
430388198
240047777
209968415
715615642
973974264
892604284
889834655
735049229
401080833
504433625
343057050
610333122
833128540
544246944
688744657
864710121
906860602
298584441
427435404
213608056
678754089
478381372
589220520
520943788
817178827
240823619
469356199
999749307
497808853
39838123
747154738
51323970
62380262
55435776
260380922
421030564
355384298
162326510
913496716
417302475
364790736
541824241
41588647
27262604
61295142
760660411
592993198
139049456
200689850
938912888
844061329
549057592
657524834
367857658
928250952
952006825
650827256
689024625
898436814
733150644
423248085
890085346
237240376
361242710
757278885
291733079
547952860
777692763
283866022
267714092
509325823
744534091
385087723
10132929
848817319
136929848
436792724
561957915
459648646
56518415
647830420
330306742
799059457
558895963
195776793
198097145
393799134
694522602
127184823
308374096
770203307
666359671
263889695
180346071
994054388
474705388
304583865
680345935
269983718
769562061
212707550
815300433
855183433
932975757
429587065
99527237
163969869
647391905
519040338
791321104
515214100
88869341
229375979
841918398
85320224
92941343
91025889
678344411
165465917
559181740
897933944
853430257
650507940
975491925
497510784
842966150
480644395
204741652
16078539
374111930
832345982
756446788
291974197
690086583
843810864
832529985
475123307
866083698
129308897
96249555
34127276
746407228
175482264
335863717
793159994
681333966
436983691
421971296
95025847
901113045
383679499
626239452
514880018
710801976
871628116
359277292
164792493
879691507
435464973
586620914
618882841
959228216
631313365
144928407
958975121
758767311
796895142
539289395
998107532
252790238
617818034
224942189
549035514
69216362
525054463
151526715
677947993
314644222
182331930
816176816
405982458
58673099
109715804
114965493
990432430
206106529
241566769
581172219
818458466
484533571
667737492
595431798
430618725
542687982
477366713
74899059
115093863
30553856
376888595
34392682
884438822
897694295
423863762
842235608
283295010
158737309
77203937
445663656
185747512
720101400
681329298
850148269
697359576
619288155
180638455
560209741
849512411
516347872
154495976
752868591
517200541
215722923
720830927
513573961
585052745
22386236
794323463
6347532
591849648
450155404
36432852
647394136
937755626
147939247
931737993
508288162
634809335
267480195
831670481
831695120
128902592
795903112
395424706
98357065
803204272
817589221
898072220
811330569
362049526
917156970
225386646
598745989
876057879
624020002
517192139
668715899
176863368
910289800
257182862
260908774
364413845
70856405
853814007
735592107
683668548
33935161
912392641
549420328
687550161
672350292
925400405
582032215
684677389
322800854
623965999
721297428
820298215
622473862
710369687
767463522
124314014
982992893
644298005
674692676
224768757
437686861
771336256
313735623
630747106
263022093
331424793
724519533
10297332
570761707
467281275
58046186
942089104
659832598
414688516
769269110
905196578
348651891
123780407
689699232
991756563
643354430
914068599
553257024
54003
795894710
848417683
554389504
199920113
489719339
136594760
381420951
426558399
179121330
510823349
245981686
262598904
598657018
918673220
424528067
340925498
200880871
571734882
113915682
855519578
565919812
779208323
160465617
207785345
941100575
862266942
775662121
859212485
954598771
682936112
581414326
523618261
218079232
313681620
834852395
414604409
777035288
524599420
520577992
434166947
85860323
631487786
762967773
149009248
168706829
506670206
306539560
429978669
699252339
348773733
790875691
71619547
800152916
697737445
434134190
16686386
687952065
346604158
258819536
627452395
360932637
522208465
471959626
496185216
929409022
722363424
44519672
284975398
83820825
9923657
563890209
676281450
51156890
679748734
769659254
934432025
16240549
11456368
39078516
434430369
555727382
345683451
159960145
605825037
892060419
509794778
723465343
520341785
879547428
818166008
726652342
430431129
265779884
893125595
73234309
563651857
159528159
266782556
219600225
446343404
462150534
21564162
346157844
689328682
784883523
114594241
20462657
120404182
928078189
499702164
445837
676495697
307525642
824389165
71725013
15249186
362248319
866134588
604124795
419614244
998898079
524177885
405427968
265654815
283271313
133459080
410501566
158031293
606514424
206007397
774903865
749457991
791856142
592735110
972279834
534163220
999525606
470631462
820941512
777466178
489332120
603061160
592263595
379845264
817720171
50156645
122905486
441390717
821400582
57985123
201403537
293393569
662657760
799985980
447445323
937972648
616136192
80503028
406057368
651424443
704092674
862431363
513889757
722070791
724798297
250987844
884639554
714790530
852109330
537561792
15723579
891616856
45193075
826658615
930282122
395836918
931914288
25582703
447934643
233114668
10553593
969110847
336630709
548529301
4603860
481510295
86800231
991870161
145289787
34307186
918027026
919022577
64574093
169517069
73373504
626900755
89171403
870192802
655046966
566732327
165517090
408114955
589281385
283838790
42261544
309786679
248200494
835999143
869703856
51608405
6058359
590553489
632568384
172942700
640870849
734981825
525800654
965360454
717466931
243288001
164187612
892769392
569500743
817802144
619534765
96701000
827042763
875676004
753285110
303381366
306665515
61721486
370535736
881202314
67597577
602438637
379829461
52791918
506267757
694817179
233309801
250801087
122166304
93681381
28248826
327473536
286454192
891631391
528646219
338391678
101100101
123810947
152725871
411758964
402544714
272747697
838614210
771479240
664304024
945560542
482743915
372524488
82714032
566322490
744942888
944336871
220017752
751366068
105345122
38432211
355152364
473008735
459092697
22649751
9978200
913386524
770603087
475819361
789553317
292061228
810246807
935411370
347029784
414893432
202281264
182854567
908995614
958776771
478657600
794849879
763824426
608350220
388487892
560707213
212073264
860785312
168087054
555843813
348738492
83911954
107455784
535088123
786286268
490214008
983239313
628091364
664718249
130076119
401780763
489158188
502144608
362794848
981925921
372242796
135313735
547332544
25494703
667820598
364041225
562088321
35341257
261240979
272708467
310495242
274607784
746802142
84520842
898385482
810576485
149192887
745299469
214759274
127080869
705641363
184605443
275158684
149125101
856815775
431654118
574189899
518136317
778919494
556996007
989499411
292705271
401029577
626424297
16245096
425393478
664740719
835290608
500266455
191802587
786650170
48570697
846214803
262379655
475791026
215606223
236437170
543570521
766332766
319499632
252587876
743858717
287385333
235713979
276284558
187637352
860155050
398207442
168678926
236166479
789851325
43952004
256421761
704244971
283209055
17789971
873578206
120377845
68275746
472992003
145835766
313902277
245033014
22956687
340430698
657070666
338390639
12779029
673334073
641209552
195216948
30619377
751803550
459419862
304408131
245640693
5319937
165315597
350139739
828607742
565238427
266533276
666611681
264099975
401951261
742698166
792148934
141969832
979170598
458001055
342028016
116059325
475294775
293340762
173663866
938685597
498825703
264428646
895283280
619213890
849246712
847376021
724873367
527469373
40949531
759231947
292148453
797001898
399836840
37568362
12470033
708262608
770238104
239668002
907753575
879302488
647290594
980933037
621005424
597732531
864921730
196420807
33608430
215333018
299181535
79157623
555324600
458462787
285755995
365722532
746814988
740891289
270032316
730925847
979361029
717862405
541659908
139142308
223150444
642719312
450549713
995147035
742132990
941602235
445531022
633765407
345821219
235626772
385587186
294361376
291395002
517892664
643423221
297550749
754292159
652825905
813767591
509540349
228287837
961791906
203907347
833685664
511245902
34114308
290753373
271578742
438230292
39312256
260306972
189891169
337642580
508148286
757782593
978286110
147182817
869774694
454287815
92006193
769801995
665416127
733336402
319697827
72875601
991394618
74327529
228922324
97468068
972481565
976633687
326535124
904094813
32119558
910854469
261358536
438811965
616864047
483901133
708018682
650848861
173952279
195535114
306508963
975319799
195696016
956718794
783246715
760110069
665137109
150367931
884517464
198538089
721761397
