963470501
40864723
785649864
344546671
67266771
527954912
845800743
616017160
527370871
503786208
630320068
215558222
790352339
57721849
890016058
649138856
461133170
699179952
306000581
863704288
117027830
937905592
632878519
574038961
671700296
572934583
600482453
129806702
313380223
406013190
399875615
204517771
134183828
117683061
548662764
448666515
176282612
304111675
758875550
93517863
937485349
455188220
504863118
948761779
948048056
121718912
31842896
115593525
866744783
952430583
343922646
716010320
511723437
935877624
176049303
25564909
407986202
211610903
672846374
494332186
927472458
715994041
302636937
121357680
103910593
425802296
81374394
672669278
509059084
441349543
472856243
157021494
940304400
212482718
926218938
661839609
433042473
684116738
625990904
549981384
541091687
484888927
263061917
360949639
62090544
683865293
692794333
198306202
941633757
523097854
40680312
964671708
631265299
264543364
166045404
221491308
152551283
383505438
844851186
522245759
40344517
359173617
606534439
425395240
479574339
186901151
775705918
299240719
9658686
514209693
592522435
723869463
585619997
122864989
953240497
442583530
452932123
941687297
59267135
420045298
733007962
883068191
731035519
985961229
400669230
508184533
525756193
675761036
46437313
704727629
509288326
49537034
839265550
103745145
509636866
181918070
878354487
837666676
881375298
875189392
908159374
393553613
188647515
427424064
930575418
316810848
379051710
508400310
311302865
723461872
768559183
210863984
324238303
424805888
789237795
157276325
628138096
620573209
24726009
971389804
661144956
99944882
252803405
304931056
4921366
542985400
884603911
481874852
613228122
771322426
564229042
615265445
60311999
184077741
511885923
339454348
694420675
303611455
55385810
83858382
129132823
17355883
364458170
322975439
936168444
298424341
725298730
414459662
314507348
352360541
553779973
257781277
812940666
909985492
214044436
808214492
140750208
883716458
422502697
387590018
432206935
897176857
895172186
539980437
159232830
153293738
150551985
140160561
912919964
449783447
462855648
324526640
565187399
940867625
842256981
643789072
735486710
929827964
368762610
706497024
817686669
470144248
167367504
260867581
217542453
306447765
802324777
150326505
970033303
703671429
198704140
810704216
881108757
667795790
651651446
231955964
122183696
824477732
163742609
782874706
147872356
585138168
501539697
864723899
889504891
229253332
692593876
872073040
67728510
570255363
72727782
210922242
514953848
716005671
569903348
962062685
729809352
634304605
322437984
852785064
350968959
225479
170127257
209248534
251079307
652151431
443417881
897391607
289216179
610301016
521605375
911008976
766085355
585887902
558624668
232548500
968604550
302643603
371362688
988289119
613853887
930251736
82597995
399777940
630943647
987781896
295750368
165103085
97892442
689588759
502146611
487879089
502039747
310957543
431905747
147646876
415010911
292291163
613644592
237353460
785835450
795202268
582856861
457427492
48649987
161718804
444836885
929065944
157381003
337354847
993458134
427165749
262941917
334148863
238931177
420717221
917627483
770349315
578304885
263297409
356401062
278314796
799499164
599627418
108154405
33726286
408969228
455127811
153982154
410977791
817537588
676313386
688999009
134009227
202453669
818651617
347394875
625170501
351127952
469224843
542945010
366684422
7722082
760537594
696130624
74980861
224937172
167890884
72026366
11188526
230019391
644661594
713986276
350347182
880952396
507520653
995703102
983229441
349273086
14923701
752749574
989709073
775083789
746403210
519817257
317144747
738166738
128932689
131695194
420279558
73322345
292456982
419221363
109080042
720352397
989716639
270592714
38961570
903496793
33173543
808789112
241078344
383101444
142793628
180958399
172875994
962327109
338651826
253056829
694933014
822948514
364165433
275897414
336204251
716475267
553235936
591600631
261318870
240720336
378985876
336814122
96004482
36195690
651746807
937866179
937562408
225440231
604906234
629994784
891235756
236927939
956741531
79732648
316099542
206134587
511671229
606607628
632290160
565444810
346941263
354817637
399514911
875875859
436762178
597331042
709156911
16559567
83017112
392604773
167116461
398116007
9273843
798241233
524510916
696359420
712784629
204882654
731354636
204927448
243395990
947435762
357420874
708657041
361821071
458005074
866206981
284432784
959797870
130069663
204804038
946628307
959310470
695874058
893779071
24168238
937299210
220128622
599433510
54415765
228709267
921002841
142423118
212301461
462878322
493119749
227654096
158500298
555221730
619740121
493349957
306788575
875252990
427362712
322048820
399505500
997396761
690857868
514054787
978757102
731124059
424724126
56761695
952947447
187800735
220488152
438805536
313399784
904462160
500342678
759060209
492656007
605449142
676938871
976218180
322393147
805012643
145119413
245778718
868701321
230350978
707706683
729211053
340057749
636719705
898015461
71375316
531947757
373825237
494273571
26771476
246441341
706073834
620676406
323291704
803985139
864241146
189475669
24500726
242390170
54314213
914254310
254038136
54879052
860679911
693949
701339432
198314119
451144531
999655672
594492856
852277348
445079149
645353464
748406124
23417376
695513072
716703945
316227742
289785272
149112836
906857777
939574546
410188589
473571201
512618867
786582171
984772734
353647166
172233040
458152000
615536973
120618686
3388548
814387108
316096667
453668547
674332001
479377836
636025755
196676029
873061195
80803226
374169564
899780713
174494126
801362190
60720370
872270281
299874327
108472067
147537200
873247926
734715452
93277333
147456434
974679763
843849545
581307849
348061043
214111777
716566696
844666952
278911490
541503671
978955881
731658661
441690601
830966355
432309457
569748828
21181070
237326108
680201986
93109243
276051639
826054550
565404982
510407875
299077075
711256676
725861801
112502453
53772838
63760973
310614799
742289046
385903233
910111214
666930673
341416902
609819000
93024152
131316793
421913977
480109331
28394243
801891735
832665891
920824831
442835463
359671589
229754013
439960824
730125498
87290997
910211090
193045939
641606208
817225692
321401883
409274781
333441670
282230773
636804366
488249974
604064243
790894113
215150516
230888871
236666835
345755428
531579386
164035682
90892554
959929826
928156916
106009315
258288008
612999910
247657396
24162815
732739089
589583042
856241611
351585087
496107787
672541628
323647339
976469975
400403708
549243106
744297023
92885521
345528790
932142120
276377330
810793378
494512425
933664001
876045087
237500128
586741218
601777019
684157996
97080035
828092202
65718331
349068269
770195670
159134079
804201775
934757930
28606298
569568296
297239067
676535690
743858626
425989161
285219278
992142186
931522613
467246774
238680540
830485162
687423727
601458403
438693864
818506890
158750433
683552496
117363538
611496888
324624005
736954821
10157268
437421595
130962070
905425045
759161576
523492884
430389455
323473358
553451667
817335895
596201931
614485175
715690725
523317224
48289722
255606429
532518702
384804217
209293146
941521814
944522472
770253353
348060678
771291855
996734267
495621630
389398337
247211439
190317836
86643174
41770541
192704886
610133924
291651475
559411028
859817470
545573620
838433580
666827583
761726393
561752730
608049255
913795106
421344643
234283231
72938552
885767677
915376639
770217168
903144002
151033793
732559319
402203741
383102190
792432347
239903913
89360917
359670213
908690777
263539946
134094546
183178015
133155522
466808492
775565354
403497045
4351250
424039249
963906194
188472250
710032807
694085121
717976632
447566752
379769083
336473217
856458246
926716033
537008624
923795715
609853951
474021696
476994270
287173832
935609380
309211220
790501143
227031734
499219126
319507114
770456553
185903407
929742801
403287637
627631846
378574714
474893732
446986613
645779288
830786184
68587301
461728428
951470443
581744918
193111195
456948670
14582687
954636988
3333106
455959129
383445666
162644883
822661587
984895060
653685993
660072849
706183744
845981689
531199111
466354133
612995900
777319515
924820121
644399080
418015696
524129400
764342318
314688994
819934904
1194369
861579484
409471632
280936744
706222438
855208414
148125523
522551251
895249350
94062637
478660709
294628533
835864154
223698628
43259996
936061446
607811669
363241819
944847740
749601643
967558996
672390969
628912041
915787501
179425155
217790284
291267785
536908305
307071363
163729221
668981793
692606350
699893691
134702084
2138737
594379644
973974032
881708137
116439148
129686646
505560470
137521598
810934392
751919052
52538401
171725599
777131745
553620886
881560124
708337632
810204025
160887581
819494577
565087350
852375906
328803398
232667443
493684130
101511589
488432154
563940629
611217216
215479887
731520128
425080842
786054357
594734841
701162069
221559891
448880351
962087413
726103530
246802670
815161093
244041172
830037397
861456575
876992987
863249099
7699555
440658538
737646897
655348179
598733729
353525195
508094212
873111772
134806340
282326176
673335337
361712200
480289902
780196548
628006993
565746016
894343252
922041709
79414263
326838210
266484043
576990756
75969675
332060995
432679773
746250218
84100495
914084909
4333483
321046178
22338509
467346822
355674454
630435030
93812033
47773615
826293730
955869036
616746157
377994933
916986628
912942584
459928501
418835893
548224553
87168151
481797510
945906981
618795675
249415077
349697918
907995687
782042311
550154777
596765055
430708797
364688862
405585902
222668406
852483510
269424700
594009301
868778288
813760161
259987667
205988514
6037746
849854871
686384514
580233377
739452284
938474215
305295552
701419328
409851581
353541458
117062255
657133781
783836441
345511622
264452707
138193512
295289234
754918405
971348258
114342820
685304510
805519675
