642168167
692295790
613165288
817355326
894657784
620679908
348923030
717215141
876564569
94415177
870284999
470407301
399090587
900805193
69301777
993469093
741852854
576711747
683730045
704909783
758867597
241774449
258679614
782322065
27340154
446425004
170285417
650460454
762651349
747136098
413517025
916832909
827547994
736972883
614291495
912597495
660890785
194756980
432882057
725066481
516873606
865952853
466011209
969005915
524733813
623535438
866736462
94998171
368563313
242956093
147133327
595133880
356613550
478009083
61471545
400393717
433616176
830843222
790015172
448232779
450394490
698462574
954563791
129428471
680898151
953452088
642859306
662117702
286513698
156704281
332578308
547095874
143829690
958663563
188036177
892914743
775763239
289673698
257588251
403804714
579688541
75287246
281897140
519695255
600002771
818383143
560219358
349538910
675501338
213897778
478981319
830047561
404741807
984649276
274671991
818411030
911389061
336582737
288107763
571281723
980676131
204618759
808484471
211859032
910377784
600037451
451304190
397949986
289972905
168556801
624630476
143942477
573254970
386210457
868544237
375107243
416565434
434868536
529425698
862515007
393232730
293320395
986616363
72615920
677722961
502530745
142354066
159180413
683991571
369625146
981525680
439180501
1565934
686306526
423128582
375069781
266802773
70038108
609317469
999965318
367078953
162269372
59566005
506944536
589267300
335038841
256792590
18531349
116105038
899564746
401845596
476520525
807157037
425592755
178048993
687355735
218002394
735868551
534136070
407847039
457683385
292123776
713958413
920347758
187031119
185449974
142376542
886948443
963081874
493474455
108304470
346527326
825551065
529460379
495436053
230963357
233754390
479671826
483348618
342684119
245738154
123822716
43075374
784426824
967779549
505005155
632023463
575973177
508257532
735772845
157067387
530934220
535902036
201470430
542281932
74955176
448310957
139218245
319913417
403817325
192662298
369844146
55449474
622630581
791260276
55318269
650969458
277696658
930156700
947085635
453601345
738330566
252519932
191451950
162108884
333860669
249048401
929531587
952568208
682025962
553426510
566403363
378690910
227309028
336407068
577370248
810625288
624080635
987178445
420480877
782652398
94536144
159758409
79531293
150021821
875894007
68373241
420444791
993166547
912461279
854035696
354326804
645816476
561171896
282171499
418736819
278414287
344450086
39361545
208421263
825906773
518779369
186650036
637887453
850390813
626258933
991153234
828140444
286223513
213890027
244692980
26888823
290518211
509675823
164433236
359065200
578572157
172988639
41430129
286214876
265487427
828603609
936365039
40106928
827990265
199099705
920586886
817519013
945137528
917670248
298955960
466175201
584719089
778757181
594574102
263873029
907886107
521870954
229140479
523762886
884740771
240232796
134221278
779276520
667768298
827146873
63808593
136140652
396738659
923106297
840164660
105425648
303019957
753146668
942933835
997303163
582414329
146543107
809897187
651291107
705672045
173634221
883002915
368553264
914934066
778517778
442169732
511761028
915101719
900560206
451179092
56701202
943848158
517667241
401474103
25254630
694382330
157088518
372338629
843391
135291112
784446233
420780353
22031230
77505587
193530311
163155244
831572419
835823345
597270938
681458699
761343000
711973765
577849371
818090839
711106550
357229879
765668013
864342452
889250519
384977140
552047563
221038932
496178452
471927205
783463458
161577489
785352714
351672564
917679204
302920833
425325810
774204477
809053795
515999994
921225810
752853866
860971685
291047677
721403754
615362533
610597311
675937682
317830781
219101507
689836091
344727435
365998787
699576400
690367552
668024750
928714316
292746065
483088108
615866250
583243547
563407301
924601899
550104024
294042127
31952822
377802528
479899855
918144139
294350105
256132888
987138521
902919969
61849376
896865027
958252682
496258193
474620335
142938698
273887985
774379828
876109880
903208150
277076945
782091112
438736022
795578700
85776314
661305011
249654454
374206515
132579745
291116368
193187545
932756446
357818509
828251965
310867660
997005548
689450931
237560005
130697456
757793541
23480676
962968617
702697568
441807465
304149411
802711371
732114868
171766556
454093980
149807366
209200122
841486420
707133665
660199150
647524954
768012910
855306104
236374121
292026214
818594842
668489685
920143588
123553143
696022152
709732423
129092928
539046518
130000716
185390532
477614786
453487765
36327979
643682371
118316339
879727473
314108327
79393544
996928555
491429289
283064941
929190142
77887898
920112534
982772377
81916246
351701123
225622780
697619357
180727011
542854749
141699443
453076810
945533790
312102613
89303855
103337086
839415473
6675415
732075041
175056482
263664853
602114151
986376022
976479192
696319599
172872142
197804049
588817326
780471675
333416627
688619366
858377548
744944830
8961272
889404698
590601787
31054
140780765
614105906
358031299
903470147
841427159
949273704
642535782
335915343
410954
90794188
331579758
29012483
776390387
474692852
72718128
264853513
316372806
19400088
327075991
91511874
943633340
286452777
909044102
153897074
636805453
917147681
847310383
854235382
283321894
708131978
936572517
422697913
498702067
103306032
698634708
392569507
374043742
271586334
422237692
652840445
343840240
640563849
695908644
82077954
866224290
559804842
4081288
858723773
615901237
593524034
428572024
989561183
562328707
499089912
56397712
854327986
705061803
204134224
266664693
924279477
101963321
788300398
52593449
292278975
154221669
908881843
530310415
673084354
776058143
680148619
890809770
44786472
597162394
674235544
747671633
303069491
590544132
826966147
287672783
77000611
913066392
988586609
238334145
689797858
279559954
947011332
860369205
999612154
46908320
844306721
687507703
169909517
4921640
497958213
550877124
555539841
587970400
403629669
927856283
957342445
29494426
330996932
82665629
935752616
702714263
383785552
392398788
888093162
751418277
753328220
263783853
878095654
916461440
189664082
11213085
113376710
549966253
362795589
12719020
207210335
48512638
530698260
626176034
931751421
992640915
720900252
39864832
99204181
123358419
192131792
715099089
186914462
899109863
330330336
47506184
582069459
905920979
302581527
987083593
895774401
554612544
972276041
248193876
293580099
580522867
809412047
253448075
815257556
486745128
437500413
5573587
225174810
390910648
720645947
908829807
498796165
704820897
150914207
943111699
981814010
343920720
293194607
764734742
559286485
38229130
76869391
978985790
586131104
142157897
429143624
207455730
247384725
375711994
116944618
652597790
76236595
282504383
332595934
351228553
183228868
467452176
224607274
612459052
685858004
186558204
489924279
796003812
178463915
421500528
548710018
877248561
755006772
359469826
5269583
551853681
261417936
207541298
688907390
255350969
503653476
830426255
667316970
673099659
57601503
230044683
758188861
849462814
273966030
68048157
832593211
216291782
372224962
799685652
759882831
514361833
119313445
680735553
78876737
372728280
548304849
280865577
800521875
164630576
593447878
551895061
452448957
887914897
370442411
565090936
391179853
868695295
593596991
77244965
847575076
352802611
800135205
551507614
554857548
455813321
428369342
640461463
522037781
110415758
588907315
332418235
505023598
955321118
599586994
490907749
432540235
580682382
128664561
316179110
707046118
222787898
29904380
502686394
79651780
505706441
777595724
870273962
479020403
708875093
676868302
963897914
622694789
294979996
952110575
407080219
714226627
567805830
125878005
623063415
944358937
907843385
758827794
690106117
575723259
261029642
46871462
497127838
288327903
879534660
132550700
810497470
740030734
277417881
370198846
624787178
322898231
297448810
471855833
49151107
678217595
558095378
161441060
813162687
433547454
625009399
709723445
210043602
3210542
192506774
776681121
864734403
454804376
505601144
371820171
799202731
463960102
339798262
926963133
818622136
458834978
280467886
581946058
599485741
576324392
866370830
223867179
345276907
924781149
327323397
84181988
416777816
95949996
76726898
944845818
386263558
746402325
945665106
256558662
950713858
551306196
836827859
493917295
95821129
102853539
267816296
355693093
234429590
905597709
570996113
160827075
983099968
370485676
653233696
590316127
397749708
976149318
561955317
236838295
567176622
401142220
364446537
285262451
675887144
108324785
359903304
768784407
378077478
560755324
985556611
52800406
518294995
83239599
976249273
267315939
622007117
786550590
486124929
496632201
308508096
510677736
989437588
439679197
353785035
166496321
101082019
46292139
442716299
486410769
547096110
410114239
184447007
708826810
689382038
549571638
186859659
551565407
818030150
987496342
742950234
499031888
977615613
673674264
920041096
518195707
642532079
899860368
394236402
385917756
968309008
611199117
490024389
65323115
928330198
56498886
411704630
924767338
931477415
509390822
7242766
313611164
326068107
891666708
13659214
575442372
868353398
809468183
393857559
426677634
80456280
70441709
968520439
498628585
753681966
809476207
533062122
315763323
519638100
835589327
523964241
201221649
652055736
56798542
518101759
935896991
920089848
119123891
780496611
632883152
137867007
262092319
620087991
308639327
980253576
429339069
172963780
85948905
660015049
344598723
649842308
833063894
506002808
967558766
305461475
897867299
642678677
991395803
311641148
118853991
523436763
95941306
405129238
95888087
985426579
806021115
661555427
269269564
373564949
77762221
655352522
749229506
28971572
760974406
288810626
818363959
450353717
659881111
518375007
324342897
636512426
447113216
655748272
175039376
185747019
690900346
695218840
684496968
751337065
620234459
293218314
928694044
807482742
