616389576
305680126
273756183
731177763
462244212
634681363
557640728
842429605
303794896
297315387
179543495
498069050
638841434
746472384
725780659
488031075
500405281
191153910
236439329
940439724
26482444
554391291
550930631
747674083
425052698
722356907
209302636
558089193
163783573
293009553
131171038
87391076
545844108
795718218
251372471
140715341
449681129
440213473
510443949
265470085
186493489
115343797
534730439
394048517
121682420
790996985
839959045
836156020
706327022
890308166
414036292
946666443
803620425
488055377
630218385
61998285
754749493
526082098
306125064
739887304
425378727
999551534
678646031
10785343
166144348
92152418
952224941
843123214
495099913
585065317
38349946
60191807
680709960
970969243
753946234
911138645
19660852
156882114
625991663
634055712
882397860
373146614
851762169
273475405
878973259
184504594
283770650
57788731
165499832
189374185
385965847
923599029
134088408
770556644
840091357
186941954
436697765
523945095
227904168
29530001
838772042
996835830
341056106
121261704
851958220
353844485
265956483
832651181
734109141
719079738
42337432
597867378
900090433
672069351
857489443
52232112
147789364
405170626
131812082
981639753
808381767
894436210
677623381
305725727
199099470
114750915
926103398
910153314
130877886
567004279
474440880
495715755
928977944
596461661
795283668
885562029
32090507
730500464
421517183
525128774
918548110
451119467
323679588
446420093
147036753
788098468
23508596
462019056
913067199
787859244
39152590
31527138
392133012
246264414
221148233
944335831
319212448
35330379
922162233
737207305
427741085
355803167
701773294
167104861
244638857
546621676
668889432
303628771
876785681
971927413
20141604
417288898
983653441
606683307
63091642
357262299
570756621
231203288
158688974
411001001
91242318
464084341
997086114
343018640
527851689
442913742
103582743
682713530
375313428
850947836
566349581
996760127
808338230
684309877
97387688
562744943
749346172
156574726
201781235
600415075
119209035
719879823
585233373
941139785
767717640
621863690
47873696
785449704
183172772
863885932
373579209
88009159
876641403
511161232
645964986
963656743
358717052
358754654
639253170
801725114
443038933
986175901
928315342
25837845
405577832
23381475
608950667
299343564
509295618
500346698
607916126
414181894
29422053
558273897
291791966
371362494
878850967
55946328
575300999
905987998
395040045
318133037
499540758
511427494
477368626
478340421
120118723
297176998
38344890
133730944
204027891
390591517
517321555
400056119
157376142
133033132
791564479
559395528
535561953
744336164
12913023
748530130
276154085
682826072
255969805
959397313
58587106
318367506
219369266
274602492
84805775
302770723
783453654
733265171
406685068
124905895
486635143
416887847
548469217
927237409
903262751
311773668
260998674
375564674
296318807
217324608
896860338
629365932
400897755
158758833
579798013
319455438
520384374
830964833
893074975
646509913
41978952
816714684
255457688
517971312
419753315
801751216
77807732
763742397
48925168
901257166
607137862
784056382
993371049
32470247
646397987
374676632
10926311
608324542
841073412
701139353
487531456
900589410
386507265
38645197
62536974
429221173
917469750
60610432
694804477
765350336
782386348
952488819
840190195
760175154
82926942
669920458
161430158
30497904
507484094
101511534
233965936
497256275
326639505
395061639
610186745
112803955
635994881
368427507
512360844
205121381
308529127
912059830
989891420
191935622
158978457
141389541
430207419
216812491
455434337
990532141
884281465
17197299
68937919
283574831
118870818
654649042
943866186
233195895
949543303
976477528
213246473
980428405
100840448
739561877
467173416
990275179
573949904
991445624
428458451
949733017
793226290
549042242
548249587
489683096
456821209
870326516
962597398
648254572
601196697
941537400
239713038
944617665
575063566
516951952
217230068
216768636
428318356
43064673
276190821
955537701
168937768
402798985
418884203
535883314
991874906
328100720
811219382
250329542
724762204
168703276
567439635
438761794
788354039
505701318
197305850
335239223
468947711
579254822
826753621
248544300
692051642
295611613
631999197
8005902
736764490
268628807
405364839
583888495
522331809
250404780
561956823
530885230
715254802
472920748
780795249
390427304
130158038
12366272
497808189
128720488
59107134
712267856
923492367
432493421
374097765
800951243
156263626
69362247
319646101
881990844
747820924
849063533
216311051
27646520
263486059
873326153
770799787
410878300
799118823
723246099
922735880
227330887
727997731
474357424
606746451
36554404
723506990
315433291
724906067
806878544
205081184
456581439
81446632
698033133
189437166
979783785
372119244
199505776
633908136
935813245
112365181
336002591
264242393
640340963
502583855
712893289
314574179
687608282
209434688
907469095
619627516
719279736
213247448
774562089
205984606
831776246
984270123
449134943
825746968
337543360
77444252
840830333
344456178
512767555
676909660
291239484
767616900
518277917
838209353
283702272
501206908
571294010
776970163
863305576
610880918
586733289
963088492
87656767
971773568
893853161
721980223
35898708
105998602
817436971
187251028
485801446
243333991
306884542
492048526
357660918
995513661
922984300
373758807
296364775
858368992
271534846
991546411
751474836
963431302
211344370
945276387
796296261
849398927
925732415
406262186
48333505
942309572
349941870
163681171
619251316
868687752
896613355
477361374
931893805
615563135
41545544
734831730
527019206
325516527
191108213
47905493
460732358
26229390
480548434
288188610
578222607
197535203
480605387
4936583
339346071
595186876
211613656
124225464
760429197
948576773
925683961
186499779
180266186
411174785
138917522
543491873
893392119
143203371
872797208
488973165
98900305
445622925
441865000
680801638
816823448
536703114
464527205
425958309
772323089
163438876
484544029
770066870
368850493
637543804
828039578
850798300
461704184
345005286
824335098
24064439
657074096
772387891
716932175
983317031
689879173
855045764
554565544
115844421
186599004
647616339
154513373
317528987
153432181
991575268
189288304
132599682
755670202
799803747
188113134
802642955
130659671
785655346
351902373
596990321
464032743
155617091
817649285
542722380
583135205
288119220
81787688
548386832
318868271
848732769
831899067
326512413
728690748
458547967
990922464
961777682
982137569
348682784
239359304
124706749
8925502
167015042
616634689
377275223
448255500
695439896
95128098
661900435
156892151
21692142
893404767
871418748
420485517
119941853
519284288
534262081
37396478
11843163
532709214
898479782
565828650
606126539
998660714
304699410
159676200
862775889
403908932
297122235
808881281
226335450
820505385
781976886
546296041
227195624
588064819
297017701
538982400
440374061
94466880
887695308
192991122
419887251
391494680
297176128
955328000
960480317
906026895
608748894
939263678
456660383
924381203
970294405
815973569
340879521
558878097
402798962
168354326
311935278
217599023
585479609
291530963
798005862
853019152
930556700
201186756
111427881
325122707
193289893
531877033
222266586
995279679
597022416
917376281
645013904
705488659
145941398
214631858
701484586
349371409
199195881
956748993
795160036
357858556
352220898
301954245
850210979
966003315
205416520
668317525
185265857
128663375
227047122
222775038
508987270
596164344
394985259
566868098
460937979
95989372
843900119
635357610
712737002
76871861
716997091
461380702
327358787
52918123
170959664
635390860
412936698
188167103
466869739
962563868
18403141
628730615
496370926
440147306
500798254
628602454
350975775
145424564
119706186
524972366
346611176
93603210
768232557
374247377
408389011
48849559
310503400
579073299
753693877
605495213
505471288
563838270
244011990
718288175
640861463
890840195
974595457
797292855
795043651
570025659
255380826
997098752
661793635
264483253
204371897
880256654
99793418
954837952
66069844
832335524
745013595
698475555
515651423
187764635
730260683
623393880
693148143
953111409
644529111
122110105
324887459
833863398
434473224
861374524
457092579
454564870
384718624
778082749
799285841
609958057
654006995
553682919
350380912
549680526
269591540
349512422
431809574
503749304
169875480
528132355
949056139
355665447
513003455
921358352
860481617
806995732
48186846
56247354
988027490
17467582
197692051
21484048
152763743
672933545
245138199
421517427
562625528
800419109
807390673
749807026
495538029
321710667
155552110
456111785
178328528
191330675
348094642
965970896
918173094
380748261
191584306
189398839
783235929
116396755
173053964
969222010
320859942
513114871
892907
650096845
406378023
328471269
790055258
781818259
412266005
632522947
400919176
677447365
304542326
848074112
786886893
631390463
696358630
420068452
32594326
627345471
200113336
56891669
743029823
669150941
458901089
82215949
138074259
607279229
825883275
8293212
238248118
36366987
499879580
275916187
100657484
49510656
799526202
157293827
343429002
167066759
531655408
373733850
43845780
545805580
790411498
670647276
661428569
70098982
593861366
560193841
493040208
363167476
83802429
545708492
769108674
263968272
770085047
331741965
191195755
324162074
190397010
182776028
955934982
403972793
394274829
364552188
177567785
28626138
747416627
737376237
831864260
539064802
76639450
865527565
95690063
826379485
13045889
197224242
878739441
788253812
420787378
67975277
13417863
265689433
515253002
875080640
952564557
954171087
506807512
836689211
279425607
467784237
966098071
19266928
976669748
348879379
417798866
639872986
151530750
425859309
493079491
632802430
322682353
856485127
728329580
953975405
286528026
218274862
450018428
942729187
250922382
572860804
453002522
402941941
903374694
122421732
169358165
690245548
888719789
519194187
411987630
223396696
521818624
910727414
457950629
364080022
572966730
57372521
888857815
746810682
408580618
373172902
45693492
452880132
295174321
787984947
