354783702
519164868
589055559
85911180
643478692
456503940
987845262
37473140
643534575
375766939
153378409
446045517
525013219
620806157
265016769
134965632
934522435
909516587
706646641
477857374
345719176
327492059
734525688
813414390
132754436
492693513
212247239
860226704
448068054
365995850
216048413
423153436
450126844
31229624
389412878
298249253
579974358
977529018
215683053
566659671
453887997
692275853
993191486
916537716
305655473
557546802
651044679
762465712
421231724
692800957
454577235
245555679
397005485
379599748
600747395
27291643
784639179
775641167
953156742
150785178
244256701
127618558
589405085
277538725
159718526
730224972
995918671
493783594
231393278
966767515
554991273
956993415
693833534
139986970
23969376
653443321
334300571
817987970
507758917
575207633
841648833
449781525
438994980
755267095
911418614
970492733
26147950
70527095
430482228
362121234
513610073
804333190
24372275
64897874
322402970
326269439
102870767
715652761
756819190
575430500
561628129
157261085
531072434
454464208
137809683
497583818
551722143
257018514
355630371
947304072
692991071
966651208
267882250
377949109
309136343
794475174
688623577
834137988
366120109
189225792
704077021
925391576
63301365
869272042
453157441
750658082
932621140
628935659
817583999
697699936
550572553
618647808
61168779
932328416
13579503
684387748
918709090
984530771
617457411
413834796
418770589
769129435
714896723
483178154
669130162
546958863
536450939
646423164
755761529
527927794
637645860
268732778
349532651
567593398
871353477
636236552
93959719
661800390
1306766
387151600
564962676
922786483
439434514
657930433
396731518
74343262
905482428
335553832
364369605
624748594
875766083
704092805
216680576
952285312
770455202
934947585
210494852
580123210
200141880
906198577
214207142
286197975
873174128
289656204
60054075
281839775
269115156
493575380
60974938
377342950
590428028
256908699
983224004
230305811
848872118
495984104
329694920
56966289
86446635
594786899
641476434
200897107
282053558
131012935
652161710
933553054
52052201
397247338
797138195
936405891
425741699
513836508
461658510
95108188
172944458
278764701
49612354
149778310
597876357
114891743
805228104
411907048
274578893
987026654
34320565
618857383
720868799
986374764
103413194
274471097
605252664
153528563
493676574
605354979
264722142
13310035
4144416
742161193
637494492
126501020
229787574
871867817
696437184
124569046
951601250
76591520
795250188
888115816
57361353
570107416
446371749
179916610
459089930
971554891
789558793
229569386
926318212
295026903
96692369
33304327
212684254
65677435
293834144
522667097
331153226
272213135
20159934
856303530
830386044
159634422
274620284
307451160
512283816
471375337
885104167
933360286
715469862
150009847
35425404
957729044
823607194
832752981
929013411
533305776
828099346
425336054
694438632
522121681
815796184
35152756
86991821
709117512
645468824
604190165
913816764
164110138
578033673
173770086
793415818
679388114
56431586
938946656
57729772
897726929
295487132
138920589
667632793
987714591
86450723
856198506
514099522
776308364
259601498
138963323
209697131
379931272
136664023
760528366
694567749
905817171
577774502
498038251
40507345
795233287
72642601
565502771
661982335
908093649
557558572
720994028
355326613
541699776
356594028
356037289
901297457
884660536
775023209
31286482
237818644
689178757
757703260
706724039
435670957
959597676
521053233
310683456
449516013
506505500
394493033
533885492
27446115
817505305
479202335
887598645
101613611
558393333
898439310
262496483
825084328
729984359
476938253
759539142
430156019
365456694
500871893
972399745
419714336
903564208
237665864
325036594
604908061
105377540
522709722
5388992
148113911
871050462
62367293
80909667
274180054
761959143
115986757
155476835
513600615
23673079
693547912
537821306
62497440
468995381
254423677
342904124
986221224
512526726
206202153
507834283
212240504
998164116
276568019
70214263
458725783
548653487
890969118
545951803
268839635
69456439
928977429
922068573
294795583
473813343
739484734
230563148
496026039
817529642
988316427
63125184
613997602
321461418
245938527
406482939
671908780
963050585
909902304
950718954
649140531
894761739
338815368
92381335
899175386
14875438
793148486
149949794
594482442
992153029
622183883
725526566
870990024
570034952
886637198
444144176
94695649
771479337
243025723
588684095
729510645
23860528
846878083
168691581
524210297
143076968
893836680
890779085
752225589
870085078
398305482
495675197
638751181
940250163
896811271
374077894
730641069
836596093
22893187
279920144
680664855
589534940
636080705
503873009
195345759
262789861
192135158
43962649
434824218
801794350
311787290
900429441
720024862
321218209
221208308
625280002
47883656
170123787
568171037
756098418
121038757
902369400
397724204
724397362
593847546
126508686
86775384
930739860
673223680
512559304
713503105
258099554
748586150
963105577
908019239
139975705
387779822
343005074
973345820
261420435
950941808
849874031
455954867
950431237
558297788
497876040
775650333
317532972
719041855
271531268
326194238
560517281
268425056
266794768
158881386
778295454
191810736
911683341
910025461
68837073
176014476
261395297
370738967
922264913
88291244
53687735
151843290
756919283
413198969
81232602
237500180
704878581
196777965
306750601
805156608
271164725
446414533
447292965
166099574
95971506
350858351
769242411
211698004
401692411
186365065
152985823
989674497
481791382
804224191
129723784
948164968
476096479
432979611
904508747
85405958
689546511
479135063
533689953
862139993
504610052
346032750
18731050
904334002
637809252
34031088
621315655
363739316
961674453
461638158
887716660
331880920
744517770
745583767
814053955
717978721
406772064
49697292
969046554
735899847
935305419
64013236
670051906
952695091
283475184
133067633
761403699
271898969
292269217
221344643
115610097
792029660
912724579
585152970
661489520
749938755
332127301
864908408
573888751
367661323
565049409
789246506
28000044
20153223
916507530
797842863
203647198
730512711
618925655
186530026
678633893
639849218
510088507
797790105
926834572
440596816
675980842
66035957
620858817
504741619
272627387
349416686
71470098
740329810
346028061
95686999
419156340
159364799
84094246
64115199
385851419
541863654
475808540
601385231
170850437
146058913
36013192
649898682
36187561
485632320
929420434
30890987
652973313
105739191
542710748
475760877
281941152
114934474
658318397
220892703
73957912
266091343
244049590
69147132
95033935
215632723
717776408
287670233
674125161
820820530
378686522
44282398
646418464
554810455
800678605
136770238
164040677
908703275
626939667
780775659
404583624
26082160
29848396
135226497
575321183
241736400
696443371
965730905
197619061
870267183
813745845
304221866
501046401
863201541
990157286
119760076
297814064
406661408
506351296
955217713
428282504
748342957
975773520
215367029
106945797
885138035
384472521
98162857
305060585
405940510
311720200
373237876
487994806
877542736
816309078
47875752
236242946
108823092
493825947
853297533
519189350
752045501
90051172
803857977
7074684
74464655
543235996
783216922
564653168
680918528
838956173
757379268
402351978
671721952
352493155
656240665
50308639
814481365
28280700
690183146
857263877
598280513
660670320
791678550
558546982
440507968
816227059
623503663
46892463
942281533
883517128
188990971
912835459
653053761
436028363
676237002
658291785
171915543
208292344
32481141
341902039
601255598
533509688
624142055
566984336
554340930
970885897
816272852
525049581
160068412
997567112
421761579
80542392
803642799
996033655
920908835
91375180
298372621
245310994
566566715
258237595
919732332
736324458
622371633
797401398
649965201
844543807
749298215
235693588
676256151
997948879
878393094
606189021
995799557
348281107
256008278
64770825
36528265
224694214
4206052
469622070
999954205
98454081
886824049
944714420
461755549
108448579
109192660
657020105
515119526
584861821
359919164
926604547
641725628
774243545
422169706
864931138
911138053
826740655
917019133
709797122
221587681
580579264
848793428
162119531
119174017
815572557
84742834
455361691
740025376
856138010
54846915
73678406
241104942
96944644
258283389
821278250
849500408
677657211
335645849
541516621
735351147
92278110
720574061
91394330
638029715
951788546
964463391
221556011
926111400
391077139
153632771
209787608
307675079
294408928
248034388
419374941
249660651
724704517
825540403
646182990
23705745
653830967
916994727
658981515
530014906
286240757
685499605
544780983
515960156
600891454
15430730
233480841
491094805
375502512
974445973
129309570
860005202
757399098
524089815
167385470
851109165
863186821
529250290
348948237
702505238
845059305
766003326
946696012
848910255
838908446
571617599
124795890
852116806
689462857
517810876
81520180
175283382
61592545
561379423
351788958
266288940
419682407
705595854
325219946
375646408
920151928
718692801
932172566
319962954
118724817
559369737
492261551
200614702
658154933
795073824
160518922
124580676
568046490
956476275
684955599
520237429
738803592
695870727
677051708
29273855
890634838
381364033
801631947
857691634
892925792
954026187
798412656
196019675
172300856
901096528
431426757
157590966
204030344
973301827
782353309
126366504
833830759
626733057
730185437
279538709
79356047
924181187
193961873
894389032
357291953
956939503
607236890
105116268
876423822
831551527
527485346
723811679
28544146
295946091
485011569
538787894
917060853
74480931
427037160
164698629
760957079
296241876
28313845
757058403
363647066
2927956
920550331
594744661
174122966
558589094
686406669
112070534
965685288
397512999
949917806
966453649
187402160
907242913
500399680
935986288
346789296
693296388
319595851
340749328
373611182
707615077
129046820
908084251
488290257
243565414
209305649
759349827
199695897
565486808
518581628
783114169
895867342
436903468
530741965
354363997
36389171
12492228
930993301
