686736521
620094426
352514049
376332417
934061185
677253002
806560378
93067976
850580981
841675110
101473654
868519608
690127541
881302724
525165063
766309126
270049224
317523419
934305891
553167493
503709813
903892642
206652950
434687691
913102345
143380481
120056437
955878633
438717645
775112201
698435351
841186912
192300723
394788681
632627402
868411255
453078800
938199221
383045395
69120579
219718783
212168899
333941697
35489879
195152713
889871145
231133793
573687684
503235656
2276495
237922771
715942929
711655055
994034647
754958452
782843877
413441475
917826357
463230070
790680704
557196564
850681744
654350329
75468779
143239758
260286741
676218884
295338859
248675321
656753807
313230326
331850002
934478023
865185312
333448710
291540913
569950945
171163071
239534977
23231199
912246687
546368751
452642976
436441150
537189430
982492420
129531857
198266075
639830228
849783523
454969779
535252441
474969150
592364690
511924013
369037037
557818568
258472917
892250119
934865971
213652260
935794932
325012363
846481848
689046167
906072767
781464905
846469741
660585937
463417538
212892932
242278403
678291379
439998870
878434015
10827812
398038768
217909179
538279348
160747337
130754884
477952809
655508630
398891796
201784027
777977883
856880851
342113332
353261298
964411671
733722343
311478027
278912951
304669005
809578937
976451753
221356388
606161126
747394982
631116661
201027515
283062114
537680137
176412689
636890591
212691375
856961061
34970279
713930673
501096200
970998268
339909389
720193567
731502782
804111087
735699450
280286302
926120565
644697820
911068282
49191915
439351572
493208443
696174264
729695194
901414903
963365451
373622374
630419931
901982261
789471423
791877640
470514195
907162685
959719820
847692769
940272671
479095940
762001203
989092650
921016821
821910572
628182658
852165096
993413402
393812953
591284459
547410168
500557916
73879487
696165450
295235821
961463304
836326698
581924745
761675941
789853670
841505871
446717494
735475687
249325923
483338686
404550346
811948411
711624776
179120627
869395193
813030880
771782960
956418317
795426778
801190361
164119361
655605169
990051459
227281342
811168913
641043345
702760860
335882240
310130444
415955282
873064456
556540444
205816810
494235601
830414335
634187495
325237939
198043879
57839098
98766799
32378445
26525516
739766727
437678134
417360225
816234245
140540320
814292775
524417759
778253577
775627207
544139598
278452707
894975088
131116460
305858135
846275237
354643403
950507026
148810325
138745010
110835254
425345243
833370639
610274229
848009900
606131600
217389175
348706290
235207697
487792941
573739080
898579218
696659979
768811916
137593845
915838440
552373325
809921115
994934666
500503024
888468084
811464479
531876865
640328074
328924857
278087736
310841720
363119141
524556199
787912257
970594535
247536851
909028772
960021787
921543189
601180272
906396086
827403904
569350324
210102645
923151144
465586484
289210062
290460636
201888126
645560379
581792727
126163172
993522613
390019693
293901912
544722286
955572358
648307299
250276925
299370773
893468376
193042564
281349371
569922163
295289879
854270032
824150090
447295439
517198404
326202228
989550444
736638190
847268725
536413571
9442354
724969419
240570791
784832021
577351879
422881599
522254417
241416229
438439948
683364477
696295008
184678548
369596526
134536506
494010344
425872248
291964492
260721473
709744862
622172415
707711895
713353522
546054532
999428159
914812764
68881111
641436393
841914622
773262230
875685896
656009933
845154536
278894446
457109041
380577339
568932491
304151495
170740337
70955419
827395324
777116355
652052146
754602614
597984892
873627154
110611331
484673505
689613584
953285093
91326155
34237736
728828971
26893327
225096309
828701675
296088830
178914886
241142630
870019256
508470767
781445205
680339794
468153998
562754051
27354544
851140470
905784101
912487484
753959165
925077851
121720753
121224155
189766053
882349536
845056059
55659748
958750906
948069638
125801004
804201432
584207604
951822808
888629527
681936075
841448159
927180961
818261208
53798136
628407364
84488508
390017605
63008864
300721079
562484651
45950119
96776561
183898148
191848563
570630348
22486683
204827229
572186020
935654417
28207242
969605401
913013580
539062917
144543790
380040249
773041927
337337923
230845246
115341626
65817824
924263162
829622395
791710265
786217921
721305891
100173581
32879262
851985964
284080119
669470656
535060246
58711889
820503074
627281401
836399417
748279498
871761599
766902342
377439290
103314320
599374203
12021583
16168390
860422284
712330672
928434577
388118043
673717418
673757886
855365436
747150584
159172358
947667237
234903255
638221487
216327722
305066294
397680225
470542671
470456767
989607420
352841263
288105901
266183760
493146995
910893511
92510505
911781515
308144371
631760750
901280327
570435579
853405955
12027305
466443619
912241578
813454004
931287980
73887248
792871312
712055537
359161842
178228077
428714681
922320071
375887887
111044650
585599819
989059912
620071694
443213203
474081373
296359671
906982521
113706899
246532939
723915681
749984629
367275289
801437160
835924071
476336526
365573046
41997136
954085108
176715004
305766401
935639932
768459634
725979908
402873716
373778313
323792976
677671358
758401228
630445577
174613186
859391218
343863688
117259107
799848861
506910685
922721601
688072675
188547546
427198953
274075907
946423432
898320404
219910680
188325896
63469375
564012690
272450087
956947239
235719010
993588795
136230941
474629572
745605066
70121486
175404717
817140183
263080003
217197978
69434890
150288396
618688312
148581293
483261320
71919753
864524461
406120940
250016182
1588298
329013386
553614923
677500369
853449589
526886154
902639095
359342967
37319527
548548953
537654012
339404340
809765621
51342888
720724117
522682218
636856781
38382244
384761646
598258620
47137621
624444143
689770500
659641598
470874697
119112655
276910556
655387594
797842139
415059084
147990927
323801434
657348434
313996508
270861788
627933853
682104085
316088425
282781351
947743416
842965970
710778517
138085190
268591230
725425990
877793636
259669267
98945508
897964193
625899074
846404538
33537508
479762814
807862319
202878560
377144154
639242884
893973324
206625671
734336933
249975597
247251501
561500827
622260442
400558026
213852577
682055905
495769113
780481098
92790264
840578131
320768355
755600892
437018228
755292648
336359103
486358953
421179270
934215607
593081060
859443387
177965048
757423399
171943065
568654545
114453419
844038618
849486113
111117947
893717633
988690968
788130760
109462753
548444417
697767818
595714469
149277689
515824746
868033202
511573412
195737731
763900153
318464408
805173929
785320941
525636182
277936614
42744585
52569670
866519456
890785200
218063613
959757716
613544610
874893545
72010549
489828100
389557762
53605896
286104607
369813957
832569791
384651165
886763464
104099295
52447371
211305601
207156475
739250409
159578179
187081413
970534205
553146066
422642194
397343328
95543233
859500639
952249468
386622122
43018362
836516803
801294032
796916442
244598490
2932433
770627354
828373042
495918141
673550870
625757269
105886368
759719926
462218850
581928595
141759454
363167939
379248988
431700943
701074634
732873570
314330580
70780139
303494175
892991489
679438043
920250993
664917545
537115521
216201281
779350312
212509909
537578630
2935640
10587533
449587803
568519923
35653348
140052675
883831030
333471939
224074327
715387458
533605603
113493139
53691811
427361485
508315355
971217470
280882739
34175389
716294243
427799695
251174833
653748550
728687781
765736663
497799857
903924952
565160445
82681438
105709808
291257520
279716859
894200557
413247360
568307736
756784286
451631316
132340792
573239529
327514590
239196313
547869911
367602695
508799243
598943120
537174534
190001036
839299678
252076557
411935638
693700074
256232782
182025892
63056068
784710212
286403796
349187088
281899751
683851138
70720066
131728394
574892228
801149591
227762131
932816805
435670599
639405044
700245777
485384073
670577198
56684039
838876677
707643209
706660797
477097930
879929783
883572137
144949307
129744660
228562129
307798820
64625273
313083887
670745799
412009732
35024738
97690967
831144489
628537147
281903939
407597197
169731564
448489653
502519462
195786196
664304083
746720318
139840563
575982437
163272521
897769488
489755257
353915604
581499358
355251599
854823396
548589572
475365093
585958137
904780427
402831658
204237781
152155090
455289009
762921244
67103120
261808340
130403792
815752397
897792066
337979631
808260554
71708630
203480134
262980000
886952473
390387024
205123746
510874601
812793845
133209464
743731574
568966868
966472138
330792639
818043562
710709668
731584528
315494200
557186335
486435165
622325873
245186352
723756718
879072280
203359416
17576474
993200642
739598217
128683075
402495743
616316526
324088164
678190369
825292889
89508934
418046627
150435470
318519357
468299125
464436371
343465825
964490490
773164290
771570963
659100082
635270911
185682950
124496370
944877681
356393451
530223811
814909591
258566062
411356900
715653756
563074202
347951910
324407852
59620583
869375999
397186380
465525528
382191526
410298102
516892937
419643409
890776498
141179249
241283704
399996934
560274197
413065170
847195073
92749963
142969340
657835382
472022060
952185754
219972197
568088504
831893522
868704272
794720534
772289622
872271930
801406933
65522102
266833469
109639132
526434730
70094716
826027616
258898774
598923124
67249990
877940296
582298963
362866188
254678026
239456673
744494412
44503701
883212664
544880747
796119252
117158640
967714516
165816098
268387560
57818374
91052142
395766155
104435654
491532078
37482476
528482106
670804992
609901902
538026170
715486002
354121306
623943029
31540117
714848972
329902218
734246580
154166396
248271948
25499972
265029042
75536418
109155871
697507727
980515523
823594091
787389820
985491607
