823540721
230905022
839589916
695646745
540094388
381072360
553981793
734591369
525370622
580646445
413565280
593490090
9412443
5922720
301029227
446985425
32933396
340803155
200402649
223655421
223391625
353425976
917350181
207376015
460134426
668123280
412126233
856300436
8581067
999382657
666387674
408702630
34913245
345377027
984167291
451811069
931452198
12101974
288999355
101264411
383337657
679933277
165486724
743063435
41814313
64174734
714850824
451025980
864343040
135481295
82208805
552194109
567100098
996023025
402430122
470114744
313554840
632213900
235512318
871971107
968946126
697681355
726010301
525987963
914258769
4862650
558576845
664035414
21755428
849218156
515533225
20831421
51803799
99138237
840317762
543458347
187939251
174286745
165561702
395959692
953272454
961100251
991957394
873099771
917173852
114193564
841602530
38890218
942946903
514052547
138256229
299238298
776589654
417028247
132318284
685656300
953922974
639498760
828804665
36951663
505597887
50815409
429270552
15124883
619948068
61377383
500390310
467961861
155705262
858971774
282175492
139268095
466652198
839552624
918698651
7845874
705723960
852910529
608814110
800065205
163260118
519686626
721088509
507702879
710961927
216294927
244241766
634775550
966819952
154661462
589535371
548440490
345482079
128610038
890361804
902457044
531829699
976832510
253151703
855796469
613803253
373640669
883184954
83975129
231877054
998988133
832586098
937037029
498329595
124472409
979932339
101012445
30684649
28739460
873691543
985911259
329726899
921567671
304162955
403653140
817135616
865614758
501141907
1043800
269436403
733735001
793786014
338042159
949190819
16241606
476016173
728891448
599758826
753017639
186261951
789619447
636501671
637113380
275825825
711973792
383708827
307204735
136445955
842347542
174729121
488522926
517755840
316742618
254918493
904450543
572730145
610262027
672669555
849498561
38660853
748188493
872498760
882141153
814538725
498142052
205202118
494543939
987846208
482087989
648456235
251040891
501253618
277667009
842477507
84072096
349409588
692613517
645741846
592189161
19944313
509930880
729168803
658794364
826314678
780913475
215979160
477043396
83123666
44740276
443511459
865754145
56221893
750260264
714356786
438073457
917120685
754360516
822574654
777683772
506771674
889164887
319358526
654357965
193891307
923688228
987269306
240088831
474265110
170846397
555040954
880116626
964520180
80480393
829554247
528729971
19019689
213704396
55826475
33625249
282162891
728158721
411420272
943105932
38576529
782702088
194818998
750993352
563310221
404404049
166951409
595049070
870038862
868058072
85417487
130779425
190572354
74810838
464903057
902626448
793644167
975890328
2778285
912277267
489699320
563394832
901233964
975741498
920706015
185626814
419053767
703416289
698534041
788949404
495520880
778612952
477744614
376252592
615781435
411189217
728869230
236275954
676778609
69861060
3894987
959991882
10077763
96462107
995062905
698774822
338157617
944208850
748801338
153200025
239981080
306272562
725380435
499143004
453406611
475181696
881468122
219077499
830287336
377683406
985350281
463535119
896515028
81089457
372537192
306804533
653034809
814319760
459029401
53713839
173757218
557368213
299111719
932917224
908382279
529707436
553317068
804771857
980678592
221931192
847469196
474844916
954614950
545334015
548968324
189248318
53232516
978601609
922845980
140599739
529721094
509791731
405988616
299095202
84510778
540359867
63476854
928988304
723924913
688258371
45740012
523837855
485179449
695087498
979442805
682612865
7160843
792463210
590760723
923699174
921864626
76696265
238398905
608356143
530214208
510505365
508920167
351181012
532121132
183288874
253572017
674433199
891473779
318429661
523992744
663965486
151379597
16516
848406446
368022411
466230582
624328762
80846943
292420220
176191179
323631340
989665465
259527451
565891208
866355458
182087474
260769305
387840885
999146805
218735111
453024828
271392825
797632472
768880992
574005411
31439700
712295840
396867172
540636039
434686354
371306812
632364075
166749787
171094754
315477319
531233268
7144326
944056763
222738311
457468591
297535864
995849321
945978683
432164963
206582867
520839898
249392716
785289803
665765673
1201399
992802711
286592313
892326973
99694549
70967915
392572661
353747124
231135522
274401034
336582711
753934740
227461589
540210902
857733865
804884366
691267264
822915678
88432697
250413889
335122190
174943148
316712540
165102574
541678213
921199246
457175506
325414140
365467508
562298124
53165513
782046983
927006036
731101498
539434640
441883641
84714499
740037100
67055237
100126838
922904657
177486143
776008802
669655728
886155598
703533850
70074274
455638418
88244818
627280596
515315602
697924219
160960018
534875913
330643482
826258250
676090170
121489738
350648760
178495302
613792408
67158520
988279614
668837397
221235521
554535727
826928703
496360090
776261
415850223
720169867
951230162
755860440
988305858
327509231
157636046
398934344
647056811
278946974
838144361
851124971
1537087
237169322
738186911
46982522
355241292
621086964
392130122
400458015
713176389
765793470
963224759
389388340
888559933
486334428
855746136
189206528
107171405
448420207
331619871
876605146
573714183
454862157
672394593
907110728
564085438
942063777
172654159
207366682
173007436
427323905
29033359
842542763
512504397
327370330
612255320
829989197
250092703
621854874
865994227
933448762
434798580
95902074
287599870
650056752
756945106
561841821
867300506
501971429
471763093
968429516
291762938
198636603
947327102
961539214
277410788
546674929
564774728
831076181
482897083
413177514
448432805
184763440
227450579
285852483
736760111
120681995
876883942
561189603
874079107
25756939
939113824
485316530
582425978
398171108
441806565
477812108
167262286
22337841
150165621
2243616
74763270
670682728
735603587
204577918
135560967
830396754
895215659
550965181
49959541
65580390
265214469
419016520
138957791
452816712
485015956
250035140
868451494
1747386
913296639
636263110
684957878
306110902
627892321
446006154
29315692
806446406
616210624
549155994
519732649
799598678
379412643
542436886
680910560
480653466
338414243
777750075
449159851
22872660
150291515
906363356
225466335
325918761
511230061
808498716
760542469
520097303
346358739
129609265
913155150
191771425
609360613
165514899
109041200
513902509
317285737
768652367
42790407
289597433
175262225
329114560
214186129
346059665
31232532
250360862
686167746
722777581
738105958
658304324
114402469
707265880
800875287
845578833
851455870
6933283
410796775
359039116
794880839
819393603
685463684
509218387
460087667
486601358
636000843
327961223
190238064
213897744
433395685
167008050
163367729
569761875
734959667
159562418
847610434
821176954
692177226
879406668
294686229
260869199
122330970
37764887
781991343
688054414
15206796
205889269
390896137
763781779
314059028
102107917
103105734
958246619
973771526
223396803
604133748
666043836
869026891
727584770
710058820
703271307
60122797
472270002
289381895
571097908
494936594
544640592
972306211
641312869
997968398
30278915
314756055
531390106
64352887
534011639
697062633
647698796
727227042
772033252
471394561
430111573
937065085
426456284
899838714
331287768
63902316
205121108
595990347
511562864
555428669
181566597
952150061
964592454
169347847
591414920
200746402
650060966
748382991
210893435
193117819
470566202
233583056
749583266
765813379
283780112
787351861
571715627
893893731
439759887
526334168
956434950
938816792
96993639
256190208
279947247
766206221
633666511
572431286
958094126
507195591
289815486
948650244
460743347
85884200
816401801
78128852
350163599
362042258
472937965
333265237
47001666
899315804
516333607
578915433
828359
196528517
187481818
660642904
616058602
543935905
492186688
311227375
156230460
985228694
598993717
242749803
855156422
708402246
889400599
825208698
567079890
77629680
790288863
703697843
903302331
521915957
772839708
663699066
949411577
205651259
437188261
209673368
420955765
106494649
479332501
57119146
422483185
518078205
255361849
83418730
578724402
973023605
956372683
414158220
15008903
978588109
792419784
475514651
486890481
573651997
222972429
641761352
472641657
647729266
766185346
969371985
109026940
812635763
675613100
478912401
423688807
523782751
711231325
410407342
106747644
282513319
890271609
49735810
505896193
541874570
820266617
337078216
453040397
805981869
246484295
594056283
121256995
376130643
688688940
924714221
729496171
297325056
176808584
375759579
982678829
795426907
737031709
773226498
340309302
509960515
948092204
609847421
842465104
776449447
659729921
54941651
261792280
545965341
307410576
732495582
88316500
742683973
969618457
945015910
753385379
885894211
188720955
666659787
401244970
172129062
848114989
732896296
123946823
750898877
749416228
126363750
346974166
335471745
427728512
311320735
545481608
117045110
709426506
995935677
593782365
210419195
494613111
676590948
146251948
191542644
332264003
575291653
68720066
956193356
836397721
986812197
327706598
231792673
622374199
96784617
606705952
70371922
371981527
168180239
661845524
215195908
485900598
91566226
27033218
533366170
707967483
926320533
118236828
996089839
187013973
971271388
33257466
973682779
351233545
542966183
391281100
512130005
520407839
209702326
839865058
272823335
664176229
167753465
914501155
762604030
798657151
115181493
713097545
330943894
704614781
475109686
745063582
541246267
334090152
378586456
724518596
403046885
649557730
612885776
483575159
405943468
457054824
72630226
769179383
865126332
953554730
354023818
880559127
79408015
705503515
94575947
549964082
162279201
328315180
389022188
551019678
318147132
177065070
264429187
734709017
592785990
213222987
787292933
291475057
711904286
226207805
492011198
639592626
972647087
818447586
988234213
862572274
907522061
726127165
433921589
