96311168
167771199
584772442
265660707
761709732
198406190
941361643
915764444
803395468
576045917
99763557
260873646
779604248
710112358
412421401
527366610
934278205
603733950
268570465
160361423
389892271
107069881
908720387
804489481
740304630
756382493
974766991
912336594
608159423
850113944
428994935
38031987
907651077
795130838
209057653
360791429
215750950
792559828
342491480
422357206
718654695
108309145
724527929
686968707
340828388
553168170
611702167
202789442
661979718
78784359
611265182
744801806
946354267
777869953
601813862
989241286
259050810
780282960
525356075
5327238
223639197
29025048
307605021
953281523
147050981
61731569
353222567
984473409
501054705
51629971
311615660
141718377
261242470
846213257
441706727
281583126
382541951
221751680
463661092
187136460
144680326
771977549
250356876
529375063
238848761
684193127
91677719
129781124
193316975
219816366
101740619
435467988
267203752
337164241
198718009
689629646
800704122
771246404
539917725
279096818
199945602
627228757
701734736
610349746
767168698
469546804
483559336
100141009
336163225
320230736
606699335
37299130
316621867
338219614
860646911
451661647
778668170
778229957
714432761
462857852
970053849
223441443
791156433
281238338
949889351
876147670
874514623
924078227
647495248
752077079
480879002
611295545
681833954
184564273
987190857
517451568
70242812
640007129
762206364
769301956
200633791
991536708
793617897
873086238
613117030
64441489
118846121
928984136
476517329
747056360
910961474
22474165
56813643
77059872
309042968
976504158
836072322
420496397
660460393
891021027
595032180
559481108
452645760
584086144
839351732
995403788
355465174
132057594
351028756
343195343
381418835
138661041
16023593
945130804
262224061
978517140
429823544
918070193
668121307
885447862
757301549
945530485
447560898
900438886
841115604
458404837
554481901
604774081
875521304
10686698
681379244
649746413
979546734
871185335
174269775
641152681
538890947
209531752
33734505
617713240
708976313
986788526
577955379
133321985
365637525
772300432
6450571
111682838
814835809
330525826
546680613
918002127
752375089
775012530
133719478
649501693
111920210
552206873
742970539
380946895
440921887
750691092
256536288
340342058
661816097
731672420
159114306
144838256
770861028
621071378
439626192
220291791
884335687
50408066
176471549
770513021
367575106
314238912
534801360
68815171
451954265
442799062
789938271
544995477
464006084
763377116
897371322
204534203
737465857
524768081
529232471
986684073
466561211
652787609
176791353
958285219
730252237
237613321
471505887
633965104
613186126
861612313
340821809
193764430
890899633
326388821
33666439
701967022
598540980
363206455
281926587
797681296
17405513
674155368
928992628
998122823
960752820
711540809
876335972
898438980
834301096
954580102
407372398
246092947
91838906
452942118
753730578
231548078
873616712
218186328
40260784
129961784
842733023
900836255
455629043
590341950
101977253
596173840
654095843
137617262
729710676
195404299
605993221
374259402
242841493
731551174
969278559
792405842
723794980
178668528
997532398
18711427
361277347
573066906
799664006
658606023
454239915
94728862
101925523
437957515
572658241
802118360
828350309
380354652
322945670
151964803
954948272
116569256
218526324
338650677
896145570
364578979
57444966
738718710
168728304
638896796
348586880
33112995
3251453
360287731
483663557
961324735
507753097
694948184
220653928
21549356
768684435
269666117
101172249
797023019
136102035
7248390
494248316
216138327
564959019
927592314
367053989
225638569
51313731
90876690
776602901
852709303
573879517
385144302
282522956
632953419
961266459
622558636
404338602
160767209
310019142
421126920
91477408
741637791
954293956
611333505
294365263
133402124
159700723
301396314
383280366
685282154
15397007
421503303
202548642
888897179
870330662
841306637
173759690
241135988
271842807
122948311
981799263
912374761
583684829
630954253
387445217
122608794
412425227
587700508
60282895
146125799
865327514
940405039
487003877
714975114
915770980
752610524
261844369
953625513
633227051
233651864
65937845
749917415
707596323
91320746
837312295
152376213
182595659
393625776
762622755
119959821
448798945
163202613
888924400
187070831
439327655
179102646
157952961
323339703
223888287
171756468
720976896
572000214
241113418
237154567
819954639
74991967
934499425
487573527
973126197
117720138
579462268
220134176
607908935
38190942
57010465
231881847
204778438
492364083
793641956
235069003
940013133
18799451
825077752
940323072
697326853
702124900
51480638
299933045
275647458
736668334
594657562
938504665
729737225
461470582
512674967
493937630
508803997
470441756
271366106
762320328
217876787
695022131
420499577
644902617
540497552
228664768
555293677
850733458
130060365
207445808
974324206
665588877
529697746
988819282
231743333
702177444
746922460
300790344
539827712
117829739
23511329
634566380
211926068
236457862
523062574
640957601
490396950
146438353
525515974
563072834
723077849
734336681
220997976
31321628
17192216
244991002
598299873
180175134
399825520
468662084
146831223
200747179
169872679
68201650
762344127
929068684
408806918
740917941
229727249
810497521
747015168
208013652
930614042
153536367
738808998
583310405
483096062
184041714
121840042
899539949
738267817
408855323
325217483
566987530
484367958
239987524
444590900
498376117
971627066
986752330
103877571
566747326
900964823
71165628
970998514
822764148
464693700
143724418
474113734
593993888
232150683
749479007
916711103
715018451
816057664
515064196
803722638
67461609
292512628
433881809
761894939
414258158
58335091
500285569
730394265
737975898
875529694
602885148
583833691
522356603
484477784
910430800
769290874
242974917
706619950
180267842
307048828
859448413
182537851
916044848
118616705
339371643
709927979
527846153
667389266
988788809
492144219
610199031
750929864
969303760
436264884
377129290
205863489
537745256
224857391
689619411
508412234
400679254
340771362
233022616
947234453
861808551
559890726
951757130
109516104
321719881
980188132
673736185
8398500
635789822
208015368
944274224
884923757
376467778
315265104
422523295
704330178
530488937
832896301
741605455
245831678
265330662
851955282
614529929
86091718
107348493
704567310
231545617
18117526
17000538
671855607
906369572
518677051
949515233
968810394
256808152
779480916
758170848
418330048
345669384
8600676
818408033
601800530
115140042
761288392
491990659
492205532
829395709
222480152
802334094
985289232
977923295
567782951
599165905
987190937
681903790
9853268
945360795
865665412
2167610
617152569
748642514
655618658
991397960
963934214
301645794
425597172
935408522
407657383
58456951
643042377
946159328
112158889
487226916
733004778
427423644
663530130
736815240
853241536
594101057
615142960
875171600
9065465
215783430
31711305
693932310
338586621
919511144
962324295
286906603
246954883
834120119
892505435
416162437
728516813
259958161
162789374
610402568
151205826
459642598
66393486
556797008
421738326
164023200
159291717
39129903
865764406
80556034
866161125
559767292
18373659
273038027
92119259
271564354
387024649
741980968
739577048
439835228
959686655
270001903
963059171
506086026
973084226
120750779
811502066
808922256
53653893
695996450
758710101
473046617
264634269
53127562
585609413
393598938
527707570
58345952
453433274
845042264
56491713
992581400
828167903
258030586
53350019
402557002
268532943
973916855
742000860
620941080
29137788
986535844
520381111
722954145
650715911
881203922
496583425
560307458
583712781
300987546
352521132
350369459
985476009
169767955
321845932
393114508
295133023
965246096
687428613
698520320
743856782
328678696
288547694
894534783
383343514
967105254
441833998
705028585
452736007
570527223
852217834
837585210
66921396
432712811
666858662
772174256
952665504
541680123
402411649
704405489
897015511
967400111
474633170
152445727
492521131
706122253
7105390
658399948
936184653
660235509
107423979
303286846
286488241
43480540
877084297
700459090
697988149
625846326
339610630
683610655
439369923
791554838
107571450
13185557
448769710
514935920
283448063
552763197
502909291
549671674
440449002
753452898
562834447
983023122
801504807
776456670
854045525
136101967
402013652
677221260
959999864
783434049
768843931
792500496
463103244
548930988
551096968
23440855
555628513
966399570
74186106
326819178
202069492
718800992
265035566
105460673
859828660
461447613
703676015
977585209
422674190
454342191
155490656
386512978
219786507
353971079
740452397
303465118
241975732
100627626
846413564
561886182
223832674
662389368
723610790
655935873
22710906
315070953
550082312
899838720
963838950
260007207
997134683
536509719
475485568
113629823
551383406
844033454
717987556
696044133
916628009
392597912
432425950
424428441
254547070
505657672
627943392
382330953
572713989
109132165
808478590
247631850
781465122
455000886
119986006
512299922
102986504
539680123
995190200
609099691
82749766
544757707
911365299
803837293
13746259
162666982
457207507
618980935
911027409
106156683
802587672
896418942
585477561
545931597
183999616
453815652
129460232
799404231
407842298
217953117
27992480
640379952
742356962
440950147
91360130
716207100
478542084
542133796
416523713
963185644
10643319
11703283
848843252
108887864
613294366
371870301
481232611
628588655
410682182
91880088
48450164
8962456
471303543
466557305
306544491
912059646
662154288
235533524
271001270
666170353
382839690
303582271
131837824
777237082
581107210
442369813
802400743
470415152
712477163
297539158
684124896
915073710
202457222
947841763
95513363
790884389
47575690
476589697
932637229
812129313
972583040
500871575
388722049
315962210
169502952
19030024
169076409
275799656
134405655
179300483
54052812
243008560
271132525
750353359
580345953
707061047
879865457
71606169
527780652
170924553
569469557
10817458
916111491
113143023
407755190
133376453
806505233
523461778
371043942
515660101
