908067678
315544396
783043776
519999755
706994493
968096747
187386304
92817711
105081516
889370525
223315927
122223156
501101328
427081518
96172558
625447764
971253637
1370207
458617738
328595036
979762229
821540070
267193354
745484259
695422931
119162556
569928760
708749277
342238804
173170625
276469610
244152071
6243648
306855233
32250876
907257501
992677828
276965425
369928500
662024628
705175967
577766413
937778452
626523662
990044188
295564151
351323127
7593738
416387301
705594224
911958661
107641592
425194075
696302131
961707416
86527607
48351041
37559516
824576823
587831937
398167986
478637025
750578905
931910890
612900914
979163854
115979508
194246095
394830642
188915055
632769934
694288211
631441706
796593108
623419067
401995815
883761616
640669691
755440070
399858779
767839427
562335021
292361975
636644578
261211962
168828018
818957995
309941515
345147815
945723267
858906459
955118312
452388601
782096562
263856642
226538942
827187507
5867562
13622747
10880333
179584642
157077032
612763095
227472246
72824289
217670450
476199884
628600965
72883063
559711601
202765989
407681349
282119444
424718043
819992508
835832964
186275049
113934326
670698927
444072895
160205858
806037992
849098279
449107373
330008595
677651621
241899610
849345143
532736465
396880125
574808306
877894054
627046943
744559736
220274137
610762395
949571925
64889729
563820288
43541511
692628133
190357029
237058451
785436212
742957278
451225110
672998868
27670557
962104052
428023677
40263892
713253180
335168633
569549851
850674474
373546649
307978751
163655721
897463649
395172667
975770838
626854740
95864499
676002937
984903294
324871934
780634404
537559706
204443906
209230113
886261038
121385320
550114037
627157415
751444761
969848827
568979541
63662066
706150094
878783483
4652753
214229052
887241090
104712788
356616233
861555125
542725420
57497092
893885261
846727486
302783643
785916203
167426078
168647621
67770671
65773392
94492529
561055513
800532917
418085343
670590704
135439161
823226650
752873939
541762638
918878571
163139143
708011217
818105089
880825645
804567107
244316685
457505625
18680165
390519914
761541786
739613649
991151709
319386703
123348168
782146513
723137312
643674443
357716418
906446468
100344834
953959240
381466415
559386743
685671368
875356297
7924027
263129148
288064750
208192779
869213590
391002401
134367151
562950149
437737661
698415981
834714202
239392002
13059616
42160379
58466958
328410577
148745912
778127706
306228884
326159742
103340818
241668810
677184748
635938829
947453391
491764717
465510231
846427469
441417803
964919330
781672726
148624473
132433720
5469347
796643079
981187536
169440875
810487385
521306322
370539384
605246497
428201560
881649040
424932186
947432309
483745309
630614827
315556039
847979510
771934255
805213327
603338708
253157859
359511625
772015478
766255216
585944398
652125919
260739387
377448873
925492168
287939680
121532346
472818330
916743254
686089729
106958281
7590269
245517298
77279420
158969702
338258526
256821384
935689499
720913244
675139257
360019768
252252562
688506519
463708081
861149888
149954192
998447958
669483547
159706002
178334017
895466613
772922094
233453867
30387863
395243137
517314954
549747998
143857448
445047214
317306817
306669214
408830710
508188930
261342580
376787028
623024557
70038740
770700089
612964552
466954800
346517324
317468358
638598380
96876221
406235448
333691836
963619399
797031304
516298983
775537976
289491721
452048797
313112327
738409236
790623114
334036186
774136400
215129435
682036282
641654747
788510527
112963935
490642284
403606426
368470043
951189057
744063630
427163938
86921053
238125331
79915451
227747869
56518994
692751201
831816691
577998254
134323714
136577646
624152413
61551301
553695553
752716692
627558463
669509237
27815096
854620415
95718382
769779693
470719464
42750841
848888156
854909304
88663807
971309804
678444272
233553388
826826073
234991953
728406176
455046389
589628204
536455461
710110251
278173652
695622525
61743852
395529803
620361125
906592543
212624860
199712471
637558754
590977020
620484980
87959193
35793835
485405471
821133045
375791330
513849627
855470675
974283935
956444472
44170211
389237174
225006145
139084061
85209188
14306929
598263302
751172179
899331759
408171468
169106023
471923095
17240092
42606440
349384810
973886711
966071242
459090611
475357256
863187148
258094603
843038368
211329401
263932283
468178825
883350611
642650436
748147916
5693027
859200621
214556549
599575713
615344267
580010987
665940039
888936477
470616379
922659789
310320615
606054195
308329240
461452680
300380711
229387285
421870996
148561884
70719101
993187393
136020660
847246333
409720086
54759015
380113418
111096787
698349868
201131841
177907772
961073860
670905235
201858576
371656491
850115385
745479151
40131137
193614919
569530308
856578826
437229103
376666399
460448331
503270331
43411453
148769996
869303059
554857907
796641922
542657657
981942114
842061285
319616941
812631509
649463042
612127255
158446692
449480535
159797533
219462294
504247480
881661118
464808198
711028704
509542517
251754553
108462038
234397704
458213854
715973527
260249573
35772366
852340687
291983056
633489997
616520993
675572327
343976002
366308633
905989018
510810358
556238878
901707944
658474182
195965657
119012575
351288294
389227065
722193448
237988129
587032458
590650601
33817386
350068013
352331346
555567983
911858200
749419625
993727812
791656898
40307957
634905355
96644053
80668394
282408084
946169747
989720597
27633884
179141512
32942048
936554926
814470689
83171902
253808514
708651935
948008601
979953172
806334014
515063047
390529942
900466258
719234972
512204254
220225724
128941068
669598971
1954980
502272673
939651709
77922013
704662792
926152700
350248188
574651733
865681060
875905002
459594824
821039550
376066098
249795908
129291976
323654409
210085553
689251399
301433201
772561768
507478699
780008871
641416077
404322743
575614810
105524185
234356578
603197870
891190639
321072984
122701100
876418327
951727325
612809111
944214767
487447924
87982173
101219498
328279255
10402225
464222500
508520167
388127452
832746931
488413776
158913622
430267915
265267139
261237966
576811848
509149419
822952854
918792522
356379299
162120271
221946108
860856594
535328965
502307202
599138606
691796122
747050317
683461092
544608076
753203901
583176495
869312223
763256985
305581139
641844050
235672235
108866054
360972143
291030975
308339267
998958530
391881418
808669144
915908965
416701187
675256269
969089438
341959904
314378790
811923563
299748245
957625804
595348025
450688840
722268659
626591329
552653207
598912295
729140648
318606102
717172182
825059074
843519375
79543029
905237280
289601397
667010929
959685998
619393914
341139613
400283365
461980710
627761546
48040031
163161740
830064688
52187449
619419999
85606014
923882335
722706683
405090412
369082302
732684511
453455656
625550689
273964198
312568145
583312479
15252721
683019027
509953757
631831494
972424872
591167084
173899456
548362042
729126114
10671685
127099790
8245340
9403439
722565988
973239176
411640198
837767534
329864258
547307994
287527099
892203970
574403879
933233207
513306280
805258311
595899417
312081769
455976771
110834863
626087372
279686590
15637199
354442783
376373519
604141193
658120584
890329606
830149214
655336672
456872946
989262283
281702645
323061333
608748313
958506223
915636995
713303243
682524423
395843125
321044312
615688121
295686431
726656202
25041046
691108507
440848841
749785819
996647475
826573181
376525454
279085314
717922683
437527178
103038742
730985093
111462590
653802555
633029919
118424795
315118592
521310590
7618319
674527585
90435048
298264815
610501324
251342545
324484893
554800056
889621315
882596172
629557345
60133646
789790550
10399251
984000158
288980995
329401737
685265010
163292352
908334763
893682130
3576033
278811217
177787632
271339599
844175466
220022591
877763218
847043633
261834440
80273324
564099627
80724533
799733720
608069801
621158844
636221154
726776229
80607183
189506295
425300926
441847419
936951865
493929281
649527967
657789037
647736627
92639491
746984934
822481594
324400818
947764907
955132442
406783827
627628459
4042286
395716367
912647414
26925215
766325857
31319954
446721673
707756422
627786874
802322848
65457717
979409112
990056828
402329448
362841313
652759839
602625506
604657827
973786055
483033837
451834710
66624166
784881935
528259663
613550560
196438839
127383099
130778284
24562038
937433620
132508416
608967184
673940704
172105261
604027514
225442477
723573738
699851013
314281325
158186341
978579251
734090996
309164990
691606431
584070249
678379924
657679797
690310041
384143620
169721754
721775310
343107079
981346385
923749988
175793749
937418118
610834431
384387751
413374654
569887017
903936853
315943389
683194383
690353253
669814432
456490532
305468407
817951567
798301932
137398836
929186100
902774491
290376502
815599714
504454584
717743713
757459175
93275503
944189412
935170635
538759040
437073057
746634662
854840283
215658310
789401335
627620797
750190714
996311510
666609395
614608045
339185987
286476359
744394306
254249486
662635862
50896613
618811736
21791999
127579716
372911517
839728229
892008107
246744784
240535653
819000817
52730577
165746671
419295403
458050035
179958943
517558927
440198337
478204018
31127977
466863796
569308726
828354098
474694942
880413095
828869734
555277691
821640055
131692537
522790789
590000112
616298132
545982195
561350227
841818721
666847099
138647438
71483503
816609696
562259117
699030810
545064948
499889877
614304630
396657491
736670757
461874125
330895311
538261475
486650452
97049117
898987648
808272340
713266328
787385689
93327135
222542513
144116793
141378902
298709981
817633824
18088173
760315570
723953994
650535539
202702685
506748381
604396442
577476680
791202934
41311504
446075423
623588640
915944899
332097166
921798846
69418848
214049467
78037451
143742338
366995608
224382380
