768797165
121180760
61553494
291212539
492545001
822929219
817015211
583692216
370014788
378719550
419600555
978376774
218597728
919754417
516451239
969055057
757535229
695129871
743239995
307086926
558584731
907660620
763470196
968852950
213003811
489715568
850906025
359456646
315571903
336778198
351813188
825509344
869029818
786480546
997826334
457471790
873958319
547234215
535815319
748244345
318237622
237622421
83010363
667938530
855757922
803046206
616311182
233268860
798753025
910803740
775190135
770509198
345518624
180709383
425184402
861136543
357710562
92700542
78208727
2829432
972023192
457558565
268120313
33236590
26906362
594091210
109346955
432117181
921928081
58979449
95096738
210301013
159314552
994995648
988849303
320962310
824650257
95531666
113095027
409957603
873404385
617637165
560703620
404768161
561588061
581303988
479990720
688320434
361296143
136689791
99761227
781257776
469025488
532985886
776221151
860679056
969502107
49773773
641032167
261666712
693699251
184194001
311340778
739773575
815707001
564889122
611194646
350522974
191860079
104222092
36486286
262178895
979605514
668251122
129425046
354386027
896854944
863352150
471648527
445602372
114100490
421026520
70821037
785238289
959218220
313838960
741275523
626328664
218774496
128170246
351460201
774876484
454499497
851428314
716258351
689210384
306296386
820930043
589061158
996698938
970109340
129467745
496460355
257074050
100203505
837582330
801652261
800774365
403560839
421835124
963824111
106149956
578125244
195429794
147566222
272672730
113372963
526102487
780555354
501868040
823613597
984865980
131748478
63689832
752761889
261609800
807679397
128177199
951992769
440214661
48089641
75924900
274290991
474949588
475493031
984632743
924566163
813746986
685034784
121635890
512186698
940501157
222767825
796939371
164346134
245310245
196751239
259069702
703862091
443585620
575837420
780193897
40374689
87193117
173085340
985243359
997719265
432770523
504312159
838593703
29902933
673475061
848781594
963346177
373745483
887899210
831858963
103175656
719936762
162933477
348106566
299625975
841067702
658919463
989681341
883112438
762098155
334809106
899343697
507451644
64858561
548609694
424315107
508407148
864377239
267895742
35550211
187097873
301864247
490249671
986913477
491795640
309434826
846441080
91732956
838711635
91719563
259421646
423193888
276446922
413451280
93575583
539132939
540928614
95479054
276211445
939126194
381455224
97511775
289972900
223145203
662910159
533426824
996860514
773735141
481293238
249159954
340374445
98968938
105849740
852348999
644761089
801311407
229687091
176019999
856310924
990191148
994626620
567186507
150969705
791392875
502676509
911615217
622896774
94000363
971282977
9476754
883386492
412928093
588165794
328769546
654094986
89586098
11891346
267104467
324003317
958368814
312574311
72705938
610439716
589551681
751345116
160452708
317344147
424097922
768690189
292264174
309445848
364908614
239168129
286020296
944499573
814268715
946542068
498580023
720468693
751294941
910530048
902860150
802452163
471816483
365773461
927446350
510803143
777080193
198254012
555174991
789420060
962582622
852016681
897942108
677616836
921920682
956746789
561418023
40047759
342223801
594271070
198798852
325310172
679018802
700030905
518477877
173759964
302145498
384269972
839826269
143044029
513311322
546635773
572708374
47838766
409714159
270253773
138623233
223778220
823898764
649649563
540263952
225843909
213515198
502844112
346863224
512891932
341226019
608403458
22578890
857521925
385124044
458532264
378244892
157023871
711731196
577549977
123433361
771785576
847295582
753686386
208657645
392810221
358427742
412130961
276108738
415946849
279308306
850103342
267902676
651666908
818123556
337639803
216148994
692574236
54007117
972954941
111794974
176174689
353167681
5585945
832533943
693742038
361691081
982304343
757919983
54779057
168390880
415684502
336107568
832164180
146820412
366837655
376482636
70212378
440991918
147453730
867416166
801384235
226735373
930916374
233583625
491122676
340500781
370911981
39398368
47484241
242383269
685670655
103016754
738776253
465755003
947258670
418617895
841709636
921152441
514915605
31119140
376123397
654210977
221329680
247555968
863623803
513995773
435738494
504846496
451285900
961157165
145936616
251582317
906553385
105538775
310410737
949439315
422251306
772002319
341411267
353241257
990779098
942905974
710435742
812395786
482720224
312667748
597331314
366409177
199561741
948219758
534772999
149059935
926076312
116334590
491292768
147173258
5405692
683360405
369959821
977126901
904762285
866065484
588112467
86327074
96446653
434088337
196463367
633237477
155344266
997819354
996366588
69707317
579741173
161674348
40340040
433217422
943775234
408933893
764835743
550956054
916664458
69329317
305284755
503066140
426384166
996876679
325506003
790218795
614246006
163237478
944033622
738890899
402042498
364284365
448478970
124713614
354793507
624108667
715949133
48631886
116204381
964093835
211064910
201742385
951853169
465065682
569318761
764401964
75994550
58075346
203398023
596471798
918524661
819003765
60462442
835432968
560780728
85046326
659942907
99569973
108582334
406244571
18991471
992106786
53785731
257475688
667664818
215456808
713195376
915626424
78423914
319666567
692984758
716203856
434751672
952570622
858264405
103542369
551212970
961318483
427557918
561104038
714224245
556170660
959839454
347561823
820366237
583038731
303821922
613046001
563932885
269747181
964165758
616379159
940049551
709959809
945102363
218958123
147956653
694377481
797400862
353861952
51206587
160368124
979651430
883731455
903487038
202320804
384252093
107891818
977168561
457238359
533833354
698624423
672012054
547478294
692020325
462820810
32267331
706223907
437109449
84626086
911634884
100149375
351693539
808676732
355500807
76605599
776154304
724791862
7468259
639306282
955585714
856835488
163917620
73695965
509897450
553856120
576519229
76107999
444074783
618045433
198786638
195930103
635877438
106694525
735913825
265541334
944367104
392571256
17939484
482281552
186690791
441732745
257268031
712774776
442227067
951057211
808674584
170974697
528230647
826881439
426166498
659460229
100423559
337862279
501652644
676997865
534706803
598316089
37580843
138164204
886301580
956159330
262149123
819064015
885839447
715704781
464271935
244999013
72762907
89959473
132238494
383583047
706852378
525186705
452615490
513852969
599567456
451142843
631468896
558840238
745181534
405544531
547877351
617193343
191878934
539326407
95506544
298015159
605041880
58915959
730834529
346051014
354990412
879775278
595979971
230531460
179583621
438204015
826935327
726522285
486785276
563675570
98211789
438271173
694642945
42583451
952607850
575236852
885246787
987799674
77430408
83563960
966847191
478740604
392982669
480757048
408281979
644955779
627185080
346513040
620198236
166256775
639957132
13846947
359124942
786187478
28592634
827077099
929206733
222084030
334269347
161363441
624207514
904946610
72054962
181505963
307332741
109606177
922550396
149295483
586718556
520269690
412768371
617242205
981485549
647270569
379203822
876249806
486792608
115222922
822249479
534627841
811018934
480422286
106324048
320528500
923718437
84364842
79146231
908455465
13990816
125530750
646030118
663162757
653530326
916066966
459356444
61900580
406685642
211476705
173424306
298675801
722405381
477889596
759794482
99928546
753488403
22714927
32361397
711854372
406983656
152342826
340284490
813983810
399834549
799641505
350344506
143785227
798622562
751526460
257787525
222967899
30459946
14094931
135304667
461187805
874239570
749605612
963711877
65418583
187914124
317303241
469564164
275315902
941798615
523573677
812222458
333129337
720627803
6395501
567040096
901003510
52003445
367291858
501471809
861647988
785246259
832046307
263328207
853888820
565722460
315571216
263278017
655159181
953689179
950456405
268215855
708310450
342584929
298606676
225688975
3882790
59003049
966942812
523940247
89680414
682778661
64968587
872185193
876260871
987419045
17215169
423157423
792227061
184486364
356784013
170964454
663168086
512623120
273656678
675941545
42193262
486277405
109823056
499696122
872342906
54025224
814404982
321626722
991342208
255357821
103912007
990544407
422021126
780706525
563157305
842000461
85060631
843351609
411791395
178869326
720277672
959861112
387067335
866469773
548507291
892413792
471050955
470672816
596905165
779491951
605047768
195687330
68928251
622665130
183495712
517605384
949179991
467246690
651597339
35655190
868373678
743341864
880842984
620903049
883507037
26670760
1136296
11520535
621329057
514783551
85903823
819816476
100831725
94787351
955663871
82332149
99210069
243353282
951188830
979929113
582974268
343732165
724721555
211850257
650310052
908224676
921616156
799355994
597210812
45551921
892820469
617813939
191754269
376136204
310495646
976935807
79018128
766164285
982962734
521836530
891277495
459530419
849343758
82121614
693588127
785231290
94855605
974140898
667001257
101163563
418395314
705826708
516057859
671668225
452680920
524641513
18620308
668992727
970592995
975282360
105054603
201780300
414309721
575777135
621963081
468089882
628062206
724695519
784291703
978728063
3314021
333045783
260390546
429352300
88651618
123443848
494388406
642599940
518262128
865078760
813369071
947475256
132354737
496047249
627156606
186993760
101756080
520086043
923455283
785854132
958315498
410025399
795571288
7680374
416781926
689497194
45220697
273566622
460158531
225498245
157169084
370160084
189849194
688273192
97849542
85349530
445436161
86705559
583016606
329237072
30253106
376020367
150730599
105514234
161913288
157579346
69425563
918262470
948620528
434969321
366333802
107976162
801240235
998437569
20412565
593288620
537474494
252710172
12570373
399154423
78223151
220821784
