484760303
907427520
340704150
579685521
104084122
92181973
528283208
195838719
787984212
676112860
192425836
662895965
239329391
298177068
781180050
276922022
855616217
22240293
697836984
963690575
871420372
748362280
739274059
474440035
700336233
837878297
918635819
928959566
823832694
63015182
837992499
80609015
570288255
429091766
579509278
840745264
570580663
481654259
374316597
445074272
135214446
795219055
418875923
637235656
889617138
416440742
403418453
570042560
969406247
47673523
55246719
985977226
350464364
898429632
334700722
736398021
168153460
866264113
879349287
266205824
173546153
599323640
372006024
724969029
838120360
111816821
92607710
810237623
718667788
940434785
706341357
373961958
647923694
252762712
828476129
76201316
329486357
102038403
584822895
283895491
434459843
348593258
959553318
776159171
7768463
852015271
730144649
671858621
94391043
843111256
672591803
704316549
602304970
108110773
271528119
535890804
423213031
693906892
799115295
777800317
323833031
593180829
851374770
28971462
341332164
681284759
338053531
97701651
69953503
258499406
406911663
66115057
281441218
595453796
831745979
824952893
639770321
595846852
717200565
986105087
381672170
420749088
715846579
875556530
267842981
2024808
771656986
539812921
981234591
292585324
652988284
635579464
302923107
807022577
960062458
841279013
497218486
930581856
434827006
326483703
513961740
632442997
601905118
835891636
436199593
606476746
422875331
6851174
276364792
446575225
896120481
827366177
976706325
813010206
396128146
903083942
877334248
975818239
761128479
339307356
909627771
798240609
116467059
777368177
605511120
771332198
763191948
474418639
635391336
990466964
327734406
709188464
161019846
390716862
472143347
749229171
818843968
879954942
439356937
661366234
579149476
764805811
263448128
534659366
396464842
825622105
658873137
489912899
410894430
56978515
963944763
521400246
169453376
95519649
416855931
715721129
515975938
824536940
230380515
664867393
843284796
948456690
371459836
285897827
118840818
186932016
666346331
585989463
340866858
646898973
84239974
997379305
536461301
99762245
760157879
144821959
534792481
581807691
380903335
779889014
112459061
273279048
63524209
578412821
26522201
806334159
539735087
65500196
973860930
756422217
233253233
994307026
649574426
774489542
818081436
630692785
393345975
977550300
415818548
209532825
159275773
72883673
149046040
763995455
972738539
966565457
984938944
69691131
335361769
272033971
180928648
934168246
443633605
450491500
552408332
570005748
884932480
793047014
259375626
312506657
647196928
600846135
612128532
584444640
413645740
89932946
347804879
761971757
281680807
129465093
751475983
557242179
165989142
171370509
620613240
39575387
124233007
299528752
605674280
59956742
821395214
470043956
730138425
701826958
575493568
299084985
550673421
199082925
222081210
248075688
745760303
600298959
718174674
103311890
562335896
558429637
460755139
564601399
350349714
882805592
618760577
222967186
788010322
205896675
520557987
623686467
768179103
272263095
829878259
512832944
445772740
585403727
187372733
199418883
491111442
177152972
870707708
910301573
8951072
114560755
539259524
148721954
539890546
33605119
383704789
151177023
839067504
62677252
609034612
62183602
578820246
559631607
949179036
722868687
441196164
598428027
682033632
524241749
181268971
951807100
530905880
278410325
369204664
709248264
802302946
160356575
412926226
518755790
612200447
385182923
687721928
550453565
555650327
235788959
343546068
470038623
683076638
754405203
822191885
369380963
784618961
705501851
663228481
767694656
934012697
886141131
636224690
464504045
758222717
892683414
495119339
346465958
729032601
57143970
583654873
260849199
779517288
830642281
231302171
223348213
738250795
320311713
450476804
223851689
374461673
28366681
3981280
713390077
379322618
971157540
915351387
927628427
702049863
811888006
167188138
825404027
615181842
601510007
775235566
916161814
524131884
948422180
760533072
719517031
890063583
341255969
821420962
498506356
652134084
82696868
690521333
852434356
523103031
598843671
631130166
464307247
255025047
439376792
393232983
905646015
882159851
922834611
85181426
787065176
977332025
567490910
644416094
917144594
889955831
758250844
645667355
178007281
55406715
315140356
699216328
789828614
559778640
730959771
333788104
33205703
206945717
505474923
61255992
296625749
280636206
62917031
404525396
103206191
180757839
702880889
570378980
175805050
208277023
869589549
34001963
601297272
863240754
973467894
742185005
322572673
696839874
904276367
608550524
893883239
437029512
512514052
797027641
207962674
899627342
841301551
904528606
524065275
105588688
360027279
698700298
376684927
861578618
788555675
506428970
914414994
162965514
541209903
736386754
187074941
187871864
469862304
969730256
185817164
281138393
97919056
926587859
586310745
988774765
11215430
336365828
302669348
896924398
167372752
859596236
768122152
265889389
196562721
203578847
339456287
798352282
46313704
70216361
848249743
170889250
657317034
739718652
74685079
467038923
827770009
159607159
155629970
167889613
421475582
706011374
967167206
542783795
611210476
926824280
801708286
914713691
318217860
535290509
94373257
23661450
396030950
479760528
694205865
928959438
738306817
648525605
966402791
337631055
396930467
388722657
141558159
399645942
121480513
14927913
623821357
358200402
851902780
119271821
161004755
851608270
180735857
134779735
475448815
461361377
892429028
225338357
654678912
269738439
401870559
424742594
480134421
511023194
975843103
824588292
774858299
177556506
45512786
145725639
728732105
179244404
193204366
817998914
770959144
32752924
564453215
567521264
421303281
596282562
303002922
443507883
62810911
198946039
374285753
242764986
842925592
261251214
4311712
232844488
36530409
512968459
993846692
696664352
935760495
972187871
908588235
630534963
423802838
296892219
240069613
446264851
312687616
706177140
390539715
981760349
658403903
362736942
363820589
442695891
896908161
324907764
804035074
58396349
966735516
958362674
361931683
281188382
136737441
733078116
981662698
513607084
173244793
812668297
109195230
215763645
185397711
496540013
882238417
798771271
124164688
933918250
143718425
124411061
356212949
856738070
130820267
356633770
808406322
392525402
584361081
480188649
897430623
561615820
335936326
711622644
708933384
935450342
729928834
977397819
610256188
627399852
493797522
690724721
315229520
726462527
273020057
500019318
596981910
174776069
796362638
161863890
480498523
565049317
318531202
962989909
181189339
679624012
702183399
109997446
827542406
5297913
472782058
744212037
148717034
501474049
616176460
611628972
476731970
397572584
506830260
249947368
766611177
904840597
188515082
496764834
440120727
452993702
809181540
629750420
583718012
630800948
759651858
633630253
596162763
422497191
999690125
332381306
243084617
372946415
530433305
29309371
233266943
619931388
149855412
604958275
154617793
749585484
542007686
813755469
110286067
661391084
23287347
199409325
667945808
546415270
395252711
575657925
376534234
821766367
522869182
728195635
870442471
72432978
526279432
196741458
245646053
839151804
148049274
726219842
501783922
283795153
368544355
103785555
867139277
477520888
16680425
146679788
754985184
583556806
342147040
690535242
910986015
995426069
519464353
922326927
607513601
560242532
965684443
49747492
27244479
424032199
955847070
421318249
850077231
802237669
158866899
160833964
93651955
953113953
359312222
315465987
601536209
815787842
311971546
826490912
292846728
919501791
332270047
190424919
529734845
248572923
820672739
792977427
479619326
832333939
817209618
875016400
552968623
603952504
589227856
685403519
873467360
98301781
698975363
77751723
327948081
947226105
253708322
64901608
318653989
855846459
53027832
801871230
224244584
26681052
88999032
95198173
683454522
692973440
629480198
688011808
227972485
775259524
520012646
778671555
603359459
162869643
941698921
17743292
985028049
283850498
607865339
489699450
363886096
673908701
441998626
503234428
116812479
234219823
498542831
345620622
665793468
267368439
871770929
673888384
195545090
18801508
568732842
452938273
743334906
722011445
191561877
859995182
974472305
901216046
457431033
98207835
578289134
920303807
474392262
165078437
5527183
235965029
79873557
34803491
247981119
563328381
437985134
550335881
584682425
585764603
978385692
449234699
194430609
283859575
22218340
960604045
903488594
846124260
583126465
584557951
594136799
488760648
274408385
263016604
92288621
747870156
515227143
462670049
216477667
343790790
924945292
196508671
759827560
333464393
340093439
429828439
187494882
836967438
425907265
632216707
580816373
18396961
868255847
157570303
743625751
742327177
665564573
690612730
878997706
496826987
194719240
732164873
337177342
889834310
570941636
516766533
961556643
816856951
942514868
500110962
48101238
975315083
333858213
240891634
660819309
781877021
689407137
860966214
943766135
592389899
773109162
66521156
420216995
950909756
3741577
575739838
620504800
116838081
519390851
349961443
82305582
824614412
583672342
719650678
149071549
192780419
859331327
869993248
762522755
823326904
468271794
370637929
894452568
925796301
584115469
605501288
684538746
627364212
496750992
961748728
52920039
804598357
746846593
286607806
723717824
128198084
311947878
386267584
886092732
995201797
896261732
844718561
297466100
592553425
417805379
223486825
391642741
614207533
91820084
468038890
922545692
819413887
98443459
120439230
124118105
402471233
172068586
494420692
366794287
398240288
891201090
993140586
620087088
557642121
297041403
277707224
77767818
297064535
995932853
20873465
880832539
473063743
983900515
767320956
927065170
623553231
73171828
301899142
507990921
360628643
213858547
70331213
535544128
28712101
39203036
233506150
706154897
626407363
162489700
321246590
956129496
