525107432
479647209
979570724
945447685
377601213
58336513
736196174
310283401
590196398
162054575
651817950
287672077
593594521
598268201
835641346
746191916
373325048
109091246
461011092
793112411
611146940
250628302
97015712
498075272
193464621
665507399
646653066
337255979
754030424
180309504
708563012
53212361
91295928
875930861
170880312
189513536
836088863
62470690
366009082
465855951
544374378
966482741
992408052
567070122
243082773
235499156
452203716
584374150
7797444
160643991
446241345
63024838
20917712
126312062
520542256
274479130
382631496
481495451
751983063
712093812
411683446
398940195
556252975
409886893
453491561
598605588
196376149
717663659
427387889
646127809
910103051
310854358
743082162
995155139
248738032
644664197
258220248
529945588
254992498
957965463
213303682
62278915
329458535
593386433
734068158
645538174
32294648
964983865
355388604
896401181
806882038
354593411
310487625
653915268
54172505
145434183
410229765
582521159
113578561
644477184
39123007
734540055
156986261
361669633
250540938
135386986
319942674
25762571
877574028
875878057
16258881
852685906
226502953
794017598
498790130
349404530
69481660
962866541
675818733
807953386
566310940
231392283
362275055
530986706
839245770
555509640
366732
89166893
940982634
103303849
234434432
675699087
416367027
610515313
918842456
478763626
905292653
967788900
342845494
598681172
325595499
6532076
87409836
479510545
880142299
954196130
128090458
516470026
155125138
704767974
75952523
447363223
906702424
305625173
78166244
807730723
372265000
625999553
522423862
695031297
135020254
230775781
84779936
774270179
641443625
340559792
436318879
615987639
875175141
20026504
444111875
101692758
620021046
77137561
482357887
559778863
143982446
882764508
650844406
885049638
427419181
483896705
934041753
236214659
27351325
787071208
768996662
110741854
532349069
111111733
106498626
279293100
445365037
647814196
463660917
94819717
921752138
313139656
838066918
539582506
517877251
512102818
641294884
135098634
260656098
974259763
827342175
829564862
823267285
518387379
663748276
489500490
975155145
637374223
267612115
651123548
296734026
848565275
746918853
854372416
571563129
325577025
83638569
764063408
913527877
164818775
656327720
972206849
613476643
387538169
638026723
830842789
44697590
111261899
367172386
915316362
842601819
798943119
975558560
53091561
959729031
939431799
287474567
13961689
447363455
616998134
304137953
807990813
380202080
812537368
798085690
73186863
566220801
983694501
968019375
192300226
428464248
877231474
221570756
95837322
317932043
855135324
216088219
435729115
880360655
832905486
444802900
863893245
270201836
352295752
808521727
497790906
873006714
693827292
894643384
632131329
38102457
69676880
316699952
296529742
860680821
848336906
592004769
800939273
589452477
564839860
264621987
61003087
143242522
174872160
486852113
965370343
577372362
879721238
735159517
104593706
723343579
851745450
133601033
614457968
172195234
440244706
537788976
27906327
4015641
300294784
200180148
872393508
89051117
335888046
154197769
358787368
560531522
925041013
235156500
469595135
263130555
415148945
846276637
315520795
568283498
383799812
720650722
95329676
865443637
843151382
920418542
993285474
958667773
790049677
908787748
186357005
936075846
702241983
124334507
420436114
310547929
564098441
796923631
289157693
364659711
392228477
971951969
807354475
20674391
128064745
404838821
652331348
644564738
265564381
841463150
308194634
5468813
818080236
46174469
788395421
719593982
442459300
162462689
160864258
379876240
206894672
913725734
299001438
427100296
967840762
422711521
858289537
800706505
814720384
159047206
699032113
618225312
557118943
950861082
176055021
411847841
913296246
74655285
737378892
438312560
268087194
348720736
693103392
948586526
600593114
180888191
117995609
656067513
335939084
700842131
868088628
401635751
636059372
909281452
157765039
478502742
672950530
380254178
52833627
705353223
546549282
851624841
829844352
106517175
142431036
689969320
448349869
867219153
870119446
376547580
806297735
367804015
425083796
722551697
111789045
858173934
220622341
350414911
826507181
786952571
304715911
202222023
464767420
113878253
290958577
297396361
982165939
647837490
793096042
697552278
738897309
533042067
21821657
32025668
891763276
416462352
518876382
586586217
806155489
910623793
732538321
250776455
785948066
959391503
894544394
500284612
976551954
913507674
797492406
299591103
257880400
322535619
553746996
265881055
400637311
344327258
386857420
715966099
815558597
845034673
707803380
800512377
74123110
172567168
637650270
273255667
345982357
393058127
830788419
695326692
339297551
634036123
544259420
915883387
54414249
53939456
416273956
505375916
219333857
790673963
320844406
68658264
850345083
493504938
439671878
416361689
979295070
755940601
631388356
547436018
29604931
802910282
771027619
961120814
202820412
932025942
176653344
613380897
321741233
621288727
154302255
583493827
82719255
102165713
960293550
623844275
778276197
637863607
211466805
346697855
928053300
881481503
496632241
24884633
524190267
639145115
950167293
580618170
732895289
221288580
293960595
590041755
761669770
283352400
665721760
536387268
863008503
583138604
713062974
122388305
877286111
802893058
183634682
598045129
636371708
737350578
985939007
748179369
533211386
815827601
638085491
341431462
544473795
284690501
619382716
148123427
306278040
746142985
436930547
563675295
981858648
596035172
880485606
100452653
327328131
564260498
821824055
799366853
436443952
423906282
760835770
195137592
924800632
89078500
469411743
125160242
697846820
898587111
388512924
786839688
653206107
201987924
47406783
917067687
583203088
952529131
45567959
476979269
663969683
517598333
230109228
116865518
146208057
149387678
140529656
281250938
922407450
83182029
270716998
72111209
915526521
186572153
311735417
109305104
54991831
442947898
416630829
455395295
815278756
494222474
450276606
407690928
357630060
650090857
910469187
779870723
548628389
963417918
517249563
374798998
518692538
344844786
135397170
918845618
193797054
643970252
48929535
775412953
948548843
188160804
202752790
614664790
627870113
316401715
871313166
466633953
890252506
938101678
862075855
140255189
535898301
590172663
661700511
169747209
67321726
822418299
759235456
496117199
238918490
360658931
732622548
958989530
565932464
895917998
553418669
570681735
51174983
392889797
915508049
411021577
394018362
641217875
506846450
627117951
291469683
835611815
779820813
41228345
778777690
443835234
889618216
610526709
101342062
376994374
838900695
928519873
683144273
965649959
851523891
371378754
884734794
552812335
536494462
587889911
455538255
243763259
48732325
731952113
762983044
300631431
415458969
497362708
22593628
451054278
746236825
894680425
83326213
34582559
878277525
231709910
42597485
718007111
717339507
795083255
471040713
122095838
857647467
188938090
57017303
624898794
887537460
85525023
541365905
544129295
526286782
841206026
104723413
918956538
171579696
47706424
786879489
47868700
278245299
478146258
28376264
392255508
587933081
650287783
630757547
944220269
845193660
648561714
87372434
619813981
328781268
166727683
835472826
741411205
116849197
333442417
386115790
859794233
674934810
138084249
413093969
329933946
955996802
478464332
924767494
905030798
789957011
164369673
863002862
830571101
444830419
994728784
439761811
239193248
766706991
78785205
534162755
207359684
558180542
112797032
779705132
238975745
998152587
921551923
215348026
359559098
5733200
363312206
802107340
838137277
661590633
927085255
372933888
140161049
65052289
698442317
436258705
109468749
725520288
725726747
154263257
680823986
785558851
256801332
174983561
334052483
726965871
596279577
974704213
38063992
799279660
178756106
301613690
562137778
358379116
174118223
331781357
34444878
263116305
565208395
899297597
426644805
362262332
24865584
168980467
517745163
621794895
299600761
174140959
68264673
642526499
424694006
481839394
832453793
958533773
98881145
453416893
741351255
746568361
881295541
632593226
409453621
388607991
764043347
38857616
482834527
625471564
810796109
781781932
890934064
366660959
401813826
846352442
160311892
826429149
727618451
318561654
760693266
87820864
657238396
712257587
427365110
422138617
906439539
395537491
374585654
696916710
469159895
603604003
259497970
720701329
590430100
287876515
381820762
932615167
489843975
38036813
598218983
986007967
686145939
892273597
810998784
517818827
283206894
701603713
240712673
578341562
321527502
6024644
230915321
780319490
692723626
653530391
89329964
169037954
205228116
987315003
482168450
368505856
664271961
785917815
156311668
207192106
522283962
170232735
776230858
113937310
464531679
227696723
336585173
689581638
720342669
774685297
401674923
764964798
901258801
909546281
138931722
204835826
154824818
796244090
375389207
463135251
372688681
479178478
27977702
936899708
198546551
212782808
727387051
502528971
555868361
229713127
321736006
900228123
735961929
603806678
995534863
112974159
925372853
126775362
113809883
93830778
669439470
541333682
59976820
918038328
251855468
324365165
267779151
295681834
848383280
277332623
213681037
868027869
410528607
693176416
834503423
43105483
142255032
839331149
915390758
251748871
500309671
834056200
133713276
490629542
452949291
501446799
29002869
297452122
914011416
25957562
279462972
28049455
682434207
281558429
793695779
831354998
419201657
109939373
685044239
874181384
945003655
431705217
654145690
278535737
16032089
453708135
489699515
42785512
769303254
952429379
970719126
86041704
211384603
862061010
593521106
835383269
407620406
569347277
465089036
750408668
295362296
970327028
381670416
822425717
997869650
185631582
185593662
128970178
899480636
3148425
623903825
32315659
154286909
41209374
306745214
68604454
179910510
855177537
474597452
999241154
11747283
986217355
