528617986
394854074
376828389
954399338
248742314
873940824
201516763
135140866
121276728
277794295
389658648
143329814
422098673
937255534
950885083
80132476
62322323
812646314
771434108
994044283
830241333
722413468
138878468
714368672
438387130
550633767
479270220
571278313
805558215
203414477
880929024
322436926
589320988
109308346
462575491
443702128
124452059
736214739
156205600
180298168
247876280
292968305
188410547
931878593
132719953
954319443
791335634
367652067
619301493
813774164
923118138
616067555
963999226
181633358
374190944
806204517
255975605
662459716
516012208
698108546
394670604
630238448
329582650
917862249
396865269
67221722
554008825
312790327
474680043
507182954
955680416
326107582
656440714
591135939
746168002
537273027
534002920
206999874
581648718
484067686
759298131
111618152
951976818
991784050
280296338
264861469
358437699
407687629
735117401
656370972
187726523
461992341
220202531
458097052
785627563
617637830
963385654
270548296
535013323
65498231
400310618
478545307
892972023
112118539
858093746
597010555
959626839
372863286
435465354
836917915
272201596
48975731
80810998
31944522
938810413
283052451
678261629
337798598
637565910
132003800
708784021
146321195
577672925
818309069
319456430
493688075
105905051
198343661
805508375
128530171
573887372
263454623
671986549
516150486
83757067
280752823
218646128
839858278
133690303
683285782
305234628
985574411
972222274
898199484
384169376
138750791
381181343
188258009
519286638
502575111
939376200
625587055
632982385
403009522
356714208
253989422
900872381
74662954
792662107
364405671
491105504
761283177
567354910
306935183
263030543
8746972
376989181
564660510
948187453
658057590
64406323
838403349
204108295
954280127
826769171
723209609
174098920
679473439
434139692
180705639
112506731
917647040
679057022
302933264
189153970
948300315
630472237
268977026
159436277
829767644
379880440
143983173
47196170
769284630
192180278
543951449
418219500
665287091
635168941
375422403
761761609
816520832
240070555
861229047
438168787
100972850
421478759
678702256
576240350
633504598
79890502
221398942
640523260
611956468
251898940
573458462
82226155
264421645
117781212
314730226
378274733
108012155
405224233
118419808
278177149
920423149
791207179
434823664
762099849
282817722
304990108
508811828
44304497
58717289
418944029
295985898
677576485
817827974
864764475
88181119
526821555
951769980
692736675
525931678
749877142
158481498
503459911
435239701
517385689
618721814
461725293
153797855
547505878
320438714
997147668
653749453
411296598
121650746
583051897
517745637
309765670
986655094
916602405
293422627
328514489
571078672
177094444
581805971
193012439
955913041
895881975
264398179
399657169
29600093
787908670
426504752
415275478
879292553
368542665
119695651
416963237
355967477
917437973
143378034
821092427
151192253
961305949
723865782
61569619
765194574
884689298
555925739
234776076
347018838
778415447
540166460
35167574
399314047
197417189
178798469
981387052
921653939
242227262
561472647
722839838
197327114
754140684
517905784
532530043
570642916
238473974
532004044
753108080
463356246
100782400
953798192
69217120
773224371
472330198
177322235
609772722
453228661
520236351
427817863
71223742
339956236
29622103
52638330
251184644
247742209
391337177
15961431
681875364
189744195
138308597
495309296
113740215
355965326
420538195
623765313
397051567
443400164
191335738
490926702
526720599
352685254
802817658
771419829
246236437
824617254
470949340
261943202
926983847
20094953
569025746
528158391
401417588
814409397
490248904
382883602
167705010
701502353
266721139
284787834
179305738
222512543
850128678
563363884
325047648
605473103
840057976
713251792
352686175
848564884
780270666
166372557
261892922
29309648
901097263
718538487
537138577
258202272
806401892
426567389
776792868
129393974
88977582
661780410
620718448
610150205
93891707
299330816
865716420
37654593
456060302
695549212
176679025
906547903
311620964
304208055
502556574
239453773
446372180
640763333
984559277
757697546
909257025
78418963
239824286
402653188
266265469
372107940
913312133
771710416
845745023
909502737
895100460
840153749
507994964
49911763
133534960
188348268
942645434
714897442
511581395
540727159
847535371
315031582
392504581
84721453
989693531
355345017
717688683
596889207
215981912
297684803
811830091
165638558
442008111
19095321
220136947
10558619
421956124
218065259
343884735
721783766
386018682
94006004
191909568
546557564
800448751
336525275
398552939
261709200
170673095
314208306
296808338
731474736
129181938
443832117
910162174
594225443
685914381
155102833
412959656
910920451
654419255
316422926
555728503
548060220
97672645
729461902
398145637
488899643
829774815
122976341
766392143
724580174
371012707
789797627
154708477
753529367
123122014
845947016
284272701
653168256
956792077
455979483
426216112
901773605
876465
80355354
36456620
998175993
108933146
625911503
324644237
266853290
805105602
432964283
67364511
69595756
538277499
643849346
448884918
70986848
938379636
909653294
431934383
47696753
547816162
572228162
360462029
339384309
289123640
156632807
471103428
839967363
870830130
759791399
954128373
198439772
890206812
653954897
547183755
17317291
693005282
399969643
379966496
203863311
798332103
499538852
919474571
938048422
722433116
85112720
215251867
479272666
397062097
213285852
714788618
47138782
24045099
378519358
353957442
428648302
719893323
697072310
709052352
952300338
154808075
484676872
396023159
45314202
478835908
868924737
179388942
884322600
96665591
431567627
377981565
538409992
529686798
228071072
249364648
48277310
652753589
422413605
616951191
204010919
941380938
991830761
442905266
657544278
45002780
906989591
174394672
511687454
299997455
118535452
297423966
995932971
690917289
427666157
49055236
313655231
103515692
874160368
459212513
853508377
905723777
330929265
382607074
965494469
835304285
176378625
517451983
795974026
129154710
305680131
775894711
297479717
80121118
505041433
10919400
162977313
41771605
738478879
311422
571846316
694530065
667701487
584325145
978130137
134143660
382048593
847492701
102020640
179015836
935709416
944761616
778593220
963201091
763442812
298287141
610451672
609223686
477410796
822239991
868624154
389537608
378420645
382532743
994317322
342640740
999944247
915811852
185875856
416746757
886077922
271883625
365036811
873848946
887366196
158978312
238022289
746604119
404476935
831350808
453255692
328885922
415431342
616958189
193445292
360918514
997301489
334278625
316678304
206754291
400467726
553753625
564360808
916238887
131687267
182308708
316109419
285168743
590007822
635489397
134199412
466236740
661616845
685273882
292937912
663825790
579724804
904744273
75834894
604464499
60264851
863847552
204746750
646059986
368984299
539738231
974106264
761462454
189087451
633398808
345339249
665665621
599133547
979121563
16279031
332324296
707522816
448797923
742161679
705057487
842868892
952853545
156596296
768987537
697151396
987018951
667269076
730157458
324020277
529619501
781193708
92557216
258443730
712213804
146489439
536620172
349006875
918300820
547254588
591949035
208202442
554646963
96081292
956609012
290150147
468533789
867103191
682495280
668994851
960613615
956302972
130926881
162582593
370777406
761595606
107411305
707251255
435759212
948908589
381965346
872469153
243948805
437442177
659467949
852205098
252782032
407221891
886919742
832632123
479658857
983317420
789221995
901543333
150212644
496855044
288221928
856772252
199987282
478837389
228617607
119915759
984773795
61162607
363406660
573316527
650266827
929974622
887666323
950618196
39078134
829368915
913247662
969392230
165289241
719479880
964253636
117204786
436613342
104403914
37368115
61311897
980183448
849863155
189335993
977296194
167080977
229383546
12369949
873922361
473373678
250639051
507263973
956921821
720290981
262049587
887695356
182786198
74035516
86151421
201938271
322807409
519555567
936301545
793553989
650289941
70069758
819829763
736254091
430732762
532601407
171017141
420158910
95583368
441469274
167305709
139732310
134910640
871826612
386110465
406235549
420883280
917604672
13743962
477244517
788439081
322104942
956325839
249101248
903239653
831784523
781467437
43169269
350461920
902465641
714560704
541756329
43881902
56309165
539046051
907226435
347251212
493129453
581637186
341320953
302356536
830480140
411680604
515452546
552985272
122317276
752784716
310959585
687925050
679915871
781054989
405202736
505811604
459057027
5114908
328184998
113743917
570728515
833014437
598948238
751133969
127847872
69696990
193117725
726908569
625549378
95850407
78601474
332780560
478884028
58984336
927753825
335967485
672423007
174887980
957958939
910424336
440873292
696115975
780922376
78999806
470507852
355244218
670546047
121410651
309357967
35944724
584824874
51194256
210861052
793482518
776522696
660115015
982688947
590186983
174508664
760783149
218562879
788543976
927435892
26466869
674183241
978179023
209041021
620931535
853301163
69235250
833388596
284169046
47155967
417760661
672870623
874612539
52092060
519948431
280626117
772603653
399150942
71707073
417550601
589604654
511025532
27407218
121919508
685401509
282461638
267638810
353278537
82236024
379316
197175790
691861457
652329315
768680082
754455507
404816563
492328827
146203196
49614512
268109487
240122717
202556127
300655827
4038288
793100390
120611894
901910156
608022954
462740516
309560866
401905009
361632207
146855805
370993375
337831238
515441335
646776023
856259515
523639510
338469896
585662353
715956712
751152572
283789730
849980176
725899202
20541307
105932456
297636552
115131867
788297288
626400456
349536429
803597584
177427884
387048526
210369705
23368929
328819116
564789614
380551481
659615854
890538020
772675156
598474305
835543582
545005652
281335940
430848844
239014171
758040539
636069310
622563685
711144615
682447133
524166003
451403554
