443517927
114839551
202252661
974091389
93339546
627750249
135633467
712888320
25670612
357045828
635840060
460144691
875755845
178176002
851751148
231999805
170794018
135074766
742918136
646809348
793454911
283337433
421517605
196322305
845793879
351717391
10975083
863859259
491724116
692177850
146529246
812652031
362280632
589531388
793073959
771695623
72023330
16676207
235649246
769205170
925315587
91923472
458182411
512984931
113471026
25437446
350307051
949283976
926769309
983877428
115338135
921667451
265575802
147807359
45322446
160180494
693321945
5930355
128297510
741622153
616775165
271774206
221164203
333492760
210516581
823188028
97864058
286224457
385102041
80055525
159976474
154117810
899425519
973712964
721493759
701531439
825155021
908532672
82851279
820356432
1410340
61691106
937089949
507846687
576839715
224861794
547076229
214473273
544208942
632893465
78373678
66092975
888378696
494027091
152430004
653541381
870759267
124689650
302468349
290282996
927573387
64082594
564181935
846713784
823900953
961220323
22241932
291862836
426313598
343791005
335025472
784789271
923079074
307941076
740211812
555084059
334684255
713317515
756653043
985654786
276111799
883390784
742015514
752208575
1681846
93883498
265739112
405398427
821282960
67952378
830772170
700465370
606064322
792568282
892783044
937327745
497509170
90376164
683945732
615619390
202619861
255213392
788159674
200417936
297867992
293584405
143013900
580437620
753815278
597345944
318857125
157441752
368036605
316813562
14171197
44182602
322067078
811973359
845031938
730017454
695481210
616843504
470579875
358361220
513018834
634560100
178724949
130510792
415158030
802884066
57574889
244308091
29371783
141033653
783034924
20898406
95231110
541597577
454340582
708097439
950869597
685301491
651583148
223937015
749095251
673330417
332428764
289250760
778397084
848600442
615260666
685535810
245344225
953928276
920138179
585776356
784633516
429798453
687399100
663307890
114859456
12503108
165279590
950931210
539771055
74549034
128069969
227002952
533778636
993272790
948951491
780469500
357632776
136934498
779147855
10179719
965260354
246642859
609265967
839688415
302131336
889474187
352113706
566557587
187623400
372039078
998963864
75443505
220895472
197258568
236264889
665432655
854198476
791032690
593237983
938366489
520021900
700651936
684165958
674546216
545260448
105425812
755472122
785124293
899648949
834791165
327903033
108409727
174780420
909958459
620516000
537990656
820532484
847710683
361176554
225385267
660389400
598722002
763307810
167731977
75585169
52626463
6107479
336520068
757007901
283518836
926271022
566600084
543696514
840781365
490157817
264608417
562476900
934719750
294427967
196705523
134002065
566989411
666908636
352832233
44136044
890554137
900663084
310937011
576742566
698274231
844900169
6487792
429856135
367852715
277977089
921299897
937344125
516433981
598961047
492633985
99318332
418952054
28116392
616130113
908520141
761302947
564713212
333999054
419800642
355907582
975513755
885812733
553282716
164471031
91383202
93399988
931813364
410475576
123595932
185031031
151963378
695170466
759777500
58733669
438618665
919783230
136743949
175843798
562804275
568857919
327264291
46042918
335758702
801793980
97387191
715050009
538873019
50778523
444312091
282833095
325840924
566664030
891136368
220834983
722760475
959087434
453205074
265385104
276469513
184577100
989486532
526868548
392838048
413930016
340670606
404147864
659174552
969382721
177511447
988736910
624558998
388869413
771194777
850942722
28643291
929470836
550054031
751488735
67083839
376333191
554526968
881034840
966163484
840762835
859190105
585299347
804034097
538942517
335973193
479531230
466578155
871358843
899374284
378227175
579371385
800395741
653204869
921828685
461123374
693239325
55875456
569490296
873267075
455575179
658274096
936971509
795469251
40193646
192191691
793289637
409033403
701716338
198301264
900136320
630050130
108451691
560705063
552075211
554739909
755371258
600113766
120232035
633409528
697980216
522158754
753200153
489495128
392967602
271571336
228247548
276265967
628225344
290365360
373844513
320457734
985036671
7767765
510588304
182488739
922218594
789830094
763840450
346750825
542683554
70497826
764861816
673057578
999237962
748177043
470919694
239690678
101129657
367088775
705752114
93125559
935643420
936080766
175286858
933416424
905073941
447476381
402501649
768622309
963944142
517023670
780808057
411350977
824456750
579678585
645013458
100683925
50116759
369586472
632521314
965541162
836273314
773481208
90725974
627482389
757296936
80142575
490257164
644790557
800651640
988556869
175136309
261136569
584613245
280718953
384814313
48955904
832480906
577171878
277414796
474742213
387328445
995218140
382806682
25659884
289689767
353510839
848600826
419559377
103163585
370235768
189573918
731543184
734567460
740210950
256852243
162162211
845354792
547804468
176119488
824931366
957219215
757711091
967970667
975387271
341887360
519671488
826737730
543737797
194864272
596057554
268203018
472944879
92171675
157779100
578212717
841055173
390674526
65066089
337792621
403786097
231541747
70697787
541626972
430415871
798982950
443593124
526569108
844402294
23866710
222652101
203601110
284676438
401052390
452483429
517522996
629617353
27247472
407419409
683772523
770018278
526773107
304863029
224695105
507106029
102032750
716629038
639371508
576788359
161998232
415797068
771487684
780288702
210011846
772333389
593389618
886521428
216084118
537554796
176404320
898294234
993102379
982335435
519871087
972212169
392456443
983526579
71892489
639688245
640256102
948595363
813807701
983255115
381293565
567774342
877012989
926678717
846002680
34520942
328383121
82353912
804221614
949780747
682404061
608069640
451164416
423312406
74664591
628718999
859093809
631001567
413533234
489692675
231015089
785478287
776915898
544437670
784991941
252482935
114649585
118506169
644736549
999683262
936532255
213402868
601989365
788232567
398995137
642237503
895320399
666710900
40518747
181563176
209171674
94050407
94072619
43321631
299931374
911801445
521047752
969144036
908861987
443173488
780594434
9254535
535062129
324115026
752240026
595815277
790858442
332575318
141686775
593519745
919871355
209876951
437617362
804538351
13248492
469001193
6080274
662931848
24317269
432427087
733398599
192382908
590482819
231970058
280521000
136964681
691405667
733594267
244506296
873190495
731435181
145505548
209644181
201563060
219088828
927277720
678340737
277874339
35992540
803179858
851379059
562745081
525024125
446999001
261691819
999294721
656433044
289534267
30073139
830930179
905721170
858115903
944826766
476434900
709774888
588211525
418771714
303092071
43594025
615275344
904409608
57264175
88069021
268496279
862084562
774365807
232770
236054302
585449522
85970770
790660454
728205934
626939307
221137409
581048026
170653517
667358782
143483818
970278237
281226277
480531636
401871399
703521127
413576115
967469323
873319277
200678781
733209279
491788171
630877301
508506006
375248666
234280313
420717194
898770248
794114884
474676059
256527845
584914437
487326011
999061951
420378742
704084743
944102367
40269725
177515235
231176595
723689356
895386872
539121370
920852742
275287895
332813832
762367747
134743708
502538209
353743046
674492905
301026954
988765284
573687025
267023489
744266129
954572220
577464763
415411787
493925621
206222112
322367159
786933141
695977456
410830937
558569380
482952226
282164325
60152894
697786654
759418759
373306390
789954088
642142681
476989424
837822406
952666799
710024558
233218110
42434834
471912564
285973486
396232039
440371838
800183153
955500889
596149151
913638984
732038461
676112611
749512522
366637604
624857936
683589613
24954482
401322196
108453730
843143912
510021805
716718513
849861604
480203421
74590814
804751553
594324286
301186514
511072865
346622602
96697601
429201082
791599328
244547662
344246652
372976953
22013056
920248625
926135119
346561303
895794302
455330046
962420227
569313240
550125862
384040281
948274131
392781154
748448452
106364475
617188199
75667227
729368675
109522887
200002753
516499596
192573228
991709141
211382672
591480485
846047550
498996638
444428024
249526549
816941383
302837379
884513281
504964859
22390952
251880983
661576556
104705856
475187076
761892426
947349609
54691758
754298284
280548363
930077558
690550531
856477420
201543131
552738061
404708390
729434402
21030373
699832405
682076441
44544909
827747054
180403724
30303913
708865953
334654633
500513751
396797663
10902021
712893678
752371856
247288483
499526999
443309272
370390202
496567469
444787917
512482342
600480150
967476247
162173277
145310994
762201310
912024863
61631583
520832139
735003064
644504419
946258576
39719634
520092146
795911009
603004973
202436840
460419949
194643896
71477258
631272643
395839902
140532443
261378675
550551945
43789737
41404606
528176506
682789075
191023532
413168147
831152928
56170592
959920471
216952059
420550222
732356156
519903164
899233914
65545744
268378859
968672329
188033813
599651567
856009331
450539085
971182386
192801532
956460846
644283509
297090158
982889321
175746305
425090210
813515273
116642440
459947706
706097572
611621330
101521256
720796704
383848357
378842507
329808607
321834916
813351489
890087984
79799161
303140086
375360786
870648815
682533675
561186034
129098152
803098397
662600312
207806088
540880874
405369343
100012860
72607350
848603073
571715659
38505566
893933372
430278825
655406622
631080380
146405198
100309619
960602514
26258584
908281832
797712657
344749038
884530500
589829821
858225204
277816651
42657841
560451100
891383225
889661444
581100059
773634692
614556482
421703287
46648153
621991811
150914960
908836350
919066831
300728228
511608469
28913906
872193630
812132697
340336941
435875233
891556090
157944866
259007604
933393961
202830466
414758270
844390230
774251841
