218488035
728946321
971020433
715686453
966119648
23923941
878648750
300385120
778586773
178910548
358467888
768938217
804058739
830378603
827706964
880778372
677781769
800136998
968762517
666461163
488511470
262327682
131190881
884452353
779577030
781064441
908263919
845042789
212702376
14123703
347024019
799907059
131294445
637618950
583907203
786996154
531454215
996060717
885503018
14456013
314333903
652178726
957044753
450720637
48977004
809142072
960068263
926271856
771507381
898332941
867803014
452583033
492569410
752254361
763793034
956160352
597755439
86568080
936109421
185055206
115660021
33605961
87682743
764463069
831886527
558560827
637643772
166439789
246471399
40710810
349324156
681721051
914633979
954306503
352127259
836332742
305282928
680470243
835475348
970434956
820996176
981992062
73535407
314369433
146320687
894440984
307337649
379040083
873825915
627746850
189240714
444886135
59951295
700447811
898795991
280727942
564495982
192581683
618834108
490416175
171498300
793628474
679800456
730796571
549008784
186081963
537949053
538262905
400127101
927460290
650877423
917285194
251092730
965674464
364059028
133667957
960070552
773313309
618142381
937445541
251223178
258603689
292613873
618724547
851470094
904438020
621769755
214186167
55510512
71399317
271836759
112701245
61636134
345059173
798936656
27367702
302191605
342738835
765360647
960238723
356491931
769074742
978912980
946365623
976869426
271955519
193793404
94276830
336388783
765128034
320657389
791182672
574439300
681388565
239192996
912894610
501014600
61075909
879326476
644570763
564312206
323762886
482752393
328727783
655623530
538176178
855649059
906033556
166737807
336691325
831476350
617331716
7952662
657903656
580953610
482148435
279690707
346248248
641855120
579514574
710644616
527492925
877797382
290382476
750741927
480654086
538261943
380247568
105866176
886042044
526353100
241115696
463412358
120789884
395926517
32729044
286322348
650185196
290742093
438693247
416306458
287759846
927539021
999697456
933651682
703325671
783230010
916535642
100434955
757044559
633203902
154766351
419220788
299811901
933926145
36819281
445965502
192369916
577985855
174969443
999914233
475401491
800167379
280695761
810338223
590360654
153919358
887162777
261977139
548224566
195826087
629505509
55506155
203161872
163208116
422884769
599953902
878099925
356730793
47416256
697424075
621726300
279812612
348821616
252838142
371586749
821894906
163600456
186863737
359107236
586763540
93952431
72199341
115772649
438779012
940904966
487592466
646843259
189359232
343291027
549406312
896067231
654558503
552210387
561218472
3698393
99260196
216058915
136603785
511041376
436865377
567865576
835639122
530569599
477545367
378187933
195588878
451345763
27857619
438751474
768465746
990318900
700299040
902869901
961461024
101873655
557306168
939733505
764382859
222303149
935292302
953110641
688740692
13439765
498009942
801356842
967167796
727602223
787603142
249139748
272326553
605835991
26996671
675822359
922241858
18897964
258313308
541629741
638227280
60591078
745316087
36246702
618985640
750607756
574825280
559087410
195768191
751688600
590749362
459344817
446392223
159526689
451676055
914300634
575749073
483754734
879124882
822199356
32559656
676188523
411020136
467986653
663742620
778717869
166424921
162629755
963322229
24476680
980628042
942563059
843560345
15676427
301506224
703791780
476987060
899045599
334125001
938132934
438614484
938922530
605588650
215479195
136852861
328258324
802747523
112799863
154159936
112696035
100073286
438487123
139773080
436113950
509070084
962038756
649570941
277329433
372504081
840267769
584182835
412195524
595765180
171291511
771060557
648186301
615784470
430715796
858020463
747884273
437313574
676703473
149629732
940991946
383584872
93637124
70599872
195540941
331133792
335484295
975970345
53625057
8469818
850626193
924403393
542140918
802789978
407446395
506606341
339467467
54220839
199657627
526541517
493857231
353950099
26418959
343157350
434297139
444418637
488666558
712473853
372031727
254779399
406275661
675382460
423369812
288857390
198781133
52529078
415432960
891438883
454029999
946195640
37019786
864297423
530557777
403725706
745138986
246888117
228919638
845396322
208338075
924109454
518552995
693663434
237655946
150161955
655772500
587041847
357165912
750479773
636302732
751122302
842467233
623010441
603938617
798845657
602194155
175243732
501033581
253283528
604008845
354917316
91173381
448028582
600190838
253461986
489521730
629559807
823392320
622693252
598018363
187409022
215498999
643270235
504135777
447922271
736226402
712612226
437726513
273207856
633084889
611739284
695363164
664953185
255136151
702907695
103728407
414009344
260358805
731712118
801531549
569895253
745854535
975636108
241387476
853420757
832936072
70524413
93472595
984193959
660640223
26212692
763649525
734472659
152461409
448893709
535623303
199196997
118874663
156016345
62619255
889581928
737517218
227825724
620198638
992269560
659554151
426220194
192892431
897283141
149733579
75512386
369201002
91680202
821161701
28123110
441554486
239862889
401882758
650715019
614986198
665701989
619139630
453532553
612567631
606872196
848089757
960890504
512491775
806242440
167284392
904531408
295134680
104342459
669092863
911949620
832378034
518028810
355437470
249117915
193866606
406715878
877631980
196189453
834460380
585127837
657011689
671969323
913310956
124338299
7339223
295760414
797314238
468159642
541030146
396917265
270442297
283984665
615258092
13326441
144179802
698663645
913728417
386649989
729998749
245202170
780377705
264858543
422587337
909212080
195745075
923525674
884425417
152764843
456848413
208270320
788070007
422950177
619072171
27439794
949860506
176120434
47579548
388153475
798903217
871523976
107217169
826975036
563312311
272175598
641507323
548393368
902770716
342111028
104938113
495202960
492987459
490981991
466190702
589258210
804750131
392153146
249381985
4098875
928593223
83813548
411334995
644549395
11311229
332759826
608847256
847492118
664912492
587818298
63465934
968059366
651084096
525574941
587746771
858474771
137985000
953402667
701546230
150411739
267704756
647351705
20754958
542314389
47826730
961645452
715282859
297088015
956759473
29813961
222689662
557707360
926738447
43480672
459560251
715089669
460188981
462667773
815663807
230552484
663328340
794015204
883480875
314952418
278645093
136878745
844118862
967412516
903235219
607715930
451273210
851347462
690606914
98970246
736394118
281241518
63058590
869020604
596722664
49665776
617476965
311759241
890732643
635098531
365128636
505758573
41320919
607603423
66014690
872657101
398285790
675317225
137738859
470993746
487083398
473689551
763870828
705802538
263669295
910947984
117526589
747870342
393852795
349043543
578540750
371342198
867100445
827768201
307086553
178318732
652031079
591168375
865945107
765998031
613075517
351569099
903282559
248382343
949823780
772886519
95557825
236515439
901397825
30578118
209430140
775955983
713608603
219613167
611886847
262704566
517370688
357256050
605351309
685774679
932139185
869606622
917906444
541689100
56557781
993786437
638658127
213552717
300516869
887695957
220626022
807117413
809372116
371740827
857918227
135514298
570406991
515488485
755978757
490782775
815390158
881011148
846472515
363274676
139613402
802584765
657733594
647487277
215881353
44381987
660948042
294775029
985817064
180170427
833858844
743468894
433662653
361593459
191824562
956037342
134228391
882005107
935998568
13701868
809952095
402312725
966583865
341867775
361694939
476372548
692297574
1882203
601277291
114568534
870384520
51128036
23134106
554631767
402075697
253973014
336052843
991170849
997671362
256134882
226747915
925850992
821300347
629201688
537881981
114449333
701851644
208813532
323663922
799941414
356554383
933385050
945012579
832770647
553322580
737300676
836000898
315865818
285792338
739508804
352084412
659065838
693497736
871248530
309785906
782730808
720334787
879030884
959517760
937851546
619984498
143057541
884333743
679863686
786953952
884101102
581012376
337382176
803985793
247245605
774520902
483484042
678218280
801335875
758014150
936999469
106115456
190363458
1309187
664775020
417972115
20187024
705378511
258162558
904050469
567682075
232353255
950051816
319415782
755151172
394114544
822820759
249295770
385812375
179956915
213496841
49051307
265148892
45816695
669221477
156288299
498618722
511880023
38546732
964987900
868600368
980847557
892161859
113234380
372786436
676615351
529971329
877721697
294742740
519879431
599797473
437679029
626171184
775813215
219271876
651747846
630960559
17966394
48834621
853131060
951700142
234188271
292405904
621378960
544517308
887948161
840966562
144546762
332087708
508486720
919353391
508307000
666831778
293174657
35450100
586834516
340191394
836817435
946629344
78535820
864143214
945099061
954553028
865932943
580159440
775817810
422880121
489335675
826544817
17473631
525327739
480652327
463045402
185415671
13287757
634412097
688441652
270782899
568717071
484838273
835648787
385424566
545633988
786256019
600526038
91490473
770847249
332996526
740363115
632437358
311556451
794143123
71337048
970298799
988987844
6601081
279635241
426472960
41219519
768699497
465068040
351630886
318001944
314614077
983158980
438701064
45261598
481416107
279886900
401038002
898392863
69408495
268100364
461791071
242887032
478718648
399465072
168297009
265406905
488668967
4970560
89883595
748972559
194107458
705917178
731184614
409315279
492746601
196427825
6686676
354776855
261968692
229563380
800017572
19770233
484017900
67422621
231019911
803097037
161824974
46228875
289431142
53109626
339325113
734044494
242147956
526042758
609545976
727411767
510269195
607136007
111338231
161066055
552550551
763728936
375184444
602658326
123894485
608696898
251974365
29385784
552514995
284988282
273200224
