388287266
293907926
247870962
115944670
414707794
502379371
339182033
150228265
232080369
95642019
194717981
892152798
385605710
139028945
203083532
527471279
457896219
308670969
764780218
425913911
53364346
577948252
392469771
365833386
401006178
645106468
753976270
473241775
750178454
817938654
414021552
40980084
592410796
579908888
717042670
166823005
573654505
88494346
513621016
994185229
551848357
63024102
864452897
517526500
226759780
922735383
219491265
313754854
924193758
4000155
420074516
810616595
423807470
524613480
10511632
810339013
901438153
882037574
714938491
769601324
748403099
865940256
400049809
414141713
681620466
153737896
299742002
805696820
421986274
36260527
953816773
369401872
795049952
770594988
874065553
990340243
713495354
874943269
139073606
478270794
425615203
440221416
549048016
746178299
397864138
603404956
617172612
67797315
569397256
906703656
265384850
691616929
373555854
744019690
245782129
685908099
662974291
450311183
835906033
73021884
622993381
413794443
891768579
887933231
50183380
50672643
15566642
653212481
650547926
20171388
96843658
26494883
742963968
236667697
343986120
308181683
316892240
653871508
16277575
78215509
536565282
231944687
236299564
515282617
770875676
262199843
995846017
51030261
524812858
188157454
327365951
263184171
39037236
66051722
855277411
11820760
548452835
661114783
695994918
347191494
587838314
963960130
417249387
549225868
809859997
238889966
948652959
136888157
400033570
937600445
369015858
9102782
434033607
757690523
536456600
391048694
177494878
376485962
117057555
787983536
54826625
964536379
128399622
462390472
692805435
833659485
987457646
676912246
381390284
332165359
759728846
655777456
957876589
669086080
490377194
572605150
814695298
687073695
705422618
531985709
313546882
858957860
650996690
587212412
819141594
318263169
829150563
281346711
529595120
464228717
834325880
171966873
544057228
908011381
292364869
623301933
835560508
954858914
856420432
976200510
251432319
271740713
755497871
67868210
177871598
713238400
51226192
764947525
267313329
963851448
576353395
490421182
671063342
585071844
474436653
195868763
313539689
541187209
643248876
374542265
4508922
706110934
147317126
917161566
497839478
587761973
111720228
49865207
376721211
867075259
737044641
859836382
830653261
729222106
280553390
41806169
103459989
583128479
409340813
105903193
267036976
64203037
14033382
565743670
887875321
343904698
500903529
958985382
433574727
96496105
309762244
294373298
311610037
481878166
971691587
545321383
124423586
838336304
570028731
590109624
601518172
1360984
388226314
400238068
226806806
716517011
659767919
941841234
304518454
432630483
92408774
730411208
131846395
537345682
107505289
940305884
692077552
581573454
29286244
153934779
86858443
152734844
616290478
280225105
557313015
442671342
548226345
348775095
757530517
735232006
917382582
265123683
13099747
819231187
504385019
265675991
675976722
613795312
338936864
171358310
684136777
559062293
654466928
944244
4087331
579351034
162526903
774264353
374372876
31385703
853243829
542850131
809050059
416093951
503251181
448783328
385070505
108001208
842925052
784135462
168290666
310992824
184310716
569286446
515247900
827285089
717311461
312615206
32960663
841829296
264329162
78282239
242636590
857927933
469798001
527796148
498267914
615346234
276137774
977961979
280144439
773961990
974402217
726144814
881988175
374532450
456073623
597005794
315980006
55601691
880605485
567975513
770870259
554801400
3067643
373143953
374751576
85180481
485696342
176802240
862039572
849911695
741303690
532543579
767056540
774961589
300213541
951122124
946295949
975455031
950515412
769724269
831863432
864963071
503991022
394328675
336590605
458165901
687298270
140715449
371211466
120305666
996635198
977358970
961223810
696353647
307411979
687835188
854860289
96654048
153044571
413087432
129649891
99335533
115922407
430232743
32658299
441858638
959088273
107026585
74318909
504951497
650709844
340524974
105086277
110881215
736112080
905907187
50810377
608738967
36553347
916585674
397882210
344980892
805590773
741733906
853276495
763944719
571319767
70702892
467549610
612378351
96261834
849641900
822410460
537427979
640074378
732527898
749040664
73758279
361670375
894731966
499077627
580271684
66396540
866259967
469595820
656110224
872272693
850342595
960241566
401504791
637024811
246121322
60100701
236458896
15205222
784668998
293744759
374188499
576956247
268713579
870538869
888385380
639476974
461940556
408689663
801067943
518114512
567658296
470806836
3584181
156866522
977052097
247068592
141821380
417508047
817610525
278584352
939330805
272138086
197166270
891672024
720977171
110461325
66044819
975353539
850140511
789541199
585951564
522222757
855405378
438783139
374852164
496802031
92956796
24193096
610692245
940794709
604455982
457570304
668527876
137995711
304614396
379535758
956657384
244638268
659972712
999052728
918279319
818950847
197594695
506084646
354413953
102050413
379789976
377041553
149561697
777924055
573432154
486587016
558549150
11526743
932162947
45435539
615401456
564801041
782014357
480250065
154111795
117628283
806815800
876815815
674128368
481760500
603610208
59170558
587057628
341441413
153803939
821406550
315380826
851087781
871261878
767000715
324628061
349320732
84369185
272801750
117012054
715915241
874631398
832768189
367362554
117868965
899021152
657001132
205832762
259178856
764134300
391856343
462623909
179722647
844940932
800651036
12135046
320778879
831956276
872653451
498440203
320619418
789983923
808120283
624120115
752025603
171206190
707461367
140264864
165162232
720807476
266080724
480431855
509212606
363238011
438196553
242996883
974047610
509453260
556259402
582739346
946609075
853337794
327878772
577307111
761947594
358782640
135658179
6146848
70610841
754865668
3849182
517364454
211715733
774361545
796392635
925931317
66511115
208648073
615336950
946662774
191559784
516736267
40670530
538371379
498053576
911424487
953411302
816484634
406744379
557654152
38087435
811325617
275696873
289914104
551831127
467281622
462105151
230813172
862172520
393242962
35548010
701314519
69654022
410296563
716958293
748716268
268716122
734851060
566845374
512265234
176485768
765399537
894116309
609596626
391179561
429872807
812667264
789507391
79253534
850523106
405371337
319173543
599402467
512956687
716778232
192523564
241667580
921801627
222530418
329111012
463826165
835697941
346475552
222093987
911114763
490245264
447082245
630373966
821413084
749337306
642708364
218560241
249639259
894479143
381168383
272687897
917209306
666100246
898734542
121958319
654614357
672597758
151559637
11649413
987871624
716374466
101912051
556697333
693518329
524434729
507048688
346914494
512320641
237734361
48439069
340787825
418923984
672022322
698481862
900934296
982790561
182293298
968094306
329916226
207814741
186811095
69534283
704923322
131788304
444090335
275314257
575567333
23067085
100572098
674496654
791228406
684138304
334826138
234222361
194740297
388333213
890384910
936855635
296978355
242288618
295793870
706239599
11904898
846040074
40380557
853763911
245186983
967618382
997800244
139167756
472321059
704503451
821643409
803834671
801060528
646840182
396988727
424909029
249427994
249120471
931481353
323847409
411748542
563237706
257210661
656649520
84097846
437799961
503741564
512601082
92405651
245437661
671115951
87627608
912020869
480571495
57629385
858883247
91407746
590326422
30127273
607948949
25266839
961404341
202175595
86724955
862494894
530991465
433161831
547900113
991344484
465475880
687427641
47857883
310807264
971946460
294491056
448667190
588829412
383731036
769666064
807387021
463876818
485199162
46762105
226883397
33387499
734015801
891813801
320489033
589210797
538105479
333501283
659101570
218993198
323532403
298580569
450344200
361062111
170485706
794154624
553106380
4638129
955841449
521256596
626929770
558010019
623258067
776820343
940074407
186080438
608962193
270053834
707676708
820660357
222740251
144072131
540067676
914642236
975292196
53337455
128479093
639177663
112672797
958689315
453239005
131974596
28326071
828864684
987274859
673365890
844146855
87605079
418343705
589576410
216559684
802748892
508035368
963942564
419832333
668873377
410129430
957195457
951739392
134408595
980248602
268051644
625824574
838441211
996252945
179460272
758512892
535701963
385769913
117148251
665675531
913928715
891965330
997152132
68017591
494955173
529683947
794393382
789545482
266708517
341933582
521357114
851710127
118100297
604100673
419991358
636036762
576125111
494809902
306418818
643208023
171283635
687438270
978264201
978440712
185187361
506150020
189884858
832611737
807814586
914852996
308444891
701835164
301195454
923900878
302630967
910783560
510883234
895924972
924877158
139189429
615736047
167649974
685030874
792475012
458891488
416341515
507724276
234340538
576261587
543423509
182387781
40892060
79351094
473940227
494391896
226490445
913701128
18711420
882830229
988805151
339799089
961781643
981730894
351855519
33488690
819521948
550514673
194199418
301469705
509207796
125153527
680200137
569932742
167229388
27471975
3633660
2407395
185789189
519549223
768845844
998425743
955544318
256350150
264391077
732465215
267552831
622484069
827255225
429508981
76140521
997082431
492171813
13094743
936072005
799390339
653954402
185919078
333175355
758986321
639369539
865826841
313524858
932870831
67053790
418269981
502187643
470959317
912121705
446468251
490758235
224083050
727911938
499162195
113984384
990379407
384254769
705431493
717339817
619390303
765935858
197037878
723259446
764690436
225329184
512125364
632981713
667105393
633860735
367839047
373517572
817714580
669232038
426802866
880179683
903019001
684900884
22673487
189296360
846121095
230277571
796593512
710362363
380786974
938750744
852057470
269170492
993009616
899110357
945692596
