225879795
387027578
324159783
127850802
3713264
703457884
296083587
2734010
450552981
183348399
681106566
555881391
131213908
650286223
167259306
289928546
906308443
401297711
998139590
598335619
817022831
204371740
401109580
887786768
432341523
885135414
866665364
254011650
642036637
461140272
744758775
149875468
86146793
75206239
436488051
161377380
535909711
705961697
839495973
541496242
845831791
625755941
215835835
378076366
938556148
17211787
341028653
566366257
720566606
695312747
923058067
49706506
288581986
547147681
901438520
21508054
985917996
436373013
695509277
118577849
836792518
42071937
360697371
989412708
438589622
531231098
469734598
56007669
213798172
5881925
754018833
200346745
561801736
456643348
752503826
191266890
988535904
23033213
949230619
415129736
544106760
300299107
533445043
946723889
538082204
695052268
861293480
538999111
173767717
414979996
175459383
99536697
10452419
720918124
704703722
803759854
265058569
226423126
939486742
407325050
547477188
285020984
352568085
714684681
941293912
722711321
487904769
831938636
794643853
710171630
32972149
962884782
487142393
280379541
574471087
536493411
508626892
413973481
451330504
743537353
669937617
930735486
882239951
798818174
830422541
654482136
189894325
840883611
751939625
948743971
926208319
762112777
83546469
541905569
867652547
259085776
947731021
818760361
5429976
815370881
207147499
29354843
744355256
463596085
382007847
212574599
612394302
730072877
146447036
168210310
295132961
851085086
775092621
195949389
737387431
616741701
402781031
553749909
884262138
286811775
532816996
647021156
79999011
845899880
783963310
270859370
879338312
945236823
412726993
315385311
588762389
689866530
408543505
635959622
536389853
640582773
186380229
418643865
416810326
617847941
42087833
459821447
694436574
583729314
653611010
75123232
987020155
887597079
804518136
250910845
856304743
393981111
934498221
718618199
282553884
560126341
949355830
898455374
679632774
111148477
333236285
667157478
317345883
831061724
579447920
605266429
442541581
139132999
659559534
96804657
430361471
984137165
136939583
266414197
244723942
72995549
952584581
496269695
192288870
708840077
283839213
991741232
140718687
161816147
459080567
194781277
755368308
689925304
353405737
976263511
691226942
287924853
739011089
305661849
284611655
374930354
142475563
863374849
4281394
48344580
632581649
847887156
228037544
707713478
820549373
872167577
257041528
668084023
473894257
209558335
607541759
453086135
706166504
970792696
827309262
341495052
526438791
155529736
371981156
384666642
849898119
752616276
785727260
683296022
405577714
142436618
245126075
831277733
981802540
869793586
930519985
89209732
491988301
143944290
76258427
435952056
763703687
433005207
341266773
586912989
937739748
87284285
216031046
143847402
368721752
238140806
581758348
768218392
478352585
943116602
848491562
986945825
491393692
619614750
198446459
879965372
62159895
544741521
302135763
678112754
627041501
425763793
686281481
604100670
279038348
518332027
961097832
562222213
894534268
391357205
577791363
93433583
814262961
785068166
446926893
762613834
536585230
641879858
314574269
167436907
560678268
476907681
352925147
38685938
21302023
943574158
597816038
872373550
945497829
196293054
373792161
218962165
130869444
663154017
959871486
511975954
401002802
611930375
864809053
850389724
277042973
19536134
873684122
86995379
365325238
755057979
172682863
706325525
172687856
435832623
343380142
420280036
230167251
134698855
117434485
150133819
72838646
647595543
582798646
335464188
920515987
88724282
616724382
698241214
17565044
358829197
962564137
151108944
825196678
934950937
361611032
924654853
777070804
464184544
890393933
541142134
603223558
265929767
673360698
266244043
770891295
891490512
699685693
509665206
852912910
953512124
988794912
996170587
545719532
809737667
439137308
753407257
29131728
529344864
929873735
188318690
402811751
175442907
69430335
6496041
792493840
21573919
881128845
237736917
74221590
418725287
643209231
765982706
244304920
576292350
546910260
806908877
974234844
316554602
564572892
29025475
389038588
107059176
845328303
64052918
370034283
966393548
605389411
15459011
495813629
608203773
895523125
247725939
534310808
702075243
138330383
427780650
196499431
666864657
473750201
749317376
10361667
461948775
435443615
434187623
310302892
222812206
751865666
969427180
262827406
632228429
779172412
712577124
964771971
900848260
799280101
295752574
330114603
5377416
636461756
826100290
416184507
865669833
741923287
466017815
523202161
395483291
231671898
542229676
437961967
119129610
610409445
307370186
842804400
815255515
18663807
927089811
671615560
411140679
753750024
147222076
214527882
635962229
752631604
863585199
829031360
182946000
282953967
633462546
902795140
842577807
97666046
191122014
30402901
647649909
333132868
144691832
720025487
969425798
910985461
914819600
991140307
209635990
531465212
143697796
21818983
471802226
869772723
149516455
882184452
872190288
624137013
918973923
251627391
489239679
611572408
780222276
113038229
878338086
636986454
340256160
112529323
598209350
639434535
595384158
21463563
419287430
276967285
195154490
482122646
873971974
207064324
702189760
500155217
838930423
156081768
4891891
104497016
608933807
841766215
357229134
313173276
133437511
751278092
30604851
218440794
178692122
939494622
541163220
36077501
552910591
31653603
841687399
332439343
570729301
802290276
392930957
570201453
936081053
122234232
602531551
194834940
674618233
667393808
8212478
665125964
921947251
418818705
412696966
333157911
606680516
675725259
504104420
36571871
279757320
27082884
979091810
846931256
608829683
376943364
842771440
479792806
735804063
159076989
929212053
842318370
365376923
369750417
929425915
36640146
763150809
434690437
168415962
486699575
239234663
162394193
638555042
466043702
743065613
365478886
296493541
759873415
526797656
208005309
429396983
877185331
527549182
805115527
52682023
543646416
823198464
545999699
961371769
559137688
279462791
122738744
459030875
515541244
738181753
165894107
299749040
552196834
489392789
376056819
570007100
171990079
507309296
17404844
797337207
117363126
388527841
513048108
103865642
243350796
80449822
82898024
952995149
527798754
729680004
52026722
314769188
560261394
317068393
385779498
213441681
217151110
473318666
609278272
207236783
116495918
703363317
123013798
727861947
577171506
65729846
744296706
270480625
150740836
637998208
257406903
369876034
510144337
7778320
935318896
155118575
310150356
442134056
718020972
478687865
196564766
169743594
931232120
785861238
686155031
851124918
739487644
235128440
103613291
162615138
352855989
698671412
898031022
810168060
680841288
413999808
265514043
785186159
526694135
177620950
336153115
812417398
802254313
889800545
472273100
682150687
804624849
552483074
381749496
230660922
903291323
775017052
755297692
130590407
10672017
946752323
772131195
337152558
41706916
726046587
326242200
509168265
166867334
988125696
285142218
558735490
471845010
699976276
326937031
521319087
889604531
524964195
915439920
540400022
142534750
384147367
367489279
41431575
313588137
4004343
46500068
187004570
853378943
872952367
259323814
577838936
943373718
767440615
799496042
734088964
641868611
928361483
743479242
800647547
851378748
826984848
645550063
814128616
604658327
913537609
210305676
104648573
225546042
860430407
341056390
378327127
859577131
214897670
988055655
626524649
579263043
730699620
23564421
37702572
679546519
139237630
655789321
293914965
728801881
707303281
615361770
704404393
900480232
592848065
879450475
961243047
781484952
114792372
689021272
315549900
738597302
553360662
436773246
400050527
793698666
941851493
961458526
992948534
531895977
880996685
718261803
728476048
779384959
172971393
154825920
911168989
904797062
705776669
121101027
712141118
171195527
351635098
85326734
897355045
298175838
505901281
204168340
632697975
980979931
379813341
596842174
744784758
525876396
672505755
887927345
25902381
293926373
623513892
244003905
737695024
177779103
662840786
762018987
847805195
989041476
886885721
925019433
727508839
438022145
968281484
56445985
75708282
993691344
976880153
144354373
386962204
468033927
539418200
101874688
287797384
737683153
328760550
11968602
152082635
284154510
973477043
202599652
106879203
285044046
128923539
617242615
281283169
461772763
383406001
534362015
508354740
589616110
237521537
908313567
411290116
580881847
476659499
194675830
12698446
323367356
521133891
751093413
548996241
528151381
500965141
557868452
754508172
521639204
956206520
11871
849018551
650872183
609936351
563650684
15564433
684286069
818140229
442464792
309098606
351038868
775162814
613935517
610285342
442518138
635999631
797346092
230512389
631104632
690584571
706915536
261023653
134084720
999270155
828715278
763020617
222383629
653603409
578727821
784078903
571055085
862734442
759643964
505566242
383394130
685343462
857482556
979679758
673870852
892749133
727004046
762741616
34194706
885577223
661659577
548204540
907198373
140808071
106478103
892151749
703619048
327356063
123403539
831054632
249290984
738988217
714933831
651602027
781221071
800630065
793180803
30682660
239412408
658385888
738043520
488304425
15518850
108369275
226891212
757174674
778517074
817666333
556641536
738355497
963580524
944173918
226828946
248507495
337610577
280510737
855822243
81575558
547125305
686576070
80459855
243699021
739330902
928589330
256275257
644405912
970409630
205880529
198458686
873240785
99568330
696321386
523329207
375808817
147533703
173355151
532685690
798829097
913916858
349303427
113634674
885952713
770714525
385048040
867474107
305117064
512159270
466426335
313991449
500710334
944807820
711605245
483557353
552836336
577926032
494344498
748973521
86929518
852094016
582485298
786765043
572636545
619207647
683400749
638787167
267259138
420844710
851020128
