131813615
57718908
239261571
100169900
832005505
388612747
960117401
117527735
779175532
899123161
675551539
870819551
401217501
774987008
92950200
72525624
596302157
431394400
282741356
307366466
438192922
775212115
887924187
954975206
986931358
418460716
46625871
752636486
929631864
525013174
149349267
749558779
528855580
862802040
667752939
851817850
782519961
55677180
650831533
67121681
69227735
609585892
567590316
80531353
667729517
23259050
410382009
923252386
501922757
300761785
455156257
823143154
771304250
381865099
106329386
356601499
169794720
284286363
113238540
413544789
341986876
207480915
187895870
254162357
749773894
925992758
341963971
538415460
107234069
241132348
290005661
540624976
780562865
215619674
238138731
828607028
207621798
807392833
287245689
963672308
8078706
123373484
250713729
628870078
69856916
326206111
978254528
146990480
756472654
311151440
682023129
498233597
942438638
237286744
725134803
861746818
421690022
313427958
330757458
741736757
681295078
871966548
816018316
260790408
10756124
914531279
42580288
555684575
143726367
277722356
148979700
362401885
997040673
149566231
405466082
218613392
956767185
559025790
184305440
423567782
947738229
194973490
781942804
796082628
559109217
791772062
598186337
543276121
490484869
376391911
406917006
894193838
476635375
545508931
282377229
136112157
307355166
989923319
618113954
155325636
283625822
422569952
3264112
478750298
162171739
319621244
501192923
792872407
831820660
506521411
904979632
862664230
129122518
907189674
793998526
486321587
90023743
19935688
701681189
218984060
316344942
499304166
65199705
767334455
870805348
254785860
885766508
451531741
867189000
269353925
911258224
966843864
940911835
28979804
139941960
525168277
191709377
303192506
633910888
239487973
290579138
805313929
711455460
983963456
471412278
544252774
765071320
569445700
751510404
796055641
46088414
287419477
288242129
399129893
838980692
784321655
357370246
235929656
607944948
907385877
433854734
49661182
925683405
562466735
595263186
938135766
921752394
100142714
767247714
268830249
294612210
786831235
386024798
462193216
928404921
511031012
787848705
81236247
295922176
326552573
489714539
316320808
700021336
71133359
223265510
623838747
678601734
541781942
189999110
355620303
167798030
955779720
695247557
726525010
805633238
240917956
879630522
148988725
388700270
533276511
622500379
664928606
802197985
482680154
501443430
259257177
901394678
826048912
470724971
327949679
996472949
276133999
940007478
281392374
417671338
117533925
349639844
854550045
339201224
971424438
259534031
379970452
910143602
411627410
101032219
338832489
91583677
659499787
656559977
687486964
631400488
638859979
692535976
762645664
704052193
824785931
514122822
217341181
569689927
964008332
722444067
852552821
71056970
862049430
359147352
891664030
15772241
413855183
308853671
688099312
891278110
25080477
809787499
417275831
273742479
242529927
754785003
390570574
381647935
162610941
167673499
241894890
169488935
783238005
696549189
357612969
583598022
177361814
577340180
592885405
603411102
132298663
284860117
375192891
248980370
406981209
308913481
48094172
52480057
209368188
323060247
677728493
350646115
968460664
796208853
606320011
829072479
275260144
488903185
461522265
70000928
123552247
835693245
407078985
796334832
480549176
683063886
287818964
165500240
1534383
308066007
838410425
836515001
715968265
84688209
758979447
740220358
434594608
168295461
866761269
933616445
706690831
338090516
172279747
839550693
489945004
891248774
201028270
987029150
90229178
528540489
308337877
688458628
115817914
522884476
479858855
296605416
877781130
578858057
768431192
723917321
21094516
882593930
50945674
901302179
484649820
841213490
634677849
883772454
37229406
866099651
394477870
106964682
622141914
527905819
363310096
785461729
663413498
567528291
306389827
589300401
482035616
300789812
75271062
472993892
999728129
149951797
720697087
193083788
604829352
462374030
862439226
855736549
399864268
142843947
912521928
824096899
287144842
270977566
354900872
648731513
256570924
317255814
949799744
224129525
134062618
201373195
66316713
587912094
159574380
694397125
633191917
310252839
272468230
179130790
241881705
720304703
807322868
577951780
901574049
334698023
120516403
441594060
278943101
574855374
3660425
538741319
707100413
479297966
615383889
539213196
498316887
392435931
212627419
657658313
332729476
164779801
350990066
851141535
338931273
798354934
83635084
132784992
33509408
910432226
829182111
552186387
583268319
220733477
900962240
192217225
16774030
709193060
369403516
20202849
528215109
814976863
38312712
374944370
220469100
595321298
494272780
587018745
972528203
620361182
196080237
240755986
97625419
614809915
846401312
77101903
369314636
956181331
239020506
103219115
251062938
987731409
408084652
368510873
745673262
451474036
955472998
486366935
578335724
423166664
522439165
789123825
23032414
192424570
129443203
517752612
126467089
976045695
630672435
743609974
304082153
496616337
160256788
413148224
714351988
588426125
454560968
968458403
374332163
823860337
822902587
60592697
470172554
266184401
769139909
540483698
406892210
669801837
629271106
768995062
639848298
7905845
8683020
549361539
97922017
406956411
217723571
905200847
485366711
328648700
950634813
393268940
325508896
495410531
799136960
754446600
827474621
994936426
654158883
157247136
996913066
987014594
112034771
754475386
600264076
461846467
318951271
756848012
423284660
588959504
110860401
456665250
346774588
861677371
103761676
296176308
487933316
610895247
315226206
307395577
370702553
549360119
483091691
45683463
873225522
429633646
735083800
974762021
467047439
14693309
713009076
411955783
15642954
472023970
772081994
652833703
895871072
254207632
949097461
636075549
88005140
460875558
481916187
896407206
217788298
493969563
46494351
463831524
391648854
502960652
266513283
216579373
679710219
346763306
786544581
447552947
503922902
66351308
881249863
170630429
726762665
344189248
289800572
408591351
875950426
698904617
441022296
874750617
89595376
450927972
400305235
233725684
661797784
679150656
219390436
909826994
67443931
586684484
827895164
379255958
383139295
271252276
583113167
964086785
748180024
496429702
732245562
668879646
685479387
324529047
148910800
829519763
372957768
778467032
909312882
743815891
171074985
73324836
20456779
518883680
52947267
171743733
374236147
940720881
102655417
32787599
554781587
559563
127372869
876717586
380109015
917238417
238456143
501993905
787491133
455510389
761076080
325713785
660411325
379520724
966659053
772142648
189271230
765066328
302017171
570785470
860767914
883330751
769837772
475574544
738752008
994119094
566227704
309011483
326308691
211395562
897016127
642392284
861431368
715392425
941648113
731685999
541506776
808761799
944420030
231672381
591063620
870963862
990975898
453802492
982739809
845361199
412913509
640936054
552224625
280804617
982472502
609169818
638703710
531869946
172019683
671450835
230721789
651798323
137965578
385989920
351010713
929444658
175685213
576095570
558494261
118683795
464282416
945018898
437872609
234973054
230635871
380509429
820646296
70344789
979721849
989804051
892354851
316035280
492834734
893390808
581205584
925291649
756786857
45504073
228923058
287846308
3688574
329561421
543372742
270197277
500964210
889708451
670796221
558430110
880661667
661618960
695278648
414880327
895308230
864056013
381078782
467894610
203063444
317251571
50168745
601963072
788523521
568358920
552148095
182215630
779095983
914686507
158963589
244574768
804784334
425719063
172657801
130181140
347172512
270647952
114995221
134720994
401646156
167675332
734008843
340927419
709713206
262216185
189683121
318102888
294525403
477474523
420727048
628778719
512312025
113310974
722228204
439535286
995335326
626959985
499322786
435329653
777413324
361157112
491101293
586277701
730744862
426221452
753645775
454942604
488961159
565097508
67707815
624660278
749060792
246357788
66248454
35388112
583242727
709241325
892249864
526307335
378675799
234045207
887690226
301621459
493959459
530184869
732262742
691473359
703490857
733122514
134845812
720212525
771325164
679665567
357307668
40489044
676574037
147731142
610182555
283491753
508570409
734740515
829141728
729427894
409766708
796066769
879717925
265954237
47062520
686840091
856292557
286094001
734710119
973015449
56653853
543368117
473466885
189479834
92318241
200559992
693958709
62172415
751451746
755838644
430251695
347495288
853335112
69395224
889050118
25759410
358814074
435511585
99058769
608758111
17736926
643935282
404903478
158262331
891854749
697892688
650466943
466308505
644410839
16650765
876829955
848751809
985502405
798309713
623011713
813939549
567022157
487094203
55412900
409622563
589533043
446397993
983288768
73303083
299176198
62271419
942731655
810322700
376904117
21303110
328026017
420780972
187035231
125952008
955278523
412718570
138464639
315204553
297625083
394425552
550093047
227650204
417761575
734800980
879008688
581499884
361992882
55025399
446383510
75110568
458737251
871719869
380098684
689436204
19225067
571338932
660646513
331600394
859086132
829583330
755161032
840144241
89404387
623107729
688624746
456048982
661716578
859550397
843031189
210293143
675474910
251817604
189469119
660987347
859529514
361882838
28636418
248487787
194294394
717676312
700278536
887706256
363939190
301793549
562565858
456306147
40682287
497599025
106726940
383939591
752072055
806864243
456118419
468041751
639264518
709948805
138245817
794653845
46176233
422959705
919783305
502442483
211994208
236090367
399635656
206919646
682250749
719111336
829906689
657342228
542702513
412158726
137305999
141409820
129304794
867454774
476205051
787610837
60541870
232318599
415366694
164117552
752823457
459091598
458221086
868610665
795699184
721427367
21722828
149580709
223637021
233982572
202311553
