42437489
746744926
238999755
450404418
237374796
741392955
282065647
616992340
258872839
479039146
784635599
861512285
870850568
72333131
125203322
921489270
219018080
987353798
693062059
502961239
607166506
586022595
232665232
756465855
341497648
240794673
190491944
278490094
86962642
131127219
909633323
457122731
560846837
375822831
680689918
717086677
993723685
439754238
929055305
475003329
822742181
182230051
474258783
507196627
126137744
790958185
35637775
953779642
416453775
385457633
240580014
23597060
741075607
355424268
51328633
456414893
514079693
482533899
108906770
996580121
550901010
3575552
530029697
127745619
569405822
327512867
300665447
495027736
391643211
408116643
927765584
779263840
58298493
218058730
680219057
424936454
111763811
725468603
630328111
550539461
205156898
236712301
862036318
701505007
890547203
886036262
716047123
205422569
324494197
224275025
203006984
511189785
330847468
932475182
924102317
819166629
652200352
346513164
937790804
798624875
490292737
540610037
562136430
8337132
457692047
461316172
965298566
523016877
675205209
626392177
344651081
788611088
852205787
558367307
791423223
314188708
141539233
828524689
237198415
683369558
611465743
95242878
170533539
167368186
205109659
416575799
448416372
125823309
293956411
861052427
772736101
765250646
787677798
831703234
60246723
664546860
674575870
853699185
243812959
429231031
920737695
193030245
530217358
698102019
879623943
414395894
658983996
772480160
141051959
609913609
677627395
823675662
109314748
254421246
187159132
395049859
370076498
394768243
803227472
41116248
12899800
839475256
229060465
814152781
853656074
579400433
933290
20502553
498120583
126876362
639612837
287840046
584711729
807967382
762631862
418435497
565025518
472431518
287744242
790713763
757591801
675936211
984771348
684042801
183425031
949060438
655935897
533256552
644544102
665196863
294470361
279807626
50471712
202696711
416331230
81262438
963969779
716064576
844445943
300223509
413462603
638481443
274359576
14175596
970300770
389787349
238963933
301347364
491789383
768723633
830024339
897644978
107024001
12513708
283524446
336963588
854703906
545017663
630727749
904595635
923464535
467676737
375958449
832923719
832406000
359805211
237368333
382015018
391636152
681369423
454465717
848960941
627985574
987520732
377251160
119110357
401576634
970595752
713742029
793637681
710096505
354588532
41467169
875820467
835172522
396825382
172783624
37958004
919172263
79367641
226558530
418952115
85336826
939850306
376758972
945785865
262522993
441435855
181769595
610495558
152419015
856948914
909711211
810419958
314257916
981063397
269659404
119503267
635262547
164414088
935386952
884108153
831275632
837090067
194499130
568876002
426209567
500137981
997751196
435580617
187021586
199410329
462842753
312268510
454810892
35513601
763624115
688135266
610761759
431465293
856587363
960140778
788826156
103246471
641218666
853147590
444877320
231047209
561562551
854109124
127165978
53280356
402695455
754758175
143980687
342450375
587676481
248246757
745351175
807882969
519576297
762385011
443684658
746188976
423473971
953008684
394106160
597442700
355609065
278744314
217439281
581524136
508741507
203797254
307826724
975246173
95281996
728029161
195871401
341351539
123998682
195162358
938575428
143642072
308414639
133741230
796714873
708084577
168287822
112360516
447837118
515377357
942784090
802878789
911888994
94202352
516456119
42637180
679772498
688209980
459041429
847434618
875438143
282818236
636669842
545641841
544538848
198898201
446931450
168734513
247168379
859647319
52375356
403999636
683884286
324413939
823809581
300042586
437774336
289732741
156293810
686021582
429154877
243248548
830907194
702061922
638740045
705862717
291908258
213624372
458790053
52644816
48256662
507661419
882310109
276564062
319724214
655757192
506972228
762772797
589202380
597816672
261153126
999553308
865192136
588189798
463002001
538784453
118994502
587475055
270392769
216413533
604862842
390039757
531916170
773019846
418279740
632189594
451911040
934607918
906901794
838676129
906989941
233307078
709944458
194523563
811390657
544713935
521689525
407320223
4689725
168052389
793070356
675001537
700530359
558477137
424868455
429601568
378056410
242717396
239059921
99955591
586868215
704433202
943231601
242376520
447781972
658216904
975745248
109290263
858284321
687534618
203846151
572364308
855871001
750526249
690826729
27846047
289608850
670668573
776799140
918288065
17094927
711674277
582785329
102340380
423343175
929861303
689509396
973439031
348151390
988678171
254133183
209193644
695547997
806946203
251807914
202556739
290075476
467567938
746741589
153173752
568968685
412399262
549035901
317155105
964206236
220706048
819130535
950004108
867650406
397022408
139992717
707387836
465918255
320771855
82860663
875193936
121647872
840891220
819033343
517920667
968707506
2306216
761138871
869606148
433401435
994652506
876816309
48924798
498718335
488269990
737770570
822040911
923926983
623625387
349319379
604695663
162638375
265630223
138134142
202637127
110730768
739505286
105788624
951128981
848685454
546745346
743275387
374776142
724085540
376613977
80908866
449184254
648534593
228820922
184466244
566662469
651260390
679429752
883753669
969553729
343889737
770205737
451285773
379380416
659251837
317951805
783460852
842292867
971452475
478164998
712555561
856017648
702757077
616396215
407189898
229202220
896517591
810009889
20920694
886656088
251377119
502040167
324839256
122104357
407361123
288586315
173506317
695106060
439159143
782656909
953435272
483208622
381876553
168580412
858747389
340525030
288219513
726408206
291877143
530733648
763284492
900982519
403323666
245920541
664058414
224891217
746427176
32138377
821631022
955264023
670144877
841250499
658509058
997097580
718176610
841849568
445366480
329181415
972019292
370665522
144445487
88354791
403133724
188795565
524729724
229346939
474141095
534176665
757648825
66664868
940982705
170109384
518132745
490187044
123371595
350394598
98716501
78918715
458045941
182469906
542159137
141367939
873475037
483895118
112512031
112184773
824699562
384778972
450403800
16897820
895158549
959038096
754388913
921211620
386288161
674929701
497848794
214528100
721190815
434711475
750750121
212250510
274489551
754966153
14281317
500035492
323117753
168322013
873725984
367782011
743133067
366447764
871135472
789549386
828506383
3077547
214879752
919238604
76283534
412544951
404647375
89362123
83772864
740751005
171506318
981944608
415720469
596921124
103898883
448441893
852545802
884188399
357727898
23334466
431719783
329908627
866878387
118508883
469613800
612476538
789067019
656377549
511052986
82621789
273764751
528710784
87902623
964839526
92705237
383210613
460049948
578610189
138244566
308645864
30064100
661387998
128477645
533738544
583459835
32336708
84315023
726196628
64423130
425284091
515236207
858944667
8719866
847801006
357829602
498597755
136199159
96370869
449624803
463806994
623477930
748269824
578309135
1151075
466986253
642795532
894041984
450880942
504215886
720688269
988391943
273935613
745943833
49082033
993270364
770331784
201430981
333139842
535049047
437277092
528161514
62870391
591954419
85768894
567385581
414820083
519990918
240101616
607009924
594107480
247011453
363679079
128985385
674437570
685167932
281794274
83078862
127326570
66752291
940664302
138294722
633434080
221980741
343734860
436892146
241300593
113000833
959637831
854530640
587497816
297166774
803059315
561321821
12347710
935645479
560607539
156315405
492540240
433765493
52166169
122804614
653940368
843871017
910108404
473676815
624712864
144950227
71506262
363914099
711476090
687252922
74104410
266387551
594384743
298982370
894727433
840889648
248219558
648876746
326084987
301819249
560353086
385570974
19512107
296940706
443952136
802357256
116637675
738792090
124560393
125478868
590538620
693561076
14586121
817859687
484354352
789563062
311872335
870058043
812179281
96350366
41494571
595723731
143054549
900244893
223062363
536671764
966937076
713365339
40918045
719717890
908095845
843663493
107680506
750346919
562451527
268369393
824358909
613167698
29724678
822355606
28312552
332714171
239353706
585997221
96714301
380543332
251801430
776525055
814628016
105164371
529017312
378161513
836697464
229734620
260324678
964629353
242516424
119267213
73878342
907280371
835420179
403272334
697874044
404842502
217383021
746875126
585880570
264239201
255408160
215984959
965204151
698704636
840333365
989823673
68037813
708780398
356370025
557057327
803530592
842519029
284870334
190412021
898737321
935753673
190700577
529934331
6966028
877945884
490022240
597822172
25852968
705091696
539289355
122444305
986935425
625040216
634840125
834511203
368614199
349839174
794662761
987562227
521116894
598643057
139960218
830312674
537828147
846873789
161696807
551544279
608259328
685459096
315736620
231359311
622410037
645008158
504535012
762120370
214141924
687448688
739909097
707934685
774216959
657585987
190131990
260112455
159415281
717889059
2888247
442997595
73940272
521858820
188443127
453691418
47856268
297308105
669295125
300094263
795793454
360387901
992106183
160092238
716249076
938477960
989562843
340393871
389355076
307930043
500034267
341927267
120505204
872719754
620369278
681165509
609930075
86728075
213345268
863530906
408511067
879847762
670897393
819939087
843985541
718699210
477604006
86400507
497015969
862045201
183503042
325101931
975713031
204440748
966326914
853754022
695342504
579816859
991685607
835738998
668023142
849738117
870757378
851485236
217854791
660960979
322492390
201220517
901489541
507277616
843761341
961128192
83962837
805764218
891583195
915945691
689490506
172167096
316106695
997549864
460873954
903162335
843377901
527309874
124427000
174932335
366214234
916064455
906392838
766615255
985823004
30113216
95042466
377606268
195507763
