800112443
132853316
345129353
297252687
248189589
556237703
289087629
332795526
451072476
588668426
143677906
873378406
466063124
740310568
792705976
993255386
315130038
80936834
89465357
342258001
19297613
303409275
282746027
504127814
497992253
681663266
477453627
360705022
925238721
807560619
514816918
363281725
107795045
22143060
130106671
968505372
116482352
79431035
217511803
871570840
707933627
235617250
475698097
143916870
252229885
404471089
100972756
552104883
720629119
351875843
553701518
50058331
930900153
321849163
79154724
496703167
850107287
841001538
799260432
566526322
78784076
928382606
407556804
643511855
73851507
780396179
765583361
443920064
610203896
824200603
876773033
235699002
863425029
217894515
634324373
783680362
827711177
138829156
251897928
93521164
580690509
925348742
640075901
573362877
253859101
464758587
432381571
785945881
942988335
633403502
118398084
275480813
280170602
650985479
792786764
779551019
828060444
832186241
70065363
471833704
638887727
657052691
941900986
896428515
475102809
318002516
186633300
713005637
687524788
295474361
668991989
711278131
589103609
705739268
985835812
153435333
288306704
834193926
389652753
609092919
348014608
979637478
500931727
976800392
705802518
601292220
955528398
212439549
425107749
854773352
955619916
995524934
68763793
780064222
454633435
923637816
983447755
743647385
98260068
935856584
278125286
719375932
98421092
647513974
964411512
407119952
686377203
574431333
665149666
639351431
491244315
993866517
442533487
460972442
123819096
659250247
156120963
965100592
190625996
873810587
362474116
974193749
287897887
832751434
339854443
673467053
642514337
809039385
251105832
62197995
169987576
544659318
735933858
453796168
330967632
628638674
881216386
853417752
12388880
298682566
914915015
381097065
547289882
785756317
363529037
961753398
552991447
607791349
656245126
795383187
767516852
18347162
553021388
224449479
573382467
303931536
431478044
265669656
307659530
290944458
764605613
877337816
323325501
602951670
469363854
946584996
257932659
988737318
130004810
495180420
778033860
302703209
952711712
891943429
958895571
981377050
426903866
502141569
469222397
378101043
120475606
34722988
152794259
455722643
294681141
151640414
991637928
511484378
880413699
27036095
197160629
615546729
545758221
721444420
534076951
37577199
57771563
944338210
316392462
416944040
703820739
564254127
477786538
161064705
17349327
464813642
65635449
661077958
265553907
592005415
877027668
929336474
796447258
929558486
170468852
729882625
724543557
867602856
308270528
317723440
954947066
746448279
108323619
102968714
298019790
162487130
756944987
231267291
357866477
921318371
923605486
482565655
185749106
52278357
674280303
556221477
556936448
991729552
438373316
829867498
86004964
330559970
245930471
288408283
150008426
267824154
819099470
616199734
550975568
804194325
313033640
190168706
636067682
998669021
461996972
957372459
455930508
374817824
863044913
854862195
707868654
834368157
303211480
344235534
668399928
394462013
743587367
744168901
255278183
614247373
172946176
732814004
429229540
478403029
231718475
624387096
500517808
819915334
952960287
30195636
343387659
140745252
680291722
553672151
608284731
733436780
846497972
187080083
590281383
716907843
100290969
182118624
128684638
583511119
121998843
251636806
27348489
901694935
620008354
755546412
524236785
74930568
360921551
936728193
631248149
580219635
760939165
157664652
766950545
837609874
456854650
636015172
421857536
832849277
511474536
567123402
154076435
749539327
735950802
934963147
547964040
556507283
153887517
538370338
513956404
990827551
604129365
845718419
356404186
980081668
597038606
598822871
199906980
197413875
505958849
268457090
779823699
743563527
922424001
28065095
972497613
688833319
420129536
752671508
260053192
464275795
760261087
295835359
72036582
554875439
97560371
277809161
165744133
685045206
207582371
967729500
921043049
822551211
422771789
640420597
976090268
915220744
801260464
786868876
240571267
858031778
436108192
224443660
326890428
243017445
787299701
410512906
827115325
707885706
962465532
859130719
136377747
401216008
278317146
49680608
230566463
308294005
773681836
801528745
882521297
319229445
433078738
514861773
989831502
538229347
347414039
957272486
320791737
282003403
51974825
57276868
887572853
633260659
512100240
402021412
28167603
535817426
968944930
829019136
767575736
687047463
450693834
457858425
722579672
348451650
831351753
519827041
544234065
373091181
409854133
667796262
141538908
999731718
904347578
921341821
424953040
921246417
234612157
788661079
895603404
830027214
89721169
545111921
655910880
905188663
971557864
503117086
889115767
876295733
21513004
694749036
339349074
944662699
33953009
195473833
868535610
975220311
792282099
641379851
706877592
827586997
413038421
947700554
872149269
384178562
915737959
887841134
728913080
590758418
977068371
106921184
301205268
180283850
933415730
937548521
597326294
905581911
801947543
817391007
376893785
328234667
630711273
667938330
351578176
715105095
328447188
196876207
965778708
708873744
52806210
449732727
128964317
593232304
81783487
68016407
416988792
142020613
672962651
271732318
989450703
83716730
774204005
298357348
899227361
914591819
393543767
159065224
11246968
96404486
598147538
962953697
173272768
974891091
264486066
378642925
196875723
745100089
596122378
157044173
55731374
718861751
922062424
20039336
537952207
527335643
977956865
707972962
98500363
865399322
520559728
455305680
232619260
530215224
827940303
293177055
554030661
332353924
768710968
436986356
321561328
169381963
185629238
869374222
110726205
89852511
276459959
154073225
328746238
703140561
871140682
671888701
545898234
515918477
216000944
270588951
161654304
754164668
760405140
371891717
936634952
685570803
60564861
145847645
575844756
142841857
730334437
643057542
146950787
971309010
824612263
864521798
976389120
159136021
835482844
886349409
533232513
52688202
909313129
448099695
250875684
823883640
379226724
395359800
994258639
848671026
909407445
716700781
314214280
557351351
131522750
799865991
571948783
396819250
500351403
635990523
108817102
39781593
293529465
967884346
359518073
633402415
7122437
357437227
878528296
6618884
695499580
386762212
680435632
329651533
737356437
108966101
844851538
312305444
121016033
112751312
306344079
665205059
151589004
727173729
233434411
13633655
328843261
589599434
839786259
24746271
292573014
579569869
658784616
199492320
777532306
493450919
759158736
941428781
88581622
617473267
816761202
21789497
516831502
987639754
153171445
522645232
36265149
984562745
819994913
22556649
955014452
259643339
275803217
387600091
329646444
443612042
888192587
566355734
734449935
345884417
304559153
417523002
517650966
853782025
714045868
115929711
727977594
480943312
552119226
243905518
349807363
903422755
223723821
503542764
295990108
284554581
148373556
163949248
574002284
710789177
977368505
344280515
769604520
817229609
69731818
32929675
303766651
271184525
869845874
333920263
605258330
192803002
206978846
742697204
312914113
399238200
504138529
663049476
273593886
37241734
794667637
555321836
432443519
576089395
672749284
51591697
35919517
772260451
91609982
45091862
295238486
724243339
992353449
23660758
368515910
960278637
647918480
700421355
784050206
681116193
812163058
456793069
611097436
218198962
638647186
157004361
696443908
481026616
190628650
896751907
780416051
485324078
890355361
536760549
916121539
422046669
911836994
193515125
144480325
18140121
997010156
531506199
179574542
824754011
38681777
881014990
200449552
183318087
374181293
352635475
751319718
803717172
878999269
592477691
225078675
337874567
944224398
214244556
937442207
515744923
355147787
554892900
581631800
194858074
264675810
809914406
833887976
455592899
107539218
946469240
48441642
454403355
555941030
765910085
684106036
280656859
277218527
786343423
179517184
757632195
956554808
513125821
106845323
837993174
145432189
976698877
606324808
297877670
311681874
578246971
477822269
697592437
256072916
628735400
662992333
442117256
949874397
984716467
560078201
228767369
47127013
744856651
75778869
427712051
304193832
296916363
247776142
113089183
908371654
944421815
60656040
157880974
34727372
179810012
559190114
842021964
448047576
743638624
49425885
287976931
203589598
536010306
143911024
529292245
468646970
350849204
198330439
927205628
102917752
241988779
330782460
292502058
226265222
950749814
710505182
211698156
437346951
679133270
533799342
848515824
728922735
493235624
389506014
367260058
517590931
319941295
662865065
76262904
69545286
820970367
994069678
206235772
935290582
272101269
25177771
511116706
600945626
546486622
959065080
953344627
98585924
320570512
10171431
666382874
613639354
768153980
931615751
83977557
469304829
347491957
404675013
768914305
209839282
200910059
559054195
710353972
146504291
776650965
11701314
148705675
687984137
122067534
857660342
281947383
247919100
124546688
357211475
954163951
925572042
199388475
610752528
890860327
720068188
580454714
749929900
408352223
483064193
723123139
753620702
749436949
388325542
578887508
606958074
722053327
416295354
225155373
996396488
734380523
713047073
314823797
364612414
824294660
534785308
810359405
265360489
976518388
462910169
728224046
418463774
489092665
410942505
977451799
158405513
269916353
736739428
513814684
48846116
629384567
450980157
150701972
227289779
423381151
23030262
262264363
760380131
109096629
515109459
135607014
865652028
22763726
128150198
622830950
241116877
610748245
834776060
786457866
356075019
909708782
315094224
773411511
945442052
754840145
304659365
264528036
338494443
410873742
420481994
337041721
985313897
902480668
176309257
367011921
283400365
562345101
87534017
941231261
801264397
272520944
49979273
156263860
461408928
327303155
862572016
395700047
360942467
788111554
736334921
547657266
435140291
950281560
