24629304
536776369
22405592
18251641
792629601
31273989
245049858
654038294
269439295
243552677
773799555
685045661
136784813
979067605
289044627
131984931
447556894
680693680
610867316
12423976
574604622
816531197
29084858
71804050
824357864
72869770
934776782
386224221
742886019
824545498
420126388
109385974
918546693
967865974
824935689
28352916
321321831
185059286
980026907
524947122
537064157
573487448
556350494
67617884
953874737
911888149
722539875
190868282
532815486
460897161
339246225
925839213
593595542
311288266
736705649
208098105
507691511
950601541
193893776
719759831
96497205
858825635
911152273
444893795
823426288
664413581
766498967
168918837
154131916
260691711
810663099
262497608
700666771
85920194
475359818
1117174
260180702
961466973
117929311
912469713
350329893
743908499
853408734
281988858
485299273
494287174
515790431
607258426
231160324
616837583
520661404
370720288
991165508
260267076
428449916
678238520
662335173
111456699
244191595
289461156
145389181
553621038
36736366
272123775
650234060
76748616
225172441
507675347
835928447
735588475
947917401
546224537
832672229
281424061
369429937
352588705
5416901
629163415
959594521
329139113
148623149
159240540
937758511
537294331
740030305
439942810
271332098
440399695
657470277
797121296
338781999
148724003
717275377
828468153
767080531
796708854
707172133
581284959
631754796
408550656
269114733
8115083
771329978
495571848
668920180
974436866
538048057
709741447
890837137
75861211
672821619
33171758
151862177
915052480
140838006
986148639
615862525
499442033
532093468
210291250
805416516
784772744
850205069
38807151
396806476
799193398
828949158
4204076
514343529
572721082
645416570
424131941
997408618
551043864
60024380
140508065
387910561
442186663
868374149
765593438
901894751
561590650
549562556
581609065
124299676
305610241
996861824
802222896
687630146
780931890
180846329
207730099
49191490
421463545
603134138
484341987
157910013
732522826
98765371
869726781
145487708
533843981
195397918
318116055
430444639
248689678
35763138
600818311
855028099
329941
598238078
173675861
631067882
766500029
308396498
243825866
235210188
268596003
914507473
91196235
802331572
26726261
316573928
733411637
391874753
437686470
374940451
575945072
947909725
575682392
982598051
655387734
343421291
998647367
620105729
368050769
366192732
231446501
151164425
875609997
269847102
396043513
947194795
687300205
182693812
7170467
576662216
282691459
113067047
359308271
249131799
889314008
818015351
7569136
67395208
118761446
217270053
461986279
926241300
992758168
873749226
459818064
652908584
279345707
17731888
942850342
830254568
632420514
146394300
940345727
877633132
3763686
117431577
38897476
821349131
406288059
79531465
629273721
550717825
384704285
861024253
92248991
462878025
588601453
326550593
93284042
837372381
335852155
931252159
501344282
150780716
904206452
305205199
158406256
1860770
810029037
743134927
667849088
669568317
239843468
176915897
944241700
136297159
172721319
481675138
245368112
771882431
779117875
186220004
661107147
39229981
587996330
911268453
541537015
131733914
781500234
996940038
64307130
952795112
924447845
105477961
494402413
701168354
645050016
789565010
973426679
698558485
959025320
37036705
11320094
663153131
411682375
959705403
310874356
207788387
916782551
955951831
290156706
106926315
81182480
321401610
58254505
149632151
270145011
462114301
562784384
992937998
763668183
26672341
220360535
813088998
678827796
715053974
745120470
134365506
682513483
243073346
491247141
383156307
508248458
546809625
812857110
742081169
174899910
997954015
627547604
628290926
600394096
333748627
214951361
825548402
706783332
957380814
871612632
603046234
47223455
344770262
431023342
182935715
226780626
980488679
934890301
932352978
816676169
198231094
984325333
696628400
214584932
176508849
525274903
673709205
464704689
907000397
598677856
534372853
508544499
316173335
974732240
272190994
834566695
934493457
392543901
429919555
811720978
394812131
106305666
721446981
843441341
142074236
87142051
337743221
812050002
308311426
156375680
527759777
611919323
880504130
925404998
976668814
13628682
930919202
413705993
423885246
808473723
541242155
360843713
799782933
358702958
337239778
94501735
731050119
370038021
158832347
348369018
292287167
587944777
504970745
120631999
421864038
91925428
262878352
853187058
72510696
89366798
187531682
861659201
156393262
750624716
70918078
922453529
628040367
390768335
998063425
258562312
903647491
520787463
968658654
621445831
270478823
33968418
306522731
362744022
506201562
47572500
356091930
967705198
653217654
959942407
864088512
939814998
106948577
759872131
503540960
884743385
750750328
77732144
341195297
334518447
620942041
679582952
204450450
49158216
287784879
414786248
466461367
340281783
371974595
900270034
444721525
771499703
619286122
883524913
850153174
387895619
785402695
900134328
346985495
24938195
733274866
219826482
208441547
196450854
886536203
131103078
815504951
868168234
887227373
113320039
507811982
825915347
179592166
634140206
503789
590895869
829517966
257364515
74959143
91415314
581111132
15810146
595730603
752947619
515220881
92588808
320528876
223423662
909718955
115645341
99340689
850615999
730746647
316257101
601243579
401115559
471141405
7999596
162622011
156681801
599281295
598293131
453054409
258654555
392458051
618806177
591907536
985145914
883021124
259257304
558377652
528038180
825175185
255570181
443827062
717464719
624095877
455493926
681229971
793947394
810574201
592081288
958449277
771582032
13979349
657195982
95168699
863335064
32896626
599388229
119754464
821518369
94742503
918277340
492134017
982817999
562755736
337076048
360489568
896414703
500681271
335382960
340402537
650461651
557267687
571302508
25440814
475176465
872430037
883778858
777019680
15647479
326769624
368674615
346107598
7200007
639843852
681472375
244675205
735262068
523637477
728572471
952249288
283632894
139502840
736859281
433295676
906897843
763436162
461009061
154708983
287019829
95004357
784815267
293266123
475191240
251678750
307987626
214314344
442676840
631755167
619992233
990905025
149117766
822368547
104106984
494748745
726067887
572169742
484934010
342974147
881283360
92400842
625227499
372777225
772108798
383133671
56769642
510958810
820408405
138006832
118542970
711740302
411420976
729069875
489999851
920643120
541954355
75408491
870916356
755521255
331856225
467158030
801998364
103506900
903645243
737667445
803131521
461264346
35395855
242110535
707227788
334728101
278502152
118034914
273425622
194618986
469776857
412038041
521157324
92057569
194909107
797028815
393905937
304670007
513212197
908251930
579484049
420047890
332368695
183463863
952794388
650659395
701253384
729412753
11117922
414125329
290402476
521720599
469131981
34441353
580002149
595505295
475562954
578297870
430779043
783814868
433238149
293386061
455644253
295380865
450866263
129916314
554251166
778858787
560612147
534827409
73252093
497328357
590294701
995393312
158183395
383083631
128895651
851931991
289316145
56568392
633474715
549089397
106916991
859300292
904216509
948056257
942906059
486715971
512055419
599403811
321465860
815608066
873890963
729397328
475013780
286097987
964403635
36987830
732597599
822878074
96408229
922394596
168800605
476290512
340873236
793074118
931425896
473738667
876257956
196918518
466609644
623630962
288981724
374210650
150340152
884148750
186469070
596343960
391164354
502810004
187010254
67535194
266803368
961208335
213361548
257644025
623437392
860897372
520379531
872085407
418679994
91907820
119334391
466438070
960160162
711080118
380288792
630626478
518427055
111142390
16630360
469167391
610458013
315136900
132794166
697834896
526626341
499680312
579057176
590865029
99628917
368059675
645823474
229787594
635867820
28873034
655591227
207592269
262928963
83229210
169636725
70528524
953359134
4172549
778238522
374701823
504296571
822543653
414050487
439260032
503859958
555842590
77916904
280021963
486179643
717842861
457077180
951666466
828414168
515526651
731017682
123757080
281840195
929514501
772456490
50620318
446084344
889546796
830570248
931287127
55488890
172696522
367697515
435197845
941505663
946101835
515808255
606285464
536898377
758092342
193538325
704082687
85629824
139797143
87005070
543786326
290142771
365801510
743607949
918024957
571795853
703924760
379178099
747402311
352211526
45879645
788688327
23844633
231716058
727618204
928617477
614749774
991973403
482763358
383771141
331163435
188145074
642719057
338516298
540077807
202034606
850791714
414768089
70321826
321988325
26934995
38127255
142043052
842509430
228670163
760477546
80282834
145938846
912545290
359491274
351564129
793518422
620295202
82986318
895626018
157413507
491963622
374569406
809280172
829474863
578788550
712109282
602866465
756026000
755841634
355641251
647423712
27285211
203530141
715990351
721004137
289156670
308856272
425413985
325276531
7752390
646645275
181335201
3045894
967140656
848334643
468810927
79428113
123272083
32207012
537645012
567849870
559732739
442890279
382664299
710070982
476222308
605487916
240846962
743199774
314825712
435260788
386017050
86667796
873028911
113053834
52997622
942408703
196554938
638487136
62407458
484662149
194881217
757709786
887873627
510768231
310628420
371523512
842139514
981140218
109977622
632681168
479594381
723818988
218196621
787791379
87690972
584394931
820865841
5919368
244781829
683668753
68009310
682214209
10450818
572491600
260628225
94667404
130016981
854086821
795337020
526402222
882873173
484784946
969799552
52982863
372968653
802022952
555016650
871896067
399442561
104698795
763348400
259706742
633222151
682144542
955666406
662198060
868471173
85237532
25362861
468602690
121542862
190635569
393705307
378738703
416652838
512667006
747258967
315382026
250140006
215961016
241506530
988052691
185803197
