815629479
279300433
844119593
564655228
405766272
82327216
870830092
729000112
577438993
674857382
81666503
263207994
283599269
762429275
822795698
375752534
628973538
364185104
781606892
860825234
196071614
692228003
953997494
563872863
770052097
878955369
883292884
864031376
22974298
874102366
407676445
314720745
56639614
506238670
898653879
848428830
731929250
429583131
853229475
843041284
859166999
429381261
776465026
331761617
799050176
488530111
928692379
662440787
266169283
648296133
599951220
656214305
623668604
155072740
257475172
123401476
325302938
280246729
794603130
526810901
199034330
6798716
706025813
703336626
267180937
766945757
206568379
777360598
863775394
974366867
643823283
199390407
510955628
938565607
1658234
766690352
915762976
622235877
764822686
281521986
950262989
220852096
597862092
374678164
274151145
751462138
691052139
901566873
248763498
775252403
523125891
451682520
634979999
326418574
644006953
852368283
723355446
73128400
64580679
32104419
281961731
151331780
798665391
291802415
4472849
400560813
145258677
685102996
153414505
490784818
207638498
703067060
515424042
513081144
576547910
978182232
408936622
331347649
429185480
515718797
75893617
305001505
528597099
88522991
451240975
192140763
564410406
184537053
294558653
149289950
43334905
842634575
557655197
732718267
999560253
798931208
422186704
306059676
370205315
873590331
606203461
5949143
748152368
757978678
567613904
820058830
936258476
121898855
749870662
665824719
443431660
392007797
643942918
548861881
956210800
976960225
622734680
710142400
840561438
812332084
836150405
960721622
390544343
4124554
447449913
365003921
145411863
782705774
513520889
777616700
555995528
102876945
961142333
555595148
909515335
69944474
556849135
770618419
520909086
631182144
255882285
442511550
434666390
628733932
705858289
651327107
198691657
8793315
776507465
22600028
176196528
712044302
465498237
557873229
37439925
645481837
615404799
744027813
310528765
202609982
674646966
153552702
608377964
972253960
109829191
340554714
430865463
88347770
639346545
886266326
420111089
852116259
189233314
209379294
556449799
393638855
526055232
761810409
298266264
796122805
166312264
136618547
6198308
490920861
601420172
843951224
637378707
403269103
518155222
264033497
454539674
812821321
460089654
318299103
956535176
102329583
834133585
462412428
518904741
365303574
220461644
110343886
369446769
890241138
602488937
324080267
522810988
256118942
1423430
643801069
119426605
853594388
445761549
514405959
36297718
538028419
147354393
117457103
370833788
265877965
703176005
27596359
570192547
375313047
431726651
607289767
392026605
870934209
252844116
454120215
559505269
63642804
242905667
932962688
575661161
55968378
767171776
115957169
888431922
277339904
321140236
381259764
401845673
874354152
144606892
600945284
367059772
945683694
282001385
418506757
954975189
716676481
91578639
253026776
662127568
192865284
540151338
994133721
458514486
995199168
932053661
651876777
3274826
547303213
84295800
55783801
610688720
512798859
938744796
980329338
770856641
31397223
229025179
93493884
944737728
321916241
625750684
695838394
230706155
830781366
240229995
446342909
588932824
834337357
499145024
842828786
972064163
989878890
270835120
382795876
515817038
773038054
657442681
893232753
345286242
669263457
377984938
854542458
790058351
88823091
990256562
854260911
6938897
301672045
647650115
923577965
487651302
998084754
308289047
340211327
567114599
844312943
763427565
627733118
754969173
485710751
62943953
168937467
48158189
241467012
83719636
620809829
241963738
555948920
464512299
997818585
373954541
335792425
748207641
275474271
943931301
771208224
905780041
141883063
840524803
385969082
439404012
287260779
186687242
575567057
355177484
973979408
681589843
930623792
815681275
671504094
9610489
29709562
138263579
859575489
606319503
209047471
806384269
548591338
5103454
369446732
612297172
450989975
837159744
649831528
549623424
151858876
249877112
32814776
396280024
795906374
938532900
621544501
787208314
369000091
46306739
775683173
982250223
472591130
886289527
109740227
939219985
311339945
740267644
793008204
988208096
344244978
197528845
888632150
669154766
734883830
964823953
357188702
136779609
471078070
773671908
988414035
450101033
536855712
25943633
203318607
724102295
648775067
534343768
19774901
732971193
388065986
242501247
769263487
813268750
830636329
226797246
333793139
662301810
895363226
430226746
300957227
710722330
44151540
661623431
205378445
954330029
361244960
363660008
661396192
831082419
581344197
484764892
316130244
595328181
57892702
325582139
445394511
446647496
682970920
385637930
290444917
776996176
720492743
60037010
600142110
101743731
428265357
75363400
838518436
508086584
631030814
694886891
241416382
40851323
472714681
277691705
405949493
875232280
820565186
248988576
362857334
285115058
872947574
188692480
151626995
903301092
926371002
173935306
755376047
505054189
781402734
887145641
979330888
509725295
139781828
523961050
990229586
984114528
61481321
103634714
526064672
285881560
525141570
153309608
200051605
886457304
243348509
275278920
122613499
780200996
919632645
570162229
626082308
433982343
22780596
5329858
904048601
531800262
908410014
696841016
175372728
254330051
319987351
333464247
726683849
743885171
715556001
731691086
901069493
948753630
287462117
421834963
813750959
716930472
722923903
76975773
759973486
719637965
988640874
265169689
659952582
651092081
51321806
975175050
585421542
211240504
261063332
545348545
486944698
134451969
619912448
458429324
75704514
364640303
928261984
271734620
965894208
191677323
426625758
456166432
170901303
511657422
374209425
173859868
492738879
497797682
756411269
909151834
711058439
945804821
245356371
184410635
543159386
643240324
36888433
524280645
203008245
344812299
748042704
515443344
482821838
170207456
244746387
766617524
328841182
829032792
346130449
449110655
788668487
451189282
111081564
568296163
293012206
532474442
94268386
148295160
276882656
877461936
482436171
87623860
454829233
351911497
834290104
541139876
889095597
435501812
915269936
432464189
327751870
403981338
68726375
621081908
443634618
911182412
973344592
693846
266911035
607591900
845018685
663706085
151667233
307300614
120483347
259869156
834723256
677060206
891398427
10684944
548971937
888593272
247397988
325546307
862376127
660418843
60614111
130910341
335917350
703606509
877521925
893339368
913762854
913666259
121358785
384687148
382462906
489999655
124661545
381829792
559129848
93574540
881384124
669290755
32443251
818730084
935956626
147528618
231428149
574420948
706416619
212035391
544103383
904584991
883492250
439158596
156583350
743180067
758705779
783215773
850568301
842434251
664776494
563304524
730069974
951679315
749943229
238000973
185941829
735796198
877406248
344723601
552398661
509568635
451555095
455397397
7209148
578107232
293103055
43646042
724462216
913085491
899482191
761496401
997189889
665486533
349235985
9177863
30174008
682200187
228103798
639282838
731293874
341445770
531261490
716695596
428798044
318079599
939220780
80763935
68786854
697955653
961586788
495631950
697014698
361693017
659636729
34534748
453029896
428094852
431949448
578476116
450077011
715059737
58753556
937482809
942952059
903280092
566114633
64583440
602443329
740765366
207826964
503741640
507692400
238123410
613429725
210952890
978307143
734859498
26599353
689129547
638886450
212339120
974859186
26506563
951498701
403850240
64481703
635496871
5849804
314701237
556147965
602079154
250250738
649627680
189205827
16234137
282692214
593778680
773743535
525517950
751964964
874637340
478320604
328021487
490128688
457845147
987939549
458891288
748263291
448683838
56227603
718170397
401495499
742819899
939589664
237737890
740200549
32246992
985984106
539101818
838798389
930617761
58733635
287742092
184617401
605747808
253490901
858064718
48917583
597195588
928260675
384528463
961115961
501081401
937164582
764249109
734018515
646837699
536377873
493653553
415910690
605590413
887233579
557165965
258473634
837977567
200583654
507430838
710038014
951467935
276033586
250445221
607794572
234641717
686719560
821347202
815903704
190578512
143404086
884380878
204354246
129874830
409973704
151067702
520423162
671699138
757054434
900414097
805655316
175340555
503719374
93362849
495869117
492330552
123191127
233207975
43384181
501567669
29268458
346639832
405164154
746060062
148026703
97449646
321162001
677815453
776733889
726474243
814361839
115817380
948345404
543440003
503433613
651996994
289299307
286035860
195616708
736165877
36742802
586774494
80923133
300169556
701775520
534697459
447748561
182670737
754576102
115464019
111450590
453511585
777963020
314336035
161310054
796764252
479216724
458294182
981848125
312524058
829905699
842607707
894965248
30580190
86052257
689837936
226995149
960279370
589929234
843872122
203031245
837155266
37591266
307218303
464824866
442493962
265716699
104994597
44284542
613329243
649701084
138491264
923239350
661269869
615023653
360850254
337854358
634009368
382129948
706669360
172780269
831005124
304187733
883092649
906260176
194135093
691809245
50342942
214117298
11937584
307702309
487469190
592741501
910703978
912432773
274295322
415920318
470744716
849511167
718816090
531047553
374222127
414009640
368518882
662822972
691414434
919368356
233695378
415556536
725202002
351983577
592985780
578149421
883259873
671091853
372026119
532967532
154498615
400958126
270689772
750684716
215373757
890877298
32346957
305626933
162231894
545749762
12535371
748837094
340728330
944929934
867109640
784498200
663313857
175621806
798558141
416995484
935668849
220269677
214845741
274766736
458113866
634786404
488915294
659954005
714716528
909319767
709481626
239612124
540406654
741327789
261421703
69786590
578821394
968131372
315673796
483344827
381662682
62891949
500591078
145664671
