92089754
563022932
239568611
138376993
624939372
412316466
257475822
64735787
406145472
146124962
656302977
141722357
254294752
770992858
999877681
705869396
688949585
391675027
658992264
36513221
424778186
91737039
324269166
758235339
362870388
793834829
75378824
215068899
644819036
553433012
916078821
40127482
367619836
573277646
612416676
261312866
397705594
444868576
715551357
276635706
666893749
61964194
619889478
767461640
912740353
124815628
287863298
856630493
454411451
70925157
410962193
533206577
514319617
622816718
595052610
352714
238753766
481333271
775506603
831104542
336937642
42406922
419916750
852712458
230046139
616175495
774102519
681017104
158576182
738564815
308163801
244081009
676123669
382356557
369619471
362813992
471847560
556807524
845494984
238054759
505971530
218748329
760657447
573893878
142470819
382872244
525807863
744803117
978225035
612063962
22559099
916372321
669361971
884446814
939698063
624486827
642047442
767177018
537415500
296564858
350713108
606846192
698054311
715846635
762761354
166881184
857082907
131963060
253197247
232238618
528505152
681946240
635838286
537451843
325133011
118189312
281749473
846022870
710241639
847173894
90367631
29299402
702792068
546512218
716005715
391791478
574719036
791676853
442658493
745132642
720766549
704670540
19392024
548930126
887341650
899125336
520694016
44810812
811132523
975589634
525789336
393844803
491605869
745986417
83558809
340612857
280534035
131910127
559313803
821508751
342737353
796024570
56935379
690241605
206197226
321413705
904054123
151542093
999840918
370969875
592162146
65406053
689304566
508064603
511472067
823834611
662554216
86908159
650110192
426007673
597495294
236938661
34890347
734652003
321384557
696522827
537693531
956805650
462953409
375392857
111257443
442808908
232363050
621149740
402395289
924741977
647735160
329150418
342732900
565927945
995071212
369151923
44969893
440162647
383427487
460383282
704540236
983541265
234514349
259724197
678058640
193625876
481799934
133306129
224013456
105798692
761134223
322283374
368857047
509674397
783720172
947248471
688588682
624448060
259712432
149353237
833043002
68154825
105669314
586730089
176099450
333403798
744175258
84182247
430936460
228343371
191968768
594727698
351224515
861001274
991982590
554152265
722291301
203229212
697334216
917631566
961008972
99056920
397136284
296596596
163607754
325451785
960293369
833058501
782207771
47822740
680563239
420521831
180450215
234074250
627340279
636385410
877871950
647784258
83624747
344654841
449450616
397617687
702369667
995670084
913829923
166406524
971058858
507855772
517691805
229567906
224957170
485359470
927113843
342080865
188344263
733986081
671018540
809072716
423122335
850647663
373110427
911116756
301974474
383113720
547780130
771446935
414277483
117150265
233660994
355597180
676280314
74507043
119604465
352679374
468180949
563391285
396687252
401466198
382766672
997201228
354392926
452437597
315366695
552639865
822865569
195203769
493407987
838369349
45729986
893354196
965366869
68799233
224661922
232977082
971544412
538333859
95643213
319255947
447889954
142382987
752129039
853908592
274194777
162094625
553287591
150450127
365755005
574434468
873899914
624952977
337298829
269552341
426306043
425921105
496254736
920672829
595750060
749334608
560248150
352576360
278038948
575908133
71420279
340306797
390230309
607481080
849845119
886627381
381134961
929847089
467748071
77431304
953576243
240383685
245072189
500484333
178242820
153272070
999352272
672415441
829448762
918973518
964469433
420777007
556055367
695814528
642493188
798740816
736722345
50871583
942583798
346308604
759007796
95313593
864344037
176220906
782488313
933887978
771864315
945806510
300605006
479127623
193299507
944052824
157204905
259867524
315976096
185922358
180848916
995770401
742430009
442477989
749982334
887832707
523127597
359065429
611438699
650643270
784251429
694415779
964987890
51104302
149905035
330263377
987263289
121439467
318423507
858262650
376039646
68851282
717996019
244354840
381407754
53545762
371810435
350321139
725674010
20416608
263572101
296187842
379838432
456570830
617891899
740951942
308441573
500105808
596326268
871175087
572185995
505278608
564782206
131845042
149636549
77448535
980818618
249500703
329222587
863036128
956789534
35765438
941444016
457713444
809882710
111997633
277774382
498075168
61070235
696436572
516022272
172806457
633391417
591022090
387071168
488063586
314577347
508417059
433212402
408953091
21821803
487157480
525113198
447248418
286076655
870761037
504069075
586150976
94718290
303959219
72727142
122309731
21098551
862637881
63627073
227806663
354743825
922124986
646688118
505894266
463177560
810366403
439035573
899889694
355152815
399379537
871887189
973760114
744773872
661572962
762871186
472401559
816288300
920269494
841214324
469632053
510652239
494195597
171636789
939121671
607928556
691623404
403356878
757111015
623709430
393712540
151707905
770753535
527395017
159264505
133319761
392452359
861728940
927318134
945775530
211455399
48121907
625223502
92095602
886697116
998873847
530308960
841377103
433145327
541088031
600325582
306021429
100829055
21423556
593995019
717154423
860548227
750488197
707566445
897965708
771554155
407009525
681924556
276180264
961440273
247671631
101133653
446365097
585509367
528253201
370418827
610672617
888970165
974493963
629758925
421510145
885428735
402099994
284939671
940247823
77619596
850246300
970211550
216022984
23383847
87691111
50878849
749329979
933399996
442110080
272771532
641964160
154162494
29352426
174221374
804445872
366197349
349043237
130655327
639025484
897740193
83943862
255867735
904892125
170669203
989652963
417051263
126335091
391664629
172484874
831725686
458448232
465548526
767318621
820346111
921307854
436797974
465901572
252796416
873749162
196792782
351803673
512965099
143399286
255481668
728454665
456510123
859617738
800272588
825313052
55312795
536385498
271444666
645914185
42507629
993675732
594378564
65319424
45353780
33730883
670639847
924543757
357665349
760915122
610384393
814323299
176415633
386843872
209006314
252913519
367647898
900295775
96246820
256906164
442232702
545936519
570978762
112468449
649410457
442214537
533142839
557433523
326062501
566351576
117172078
295340187
187003565
819634340
724810991
826670377
326929290
371478549
420547792
219065533
203109315
272249023
994138323
752049976
533014891
441158367
552039032
69666251
650611424
547359069
457665154
155017018
440138678
14538502
203681482
496571108
422696970
481910114
415908966
603139241
500588042
113206323
598481255
791313772
643743043
315044205
627319734
356781292
662032879
382335935
925984228
996169347
479747982
877181285
53796848
169983678
551798195
818928785
579453556
208252089
890175504
463476588
906822098
778703431
108686422
962155058
855201508
172465062
615952857
228239882
403973406
845019174
955569581
817408550
718477489
89902992
673767767
202824551
108306932
217970685
813838632
195257739
407633370
268275488
621374839
461495805
675269034
562957391
960741653
33697803
944772912
603768184
902456557
207656877
712963736
37111454
206384223
819777823
682627349
681587983
459842696
454854671
740828434
433792996
978362527
80965054
40599766
662339431
158703796
963893855
496215910
348973644
710621852
361482870
394413456
694917764
55843217
638546609
157328592
647190616
286886024
292244117
211723408
582255053
283466969
800205221
942562615
747912704
104444813
681366034
883518767
853989942
520197200
426718947
758127988
358983960
454429304
973840373
289912960
540409785
420896039
12929602
404253594
996847796
537481892
595799267
893146330
540973686
813243420
18045972
981268236
567837613
662449231
35436733
394701959
167598579
243131263
158573380
150326027
178157306
138402437
292687061
557894618
477337760
80375087
642225966
828776443
283902905
603354881
35429495
240488460
82002843
348633649
616918805
226294577
273956421
887990521
214875610
44773161
687667701
907058889
401588929
934669282
86398841
700097797
315681154
191540711
484760466
32016987
590529408
115852697
295855923
823514345
111755654
402007348
128208978
455034983
926915833
916472708
895255924
767022823
609243424
937618804
777813924
777557510
899265393
219203964
45530425
809142155
120745538
279608057
28255652
113800219
462658325
271098415
736813507
358017777
471495777
777239962
764693932
450685254
344015976
251885918
12825472
919576796
944632535
258488496
236877994
214911457
98085598
818921436
961074687
298402901
149517236
920644876
297815465
463970123
156855357
308841329
800832403
96477189
146010286
675618310
911271447
310921351
87597045
182055704
360856020
840657237
665193840
770191199
983539205
149675871
151778776
444570669
423006846
357357506
924793332
858237127
832924974
640776896
982325968
830618966
711056556
301824101
318533369
729852750
964282982
542013447
973282949
272843383
201162419
162654447
976407557
668216742
304674968
668397665
340614469
701904119
831979751
762576830
897632475
396220756
549717616
327894398
835382230
811398815
146624124
704946565
497638030
940457957
539176790
298618229
475916353
160055506
114151220
315391318
964561752
609447346
992387981
357744294
217772721
818842571
867374287
392350456
569028780
820884757
173268312
483562032
139895700
754609179
16743036
222889212
26257376
70348144
743144420
586105212
280901350
383162158
466441869
507134552
583228625
259336416
44375416
32824991
733666592
902544189
686738093
816352050
554065521
989283648
703835912
731167121
709516136
474235456
544804108
78789903
528846467
157367159
758865617
14497472
638130503
663062091
565050865
743028849
923714920
316287577
272360853
405568209
416911085
528046007
34489968
581399594
143005476
485253429
774515668
958436304
774467154
834549296
658683863
666484589
134146664
356916260
929496509
150612051
50773267
285575914
513373074
552021918
525544034
664354516
57258745
123534190
624296540
451944397
869004047
920166532
