573030555
779634742
733147000
587199256
353983670
366722722
448602754
498273849
125547218
89186235
608442874
643299641
210009754
442880587
567693154
44352467
785209041
665012601
579865561
92758262
672778946
766511373
186212139
476918243
686653027
860367855
775503811
221646141
599081498
534913508
105391144
979690683
16082678
558646989
325727352
403995426
406185655
227995224
580395119
566724979
11998732
699797962
797570511
542778847
637469940
31335373
199524142
830866380
680985195
353851862
375606757
3332390
755679542
221929166
727120991
806519181
593422603
256228756
900546228
493615814
591218909
226956613
899192349
590633708
983795090
628752189
627216963
651362763
117153235
163697727
638166810
557213817
84617481
13140581
80759530
972980982
968940860
643433290
839448302
655317654
660843712
944637430
540660944
245229636
159306751
102058753
224011141
794153511
831525997
519208169
810572822
149956898
327448995
86779305
975506069
785042117
800605612
206936803
558983756
8717750
404118409
548161378
713713144
517287467
715685050
818392938
918714907
742538961
141169635
754140007
837578319
949989311
416780453
245228574
832772100
646581478
686295667
653962712
431326957
881736337
404741048
833063451
819836765
597945064
353124904
488209911
229764822
997838175
37634510
295717411
172375370
762004057
84449534
830730551
251199244
112682334
230924285
23373477
529544585
340913811
183343844
481472179
652983875
77385989
681629848
860583509
733176443
82220421
254007203
328924591
98746450
146642899
775609844
677247418
603976701
571054957
728324612
115768080
164162562
227475138
588628116
920876731
704904450
845452223
581764637
75574262
865539777
586049901
994029328
720089766
415657192
662922190
124418127
90413146
698392492
923268867
180079575
742450775
916315214
492541393
755033467
147544401
743830972
708709918
196970961
25732470
986394212
407202115
226753849
680144286
384357720
115156205
859210914
302069446
752285693
262467112
776567728
807531650
495621350
606055586
995043731
147126542
88191091
533917435
913267397
435824258
22224771
685196697
978854924
680707832
390975381
985873835
199452864
671621167
472441670
441083715
177045758
996194530
648481262
556032166
89180049
458337662
359296051
313885041
335732045
300500986
803711275
822348680
338127452
435925380
146701139
372547924
246829424
310259628
497497661
607906924
59353309
209913536
795442520
761146701
3507698
301197514
428347189
546046015
289168905
398483884
915703339
187589746
829627774
311201977
85421353
780373197
159050388
939589182
516875536
536706069
787830489
774306049
198185389
612766410
632112982
199876090
347069245
542929543
534006693
18427456
739044410
889193235
174123506
864534744
381730406
967132220
200752009
887334559
552524468
787982534
29990472
813250034
24716135
937248160
384797646
616121528
992720904
26925474
350504027
366327941
213497535
307240241
793384090
960791590
820076433
285047258
11728147
182676109
129033718
803631607
954128267
885417644
12039322
270741449
659439472
26510104
13466239
965093028
929471570
118289131
579621187
271715828
387064714
728893001
506715597
974580454
749589914
260937228
227968764
15991454
207155184
320143771
192425516
167678752
804929920
431804169
95809144
213331914
44458311
96683147
955404073
18075900
758300840
748892859
833854265
144572826
801210712
753974685
277808687
358287542
602655288
27627876
97453902
232214895
786706753
941781706
920175525
64491088
454075993
845495978
535457343
750790917
954707344
113042264
596476422
633984496
692992128
844360569
465811528
227635302
930700958
800134324
920634717
832788422
162885056
561545286
513414986
638171854
895038735
362142770
173369741
995615227
983128539
869681220
413336164
179527308
222689868
960210620
380971998
863148212
511628643
31318055
759255920
198962331
561225803
204613156
63368555
645258576
152416436
199869769
451580697
956850142
288163157
50173385
427586583
802520963
106993157
264665479
69329838
225161466
428366720
282003671
169452352
91933222
672126236
539842114
767662377
85026123
699706099
416949114
411294628
732781506
463388570
602663314
716006658
899382902
40878403
721672386
271562619
958271899
498176730
868156408
485755417
695168966
910562072
216519598
707452070
932955154
442094637
610815199
72534151
958024388
890880781
155810531
434781491
229624972
861865702
667322698
526836093
21383688
436950777
978342431
945552475
735467321
788575139
718799189
493461571
685499841
334166725
528203679
761642560
385320769
993102858
111057938
726984734
560210310
796248253
474283385
181371149
455606638
832390043
834707222
642931484
88890900
344414962
453270239
841900724
307578039
167881822
486381686
37517200
373555704
194836293
250178931
521321122
519834298
922603932
750288094
906593825
191762882
723058026
21952228
598788428
913890956
849172637
687213380
964921528
779822843
428825795
874571180
433376718
387582316
485951549
71229455
188993643
602243553
335410947
856661575
391052359
335304900
876898464
185883532
517618019
847785037
490686479
388086856
190484476
742923927
589736814
207150436
637606377
45960158
567689559
989608265
732548610
810437815
235918793
729040526
239718261
657201581
488348709
62077880
878752242
293310641
53004968
649934882
887604154
123606838
61185287
919077567
184423351
65942356
359235735
571288924
314864416
537174494
504334207
751003389
423204477
461085781
496728903
221997600
190086028
221675359
236964803
387416559
819892755
496343282
338680843
378555826
366324760
606370419
616943313
733850776
846956190
814820584
307131288
224307378
794780069
840751595
500482700
66877638
681738639
670659246
22727085
571664020
686724422
996400634
674743848
195374116
306103607
484915402
305836049
778632478
160472677
266351108
871991850
657076882
56345838
665588407
830042126
391260871
784925994
682629460
552752806
578052930
448999041
625384957
724332733
500043831
230043205
280026829
956223319
582452880
960603079
429851265
540258960
519426781
198948274
665300781
700692136
823492120
821599433
143306726
72452218
881409356
300534370
838310834
573378099
580605081
942828732
650054405
167961540
129191661
10709469
109221829
281951643
999109178
117906439
444674154
122664978
61339464
272067901
174700016
965330910
26076778
528692082
723383167
818029398
730621411
726092147
352565069
458128608
391045055
964896270
6550005
569661437
641619267
610177241
671343449
277518559
610688206
52006858
143727651
557215097
579988799
112065289
827031657
571743410
851381250
147899622
541149780
401520341
754274119
542635802
639352671
551424219
646899416
177975815
46375440
352717273
577151201
20281435
842756687
854512932
590263663
191925796
776916483
164295390
4159464
539560391
640332374
388931937
446562988
167155594
511976770
9332606
128340249
617484918
385342111
914011487
701660424
151639757
966648146
582721789
184942367
951044726
703854488
848409251
325543598
455125785
922762019
463643452
563801800
318626175
700367356
590406770
209250170
289214718
966951432
388063002
335148805
662736267
567583946
311820858
507567246
152217843
954957351
587118524
30659032
630020065
423083970
29414497
792633703
132363951
651056848
425511444
53633287
260034898
669570565
639218936
488071307
928507230
838751790
549033677
616798370
176688922
825130135
127936812
466788236
921569998
800082434
839125530
650533484
997279107
578862682
38924156
584055809
654827288
75154542
32724524
996087373
116735963
817750219
695523531
32041815
893347522
671009748
431437849
667569326
274855912
536773482
949215271
619644151
327732495
899991694
406641573
823984475
18550268
695022487
330878323
327087706
827020538
120330288
109089032
829937629
583958438
378881011
795354594
553501268
612132691
841455634
398805998
184880355
636846040
643131562
371335343
110757010
143228258
516991862
723450847
505679173
393692286
460367485
191932324
384796515
850867162
219481378
322800989
97287413
172221109
214939679
565505540
959804799
744276218
705636816
169066834
996405674
708661187
865585900
448083375
514466510
875655152
877936580
55436634
433400276
137967483
764334915
982798109
684600932
528656350
295884562
680756216
501558405
971571639
825199149
933395419
366653053
928397962
724292515
979070465
364477060
56080022
698067181
381280158
397193012
275950093
439001198
440604136
931209223
474064728
374929668
402095822
277642357
68908487
208984336
630024019
515755704
404930851
758532046
246829031
86532247
236683267
638200055
568631061
876336545
534183461
63947135
988233158
919077067
772241395
802413779
68007712
984368671
886515433
83606315
458386487
177587971
496656421
658243621
157450183
698966284
323730779
51588886
210536203
153726682
893788739
403113859
432649917
762587302
195175130
417639714
961722201
169865915
477463483
892538218
127793792
417879965
129436119
504943612
863009549
212002958
450768038
521527067
158967827
671650947
306921955
417727150
391126922
985302171
750597848
452436047
19099283
746687228
601081863
547862746
762801466
185094381
427663852
414904379
982547805
131069601
631297216
225645855
723901937
354601681
840691577
898141795
506905187
993977214
955812522
40506521
48151851
991712808
795234071
945447224
248198245
802203711
892621058
538885255
846804725
476061588
11986937
447347745
11989454
742739081
398540431
215034972
568784050
929600736
129736752
942699409
990216112
714531739
522395805
731939947
580705740
225122182
797625129
804366145
830959368
408780159
910821961
397149706
29489648
710091326
404284196
27386474
951453156
655634638
299664500
960597754
292473322
888778596
568099652
506486216
119082664
183949471
213656401
981162854
956061248
625656605
329357744
577304450
864240461
13113112
50290408
333620110
469317002
63294123
364741483
23076062
4578582
88254912
707925885
438024566
565239626
614837229
417858096
301898127
338454885
371153957
263581814
913149411
629936235
169138996
650226086
101437516
146432087
15909588
612857283
396756268
11465781
816462273
848304895
205302763
79422414
333517511
532909244
16376536
659800918
70664085
558069470
888159032
