279668027
640073103
643489041
247219135
519499250
683306649
227526217
947702438
274616395
75068584
25759206
56963788
697891937
710068882
443286302
72167754
541916499
286642284
915719990
352896350
372190038
278696098
388888002
80059359
494793507
292712558
488342675
489201235
238109440
935696048
168813661
411210901
50522932
936014344
892077718
769015686
31415965
440227005
173483645
445644066
745424071
509270430
178811432
671180224
727521206
897297931
387680610
564725673
819130951
587149864
515375866
46434307
817530141
42922389
906337967
971928
251185101
563429681
752425626
226786692
194963974
738324980
709592997
338920346
906254922
614548304
6440856
761877591
817991162
674270615
40751789
101689493
113158638
470075924
607472277
862919606
99884666
717707777
352538151
597495575
905031946
923617001
670070283
650959575
420320181
122379353
593680759
7600543
29676377
891105790
517830584
467986282
687801377
946696952
250680092
7099091
799677432
839891084
764925301
112972902
890857075
625803018
746734509
144860336
546398075
413686372
933275667
347454217
435450111
43418361
901087261
533477322
210891529
154930051
321754744
271346972
68254696
58633421
918600163
783875568
20867545
998840311
732201214
926885371
156440030
572765505
413888114
166461685
219395832
600373185
63242173
259993580
952782475
239565249
706638498
279228927
176882491
525209947
104561499
6633809
189103684
246226542
572150430
986258014
990018527
984353261
257094752
532871326
624942207
979333118
938844393
741044010
921290920
981049731
92105356
892016762
893601803
819849137
988420304
973632568
999798256
766813982
128058385
835076924
980176186
641093680
580694846
971326278
448291552
42525816
94464480
543044747
954071921
911966354
594771884
774641002
426689881
745943198
936866842
172086768
315670752
881016787
541519476
240062712
661528790
322198162
338702658
971732743
147459892
814621734
385627123
357033353
536789641
130928929
6835551
422289700
118168156
737073505
6081828
348924847
403658414
285768472
84579774
582416391
884868638
395799645
786972088
9324566
386277846
317464353
465326881
147658605
882982293
816333536
657961816
118781469
225294505
887995671
173548133
657978024
302391021
608962102
823866385
633669816
656898692
737431126
6255106
823142991
905130802
172482183
656472845
689616374
739861369
587941995
768428352
29902279
796437012
959103084
355194072
265729145
535226072
329378092
585454896
829995538
349294852
237968517
474051058
720456104
472967112
888054080
196995195
230172484
563525371
348103802
46533825
794696311
461902085
450909957
925517697
147437511
389544539
963829095
104193762
213795663
660991507
775710505
407797234
295040298
47905183
628059536
322344456
266191420
532801598
907818987
122751951
973012928
23507206
993870846
284374963
418930174
263380068
285799000
350175878
17076721
975486987
426300361
126091002
391757566
541408170
973732040
568000192
345527055
33585386
207756561
876184604
571396975
225184329
371659233
169004030
573584345
830171281
179010760
672550920
844907575
565709624
930803774
697370884
655706383
225351851
73520895
771189104
468031238
166534993
506587523
884057442
103745539
613653217
87117040
238308674
234691146
649619503
16039668
753632126
74173142
60059343
976817399
232606033
325045037
31634383
551354974
747828598
651847972
824866816
710790617
588758891
84369307
613248079
505268302
451367096
44683212
728929475
470384618
166405715
467887274
202542935
99968954
178992062
526997862
323699118
772439064
957743757
138067288
133350558
934312882
923964841
814131613
425378632
598377778
784848231
588892223
698197741
372325846
624072000
673996875
325692296
119341132
643164420
455744375
917828630
799688134
490497458
108384914
635749943
193625462
505761669
179234884
849633951
285744852
871630205
960090387
797825337
705608169
1345918
259195317
593611215
609761309
518497414
890553932
786825774
774627276
658990674
14870300
720420069
862474871
346485470
356603629
846312617
492408838
142194977
83201803
456804533
723247686
609169230
524010983
281941606
849358843
502317344
939725094
428551213
744729957
964497661
139633779
726747572
824757843
791066885
992589570
370979927
364876682
80385659
715930985
600843717
752610486
668918599
143201353
140697460
475627158
387964844
773275071
847139990
149158040
332922266
357225112
143549874
788428402
503285854
74577651
96438938
477334934
977253710
744252371
107443965
578772318
462002719
42095817
810129614
519356894
288122727
895662225
71407985
353895899
985623700
481435934
412023179
426263991
482358084
704194045
54329086
465967877
383313522
806314446
461393999
729042271
92585104
279393172
411807690
607272548
996083903
938319168
321471988
716489234
896150631
893644991
387622971
336133287
608487019
22071399
290607767
626822782
333071738
621340564
187504430
492302617
701867085
493244091
163534338
851486330
945201932
717285882
306070317
799091808
20248565
630471060
94021412
170939263
282858372
378401693
486187213
182609546
630288125
202857066
523272989
349803557
574190236
354918750
457745266
91978708
93812963
75889891
817776971
460286685
413586277
427506302
132896138
761972957
618810016
969091380
27175186
599341012
115858833
560321359
662070614
278798021
632248851
522380179
696240668
265679571
799623579
216683708
53274914
230085326
535884184
107998220
996534656
130214672
98067575
837700871
918112380
346948334
35498824
71555630
757673366
869312040
899508910
845783630
385505530
592742262
497574921
332048453
552129245
313766991
351226507
886846200
66750713
69966765
540786450
244474967
717554705
51810056
658678081
192065695
292355127
877129254
22614977
587691644
924402500
305588057
430971644
2681466
663905382
781109144
50979000
680226850
563842187
44303203
802647991
792758572
379289110
786465219
136874649
103498406
768104648
467575126
664554461
739507922
878858818
649037982
41247507
926567891
589428220
853592606
120146166
866302323
688270252
843433128
779200501
880544111
846697063
311817265
921381129
79917473
161770617
494893455
668143070
771020100
262787991
670999655
323004013
22447509
267318772
748027877
865185856
931089484
914935405
555179674
423961045
824780000
212574792
283107053
708832825
275364517
264340549
504403752
413253245
810312774
660962978
184676675
991956596
720409057
265102701
922103879
946061507
67471845
865084088
56957176
941727788
273211193
799432054
893534360
476719931
207859162
326033969
18799997
659249118
841400341
988406748
189056680
951366917
133090578
419472082
954420499
667969318
563590009
602984438
646016612
815576922
657366864
81640209
857830294
110057121
78111316
679043057
602594954
757344807
345214892
801966368
797714011
66005395
857978229
613451885
150749852
25347946
319040431
806387121
500973663
949330546
245540551
845154633
571852903
821906025
471906298
233309756
858866018
300936974
310682200
254134560
382471497
464487405
219067476
241380252
284360924
191570983
941601759
783477238
398608615
528816103
723439014
261455189
314034225
39433972
190692737
123051284
93388687
519638692
268722229
929072553
348928887
757202887
102010775
696686065
570036370
812212229
509787305
35924269
638150822
844801558
820177038
301657979
446662606
91080332
419494870
333226606
846937918
616597976
329090961
959178868
83746185
535563191
407778505
972157558
225891532
984085361
531120408
532418930
631213287
348855013
139921069
339227326
32214744
381609646
905205672
625268609
362476629
522381409
671343880
472148693
681783677
905677489
145326416
553807056
708639063
421781034
814792581
222953892
619939101
857466130
276113365
476790710
190547731
309543360
845326367
813365694
349424381
129853216
470794533
585951008
281091821
977368374
404710980
289295809
704880489
480949712
269443234
65052960
185874659
794226260
970749975
324556508
945254094
856942266
277395190
178068695
390236775
853971448
263518494
804110496
169292780
308166515
912479828
773747155
72741648
663130357
148679594
722671383
536283278
91839977
275844227
232623413
51586876
85392872
191056871
704415301
500966509
856030606
848926566
227689351
152337799
749739620
37079233
825712839
886716153
951556855
531536614
333605463
32148169
667257672
423128919
495452931
866334720
666684035
416658228
972925305
64888546
630963823
216554161
41750131
332270117
546771850
528769681
94034681
518382032
738126562
272969632
859861222
665885395
572979888
677102184
534206167
5044882
35829143
651772697
419553158
271087282
86766988
887031001
121184791
131593743
815074130
690523213
869025604
668711057
780391295
366288691
384902840
668734642
218131565
639526755
870002684
639476445
807176434
895419232
605565948
220969939
943044550
307330807
148589591
678587223
671675390
667720067
459168280
990155486
888922750
490408049
830505577
14911338
997105069
701838023
978121556
743932821
95369369
910156386
517195986
856248636
659744075
425323623
737990736
371837871
888066790
191126579
447753829
933453131
807099499
894729721
197868446
140409909
46206749
198583218
328042730
779436180
738441409
442597567
459918352
147354063
231354932
878870117
779788305
289983245
535783112
369991502
671629572
516293541
661405197
126069862
544107075
897020047
378223246
749317310
561225862
517720926
569340069
776751719
790520431
480548810
219966237
525715148
183055986
994193027
292539602
690095668
968704588
798521850
373795292
198685376
5491412
652771800
450238034
369841923
624893703
780873957
645535317
448007490
836054758
518075288
519497006
931460287
272047933
681029637
350622645
300848398
762186662
296889437
637357354
810321803
210096110
961689689
652077135
979369540
927387824
705639783
695814130
785595276
997443642
845687442
401286912
873107720
142498249
462719821
120578450
891335274
446782013
8381322
124423607
780351904
872185607
121332578
940696959
272445142
961051803
288505949
253667214
502026348
643570381
991691203
927909004
671815150
161164496
563473487
988589264
43801721
694664
470868493
442454098
919253919
85059826
859940039
450563847
990367314
116788376
646389284
788962038
809328110
