407421475
825825526
313614518
757615167
600639366
740694236
677256965
231146074
414774098
267872288
442642796
251312777
809043983
794815349
390836410
470630899
877703871
109884174
275577103
626586186
157720673
746350932
829742522
361739475
677823483
533173020
862566593
219024949
632286906
188922656
946130081
818685076
835711344
358228823
8272625
846272363
720294402
255085540
216086042
516214854
3901917
452913470
575254610
95583990
321046904
257990247
253921044
305420119
1453232
939722952
724359361
72266550
828844604
689974114
815857355
661070542
996083003
951875042
79791684
67466346
878127641
458232016
598859167
225851442
321742206
623957719
415601432
450815160
786542724
544564046
750336495
622618330
893798131
759362247
622684268
704807202
171096321
734158531
40692570
419833236
279251975
557146473
217571717
692563952
464563294
873863530
989840471
145737229
542371466
347202081
850189358
768419358
175293856
148619696
638087211
545669900
854054301
349403168
773841782
697089184
842388813
803105882
518877393
456889184
189386456
101741030
178468417
69482356
67289845
111050153
489974220
261924472
911182472
659958446
788214369
320981168
240660299
906295213
761288147
447878674
634117247
269864202
908443692
439340642
694374686
981917135
447324474
745178435
121275036
77014367
850752899
821693152
960316747
343603384
577444421
476146091
38269080
760682531
503177496
362822263
695395113
920358114
78447383
431321313
857227860
588264886
857236885
515335408
360405326
317106043
305009601
947759087
588115019
325963108
62971937
572524611
894662189
79536751
762514496
207469319
654416555
433289981
948207318
990275476
260297252
668281067
301607723
567579087
82514025
312068277
282712087
479977766
403117717
398465883
752483560
713759131
191416819
477122378
582112781
106109799
124680250
931989064
384773108
804168992
772004765
902993810
233578132
634353639
280631447
4919810
581483901
958732327
998168033
295708176
708405707
262105131
972150795
88171905
171024061
188946792
286657163
289657797
432821383
48337048
34393955
825031833
544641370
189649136
573479546
349212805
381107792
417539810
497423968
656404696
82789069
722427489
48516872
144038326
218270711
357303440
434702935
667254083
286947640
77594215
730584374
323979758
481809731
107409540
690060175
490378429
741608335
103244913
306098317
393165989
819452635
835022451
499167681
336436060
769775036
946972931
358352440
43928996
60874092
931418640
623812017
163944091
461308358
341763336
212919107
985978216
213588258
828112468
869901193
813720619
754243855
619403078
2710156
355227167
317752673
710414195
343222101
437231830
499588960
83101117
607604468
277862878
111441492
104257979
836952060
247766616
223259808
712080811
374263288
271297778
998950999
390773939
606379990
355528998
453782197
566640283
862671399
140046394
894490432
704081957
276790170
913495865
233343718
492377697
638922132
200049556
832312295
143940513
18683386
59360841
603750830
921120609
544340035
977772974
323814172
345949138
52502598
357050379
504811275
965152489
762718408
501507445
453849179
598603415
814769618
363469916
13023088
647181156
901444969
751112388
847742795
203175706
542741396
795507001
806310945
694108602
44519160
619063794
465335846
636902503
415454320
79319294
693397424
314902447
667546947
77830390
846433903
628607014
31714826
107833058
514137685
505621019
635235118
929337942
941363547
775282723
459646685
634740302
677608077
275452215
187026468
185131138
242495543
267570997
211618044
400575123
378379212
748833032
171462029
629705568
301429977
433438802
891714531
867908770
549698169
683399113
808110020
138946732
931056467
736939228
517036012
384416072
615466329
793611910
236974703
342121775
567940587
613403453
854143452
31028221
234461916
409778857
941455716
189883631
449876035
230323181
836823749
425826427
103284402
266971823
699451177
97600870
457144985
402009256
806403080
80698883
613906487
767326346
379639772
257964433
967172702
320699953
703683833
940668848
758416201
802610395
569664807
448883632
30596294
869496268
832634535
764975757
894689578
140433808
395243652
891651119
491983085
701830900
418032735
319374987
846575363
382283592
35662329
664084643
37488051
419435141
927271086
213457072
987208829
156275819
728215287
800614239
233763680
596179018
63855517
913761962
706095022
786867
431467428
647265639
660658373
387940117
395230132
233788133
434337287
934475418
202911291
316711176
6765604
914751959
588715796
912075586
349293611
60264785
411389069
584889109
285037623
39599189
903180797
338981060
875339307
356207734
461674802
874320473
141280981
32020295
531212077
298510559
76578290
481481689
185556096
491196217
270363472
770767095
658716613
458635245
987053458
801874195
229747356
103012632
216523850
610559909
206691468
72456869
567560021
816139699
451320628
173498894
184789948
478966406
628724338
666495832
97606069
92486367
771926330
304450638
926265314
520909658
92507152
402316991
403263340
904400730
240132886
525283914
729195862
97519579
641712113
578526515
401548171
952753823
597835649
483163427
809851832
800168165
122457209
264779398
149516266
389217932
306760451
325141280
580699666
357713182
113720610
597611882
852757349
519060263
393590147
177877104
998840763
354265974
532369930
466143800
709367042
827430363
699749290
312123119
370427022
681407553
343261006
470040442
174427586
872794112
771950722
232036124
881130755
145560911
856643999
297437903
970029157
507146931
154934372
537047381
214149206
767365871
821617324
45550158
790680119
642521002
672526563
210135599
703929431
463835009
579685750
47282197
420383892
131691849
773796383
982421468
100418874
810334089
894352374
468108711
45956926
836720008
150713694
707905552
585762459
881684484
716481125
707196438
662416263
96152243
207847945
491693831
199331602
995322547
251994593
942001170
5813038
654199131
521442998
727906019
8880989
133125406
766111009
710592575
293108361
724668525
811652231
749438906
371764526
874222529
197019028
159695068
612794556
686825659
491090455
377429197
616652176
113711771
459787698
908995633
926039875
965330124
547719335
607777187
255987063
87991918
847950593
425061343
879697254
831795211
976608429
446219742
288891090
166446355
459227722
912831518
70608998
440121117
414797191
861093932
70032253
967042218
335431911
788193732
899133213
48152877
878899274
512505942
504232092
874565395
325348994
892101265
194411432
612447363
801866143
43550864
585406070
158333822
454605511
205116442
876717930
386590887
869741651
539969314
897614098
750799285
870803976
446348201
227597936
578258935
306820198
176531059
698914579
598693764
838963380
958997656
629898212
759525601
708643972
207834186
209092643
335444651
920829250
5131858
506446217
84507164
251808309
676443726
364580211
415676858
327425448
912275175
985515605
209680748
984376001
683441365
97300567
795462595
890579632
148333928
177348900
432551073
284908005
925973155
567745196
148817934
193186685
595717666
773483982
842868485
413652650
825880467
449689848
246771325
996023798
541273279
465761635
864609792
33523097
813106934
498990975
194360250
81767990
811921077
250833487
394545022
191015452
489233831
614317762
155522014
861697088
834435616
868945967
560310044
30485286
776541569
50536646
994856093
437386661
357628282
891320477
656090641
902959743
521711724
2024207
501544980
462585327
738744279
213656949
443102721
217679730
232690773
761939498
77472698
649342951
982988648
350783082
472986926
675139668
173200174
957802480
703952853
981399903
617961967
981171396
579217033
956934498
889379802
216286038
219482228
490736633
470905541
427223131
675894813
921786455
842900332
291400506
560056265
809896870
749288505
931959693
452271172
275576881
171215040
937842283
629006315
72496117
791473269
910967091
47496636
425758486
577549718
319716424
264186486
399825800
187367624
674690737
284997775
540540327
422807173
544610480
573205523
522458241
994174719
952366087
746774187
805467641
86044684
155686242
806442618
691588142
790726816
663090055
925851162
241240479
505531308
428375971
810184862
680119683
352165080
506720915
165461229
978412710
168789402
793723741
913186913
151189116
163036644
276069013
734418831
168209594
6402730
19515938
387089696
204678025
358754169
929812930
281402161
218848952
191068095
823538672
986451431
635787026
104524473
355908492
635031668
914459662
393865261
22946006
894294490
758991651
864505874
604878090
188375246
916086256
379149250
594792812
353668838
200450977
39179173
595585071
642430996
809975670
421267410
638233023
685185412
771210878
276000358
721173136
882486308
575718377
146973810
591335909
489051588
528626407
520269483
529674201
873888236
812880909
158692072
998727250
757323854
140090638
381774521
975427179
303703718
401524639
831140690
471003438
825528773
763961356
576144091
80951183
179669778
595483023
181107676
176475760
214519616
466291448
670723079
863820788
638459303
672692123
140459696
318576112
612017841
273169965
115826502
659748837
395816773
849475048
720904574
540787928
41758904
40451921
838261215
502340358
428201148
445840229
334529305
283660772
940070186
804996919
895644362
118524952
999574285
66022626
411666130
893568563
347518731
343793722
315154585
407596788
142157829
294871283
360267947
84631730
999630940
63198409
363409337
30533753
285698137
171391853
75186664
976053724
43056781
35356163
39192279
139217856
757221806
678767316
748274610
768679385
131762143
387062306
923750601
833462382
777047760
21934743
319001826
545995215
861503833
222257937
312230106
52023051
534320462
313307786
398630098
746887620
680183973
753629485
502709416
365002739
82430892
303995551
997962634
768678333
729810254
919590636
75468171
964218122
26830346
272448274
136346757
668751413
595519110
546475198
275834645
755095521
371120680
526805564
307583968
977696196
744196581
817414121
169029918
63440199
859161745
23163612
441733261
729748994
636726063
292304657
459033882
3592320
176057899
383271870
686248493
827766590
389099671
155072267
103652127
857457123
946466571
