503365562
685627172
891618902
543345258
358356115
573971463
901361299
773375590
278144583
855012148
696774360
963252367
186566955
835930313
583822862
930610003
495238269
591202658
860255810
128939262
62507546
372548389
306304287
646836983
932570497
134978653
362132570
972903490
782495994
900113963
671328059
127793505
461678448
666187617
360657858
889012482
679787616
23574588
307389046
78266310
269432236
189741492
214780511
634477141
118403340
246701898
111266296
667378927
260025258
466455515
121041958
53338088
269885922
10000999
398944830
130817172
379322885
244781919
610774759
223377461
211838893
928457807
990879595
378030618
183684089
568980855
501573919
520379336
475272455
694810378
250822387
471663680
283813612
781989499
859507024
872766053
157767877
671827144
528433643
685868599
23712357
694753641
712878232
316040478
779072005
617989970
857907582
451677449
267242787
229840685
509689596
435005697
412799827
84011584
866427415
340974428
198861895
836749891
450793052
549422484
745127978
590886958
192106471
565214878
215633127
649378277
769524475
487896421
150493973
526178776
973049294
707495740
716348274
924906159
199665103
517085251
215579575
674839116
598958612
565694117
711073272
49896469
253136549
245431770
185120782
815816689
58863852
199802027
915562082
518532596
673904157
321017985
221034092
979011158
940740619
432825397
502647170
147663353
100407351
129693728
848465494
370011160
301183475
741064010
256791389
802193855
718657421
487893667
884346480
349342164
125394852
524022778
237791279
885098933
838349211
695231509
337750409
946674700
380094096
399816437
590514424
569722447
572334338
631961376
852274617
652031309
486461647
737337115
984165538
766839704
14438081
67916221
574431765
469264884
717228622
341062111
748712992
512072538
988640379
382926925
97159267
570970184
315455546
566219917
393137743
149881378
83226705
335935157
140661947
245509110
95074988
555972468
767569256
700590912
539179302
278743046
797676821
669222098
888789391
604760079
315732207
981320305
503728127
117506775
334904083
57478631
949591012
768526393
167870311
497287099
946518515
825677869
958034319
997167169
302657169
19544240
254266901
6114420
238823633
702393238
568804603
150526490
596675167
738656428
671764716
458465611
300346963
873840851
930085580
438485575
543385289
79490893
623283145
383880299
67194718
115838961
67242057
197948771
231315833
335659112
200290365
314700310
168064846
643374846
298990594
269397117
597938147
770402086
397933743
519635062
24476145
791562400
430398465
186396152
35955476
165205716
384645137
765071698
445742057
876438471
757131666
75750161
838440812
729384734
953901809
867027621
202394724
574154019
929972451
186818207
952302182
56318129
774798585
903164519
502102873
254104292
982461643
953300320
439665834
402367598
860527462
529944876
475907108
410450517
414009430
751822887
649092427
436886993
347924823
901989000
731193823
302170357
752206712
354877361
578527444
124540203
476259497
438680110
689473036
431962971
67002393
23784128
840429633
211115535
567332879
968158014
16763815
527233944
684293277
781851183
182744072
431344816
325405863
43374459
15911009
227186789
599843052
427990295
315375304
202078921
217935194
765507730
226229196
27983450
455624383
650131824
304111416
419921224
324637075
377562670
777844794
543781533
263827283
7702862
335365204
836743334
689515241
264791572
843117636
445851414
735059072
121858483
752593714
566073639
719244927
299849007
976764493
708832252
338966352
351340655
524697150
48269201
123304805
487394115
214027777
301494662
797554930
812446183
755491150
917201054
664046598
596842589
202596869
306730607
4006389
638962538
167517532
317703001
708009254
179167673
537671546
335051479
584872657
869523888
467019848
96076711
12914015
660155556
308738522
155775376
673367329
595279162
80954872
973296419
852865519
729575592
420476727
776433167
793675084
33870541
39188404
877069057
509300421
925916580
781804815
138216482
919261612
445863106
562067249
80282389
132331474
659061492
822998
159798678
813669107
189645670
463396543
253780915
20374266
117951066
288580646
137399373
503707661
599715774
243833724
68767435
515887717
229300449
453865087
274430795
218485811
391084364
524027915
674138712
139979269
660602487
825751057
658956075
87719073
328803365
176815097
567050907
98088306
228456132
23443902
14305837
594456163
921156192
159627311
663219848
266179048
166695811
756058900
675724018
745289894
901789029
373361396
909584646
682082856
713037379
622328763
689961163
991998018
287636454
861796577
741247108
135033576
326684285
19819408
153066619
363894612
804440466
166061842
691570900
941135968
721529737
39311066
275251528
576271871
229527886
474311270
594731524
69673137
790645238
8251747
51789999
635025463
848303895
928848816
238190239
287241090
916166410
976873218
374681692
706474601
486853932
575052888
810451851
366659554
282196793
879272260
267771878
901336783
6560692
299325235
461738581
633969
64488000
734588049
23760156
862477962
98109868
333312774
452554969
238726108
27597239
620288026
201352780
279384706
810006577
106221644
286729679
397835467
781629168
865825527
447728201
827567247
791380148
985096297
454282035
146476849
228859213
908591972
294075078
350255625
206539392
693394739
63112445
491320002
546513165
51156030
570537463
113715846
905088660
375712275
189131222
582853635
524318249
135955584
678877362
866565904
373700107
531067144
556652976
175975148
592542580
869936410
119707615
140735163
851597033
634171332
209253820
79391701
280306013
877283306
633618748
189517895
39237695
102299343
32186716
334202498
557175581
710032777
732871540
758850547
535684180
173013833
492746805
405916893
676694305
864874564
303248998
655424564
306218935
587716130
772776740
697792068
351938995
118099930
757713044
336602981
573687123
922377280
639722967
912341831
841902208
491145761
833409831
27805353
742093525
999613325
543615940
422018905
103768867
344674863
309390323
663667329
798195602
797802427
640290967
419528747
377189604
713790721
464040856
986722468
330922334
553829254
773172765
692589882
104506565
935826679
837578898
921137764
344586298
695583734
760515374
634798299
70309810
820529708
916948337
44538418
339604000
464941452
663823366
677080979
321258623
881230091
551655696
961544071
278325807
109109411
899596464
554136566
477808961
338184296
959413375
859896401
458336424
653000497
581419496
288072954
717972995
140819949
923298787
806266844
162034426
622478174
77432606
408185132
584159488
674592022
593357518
977665893
880854089
595752549
79924746
912248151
49967354
786959876
665463844
449692242
2173558
811628692
414264075
995397153
36230215
283442331
443328802
6402001
736170357
900618971
176461875
417309311
239110212
628875383
326565421
198784050
541642663
857556520
515046552
698780448
803797484
143470563
377384583
603733783
515751891
921930570
673282476
882056411
258259550
47165224
809929046
671376546
987536651
131727254
285899395
906344301
726555873
927901633
770036629
878592093
179149371
71030605
672014773
683540515
498130147
176048207
738555681
251978705
269187127
881140694
370605487
192410832
271913323
966683395
645894756
858702993
434244109
810530290
479645261
114299644
610159854
561272389
748142450
689005133
90689924
505085327
429772659
107382957
342975987
420221118
472228176
613741029
87519891
636454457
519631076
732766879
471455788
693844067
105603636
339703684
183374889
421303770
612869284
377118854
676559735
617518214
399463223
20853255
485832497
427196401
472100192
916025581
448256371
655736985
268432239
617876981
322888153
983009639
592850590
993044818
746275546
631172723
909002717
848966008
408912518
756864456
104890941
635458865
447052319
913127875
387247204
740400041
704926653
139941577
930924754
188856083
948403104
371023596
12445397
473171709
105622104
408919403
621550459
915779584
948120925
556202593
165484658
431782905
368022217
901754094
409878726
488446148
100993476
112558816
593428136
552202164
512301052
763903275
968206334
919695277
512627273
764004356
573800935
572704620
39949196
731700149
211098927
308314794
724812230
79576156
669473875
951864555
970564241
119678880
887422714
337356142
9622263
993223131
900845081
852709923
591379798
673108034
267436647
545298224
503249149
898801055
639406564
592367836
546513439
378722589
676555030
184499829
402817260
92750118
960544435
341617746
835118467
48845838
875830388
216420775
345103666
857169863
706970674
288446061
232280218
458014169
517881905
981314595
225136101
256071993
542579901
519077919
863058192
115496411
328315479
839519237
496567709
28502711
69455471
141148140
92293585
618731090
761801353
346089640
403021125
484974045
549047295
877814122
159134443
545804967
502237674
960776423
117392743
684424306
507606257
734209934
966137359
978990585
313018005
45234979
380919149
658091968
367231735
290441445
836142687
157477110
321441636
287320849
764434638
121025198
845050036
806615755
979390365
734682247
124127190
726372574
95368509
360881033
885424934
747306171
908966873
640067781
822180151
679331132
753834317
581803476
401685176
178633885
607890152
594105543
873381876
517577122
715484705
24220492
760228989
434201615
251499354
471359908
509946952
245544014
163532409
261726445
113379483
38109245
700754930
695621918
981386057
382710494
560297116
781233681
638841424
605256326
93565650
565711832
136268105
740851367
835911816
687900601
536607126
254339211
755791933
142807750
679430695
170329095
247643321
327472913
91131050
955169873
974453256
689925573
474873220
624008600
850934079
639880919
583773762
647240427
526688297
784070906
978576201
58212399
600417418
18974681
618336767
826656470
955264117
268125549
424011471
149772873
887952385
19377622
598289798
563598752
934752780
255607741
489752080
20724658
582295749
943050387
790465923
373282016
604490868
26216183
408257236
870371542
306360461
14832824
754322246
453684729
981938069
489027676
214163069
51840909
709324399
478394726
653921791
736817251
524470982
852774223
215064976
