579281524
16709357
495997070
959423441
926103027
869402840
495019080
981212303
77838132
694429180
965740724
554876134
152370302
927924904
970766802
902596023
923095917
247568352
240872479
209175090
665093056
116515840
470110824
834287388
352209467
683406996
715712363
603591825
476025598
198163149
456284847
762503166
279662084
249905513
149670749
871622647
739757278
239102390
795913884
786905827
447739293
742795083
696305588
196218805
20247224
825921661
461571670
831980460
814621761
660602963
920611065
147222027
1475227
650810838
228497994
462765684
546598531
661709680
607213973
242696031
153690476
891427253
505186704
879674982
238144333
203237558
275214050
902464788
778254155
99144155
162838745
683993526
451654467
453966650
761435796
922297972
420210251
273892019
814040164
526287805
221835325
883731901
788970063
815422634
277552082
309062819
761027938
628851244
21407518
686905064
325024115
78047597
631888416
553217853
633215351
556312038
237608378
816630605
958074470
817009665
550707610
559106880
53726305
715477606
497764218
236617538
695567559
547508576
889375041
306200021
42555432
272706512
847669515
80926168
20860705
269958574
102457190
689764069
602122899
929081512
442209618
646362805
881057269
91349091
774120038
84791147
52105110
898436612
820751298
205123757
684689593
603579645
315817547
997030498
975580193
662728443
830005596
73492456
317658415
40934544
613495259
213519362
739476201
715207495
644349631
52317603
230378081
550962247
532357147
363256776
453854847
547844308
214507705
28992958
374800046
904344804
678049610
962377212
941357566
412973070
184512428
797130945
726757277
684251283
621510427
438975786
956888963
850639015
105345974
358132260
439952976
28964734
372105653
561188355
315586253
228690256
906886602
165849774
446999458
721802434
854413065
501142861
366079465
457494521
751268909
136845285
389071939
286824588
622230451
71235388
984678832
867628382
132134888
904685344
856422114
816364312
486762083
55224917
93697068
205373844
95428638
379739064
445616272
174224886
923303799
424890113
175738654
653319349
713406703
146109790
997458200
512199836
515377754
219555131
558560004
683369566
431051480
269262756
932982373
484665141
49903847
670064374
228408564
34110586
373453426
572324593
896829844
467420308
704766240
499221939
741928171
851661684
72152705
241625613
626373796
474674000
55526588
191854578
534190721
326378796
961106629
735752588
573417883
476120661
73777186
472478996
352250628
912579755
346125339
173052547
385312832
217499327
122242543
609031926
155469997
425364262
151330500
411505686
800771459
350979205
528060267
708318344
948553108
214184764
404181618
145796515
440047130
273752140
593181334
83886004
627842977
239196902
735072034
606603577
523558510
314151257
96646490
752287902
960333398
900974429
220073964
984250087
121294969
531713692
113909107
524428843
729419141
463120778
86155616
201009533
323343500
644020900
391083118
183211515
798318527
252788285
787199479
359233119
71939043
927980669
32431866
78498488
319398421
262239335
545209569
146115930
482427292
515638964
85473415
841318739
328717771
399042597
451172287
899797028
130905241
543810179
587023375
416839416
100275656
879752773
416377373
976926351
187596524
392171800
760542502
983822076
848113782
551860518
808285049
270770225
526951777
737413370
680348858
32352728
868542563
141575476
664851666
859055632
986504122
967793176
42001550
213780176
377647362
244836876
872291760
924300902
192848613
491286088
52306273
254508348
665764908
370360062
258957463
192186268
511603296
55505513
890901963
927226619
501696831
561387492
298002146
930566772
707353914
814703188
314366961
591304400
718693737
418819558
31254465
989329763
878958511
727967741
430335293
132482479
837751222
202597196
599278988
942759646
519880038
836241599
790973462
356827694
499554245
553776701
605005316
156591714
478455906
488162589
520749431
813037049
250673512
737625046
357358800
425116630
669791029
111434777
506426261
562944173
930469913
280987360
205607164
774029053
460031622
62976509
375549835
937797165
940024768
126474983
354435045
309006099
456226524
948142315
407346580
665455231
770414028
941174451
431012527
153577213
209697872
157775246
112848493
230531147
898070126
218217415
738656251
141333465
370608940
5218663
462691448
726316445
696170934
36334815
12289733
238892678
630634435
16944408
896796070
436577735
178226865
667208149
216566945
351980923
133727544
211743331
356810525
302531196
330278465
691903568
654702600
728616577
680422248
352849047
353246300
772694666
168138866
975076015
875958926
241814207
324320257
234216370
567188224
934806105
663783534
628118599
612835164
419891708
935852581
168453901
34820795
753469619
44378380
994434791
975350346
542489722
941208300
760867569
96803603
686326794
861406888
436125055
811054998
678705371
350516061
734074869
45894196
343321887
683088514
239595066
70753811
655558418
140985481
654981862
112257478
944010494
100019925
281760839
688197387
505608943
598908166
936918815
366678613
161824563
657082772
901232980
684238196
685987456
377498699
810756577
831486364
407271296
878272412
189632131
380407317
888195200
423161370
888482852
584290043
929708663
582224402
269513277
736803193
696257515
97700090
379262376
612484138
389396516
882177312
31339852
442469796
659447461
72670182
591194658
87418628
924488072
69446441
649230434
21622598
449283080
49836672
359906739
965823186
872331935
408108700
663482514
777286004
951353348
274574545
224062276
520849124
211537071
697470794
758488722
923384540
329394888
200115621
670421097
64124473
277820396
288748842
294841680
803810142
346158847
368286780
172038903
334601113
287077754
102213502
455919244
818748759
773930934
866860254
135006963
879871990
222317663
303690089
864471256
288148815
434217574
601976371
661130788
114821971
658115035
510490726
230932725
961976665
314181458
667810117
758023738
724372450
399025343
585105960
743802201
160534238
754994991
556096595
619664339
504045155
236069796
328881400
490208249
849139845
818655299
405313516
746918188
344676816
562463831
878616730
701066876
25704799
335644364
382272281
629906898
675844023
627618052
180019708
145695107
835668119
137354055
210062236
20419655
619267636
344189762
731546793
419723415
188824973
123058053
974472723
124876999
666221066
684025749
360426101
52079018
105336173
111768121
811990941
296166671
252801518
763572537
886255907
399512834
435564726
966743239
732318939
388728086
16753061
955199061
67958177
532916184
574975283
410401487
783996218
366691100
26007560
308461745
870940612
504950083
87108506
985590100
558093214
221618763
587991106
753739731
34845809
341679048
975218262
330193263
524570725
564075901
815627110
883853035
892893587
72095582
251098146
810549400
584854927
652524396
611870822
342818707
402970353
233625911
55099875
441556539
549901714
255819578
900029530
993734999
26071457
796874426
240827508
307040858
209058164
267211417
205479322
664637143
811521727
681824994
931897429
390639891
413509823
686559796
430628336
503882274
717289073
691122246
517507899
711900636
115592953
215458158
723606817
218416215
893079259
744289798
582619746
324467303
166518887
146434567
203838016
779026229
441649517
981483261
304121806
727696297
323248393
508586251
674794870
625682170
866616258
586461002
999027672
903029932
720626966
221230930
929308882
716410555
802997574
551217599
724267464
858779467
738311678
188128894
878142046
810613297
73267609
22411292
413961597
464768365
684591670
881012018
498118255
665087159
477986977
152871199
948990372
432026561
382437990
702932037
180633881
208702821
16327375
891825728
845284376
529131950
216430485
820576883
497789248
671848328
814980914
866209189
521469727
615301286
422167101
345058548
40714551
253520623
103341214
493508507
654428687
300837100
94624654
210026505
941090499
985604238
88342746
333940512
425042954
567755766
272240557
497282321
333972565
100065536
370583718
515564643
842452091
846485949
342844516
349010096
594182812
252690724
524622043
742113267
649787450
818382479
359542290
882816968
242920058
132928429
112156648
695469749
328685346
888929482
48503350
879796780
114078167
806300869
950735228
859680137
440789203
882489971
395533929
930033480
399607771
317698592
532236624
421404191
244717568
906602457
502606455
194228600
910676105
754331116
899325693
401737962
776215056
352511385
560239053
122708019
626061947
205525777
91020454
292114525
455599118
576770806
168596974
445043081
51562185
490786937
401486475
36151222
895750720
483164378
908220891
711692840
857156794
594588561
342505495
332088857
286145855
938138098
638099399
336317599
630321972
917928046
784793642
574354229
989603788
646765386
103581724
761566780
246061815
828027208
233618189
235263426
791469516
103419403
474434362
822836964
149101617
87193542
369842005
753930630
505115981
466455233
298477879
427511727
846110223
187632853
544581167
181626494
10005889
228150196
836562162
687923848
567426376
754702854
661792552
537671071
791977162
594242744
455439292
404796798
387205213
639919694
790089406
67723511
249546188
672957465
920223322
753737390
120154199
519668530
182987240
198952312
568296092
884168768
831201616
163866738
619450167
357281915
728244004
801970934
102184219
921955228
751560890
17911619
991465045
545694340
667837048
36766662
441626850
936763289
30859801
554858871
631754248
965045206
366725417
865196286
676365826
230754367
177965538
173152758
267409529
790843775
61472294
490337358
45162956
637609849
119627755
683257607
923501236
497925813
918220902
434695247
865998739
653468356
302612578
465249983
888358802
772177787
76258465
703851847
5120416
883456659
312110539
183390908
488808728
628128367
567198062
603250885
517443351
966005328
487500911
388695800
179316376
555091245
534561405
311340443
860482933
261223532
972748661
353855195
426066584
984579440
113265425
943701036
18542387
596164553
688860131
978285891
662432628
901475432
976837483
904188038
154495901
474113690
168032342
383952868
478733235
878081385
1528630
417034588
