30795314
163645895
191435996
476429957
603938192
227592481
321842450
272582890
57573537
118011771
996582542
251593491
91403576
852357418
89929239
779575751
528287043
141200973
147323326
418938470
44356379
319554889
786763262
460144401
504273675
851337726
653233246
674896677
264182937
682284608
787140082
389260540
596646951
119032444
637424177
820653121
198831512
619846969
714067004
872742472
596062167
692849268
100813794
211425177
370709101
395953336
732170831
31804969
374564634
905447307
933784632
851666837
808848039
985787395
482552484
711240424
376882631
731291594
972156281
752600465
574359234
646945772
8399953
375288927
330871688
607322001
654946539
972371130
214933241
269276116
580744238
908440073
427133967
274580852
822876302
351507110
218741095
575338085
89435300
108320338
119166895
621428276
300332043
358735628
748499974
935473244
580412499
610859555
636479959
926183752
443770490
467539916
647690686
961466538
298383238
949116394
684449314
725524865
880553488
763387098
741006796
759799699
816871727
105288517
324703068
25344558
424532869
534267186
162911093
131045374
492499329
801544545
641856294
863835942
633433569
952930956
346613729
649664323
626788952
395398442
26909502
44086983
335891171
288749487
825505625
113204321
260749386
465667427
976197613
873759906
667057794
493216228
694784596
326048201
367313540
359367194
804556547
195043525
34032559
723155415
510940374
46145312
447948462
505434584
433684422
642225944
825683621
783854743
328032968
345452280
602502665
34784990
98735913
485155045
736477595
696919812
423908528
528122239
279782891
211498747
764595171
958865440
558069572
289151185
463987578
999283099
106759949
315808093
496522402
274066375
148374408
151570203
615631763
903633535
884458067
980764189
596138520
830456586
855065064
183279681
287520699
476894642
137634458
630745332
271257241
632272803
394480314
209629550
589570604
670393726
935458665
276434307
915260633
822533811
958560243
552074932
488075738
158797276
41447005
434401321
535465995
509875528
287332340
53966593
197077872
450932461
419153225
195102377
600696976
755713405
100781292
593451941
673057174
96503209
923978046
287700528
821230981
927324239
17893943
831714774
604802785
897130397
726237487
826128675
338607709
871940100
236309569
793097951
945073290
332383134
492688450
437341244
789009580
420663742
647813685
777645169
189562302
83667865
433667460
820324779
213119577
199377937
608932573
833857198
569612434
342006724
603377131
818757423
898555763
670859715
730843949
560751498
140903332
209732230
829598535
638335596
783638040
461203664
715358883
325137771
214622892
626055273
250029085
268313842
263024954
663440046
804442359
252393432
448689523
146332877
98138225
737563116
493656778
197569163
618595196
405424847
288197824
892380287
256516240
996600984
268562968
417552144
894542186
274213575
601539184
931936950
296437911
579277349
591065205
9478088
994007127
728358637
368308981
108529689
605701886
587064303
949348851
340618730
570832243
906172386
537564363
350983699
370067900
752222886
572721489
993280832
67094719
943334167
591137033
424173688
350137772
891257752
204687423
718757898
56574802
797070746
731513086
975815509
666774657
331088003
367002135
225165009
661328226
439211434
152325748
369779587
369254135
385127089
591867276
31530892
456075995
947579092
321548043
350343853
459036620
917579268
47484244
142319299
701492084
608258350
864842230
353103742
988140315
166891517
659340314
102749375
523671213
649551082
51954886
808631138
855551215
973533340
673844072
239744240
539170250
312399353
689655471
930856464
599897137
202941902
624026696
681967629
351466891
559606140
968097691
402558679
569709708
854343568
259721277
138995533
749586502
589193787
274323425
58516306
466245772
13898392
237024693
494436709
779871119
49576373
846108372
719703052
333172203
783236136
175979676
482542653
273735019
81803803
811173601
146637266
227923796
116627778
542422161
498550181
984231653
182874601
1636851
428534174
198793824
256781635
533039665
669327643
389829804
912959351
59044636
266357428
699209915
615327766
773498467
525271858
75374660
195218762
150985345
550320764
356833528
904323643
348795425
568230754
383626464
485555038
128823659
487905905
43169967
113084010
911071736
632958723
46771625
775773242
74284652
283371170
12261541
808490518
295642885
523089484
516536706
176780728
329873247
420212850
724191499
909622247
783332737
658407252
308305335
285901743
71262606
32705034
965642432
992101395
141716653
79908009
834079174
433406095
44907710
713238785
127957975
45133760
626157676
276745793
1887615
426085911
219585802
923436672
541043114
490127296
513010316
266884140
899575876
627895860
33784057
180052799
574450395
928582574
844039253
474004215
702222299
470416406
179600570
757268223
41821403
878366702
667316290
54670229
634056588
994376641
449291995
578855444
763582807
582404099
395131508
471402945
550623051
53127454
418325235
298105588
690036445
859896063
117364138
818178037
772891425
804378464
133129157
337746572
958317337
961663852
505457612
905496599
589366841
570903493
11016485
657541568
865533189
868889452
234924389
123520912
758769620
164915573
289380083
546666471
40835300
934154870
503301332
317171776
232764351
562381111
629429747
521322941
510257338
545933664
783967769
842326235
353052268
361422531
984376796
237442938
745237545
329569717
96352890
672392734
488919028
543795395
989488602
192679313
571387613
737589939
605869755
681733598
818203063
294804323
539335967
525120871
570515980
570697665
777342736
838736553
301077132
815957379
104982220
395936226
332234105
984134670
395239260
43433176
786935722
168690249
304489299
504110657
884512654
997481450
378283365
429199902
68562683
616987347
57747442
497039904
944666267
310622018
745784162
495174410
956511354
947696147
703119877
215453015
6597697
258846897
271810254
782354601
584079793
145640242
936365804
929280165
224587496
700416662
340158629
504784357
148556135
946055426
405743589
402697364
433100639
101759097
797220942
820721611
916520956
110136064
456558188
953528631
512950223
280302832
894070285
990455112
70173216
609807809
439424870
384537956
281014792
179786244
36835478
528088825
896879993
522134697
920030862
738872412
61115646
449003199
204612405
368146019
276828718
552963084
348483769
998610840
904878427
343086797
62073771
854752257
150475205
882398264
298932058
896461632
802288708
318281622
269404378
303776961
251569956
945910690
859106948
614779686
260991791
955620671
223769564
968769889
909219947
877654763
505817370
910965940
181728233
58348529
759605965
467517756
905523657
88412168
676699912
959987137
931819061
895459444
85576685
727086418
547734037
584672612
234062751
398616526
880854185
140373845
725800115
578598370
252730319
616253901
487302455
115204954
589896250
589832718
107154228
321208046
329193519
379713879
89390892
27223663
837269426
151107829
673024023
92126675
122792299
831414300
990937973
713876539
641581708
309417239
371957898
356110511
860334005
132020529
67045649
676319178
721557919
825153036
87915703
768846102
151854648
927218998
658235621
565474331
571046073
644401010
877621504
315690939
981257939
355491866
630793618
552105182
806068551
58353021
889816991
396626208
911648587
141936075
275824227
49439885
149435871
11923576
937016661
943313079
244296002
131191944
254870947
457875720
522787069
430835048
599650125
504040482
291798175
320544789
875369014
910050427
492872207
107549692
521080601
478391288
953792794
675247033
732618598
286089842
678623620
819852715
550041958
801980984
242203537
670419439
764670589
579621844
549328809
38475818
619410230
139931071
990202336
714922540
321178328
439854128
389530062
419745784
792903869
550422890
755841739
126753135
260307006
485523762
182984005
979766562
903754000
804098894
620855472
797432938
95647089
474188836
279304976
650926818
264689459
424443286
581149985
452889962
215672183
852367628
666164457
20028281
954711671
253322357
701134557
735437942
919848090
777949665
786371363
81226473
88861225
534047010
882343163
182195708
530248101
551870484
559545708
64518196
618996978
262436973
766665438
960571694
958766370
751895870
942828727
145221394
860626094
339275517
450233081
896735041
858704142
936640099
204073600
940536240
884258431
735813458
172041463
6984649
784389203
447546061
59918472
125804334
17727531
539628999
708571713
561600078
591845672
97109268
120678716
712818974
864897576
516631789
833892982
953235208
85702189
705592762
61261909
202815801
310493628
555913163
874811847
580572572
327716583
889636320
222522329
152221124
329973409
941806922
297937275
794434642
379829020
552561058
280128991
171450917
202518500
640861103
942844163
419137371
43324157
381228649
553375721
763516826
218596800
737414106
31837464
342072353
102747117
250838391
854834050
178665669
674551549
969225660
696491020
228476040
572734213
479345899
798087750
128091209
317106669
556350588
231626668
650038749
799171992
326244073
332989953
312336517
236502798
662442065
750716707
444841084
762748597
642124536
159491644
929264977
2537441
111295021
361975772
590302476
857798856
880449975
49474007
79135018
86972871
119271605
119883092
410603359
856070037
51652950
598716702
723172600
842773352
814752954
102030701
486973567
149601981
903336971
964344832
892352726
404424153
719500945
105569554
440305050
500121682
409992965
415917070
32427012
809734015
767226041
225938598
461439192
117370127
207785273
270292351
436656692
506876581
152491649
563065877
679900386
206360980
922386592
456266479
184849847
63725362
27544107
602067730
947995642
540093834
672518076
779662996
99200469
146950187
469623044
185878323
138297910
774880420
609168955
579013334
676979905
703354533
87456080
600869342
88843995
825714350
137277509
605802473
634988078
544460602
665374008
980096985
997110330
340271093
284444446
685991746
482037559
263234466
920719705
376579687
472577575
807925233
467921427
492333177
137215939
987563044
126738129
314489005
647747081
21906950
131994441
661776270
897707624
