127309106
396281397
73920328
508106677
907650169
508071651
777320472
624765306
448428664
72522462
495381913
746821540
131582850
675201679
853824841
915204775
235842996
864105414
269394599
11198395
921840229
59358309
869899757
627421744
290777
483691355
617825221
419660312
67828075
734829424
98532489
139900735
525977371
7145281
578671531
995331627
290264261
896578536
785001611
410415037
934286893
396127455
814214960
167860876
433893130
343222370
789885092
997769810
703689271
653601185
730692151
430646475
810571243
626818075
369244590
67950796
526381639
446498583
507815899
423958814
890246429
357660159
556937230
713599239
973989971
355481177
220844169
124437569
96530147
858493212
624940513
339264458
79103802
858979560
76911501
525712774
245143348
702038880
193528613
657068406
693806261
620055410
715971040
414226889
4137272
667886013
329329490
899159294
637900690
510720734
468949988
843765676
388762637
361042797
520168607
576626734
839190223
100615721
193870904
78411952
122378201
665447523
901239662
845196057
28660671
391427692
351542672
951591682
549906574
843531814
822807447
824342757
252969969
850747492
730152551
270191018
641689118
142710341
709461966
306103957
26151686
321684873
486536877
585809412
389543223
781174835
950501820
718061003
338810952
500284766
686522549
144527627
508167976
115116661
534690205
28358738
718815746
870774982
385566218
612709579
316343341
377737807
349252719
794368874
687913286
644607230
590795707
538015144
630890245
249977588
934937614
696479882
391153753
887766945
52260265
800693326
178910645
315430250
455652833
247485834
440925870
633481667
612780729
49621808
157009265
678279820
316174780
137853308
316057286
701793812
551375271
770914135
757144121
96752386
989760615
648413878
972432153
692168002
897896124
744935992
190379128
412486676
87170758
88833363
565347150
990042665
753373872
620401030
62856395
733996877
849448091
403385495
415122148
138080384
171783708
682861672
764957077
299630910
637359609
9633465
328432450
452942399
221957857
929096431
698602316
164023479
939335760
294401367
898006329
403846386
828261171
486742641
417534124
710716840
57106706
28439194
546310909
523947365
484274657
166966598
924905947
695773749
74996912
582060408
852345719
147989775
355791986
619063737
924968676
306898942
883456799
672801242
54808393
888262659
416503541
737436727
190528819
158074325
390231046
401323670
50706905
458972504
722394699
659010008
905735705
362705449
985851369
704405306
80973677
143344514
136550763
241009711
815356252
470393010
84727517
632658700
377945487
639897448
76750711
550612540
808231492
320272022
369432689
591107386
520389585
155459929
431934248
529271464
294213298
319669977
837910374
388236583
133716319
82950987
116259692
465933442
973379048
415986903
676324701
489640270
162138405
651386678
538090059
781624162
170348178
642447088
857444989
584415381
803535142
783844840
359491240
550631370
81323613
839618504
593092177
730434882
89539814
131287312
138620422
750275775
930771200
456579905
410192008
761303699
305434139
748314178
107293392
732405264
354133317
618794073
659279650
961958582
963572745
587110440
388474135
156844813
782181961
587808526
420759207
877942496
298014939
847518865
725736321
510368456
960178736
287279004
306912970
294097814
489858809
385824809
376393628
842091735
277366481
926048925
558869068
705558498
241194670
776786359
476190022
422033999
535153696
125039724
230282063
184741068
124565190
397532656
587058623
494213171
451144369
436247363
948252919
501731286
710528104
260677924
452260835
83252334
730843582
899823550
801124962
18155135
441401208
813195576
242546455
968308507
242400445
817187914
684592101
37523819
28241372
682915635
915650141
5395602
111618503
998725207
342788800
172975215
617236801
540995252
385803266
562646079
700220379
812699798
842953444
53611445
437571889
874662340
131563631
16688556
473788089
475616733
974714915
341371118
975661396
458034887
980632790
721958118
882493267
261973555
942340622
307377274
712940553
549534804
465971799
768228732
520597221
942857316
390112783
711802895
917889122
279285620
466015532
189848329
514020283
238478882
317934755
628701408
970242131
188935010
530736617
367738104
685624282
667903544
563735728
552624637
708200719
574279023
29734204
653583615
18092417
620830681
290481947
355263246
598654629
78425991
849705524
150685574
346727998
74724711
533014223
494714571
484549557
419760734
98799433
194502469
9601201
784866585
827350833
737182513
140100132
351931381
751715985
693558256
731236936
574602517
621752991
45037008
985799074
913347160
60028013
946318197
913123111
736529166
693710478
297058440
988803672
110752286
591193698
435594292
388773356
167249180
281973410
895517420
655920786
36022046
883188546
265863548
569104111
369233259
543023436
923334132
746928188
292551690
513483482
666161034
869114695
596923689
624026308
24052111
456672999
804668515
164886499
433380836
14696698
586696025
581591459
748020389
726050254
801740991
205698796
898848914
193672886
391756541
348409157
972850951
69957971
856198563
37637470
695214890
691413970
355889442
475932896
616565815
370323724
136693879
199390008
620571421
223045684
27549443
427943744
391879982
486725976
567141587
978921291
584104839
2362681
848592572
880820722
69224761
454430585
135168156
539813292
767363118
163534462
644174520
729661246
355171646
944142532
540632530
596203063
12916131
559286219
928811416
332638140
100783557
328735619
548320682
63057112
878002817
387306016
961020036
524974704
698500811
373797247
813818812
412122937
626531298
412835249
764304316
970488270
221365397
975377840
968412707
240784304
556245813
816076149
708569776
453031352
726149202
407032632
844218361
676428888
682413152
431346378
415027612
832593762
557914558
234503446
878137734
255369220
454041997
785535460
2817904
681918744
493410548
610193451
841312480
393565870
349715648
232051583
103129947
942336395
179838215
570144259
374837666
37538290
590873510
688027112
776392325
284707406
620165841
95289330
336907908
470970185
543087653
284591147
842561550
267154432
958769634
981225049
854208377
392027851
534697514
508935095
516446273
435829936
972559935
286493963
747373755
946052361
974763668
315003906
103315703
494097619
303902684
901881964
496590672
112268893
56508712
377489321
241720252
869887445
458111120
593430327
635203377
358752666
448627552
531847717
138831090
208819400
767631899
574158047
434796234
368490598
377843205
711102095
407638881
670903118
53697986
939007728
64978353
304379546
940653356
830339962
309943737
305161935
991973625
842810288
167067501
641205687
788000474
730292657
210645719
581280313
739504797
984320930
933916729
941267185
873731717
157693606
987202383
440712217
147662873
538554354
178420462
400605620
880207670
734825104
116254413
592800587
494243083
825687552
58570907
117500983
312510968
937340704
929234088
627771156
283486589
330041441
366779039
605817263
364780216
497625401
420818925
37339242
363512328
853515920
628985799
393522274
777185364
466371694
797171400
896004378
951805344
624266134
156716673
402099001
651919500
909338116
424954264
257148521
726555874
574266913
146962604
962312920
671721749
93144736
268769345
802164091
55086842
306145572
657780596
543690275
790914565
381385119
75932001
650037470
117735429
141081220
37093291
26691749
105839304
722732138
815615221
27871388
28516152
162566528
165695637
688244832
780624031
527135086
975851655
374148472
905087176
109630518
879261387
790513302
350662797
458506003
365617492
270367592
584746575
826821707
338435431
471039791
808591097
253481124
105089813
570420224
548334133
506679201
284363571
510838279
872244825
398262514
151309217
3823736
758651690
119091215
933796768
509155221
927449097
580524511
21540060
527951754
330293915
283632124
638603097
681284047
502123731
285418698
299374672
659229424
775463727
766725698
441945173
279017595
384296706
344575430
219280289
775035026
57476714
595275411
139910699
273944829
242771515
465013376
501903645
506824662
958321299
875437651
31861612
231571581
524709234
856462270
342918493
4222063
805281647
810483676
140745875
524958973
614878025
423805765
68296493
262915434
207304528
625134145
735374551
105519127
956317340
872291620
619527028
414076260
899810925
158761741
451678506
332173686
440613812
747595229
285180239
865280538
781728477
131778435
722962746
626686079
253557086
67803091
134520190
919001456
423807204
437723109
473735947
573813029
203829554
694321315
160157000
633670948
526978918
876995263
66640301
617637368
729638823
396384518
550507320
86029678
255910622
617785351
331760655
365947493
404783763
10744807
563608250
57686417
525303437
275465336
743230495
483099590
700843017
441610413
9358348
139501437
490613955
816373094
681711921
518594231
398555672
45713999
210246705
205489609
998604739
818007556
805194767
563618547
680954928
667542870
135641714
385343958
581271113
636933068
370775456
635771734
736042434
768572696
514217692
413062397
874114857
416049530
48509592
928364217
951090819
677057409
932827930
85368504
867636915
927138862
127023412
913265728
714672596
31913089
687474004
210196623
407538645
126271045
367342752
586776205
205550039
999989701
376731488
857760565
139823621
357886536
901828475
63909948
70834957
373586613
403459001
722041258
302155401
268649524
644479372
982506141
997204406
281882487
254398789
321547330
885179625
719826262
695981631
753816064
540519457
222375985
670671361
549358024
949459062
160578832
228233089
609771389
401229943
927441485
207512358
874125155
39318041
190749025
788540596
593204282
775228933
868917981
14533547
494050302
523679861
404982152
611110327
446023071
387433716
704967861
212992216
125656157
871872255
45795421
701596579
485723775
304008069
622915423
317241107
917447634
687215174
352470450
114450884
910256123
145353523
793687611
320811314
374713914
61137166
770354215
943188100
806455380
493341890
661194506
546318396
16261643
705292714
201931329
230136203
135537305
611265656
224648289
161924308
244491201
947586615
