825489550
135610835
397742986
370059519
296236172
166906804
352575282
581392182
503825361
788268441
268358665
667625632
957302785
982505260
846944980
235411566
350875862
602337682
566176257
732656734
803262303
260693777
11338223
84709990
515180254
70188478
941634526
719900244
647077451
846923422
738383154
825939448
632437713
919207202
549335587
938458612
663198175
191853188
183449688
786291864
565279687
770417382
582761423
708965830
867272284
385981310
660412829
937249003
385230578
494745061
607710700
39748454
45089771
281912189
310766638
564795773
124272611
313032995
854879263
226047694
225272276
632675037
934314730
656901937
49885286
442419216
35187919
38095583
433169673
908486366
572213390
159022673
418887994
779884392
167377046
32844921
677932352
302372392
217437704
129198943
409775647
4385523
334669666
152332390
239212721
698634700
780849676
350525524
608440564
984539812
814186001
350165179
336973923
957401993
561019587
932604649
836102650
925859485
659080543
424853067
350793391
622317245
504079329
476744210
922531669
448688026
620860459
265205378
114535142
277921716
886863420
821900218
95595290
725680320
816272045
220886753
298005371
781982340
417689215
351250585
661569539
684662393
429655018
448629860
94300365
222048210
822048749
461485999
218864804
234772396
196742269
752072866
643291847
792584636
778405550
787458400
500306192
857925454
229800719
790524694
77774241
515644297
235990381
330518847
97676392
992285781
254569888
611293602
141129947
340132834
634599277
54120310
508170269
307829958
763283527
666130996
192662227
55449468
382443845
700483459
626639276
159374459
46340573
879762744
81179447
134790554
178608370
303010653
947274768
28813645
720580559
440079915
552181621
627164520
273476344
145925241
448672012
99136171
350953468
102014582
967478321
210755146
320356052
878731969
600173117
142621959
243902596
335461889
29301109
112274554
594796173
444856723
475481609
529317259
163885417
918399780
469303724
356227635
249339399
962885837
813677411
951559233
664018833
112316301
619552273
194519362
501938687
881005748
34353613
617358285
217458984
93526055
704495999
280429262
733005136
415884129
839018405
167608602
279589627
938557486
890887956
843146480
273709544
835000214
434017470
275723835
964598305
22864362
463279102
355076562
676621516
92444376
849796770
388067630
288337170
15919087
546736312
208039750
259179695
405653755
640683270
362896847
301108275
411942823
894815568
501270117
740360723
195052347
796312121
748001287
79381374
301695121
76638008
310781911
71997880
970530929
677849689
829018618
678298830
343828438
229921056
479074325
417726645
679277049
940736767
125014608
243729284
316428369
992092091
717086049
869147815
630978655
908428905
873935870
297874216
527991109
542038205
861766720
940184644
932747352
535363110
769545957
226552239
715277814
275695188
374926395
15806368
539014858
316069749
317806240
338069396
717717693
529740919
915351256
175732699
161608945
945170200
621831224
471206054
769800960
257540833
423932354
202960254
79226071
878853470
448402718
393266214
202702136
12907695
544006770
428492724
816082968
888833972
745551476
808465326
460375097
252522085
702448830
403581861
565810371
109208240
704714424
358619
674285851
379016652
151430122
101237735
993077648
698203171
136265271
582820907
920206979
390560665
170383684
675206519
111430756
566585702
147326168
836424342
827292468
981660180
813104230
526107163
772062978
889313514
521986427
828883720
784189441
106885929
715357600
909086858
242721370
218249362
905395681
660592720
552826407
423573734
528674402
700209418
727423348
347164982
400188564
504498963
876642423
961185861
508285743
425522302
718450287
70344957
697034570
893789393
105195917
866024486
576289391
584150190
296104008
178607261
228295639
784972335
857030224
322546400
317048292
886191719
982845569
227178411
340099536
701957617
485164982
509790963
122380111
687857020
37911300
447116748
109000994
480127486
581471615
308605266
649464739
810877115
381027771
96464124
110433433
713844484
409851358
821568206
803890940
376696883
641959970
321245491
364488711
374219146
195278095
743702066
843179193
404876948
30116689
513996844
521653393
649464011
621086325
806328125
940357319
208659323
947964844
9177549
855878093
658079167
757023491
96161905
2678574
987498741
529142521
417418522
403944563
760566099
212112967
603203807
476340360
161277363
423287470
963402652
59997647
163919491
145302252
748160964
492578925
294209232
603937554
704124045
450010796
67474771
786951872
727
189790790
574699645
156106803
901774108
765879638
400673809
965690112
145811772
619673390
545798064
318566916
376989969
845076624
777859571
339757502
82613093
192763980
426912881
37656483
360376029
226176541
657683672
746330478
776437828
63357071
199803880
516598622
561668860
54141613
52899446
646151108
935203802
200546868
529141793
227627731
829244917
604459295
310338857
837324168
75666551
195587250
277475697
343729261
514199581
845352573
768312281
903084339
714719352
954451728
521324460
511360064
23097915
29818287
426575843
773824185
532107117
828369165
379668974
838417036
566075758
884075185
404021251
91670159
566773943
899646955
383363112
176443100
315934831
550231840
510512584
478153797
882425121
589588712
961989931
164788779
948700842
313954410
232130896
931085253
295044788
296719540
801879269
607217131
532817152
541539381
623053193
905385515
773971024
755317606
695520612
875751
224790321
471921819
271248409
191591365
791565998
185805538
776955316
614552625
461989461
591869181
587149507
164487512
443939144
43170663
628934941
433509201
67828355
261787063
825123341
218152707
596238269
448583720
543372248
269356218
82195915
796804118
558853006
25234562
276593761
477977596
402472075
560617223
854711226
509636832
253363475
410503302
318340302
770398566
373222780
762895304
536999092
617578270
469095792
703175606
709570031
637391757
163277986
489646488
912604439
189543991
837557159
512183960
930194263
477367905
404637481
776206600
928549570
1892191
109395449
994761878
626952530
751720754
337958863
984011863
189397105
26532284
309776285
934302311
789807186
218431639
115168899
297429788
888564282
62228037
681153613
978659998
979487926
840196641
559786185
444804157
633526132
69206517
112630122
87049770
640420435
890288113
630422958
377343320
104999350
477156874
481953730
316448110
661003116
378460901
135942773
785278337
279619406
485083927
513778500
683037746
327615472
228975674
699839301
694172799
74375091
540127371
623619677
867966226
796214290
425977482
796718672
88352929
442106005
664591291
361235745
557746013
639090632
250909093
343591428
299108991
396109324
932432963
829302961
312650311
736477907
798720788
636426670
510103381
926285262
895875275
699040591
494403999
326418140
876748437
117188685
404550457
369367215
418457321
12674679
100293063
266668436
762456730
581129028
679021866
680438201
393600801
874342104
996411824
17225155
578196759
146187704
28710313
141492499
214669509
286928422
395182507
399672712
387188989
957694890
275654302
903700700
113516295
941680963
900339014
726936889
302314673
761934787
565357566
547402606
956685287
188378797
220633310
238234414
243298364
32440554
633652592
351303934
150281094
632212109
342877106
924378682
640014845
492878226
348088502
749687570
670330278
352911499
111748631
589820015
722006176
4877745
982178225
460762429
737020375
196592362
153152140
820775766
680790013
952084975
378123528
631666012
308984538
449009218
60539866
389817961
925554393
790475897
898194134
182228954
653275828
43878572
249391618
754976879
614817784
351275618
263685854
620638068
593592460
150651443
56606611
949403172
650186156
975537549
825396428
951807542
206200571
759870879
501214037
46706001
879288413
812876825
670513920
198196117
254088580
711211092
615394144
191005626
432338359
958270539
824133176
879854379
454717364
929519676
936544186
678127603
755486126
227201345
845944644
385744757
932906507
532514071
227183305
530138569
895478364
428720354
981479855
333446988
623612788
108732323
183617390
165683513
289261860
851488132
302940540
840399002
373364651
51195500
500888298
903606690
735881473
72680228
188299708
635321919
326518266
176752230
494685808
720666478
38993362
147268825
196321416
978999224
913926234
115469280
113799493
346774341
585693519
140375350
302717752
825368225
729731236
281947156
567392836
323606035
774653149
658449662
590592519
603229230
626579135
96145184
304762951
704290625
726313046
942337952
649863283
860226278
344214362
591861384
203620303
718726134
934034544
260813376
294453625
476343963
912410906
204618164
251757277
173792580
737688639
956166197
254705482
232989300
748477747
675520071
173875454
453934316
505287390
864693671
860668769
668068602
586159710
891456576
94087343
942848177
842505872
492030789
252686178
971588280
465605995
253573213
2559979
993832134
936755046
583991617
891333679
468917859
987493529
91048873
411195128
570034985
406692384
416799938
865540589
670412937
841439700
71773651
955812877
50792974
768462498
195928966
354938888
479520689
731192614
535551699
132566423
42577967
166726033
351605446
633838089
420380117
951931984
280168996
708186583
484115426
953606218
260873347
296234252
164486130
784186391
704957593
466440785
414238516
453498543
290633783
261376217
169359771
25915987
423674404
101408476
770732221
536217910
201893204
203125781
269677029
898634324
523039289
262639519
401203346
451425193
848755711
302191825
635888083
457210783
990815010
618103000
126523388
708613353
381425163
716806718
580566353
775539397
791326747
266606582
63504904
729488179
940700370
26022145
440558830
274175482
963206650
16661980
743051627
250196969
863105867
884162205
750038780
77043214
438509554
585481100
430566929
998233826
895030905
713060935
935430678
402765767
830552701
957027731
462683532
672530782
134852828
460746417
644490822
706867685
520842122
995192822
744891162
935286621
139620876
540188848
957933952
497017143
822080687
127027864
488218541
832093731
559140197
385691113
