848747148
741905778
835591683
687235914
655849911
723858000
739514291
5551600
314659850
496675875
217919101
266835110
262863920
951239641
808049158
835118197
623470239
63042113
389967124
720959179
838130902
822724510
649496419
377313377
496761094
361285656
223467199
502389601
431937145
666625300
734192453
837836690
55829428
240801503
652743440
991850453
898459005
548374272
432324056
938603752
160214975
410317763
134042926
287281294
476819754
195179181
567188305
510006084
180932512
26595990
912023997
801929289
610266609
952608707
187186275
26022637
92409358
458278306
190474820
294564255
500390800
237124690
573614454
648034548
762483420
380082410
211005682
22062416
298496201
816198703
936659191
75095967
630718056
451363370
560744204
427813139
688681584
362215124
900493621
301581912
794097349
713461114
321457088
405341154
754601302
932263163
227570081
103220720
53615228
626720802
899441094
440180699
357899451
137759800
438212951
923090283
836703308
486008376
524797873
96737344
984173498
545125889
211509883
364733807
89936798
836928030
171211232
158903238
391864503
759373134
337341051
730194232
557784683
888892906
500466905
786929685
915667600
168273299
893433245
830220255
152512329
107784961
968447186
671775397
916757608
496478492
717196514
492958255
13150418
637653919
591109829
202673208
837417250
803756277
317408413
248971459
501951230
956723280
315404356
917673271
761051931
68666842
711356216
294242092
289379751
169246861
882396014
469006544
637292894
651283265
7422682
668430009
592575129
694577616
944225013
876388536
576678701
539734485
447976198
593458305
119731515
678252975
145752820
754210582
168263305
134667842
892776981
754028404
571484492
251495445
284978455
958944319
852868942
975759972
69168324
83845487
396428744
674205094
382395645
747510746
614082476
248189969
855665360
361867152
630231236
922679818
610098078
142839633
859531262
441019876
672292757
962216743
508747081
721946050
797941756
82798955
922914021
957145632
125978786
154711909
276469879
128367610
897522051
385797449
366304809
48478362
815561066
616815155
625409292
860379526
479959791
902473606
157338840
700465450
979375827
871541544
822587614
783885666
123979345
245583486
524569763
749937347
894497140
130464615
579202687
322761710
450197237
130922892
177818216
986369367
160931465
439283110
548226307
227683736
471040867
485714866
350667917
469867910
995562341
581752874
107118752
993282921
517430340
999151735
961060083
769819150
804877903
808281630
742570221
926400210
260211340
139028354
833166286
880395299
630142144
526532530
233870468
767057435
806594761
43543099
598281123
684638174
438996939
639039924
699448061
40676680
354247298
929655102
229424583
493660961
520873627
352719703
788323324
542226470
138464733
531286841
232507007
895345404
169404530
809383535
517883806
641915606
388352670
251418005
726158026
21903110
606116823
667831006
597541590
944508335
251844397
583610480
663273148
952019242
983471750
422480576
554285981
878390414
299703674
920383403
415571851
875222799
578857047
248909259
405526582
907491635
350705029
290939816
741930565
98855303
294025522
338525063
597652904
997211224
525659292
956365515
296285504
187578933
912881896
677544950
434559856
686416291
332113512
284916246
241816564
937263145
689446553
836304081
558754719
715984155
977000858
354116591
595641730
249021126
393811684
642661005
63058559
139443410
845891421
818666389
671198080
315177006
925900439
498686287
650482813
913319333
985957574
666061923
426359949
27106234
126195072
366707048
965508516
622158722
485823546
729155559
543109287
293940801
7092694
468263436
218045082
514400947
732185096
25946409
121854443
939908930
742883332
348631778
603399539
882998285
893306956
156842093
341687511
94215507
6346870
119382850
760515850
833427223
634433432
328497229
951305569
23384630
409944131
531648484
589789083
610293810
388608074
973483006
763197579
664656124
99551718
769117757
132350716
377627985
600621307
156797133
582991908
899954029
376831844
710573881
170436001
637325796
62662383
543361663
133799276
969352978
25019537
871293009
615811852
366440695
968639707
709682062
659507367
678595463
516957865
194660452
104456815
200536611
436157325
511560632
551300855
769400324
585434197
938743414
783446566
124189199
24491377
964059524
493594198
849549735
536390940
860561819
456595379
923859549
158061228
313979772
960722245
866582466
397849207
620436104
585274273
517315063
357671154
396756883
696016415
389869654
109610389
453755251
860670118
405960855
52340317
382455297
463796704
865271211
159273025
401035675
51891599
123918967
759915095
9610077
944861601
60960011
377698811
766262115
830049754
108077887
253086683
735647817
520534235
202978093
233938205
237874348
802687402
815721220
926286357
33985792
411729170
188677314
242726999
393576911
14578809
570736124
103389406
87633343
797209418
153935643
396765115
591324167
764586523
757025552
262088173
836803277
106667370
388239130
675574502
524314261
139616252
591409037
566707127
587938527
136782971
373962570
933221015
657692025
172022649
814465968
579767893
648075482
938984852
125287233
989306503
863214284
881191967
366338183
995031266
374125476
957570604
290065467
969052696
676114111
711312771
661762515
971061293
763508682
940889918
397134926
131206977
414448272
140146718
401972096
894369539
820320132
621970185
654788470
256793940
640616238
637515108
445697379
915610692
982743448
574167749
748689631
652339313
639299289
767719047
398873888
955611309
740329186
393207863
301449025
566743656
849550783
622356340
890593015
876625755
475020454
402901276
169712332
716802105
774887722
683258991
165319621
507928764
537012756
230917692
168986371
241244098
226403497
109544243
354415028
736610366
511873224
374454774
986309246
101946362
962623138
9423201
331762003
995789633
542016030
441523615
390877790
21240408
838697691
835228438
44818755
197963791
731377168
778162714
781773485
237714961
467802775
728895272
140722969
299484457
408848128
240760866
115326557
408381596
598732675
157629789
729207812
630784942
38792835
564838658
54870431
475096009
636047093
788646653
914002615
465597252
71139272
173922697
174786075
333364106
292381201
144079212
669231072
701784316
186098937
971022578
509866929
448240781
327770756
116700066
268807590
782977951
233731804
686824788
693098233
721862271
894096643
923380405
397056958
384386241
712315802
760092846
982447572
273859033
780358007
569722745
561916697
942730514
864160097
316176232
166575689
293880077
554109197
807358862
7103256
264768916
571529793
413542240
222282659
627710095
647762858
280967030
303014186
922092767
296031067
271892479
241364205
949222303
95548420
192140343
571500608
147758866
776865738
790399833
621048302
532288354
161631638
395372038
921426307
616376191
409105881
567136414
584080683
11594524
950124375
974927511
228868753
426372940
679721532
428329317
150332478
480554402
701097746
769346861
736623381
431348772
457078660
60354805
977827964
508465528
328358540
612694392
847182094
672019754
744675623
18816823
517014338
763709363
186310559
474814901
103137277
176157754
492115932
605906467
218604214
80626444
696886346
291419661
971968390
321103554
43023725
814991263
269500771
667219102
41807865
90946205
446661119
7518876
53776451
189699530
75209693
101276833
417544073
412960778
288017650
796411487
719954318
912060928
266918899
931307552
457913173
465159389
240062381
204906630
325192039
974174722
988438469
95191278
550742647
655996936
734462424
165658998
88386413
656724410
465441803
513367275
343193620
179962992
630211888
653729417
572155703
509495461
709932911
996611027
399605207
1860444
758613680
79155153
317888816
422192725
360672124
784825417
24500762
40660838
863190379
577864334
574928881
64594141
342027062
67633141
102507735
351469840
456776228
397779514
455237105
909550694
12890419
760819661
947518974
774650374
453217867
539991326
281849039
613189481
359151849
948417711
755226477
243451353
805301422
323331594
215561041
909283315
777302460
128549921
295324811
949637006
141158236
47725575
793534029
887577468
938438393
278599479
837935928
562578747
551221681
220685862
52719233
312153396
541373922
490054511
988970023
997794017
131636178
543238441
968974857
820680797
502976378
411311279
681508987
914772667
822637855
331477528
259292717
18695468
852072098
193224418
574167378
328226306
102454702
505600097
768392458
965164843
967285631
59941505
836211979
174618387
702055397
719270290
61967799
138465987
895698477
443073080
702077429
315246910
334361569
217767023
777647137
234064019
159575063
474644013
446660628
729846955
366216586
878761360
64939612
606960864
19306761
819240459
710506647
357997263
646518482
724492925
209698694
35773824
721662052
23805180
30508385
71694673
707026460
794356470
118625399
783706086
349343480
543042999
19074189
379564774
629400097
944045806
684333898
634305075
415577280
340103359
168651243
627810688
58939469
38545503
598948257
88524271
995001891
229251115
155311625
882814936
8763643
703970535
491947503
171205552
233374386
666303605
593584857
310556389
187258637
705952464
527037557
365218592
356018613
662954541
380503474
823173585
859687170
685374837
977560765
75260954
134906561
76201572
942419981
306415122
555841681
581888004
976834353
683116548
424856921
941984113
76692780
477775345
639044844
235810461
774942442
645372944
51095495
847868636
146190388
963096491
350460948
373777509
447046437
709624815
813065801
803432650
271792074
395984927
658042027
775774670
228837099
309627054
251690348
80050671
747908375
932562070
761550552
185532381
615363869
651486380
689469250
910468307
885699466
245274522
629259683
49262212
726173746
120208152
888012097
735130529
772078089
11818534
539184448
14464274
724800004
761129051
629155133
232795166
493349320
752409030
310095930
580849426
25074521
649082250
713147013
767065724
226084996
558994172
487902085
842380371
883822390
865563113
232504766
494704006
273627240
439992639
488078041
201771915
80365131
763803589
77258903
151583922
507972829
