661682137
882677939
994511229
797154533
734427793
104577441
244334052
114933180
209374364
835984052
327087032
896047757
884718516
570377751
56509461
244557116
389383191
128910606
760463898
526498051
201071619
193209107
51987592
101807203
763995605
471596202
254081284
347426464
4390511
383400311
413008455
557386767
510437537
475909176
1807386
990564689
665083541
922741802
260956219
889139255
178918808
970370542
660026360
222211328
450146836
874915949
629202
575206516
306928852
278351263
977658475
753075004
752626416
527465108
967535924
468473029
830690346
892704025
33158928
262831590
850496156
896907586
110542668
825974051
422975596
769700264
385610220
408809339
568570364
65944770
579473574
466641388
867954386
871324642
347579242
230701076
533182745
829776262
651660365
889079655
470966999
678874766
40497612
726039246
405741835
659933450
804760349
982972427
508373250
533334355
159874342
772379514
889582874
998124627
38643098
282011221
859827873
834052308
799235730
680446571
489305729
591819862
6636152
240984081
698877687
511017087
885120616
881301773
179885866
736834848
935290282
914083
241043660
144079272
791864590
171621390
856409974
384503421
420232216
763042145
964939913
402637791
900436087
35236008
906070427
807094059
577058513
869829758
832681543
65568021
370873201
699130436
30540531
971213792
399773925
879147136
672238614
799513529
27161559
894724747
774812832
923458575
803086561
771538401
598044072
158960258
531335854
745503602
206260036
867021707
425601245
475324452
413820091
36193585
715506657
86667937
691383773
971400142
334913653
891783627
933958572
15290858
48620230
114317844
365961646
236159845
970373550
269829866
744305345
912717453
499382775
56896444
357341862
525507468
988229311
41481337
599551228
128897686
437191935
747110168
275758205
831554910
663569721
965659834
639966775
895548748
285310345
994346945
255707135
313105988
187763363
700838470
464599875
135377930
960766173
759521974
874838345
688768717
405576755
361884226
188586707
261505987
1198256
293542581
367638932
368704800
117982590
888312621
47964273
674025320
487116707
562486086
534208206
587803484
616025421
102403662
351721136
82960394
474351067
470412896
950849499
976026604
14122731
431199357
724954090
798544303
592296567
221963931
564741294
228707336
166642990
910782510
723320930
75307708
558523460
14252217
830356653
370027139
598020901
271261974
777566158
396997722
946382671
581681814
825989279
625277275
166630264
876796390
519352507
858362510
407800838
791877951
214417649
935163857
411034726
212560101
247383256
569998898
568588490
569094628
776408231
896018657
323571327
819256936
507382329
576334196
839165155
458900497
29280023
601773204
272047008
981693995
484939492
203089093
692846736
553851776
29643933
432440915
605210076
99676815
631914038
715500176
702611422
706378782
820906497
374765038
696364860
788157071
664272980
345963359
766868959
260357754
801438648
28926272
494853741
881547499
73426394
127125734
74299484
249655083
786112119
707729765
847516366
917579302
586315502
426106841
306938459
11328556
242317120
857182949
182916167
814942339
964788821
468911675
937180588
60908055
193407235
617192544
998350437
132617290
879969334
51008083
794627516
683316663
834904243
11689253
180255347
456013219
708235350
811299236
480425381
902518197
358141430
355554993
313564695
924184272
867983808
785032118
120063279
394799656
67826579
685036304
545839951
807090030
163047192
951926618
295568932
332526973
91745682
433945686
688140264
456233849
128775296
941682193
369685747
735104035
913102248
164199703
82675058
574626248
245851494
850925238
303093205
431017883
376757567
280397968
456800909
609233827
155346979
12996316
192924245
408375115
497129264
603550781
64790710
194933030
505168130
987537484
520269470
882977623
716120319
847728373
364267536
274289664
123158971
24191532
773742901
416459236
985869245
578460658
11082024
703784104
702357059
545437029
148948161
216901339
381943098
114822068
430332463
882649222
495125709
686335104
177179993
78749366
241021440
279765148
959104583
525224513
876891482
174752716
229935904
925564762
643930231
199697433
858505927
398123120
486657702
28803540
307858911
352566034
506655066
40341672
623364581
576886320
1914292
489140139
706018054
951692234
454602619
847889369
812989930
390346062
557205021
637620247
387851914
29785215
670548379
285518169
33268223
843393822
65086948
248518388
539567752
811116528
348524753
85517260
59853873
502659626
686931100
750825040
730243636
353139558
806963155
77766428
375994156
454784037
62970522
600293672
76835074
751881300
573747092
7412348
70621893
29002112
361762785
839589841
368359741
6309984
811845518
828720712
727574739
201139532
995535316
464465088
287479086
258136677
500773918
812248052
228361566
916397030
429286266
203358428
264761133
703777578
117645733
459850372
583382906
479438593
261626091
933067875
966814692
70254707
208683095
281386922
269646729
57674599
177896494
510565640
449353743
508934911
717157518
53543888
690814106
858210387
23250300
529104103
357604240
342498067
790287341
117857478
954010117
250722469
371932105
160438042
322595033
370388663
742651214
366844314
911356378
901912411
256206935
888921146
744683892
878777641
861906019
657320032
992456436
714148393
194818358
229804486
80240183
990208277
362894309
719426653
199239511
375742377
512544321
406550744
680527277
588541628
102246131
240884838
689151251
143768612
979057757
716092222
698322600
48245052
958791887
899258065
315023384
811052178
599209260
547441330
252727976
828236370
308859995
812036463
996304367
365930267
536647665
643455845
147679708
560482854
37617295
963801839
887828159
652505450
961198530
946852655
857844341
336100469
686317036
322814749
799666279
15322096
199769895
600915279
899719883
145813796
958997431
944211384
755356505
295560292
914781101
269188003
390999016
815452977
466698677
371003140
66882381
700507856
410246376
314597009
51893962
458790284
93205130
128668396
106151317
15255917
828264061
45817149
87046521
11939232
41413723
978922913
124735142
276394511
747775049
237405880
628466475
707944715
912316578
850490571
406932835
592436280
888099339
852119414
645701752
768429290
572802822
72375182
185806773
590195390
879970273
157336484
925854092
371720026
270920786
340875995
922116964
71101498
494763961
884463965
317549733
913180281
857164863
743417272
254146568
935858186
144452860
114604505
67677928
229292797
742536663
358937665
788191277
559755804
907664173
459457681
570690944
241085714
482966643
337722026
442453094
755888879
860010374
496851130
131968958
884077238
53068821
753015115
5473725
406899054
315288914
557364976
213180753
27852612
532940837
493752552
735271416
144682067
597972845
709843565
623976430
458198317
4697253
956513975
847658725
521032608
369145205
366098288
464055851
811463104
770185050
681031249
588134854
157041935
442010871
561660852
53169907
360313732
611448314
370069328
882789365
391437743
109130780
660778872
914003881
185171686
145756911
760338664
26814966
413911621
724186263
426008876
643112868
773123076
713745595
984254775
751191625
903496398
649192403
610936348
514932032
686970532
288959264
194010619
636714003
634257664
969230120
56138818
585841740
971279983
440582645
374957683
533233752
227903516
827054199
232538686
349067537
343918380
42510093
662487038
375275696
608806540
339283321
50144229
87276840
344176173
37918381
815011777
443296339
457756095
810469226
149673507
711121328
511965
855137295
195818832
102478478
915120159
24064869
279746217
215941564
89618093
174496923
55534982
973328974
349228579
892775123
415209351
946068876
481206908
635187238
407273245
860986304
986705364
235660652
906125491
347687210
238815034
106733779
292537829
596339282
154218343
612842477
128085644
160810757
290909137
663836354
532721786
372766220
631235366
130060207
433947377
319853510
762763875
446545473
285657603
434309616
283748338
76815254
738048259
451401049
622709029
868942899
962089430
822568856
403195980
288687201
724415963
764851312
949011803
848131621
863663443
808386379
731527038
683406933
61723221
476775614
46411279
894724224
682419837
685392224
360053336
42443130
314833510
351146701
201239860
87419735
98222429
540159890
950003047
471815874
63938871
161999780
368685518
841136779
973630252
285275443
650753046
305516787
757614776
2221936
939420390
767870473
423754416
783103744
266396763
625560996
588326470
79356941
384822252
808881987
387898337
389024113
394395415
52656035
91347712
580265898
554109389
610942728
621328995
315776245
190464771
184256072
814848263
477195929
784192749
701663662
439700861
890390258
709776680
776447776
826022567
740894490
137109448
680197900
745971832
592182861
618688712
531729764
84749937
575678863
499093263
18865488
155337638
141121059
83917536
674914757
767604363
316029483
749789067
393364354
731166052
39810317
684187791
441838531
811757163
755164317
953022208
946558486
998910993
564733099
185860135
697936211
369580260
608374474
982859419
647003846
251914665
714197514
306684201
499164849
961577184
22379624
526192791
45650131
816682980
171599283
28918434
673727204
393278392
109277991
934059298
123671377
140601191
316412325
45281724
786212249
56706699
695270916
868440736
990807514
639160651
672130225
532818770
520016837
389818728
801157051
649285227
546963162
158261638
436913688
423000091
53406849
9345281
250624217
431787168
708786428
513617525
638537659
625155549
640157880
726245883
279295004
553280093
889633001
630673800
62188757
557335020
53167934
563092750
196647169
590297147
556643748
845756777
315876686
860004196
289446959
489560853
6175953
655831401
15525929
522314055
481955270
515465565
956364702
686277899
880652448
114326096
889976972
884625155
336495294
272594724
418169038
70115366
228282855
264561630
359865647
118850131
643185767
889343036
327629971
243822031
596117292
983870410
961614468
846616540
866356342
207650071
693468594
390620019
142340209
219225574
507441572
982706257
609629620
117843825
