890982415
914207293
77633499
986701087
909206373
483536652
745508005
304861675
573230336
528844897
11571645
362245007
204677724
932830898
747356774
770450372
93803215
30613495
546773539
500745214
676749957
636650435
626520652
845484947
333688355
433576425
677692590
626514653
449841347
914022808
937233023
903312736
995565514
263629565
690296126
688988762
576681379
606339749
278055670
888078686
43422705
616577079
216617296
398021144
631272744
345844422
868102621
261635891
32950664
879545317
646779592
565980482
236293276
158267603
254960777
254331979
287686640
232148551
653012732
475629947
805844060
118993351
855020327
659207526
591611873
108258907
366679492
941048157
242534772
58368012
193768992
487463465
752557823
658694851
457322509
60172878
420033138
228499508
214212202
987843932
565473803
416056699
593563989
570296029
267243216
371252540
667019460
837297910
8668788
435964147
401302121
344532828
953327016
802425722
82234626
924429352
761556751
557409769
806409270
523013836
979164929
927054462
19101119
974582651
685776324
159316127
813422658
577598423
700945092
194787899
834298839
59187132
17936348
665168799
910156143
389787360
525429361
284724297
391964310
220359332
441239446
529381580
932379369
806570624
657065889
849236163
534136447
950132100
576460225
532893155
298616126
862623368
422090237
691198364
8679002
638419339
396955580
618981337
884519704
107927089
557829881
89421037
136352817
813880887
601665306
342114989
326596479
288158217
892269577
692447264
398999991
476832453
165445458
586049937
81774390
449783349
994675092
212530494
317516761
836540159
625179678
863290556
1138197
168051937
896171772
971675469
637096894
326737982
656489796
271736804
992831779
906448022
400204591
284037220
662529449
351818409
393028762
118498481
204905317
314950899
522639684
245978230
57862522
884012960
133893163
821783671
697177909
836040298
609423974
558895652
643744245
184425086
301464575
47979545
482747410
694539324
88282839
968300879
917709114
629989836
705018094
999858496
631668419
620532773
699615483
492551967
76627862
881408237
923520487
729955980
56754586
876176610
7625177
2565861
313900475
379201447
805428034
117125236
34158773
74388101
274497559
801056594
717314007
97594144
627992557
808406693
604983447
352225046
801289809
967990124
263535569
424727882
200789366
574915479
609932804
522781186
614309809
437329747
184397476
641341195
745155809
815769671
912519810
879467992
502141065
767567634
176799909
298898713
734079069
103545962
889111288
971157601
934142105
843321013
355492276
903961498
282544488
534074275
992540215
891208789
887568519
724402814
80118427
955530361
466420410
632026703
675387244
432709696
392633056
791119287
764891637
368098286
932727758
392817577
329232291
458727887
888536783
837846013
595453077
860424922
631606784
306084733
618145976
697743847
78878835
292377966
490585775
357468351
219423202
705971304
240236698
80235534
444789531
293188686
753772674
20752994
735651243
956989447
413047581
870114360
92180389
744090211
906265656
942959780
338654324
521013002
38429843
541324528
514088722
896764388
15424715
444698474
938621196
132115292
259602004
581483786
106256838
382374579
876651525
174042444
141440928
317918892
213286493
686661750
550882589
684656102
923308753
639539072
639044901
308479296
723076642
931547334
424798432
725338715
768244532
887516571
399819075
675186194
359089522
557865832
253948123
949261246
843379628
322658812
690546589
795538222
141614336
312674239
33586681
172288888
914496154
353276663
80337921
239005137
728673432
774261496
530803717
219603906
392077191
653998220
597704248
398890769
902279625
205609425
173687746
83877379
19900042
213282481
363870759
372085432
181664710
431070642
23285056
318785693
920094319
192179681
474539262
890627679
996115159
755344365
543041766
610634514
605952391
466756013
393983140
369799978
851209413
185793294
996665282
993983034
356712853
180215168
283109003
705091301
960161582
855057352
46981621
637770203
148971066
606669210
775638180
928331854
948803478
661501248
990624176
483425512
329991606
761552226
318910816
536493751
299722234
640176036
223488746
636732825
110956454
987069732
792938377
435523611
811626283
803887766
232667965
834106746
216617198
369887723
15372578
1449542
147961639
318193754
358624109
65036966
145198060
836769057
741656613
389445949
979706183
614709911
661831034
944451142
476131835
910557627
39808372
89657186
866882476
460171530
694260800
716536815
956726421
646376176
594134847
973091849
62118974
611458008
826143919
345083299
374001244
941531433
711714656
578915755
646128669
989174634
335463872
11797852
402928116
253873850
391295691
462953175
898519422
834042795
657026640
496246542
325238698
848487234
959391775
901068654
764079394
143010778
967224269
756445666
675626921
298835761
44723119
501585461
724058906
385532259
2917991
533740050
10625138
396573313
15444704
38174750
902995253
82915279
298322472
486957200
575093755
28010519
686729068
613008626
68875839
231307625
818017391
122683626
989349535
97888305
647853150
213631739
652066232
925075263
581003904
230990466
974307163
955268988
903288832
347292907
944451515
833878409
287738945
17395857
250955858
857555639
452328036
501946109
818598090
618851890
593251287
242323419
550164762
472434574
325974899
736068874
456281709
354215642
687569826
444319295
480818368
922039492
512235925
626170600
737679108
789286251
881673817
85549874
815569408
784454237
63867586
947726264
179626445
951029563
542505684
741215344
740271573
669333211
362052768
211320198
778979588
316071282
304085534
370497644
504637017
405529731
663466976
179631657
599100363
844935028
774708755
620091520
267699161
458969536
866474538
22412022
321642483
661568343
279716748
461669605
975881820
366778161
686376699
34143852
554984304
645525022
62696974
599135197
929928889
584759554
995797300
786948496
992162873
476249627
665339706
164747085
617953958
141738281
121533583
332149376
125819275
702042160
486449510
970634379
9745481
443776064
680027102
720656907
84555025
520093661
419572860
78703230
389616463
900383161
235438377
412201426
629694582
269941681
815513339
859111994
342832756
64331778
249702766
14340809
849137727
987760257
627928645
791449532
793629829
701727452
404458063
179904202
540034759
947567370
335850329
273839660
880328650
715742318
24398371
111208239
965497918
342040065
514580171
409835228
165186693
917094069
397332033
91779711
240811250
253138279
535052502
348012276
326224940
262421588
989316618
61487496
452339393
472108700
121496652
21985223
815847417
888577568
927027076
382827572
115635598
239668657
538668469
442049091
564532831
961598715
531872775
913952262
245543310
704305099
893614074
792691
549751606
839867536
849154115
932043656
590428223
536148934
550638281
540491549
166674950
56445786
853679261
277613170
958250750
274362833
821500265
408219950
594245666
2413148
295360820
76920350
415012988
131752599
294199630
925518034
378425600
955282940
527246878
279212534
721265503
621100238
102468966
621919839
368807513
988523927
511735889
612471855
622954584
189452994
431556998
279698483
337939286
386535527
216152622
59189811
385989395
261055298
483798340
290169998
140098449
123652825
319706595
243130162
408944279
816693723
585779701
417999006
545667906
923636079
553618055
635145282
8902055
271425747
819226044
545574710
953976819
231759421
908805656
969726821
762626942
209028410
785265364
404792671
570856149
15662337
738981063
28477460
915599976
235009819
539528638
117370301
471484600
237076879
139114085
597612678
301393642
859338803
212975560
552113788
402744225
93736883
66803949
699318503
635834938
796411715
270796427
66513539
567309481
670577910
105212991
154229974
352249641
514071518
527543055
931070038
338387459
914913922
672274012
393281942
77712660
557302241
502399029
310658087
384107440
436247754
163660681
771825174
132311661
221613366
244181067
94638016
18783860
356691867
566982595
668890059
142224460
85946861
768957732
774444432
744865908
672467523
461167977
245022065
129796828
385298664
765120658
957413081
709533823
208044046
259225219
386479718
187064790
819693617
474401128
845441983
591337852
756145861
315211062
199587183
632751033
498971251
934201876
345696115
426396843
10574975
135446113
995557773
947088921
858652995
788845577
252440598
145956190
897829578
648416032
405245135
96134263
257376964
180861259
998808775
671127094
206247599
62291351
924267614
962388145
857701347
907573224
199090242
882290738
721540610
77552206
386078598
770735797
569370549
141693399
245894656
738265646
115471862
818625221
119221853
249852551
769562884
10324159
850880826
419198468
6784621
240523528
289235211
171277584
69155992
749307720
333960888
575284601
316402286
528460087
426503433
436679900
9934262
383307968
568695494
103001750
936355870
113267035
225548311
781100789
402766978
481704799
576585639
756136178
402521376
666979488
980662400
438751742
61639406
748956224
901564209
195923440
211410523
505069146
955603524
617177819
618338012
27812657
813134745
972232889
743591316
810793995
454333511
40910461
715189965
809214754
728331383
732163892
249929726
16220103
313496679
656295849
784775847
69780037
16431489
525079820
663937887
533099032
768756207
402176502
768645318
895209145
513645195
567446060
626895876
230579993
225269376
504865115
427704443
951517674
484663736
908543212
300132288
253315420
37509472
591972981
27371288
535675177
40946213
593306620
938648103
248498508
188822015
45419303
435459544
245268360
411147592
141630486
488637656
430523704
953239930
85238980
259056448
410958242
203587571
848382169
297148800
886887449
414014584
484609971
583945378
223466268
304459448
298412050
531556365
404953466
356163560
531460426
32270565
424458506
497708532
128262709
492152818
175449587
463528398
520146810
706387130
468225892
131986515
381627516
819432399
83638890
16227458
997180738
998277743
399424756
649486763
889174044
49727849
189127301
294824181
140483837
121660593
556336240
9361241
715181835
944039058
