932297046
435860952
959978024
304074061
104454325
834146996
248197432
712336546
806103495
59762777
915348297
43333336
798318302
936966967
469325115
678738860
214197674
352269648
418136
193465215
733958746
281185750
545284607
164820094
344062188
480822273
209138920
368488017
188251101
815367929
512930321
465901076
117548562
809029740
163199582
756032937
421082947
419731106
564994435
255915356
382191503
538968976
275931099
42722912
784056160
685498303
993326224
418987991
16428979
170051508
237025361
479668364
984796889
745427843
334706523
651111296
890576344
795157930
960011872
623632051
625008076
879709413
524085445
990735565
546832454
449447220
925784773
989288560
773767385
713292176
257655913
794466566
787275212
744502779
811273710
194989770
5254650
502561694
380763933
658563883
487496047
790150927
352059037
18199592
578342567
33261957
481104185
372120717
474323217
512088285
865456592
625925015
459719232
941362383
630907278
502482088
14883531
285195533
495890456
334608939
759713529
4037663
645220605
303136802
912395594
442558793
692393151
240294110
934154131
139716753
645856645
388014649
414393997
301447988
136136003
834857148
527650376
505885852
412392997
513570497
968343034
553664055
514965343
261679100
847835583
631730897
334747333
845912828
113595500
308791622
180106238
720059116
6671237
46154994
898850352
483458383
144930321
48922235
105803997
135783774
340868804
240810075
437966585
334606463
866231638
477441942
211531018
158271244
805226379
796050129
974831711
508997678
872802534
982319958
366265903
206049474
489072318
383541505
455301217
280664697
107811459
846480322
126698609
625362509
959610513
925797528
381343412
368239003
402597634
652677619
689926826
478728140
400081854
276609223
172701692
727532959
115697469
180358880
395447460
370393640
420199878
176476089
40686448
317545370
333959909
671108559
847256581
24351278
679889089
692800878
994386063
761388815
593621016
825139299
27972314
494388481
114111465
812604075
374995948
940434109
96098530
843292014
755673608
152548760
106123303
496103570
108915823
596193310
809618265
638732943
90352004
308713438
988094043
84907577
860464817
931335369
805793873
809153237
291402599
288501954
78540946
356992133
688349912
709796755
658291554
928538010
885107122
574942554
248636909
678313209
613421493
303093393
805362931
455013350
274295110
576907862
420802480
888137686
211422067
837856337
562192736
251063270
214733011
41156145
602448874
685672625
773294770
508713439
964674480
96636944
688594607
304958226
521201476
86493994
861893162
739106395
154942101
45876853
494257205
177585291
610996447
533973268
347556401
131305056
25311450
787258609
503350506
533080693
810612466
283556955
510532888
917656185
597731170
453546260
726309216
827477674
142259122
647193767
107347880
972618927
155243240
376393683
610268072
151999964
989718601
308463266
781891916
718868936
593120186
535188713
421965760
374925627
393880481
33836775
226859890
28219467
903506868
83427955
15844694
815190263
182322119
240214076
698100972
681117525
586104054
770938420
707227055
67655215
360184776
34415487
596847273
507748333
938528971
521638276
22342051
234602763
923705195
195556436
141586453
716848183
5366693
784481568
939960505
275423752
861591193
135607261
523775703
563894394
226686369
698089748
923970805
58831166
631349072
292157616
790296808
915029162
678292710
929150545
565895909
218780180
601236209
714236700
358684159
558704699
938341438
914217426
436396654
872242203
11494724
992257126
104514271
707950431
941841500
298996510
809823570
397840549
300253569
422677219
819526331
450496793
247162716
143332661
840968845
662095027
110444681
538016106
876399259
646371354
731341467
107312887
556310052
994554648
629660526
922806271
115611973
291129991
425797409
381255806
337082313
947373765
699210605
651533499
552399669
234429242
593575476
216020373
116989665
332352562
482334044
392456258
614775592
255615491
109624214
115399116
971617462
457903548
873267854
696589131
448260017
400325332
37818167
790025298
140900736
904181835
435947073
109959622
78289905
19035228
183384537
518693578
972043139
918997762
85594905
872152564
751286186
595629216
590932990
606539602
68519550
894424306
421026441
544046696
164037309
338885208
492537294
300694560
884930433
514261410
951188807
657708423
417862136
729208276
932995787
936756980
909555597
909185305
510632762
648217833
798482167
483615854
137730467
97954436
148968024
963640465
420413118
695777829
170020585
237471649
364112928
375988246
866970557
266728251
628069581
553835710
979298889
493771469
625987989
802015527
411644541
135252512
225029188
564028494
67846420
525676113
100831441
242834862
986001973
148837924
962596965
842100879
84996454
942715155
808057434
584903695
756693838
323072005
395078672
200396843
918472088
796759463
130673975
647458783
150148481
575200561
790737864
151133885
101138695
379160077
957458089
415784127
283197316
708617234
236573291
663229654
258586665
573701972
30108015
623291910
862809023
177578255
709775854
21182660
274874682
522012048
290991791
924255400
458670815
43165885
797141870
656226884
98692797
425591145
883543437
614885076
4578537
577570403
413880012
492645857
734938247
949697555
141696167
606841895
191379834
546812838
558903563
376379219
706141864
144827779
326317029
182991865
292963989
771786761
337587819
740893832
86983608
109491315
372584101
628136432
284208769
866482462
692463068
57972809
582018206
301231205
317091330
857606170
825073795
621688214
658651117
681016260
159821960
537462157
888353661
913111466
35882088
102933959
829802825
728061843
963108484
914612571
218113536
313843035
716848854
614150004
363262894
326906035
88003326
142649604
527901467
895087221
204986302
785743579
208437087
868455783
257234486
83723357
24823689
890148628
229721507
701297391
551305422
84453649
486176661
645300767
23169905
755501831
883433098
424476351
705011744
984049648
279688489
644522257
665027947
369596197
648368925
378620032
341123953
967868200
937968309
990185293
769602844
682424191
93786746
763563895
476029958
374078379
329025069
19897877
655876980
952158730
78110269
939654196
498340335
261811092
363307149
133659887
827666373
71548087
590980098
607761062
443472936
663526973
437637859
543851817
615398732
560464043
120715632
838840889
220086858
878614452
742599402
56955488
952180317
239536213
931694546
868881229
990666902
722612765
169270809
649091525
426476761
863535220
768599370
752853012
905939379
340034291
146181921
403216854
6289047
514709038
550953658
269575866
376888101
330207246
546712357
106075870
244786332
549934928
148165163
915565913
253362747
490184178
799811018
777262526
209559327
21154780
987473877
258804122
330116544
494425918
142992983
105053608
902277276
941888572
181284301
579937714
894927602
684784845
637912436
275364440
414282121
717498776
832551842
705377818
327660794
473023535
680067385
621973070
692823854
825618676
624094897
440731974
574447602
253704894
395728777
936292581
63724202
991336842
543293684
884784598
352560413
887377798
73100310
511863128
371716054
445900050
367298588
434999528
148922945
966774642
211148266
560001485
912022490
872800721
501283792
535863970
657632335
94433200
449601732
736535790
341087394
365500806
565980266
504497867
870331020
702261008
530606005
648572382
546159795
244991718
516213512
903590759
141491160
753127837
922804025
526904322
644398465
320688714
333661763
881760742
105724947
245067857
473050125
726049210
614470409
64093411
528709483
701646879
752421101
859864805
278660246
969291000
541735110
806757892
543697204
987059605
321397531
568602441
641532106
669455045
915294044
718726205
888839731
903931225
450561130
307557506
418510325
158894652
949996694
974379468
891465503
336943621
760771436
567840988
630810843
96019536
892450680
839931054
890027456
806237608
173551525
828959124
896151280
686294988
966331471
546922510
361855649
334733266
209430632
935744419
205506790
75796023
679156606
664206717
966466697
386998740
356228124
569118898
275488080
306912903
645583085
369814830
751650183
778041631
968399301
941716623
208519564
973894120
175947049
447677667
94608925
481466475
678574984
835294497
495903519
86334919
822574923
202544743
937599752
903638618
945701856
83777058
949464019
14252275
768872677
815669479
657787014
96564718
601374289
243812103
739791411
323331781
564442974
583114552
160654522
803736694
77308941
118109648
717895686
24614848
338402946
387961527
158786217
761752963
841135493
724040314
397221038
843862107
168303198
880131778
564423815
153683381
631519144
371849461
361211046
561806027
420350809
737397907
9168953
152729821
283929609
111954845
372519830
932134944
707886255
771277143
917023500
95460431
674639975
692166823
9025978
704465274
484649056
912984904
565235672
557740328
924990839
187711055
173116781
44832363
418448441
813924905
928261519
721242510
679388286
586108029
691812635
192593512
221903506
598848493
383385884
339911032
108940695
565165864
740685238
226448100
15441696
226651271
53866707
69858349
807016812
301760606
169222132
476136373
871105799
859958540
669034323
718534239
806613788
803470716
636815186
232639754
564281126
964336588
734281378
470004702
183693324
651277319
252746658
121778225
79464508
724429987
873556924
75791481
308780938
669114945
595524579
919483190
172299666
338787571
542298631
698339568
133844348
103258431
237815549
116687834
644702773
452125146
850136709
819429744
917073705
973278394
385979723
418432788
962033306
150746130
775629904
144604105
830884485
270680535
42754776
364164375
973904611
932088480
990393840
82586825
428203681
93430650
167355434
201990854
264433960
749551132
546234572
467826216
261172084
938475617
98795406
461022695
726521038
617593544
825301927
731568177
801140609
433316912
204704519
106186112
338450263
455124135
113758174
158034807
893485039
450920474
88598705
901619129
296032795
178134255
724434955
201755866
112864590
155228724
688484151
551272122
284769711
648145854
554995784
167522572
427043822
918153506
157260703
23557688
