490676277
636861655
657133443
787716693
166834608
114879163
138979896
18573731
696242412
735837352
596879568
841360520
785140232
139839766
717233530
126881441
434066561
314718237
243418651
547454534
595799649
651216745
357735782
536870813
664993421
546299106
29874782
570888100
206122778
496144072
823369618
282227816
327085362
259080308
968592948
194501985
555018223
888318688
232544168
217783637
947435228
966819586
561627030
663745444
507981252
175350868
403081797
787950296
36751484
281077617
408373016
998582429
385466319
92119027
87535400
839459531
279125872
120262630
122723272
620535500
85004381
568091794
812450951
200098339
912467733
314651751
514275157
526059923
171246816
522731545
571863217
545747872
82174069
25635013
600019305
628980062
89589714
693990336
28889561
489642552
143217308
241924484
534136616
925045159
87771056
824787187
896761495
234966335
171544908
129133417
915376112
434755592
765595416
612008666
132779256
379343433
154368634
361528690
751277710
193329500
661075710
877021872
616703479
514019937
709214398
862625143
916408359
359831306
492099721
458555337
749869816
585135534
91373069
633080718
477318191
843079895
33955177
887405791
112327283
87680545
417890255
279308822
354515015
42113399
607355431
137107625
780152455
470165401
892855755
220675871
474611427
728061023
942712624
835560059
828566840
266195434
625221003
20116678
215830760
225145912
908378826
536930189
742866613
712989570
379263600
330240577
343382522
132514697
134690475
289699359
345388255
266962842
249201407
663597165
775439244
381766888
522506857
574590080
906664505
572106773
82472688
446242958
466975549
271423849
983943908
21808792
642422908
255813008
804513876
211122756
217858891
13838498
671575030
887181369
179301717
880960064
536442208
641525444
662849798
277114854
793725101
647637757
335474926
603156396
875287614
207648584
478859615
279115459
60120815
446799952
743688576
50630923
113452172
643723986
142673224
462135868
69954639
471442763
729045660
357454807
687817668
87569513
328000819
923567717
71840467
331549756
595387810
362020036
484295448
894479178
845324678
880981412
911740280
629549651
778381670
434834929
110768032
863819152
396136233
776295323
542949176
363307449
195692193
357713924
467434179
167227968
900386325
27851043
744508144
717165847
811005425
64999444
912479782
305394991
589297184
706155588
319636937
411907207
531315928
543737857
612260772
116839578
794820009
165641636
601475272
862707163
138890642
483902520
865342315
707838294
351367836
206135486
75306529
952750335
814505630
324510218
891877319
970286894
456133538
904612498
431163430
567536767
617511890
767129599
83473753
780325233
968501628
606345289
40252466
72226082
115197991
698860823
332503223
852398375
164034550
426109597
568487438
30050557
756238650
604727015
28337325
416483804
162508727
36669850
365798011
604869938
989692914
959729446
490889359
264786966
814278267
349350042
955773668
626703428
112574426
44724005
499327686
27690410
82167882
821150037
894205533
532545351
443650054
793116232
592640302
652507011
873632261
222908153
788715784
388396032
756022779
861826761
214048244
851406522
876275172
14679626
405028039
580842040
401331587
478603813
790632318
8772181
115455929
775465499
257947813
765847947
743087153
705799793
739823948
119310545
926781909
540797028
947882673
935088611
710521480
495791973
972833748
369392493
444029547
713290998
731237675
766784760
171013662
102493327
508764185
952451505
135301798
104367146
750428254
97894800
639695964
918485645
626358821
603564068
30517719
885433352
417089422
668184554
535168419
826792353
909419857
167832468
483084204
669405239
461614122
215225750
913944086
278959632
140885041
380483199
41845876
35635546
136812493
688040588
747366136
23847558
837758518
12962602
266701313
305496307
630546149
638720006
955371538
641929147
479614579
8296263
914438206
344318605
904570891
825088127
78702551
304649194
834224073
617237192
803871140
563405207
283700556
501608421
640879203
293538434
38507418
856342164
963482103
369945055
56048923
604060418
781673152
938318232
856197930
6670161
47674833
404126819
401483240
229672111
196246203
270699850
212460928
841155055
189790659
453317858
300787543
569625481
374388739
315796913
301780648
737196681
201411472
519575299
884169446
183960929
740147000
336150097
372083397
973162877
266988889
774203984
675237902
585426482
585880224
875554159
226623110
976119973
488120673
897900730
777413293
674575730
903165952
604551961
420990988
533171289
350944278
442545499
311817761
187561345
992750890
468881935
481953425
647685189
68164406
318852241
402648946
262097852
54148785
672237001
266523159
711524735
32043421
428320362
962683221
422042218
595461947
627034444
255274831
314236499
226694748
324667569
81504807
476488007
538383619
627204916
834030727
596859509
98584311
350998156
833016649
297601500
24332335
184522052
980411986
798106952
292250558
27552712
517262076
267027982
472905213
964525256
921971187
815883671
631377571
65888558
642532309
474845590
641868738
998948768
937709341
723909832
187270668
997581261
960866596
668083320
387377127
5465418
109301570
440959489
484821513
805789435
163513541
703150627
839220350
968921657
687192400
847521367
447908374
164576269
129791660
567909235
109772368
988246847
841331284
262169490
402696380
265621134
845110435
472495060
984672606
359185136
954990770
99635541
413288814
109106817
110330832
26751072
223655455
312328666
410729824
286785140
918251140
76302587
782206468
667115776
801011715
218820560
976663320
662455912
378696157
795010940
26937216
477292469
869157108
369800105
614137463
199023820
156249976
698697105
265386939
121755992
160354982
636806509
456286881
125636376
850798664
63877999
289861812
730113532
858590825
660441327
623865912
135579707
753846443
843006518
649658093
33469781
206040378
174215508
461157773
183875820
288957813
182654522
93798903
189661666
332247920
477698300
230478432
43488708
494969352
911307010
870501094
524958349
46941726
288973831
126430158
281444631
620015704
656570092
816317110
737133716
928958747
246549787
803865086
718254828
171145027
891357507
723446025
26150589
720142011
580667682
992983440
982034467
237539331
81511119
832798178
977700458
543007605
266625215
793388455
373100363
833399565
246373103
235144180
947283813
789940231
98907563
88637981
464872611
716576360
368213462
413454076
549470285
357898396
724024056
254917071
42408025
378789434
375544073
18516638
440890411
754252274
204327842
323346696
914301669
918323568
888466626
287419017
965430605
456175652
148729698
738437024
353390488
863181636
443216746
903734149
682585643
11405607
856581271
928314596
72237464
802719526
258573413
309574228
351928548
167213605
443513155
624136070
513515274
826594046
790390153
598911023
167463532
248108577
352498043
618848088
629071723
923026406
320842510
28960244
901473603
811488545
123207374
8696959
567846661
629776436
60063587
686288647
914681648
820289906
572331427
31002418
522208162
447229475
946279172
638170884
495678860
894753613
971418146
747088063
474810413
264330556
773903742
138836558
665785497
549818673
570973491
105281911
510683592
824368657
274662426
759559236
690563095
827621026
26840992
260748918
679512151
249876454
741727565
722152110
107150017
757224506
709454420
693225367
254262619
759387735
76702861
720234055
301829403
714327158
123169227
734318109
951608258
573754445
554149830
637143047
37584803
984370815
342911460
18027987
58802945
954781675
175605055
90312991
545627480
812772190
340439321
694587134
420388483
685530254
958658732
245802406
153026047
249266036
639938045
717585905
554876134
80678374
884573938
906397761
473115812
850739435
803452506
796356433
701199430
540344315
807950976
116808650
273471196
389697944
223164115
695141335
906964992
723699578
663349165
152368341
581619451
619141429
147597887
441490427
418948414
382115726
299845572
616299148
755668424
877366819
581292062
702342222
933816398
836563923
82266912
956906427
99796876
436513698
544912174
208063508
151329168
379248620
389113560
5283164
4821213
223630671
421115937
30690538
462366138
263517397
338837412
429326467
585916869
487569704
135966454
935734704
933080486
443083511
487449347
91000086
550893862
187153358
40688008
823832609
959052252
105608754
182992250
436907271
307431032
266257687
595344458
470451294
178787403
455285656
1039172
202370830
230027869
142314722
436669213
195317742
960999787
269155033
153933009
492151027
538529406
151965594
116425352
446246694
700597469
146532206
23825940
656713363
949064350
453912088
657169644
964175809
338560611
565280949
46230910
899212458
40638421
984208665
723259505
196108451
668172937
868386117
250539064
130631212
486530532
933595622
705706835
790765764
6414297
292131604
130000297
281738829
33220348
548536980
285303202
807086658
989183401
736745555
736309800
160898825
242431747
938631094
521386943
724875314
798116011
36863361
863810217
664746918
96083811
537456754
154679321
976791121
545895527
957824557
823978088
670143288
901426529
985794139
959716160
767001846
440825370
233060174
650299065
656932745
323911790
375430815
930955460
790023630
279977747
239144251
910029055
303892865
247898864
562360679
953676703
729541842
346999174
525663749
332515200
449667171
69785404
40959916
694681952
468957542
137452282
153209175
735843300
75395790
724558890
615159913
905660128
3389262
777029393
969307953
720073454
9371572
288332028
864454196
400963523
422685195
105907899
73786587
384769170
856939559
627427697
850786455
728892256
983534846
4147853
94436246
323144113
375762779
653278938
510048988
697216441
399865453
538378221
181341523
519480462
170702614
639587513
855559669
65464739
664817833
333484122
906639793
526863470
278590909
842287224
944305131
441209814
482544977
124700225
909830003
343759271
995998815
656190745
837742391
841529844
286665826
424316918
752308453
71247937
630122644
292015799
529897348
350110322
266980404
272091511
320208000
470993349
106990504
344973733
230260908
783097680
