820874024
549392464
999151846
364148136
125547066
305522260
675316288
129216273
880225569
282599262
272755676
657439531
940846179
156205504
451392782
922109605
452268684
822455892
66726922
459410213
574948417
348204029
621741067
291068262
598633504
390256000
561054829
649022371
357332557
961347340
851614470
645364011
901070856
15111147
504326780
700039426
510488119
421406
621674104
249591376
984895169
621139113
8079145
725918445
523020315
378332047
721103373
64290360
816120517
614342929
280340957
489787414
666644955
955594379
254874479
472669995
927651395
708083584
765514630
735291065
744467430
26293916
771883714
918878227
430984791
627391664
756368674
925735031
651878722
751353354
411621486
451847277
200781787
817135544
474515042
953809302
340124884
895822620
768047946
220301457
669152625
496764468
832901853
742989627
681006382
361827055
978719055
945476475
760236667
31656785
772388029
802404534
234906774
886383038
505123944
958601252
849255397
89200916
294933654
895628649
621963371
795368341
412411637
64767162
202721442
828493678
289005627
849509409
481079336
301065175
132545110
31828774
940035636
545213173
66138439
247702962
193392061
28894086
237871845
69157735
648672608
810892198
165498364
620221936
978965323
609216950
216940503
314398748
312011600
515913789
104553904
250923968
600888966
872419295
598338084
873784283
84352830
768134691
540268184
852512703
72821428
129209645
464397138
459171491
899111674
740559255
862368896
689693599
820244598
257420982
765209190
820361311
851329070
225775918
246956041
811071171
629869977
792189700
85801837
593504491
611553175
974606878
537497808
965165546
196511270
881621141
430939807
67616341
946875087
192354155
163350131
425257369
488625901
385359140
996336306
519462962
346495060
706326871
721110261
238406068
746848052
527246902
494154148
54590617
750704597
284192592
399594897
375113047
625463253
787266912
243914306
292163128
682332853
946763692
240959528
98214548
591711836
499231590
262660221
17490532
309619447
794752555
742818510
627890443
94070850
339951820
331735410
465969929
229439610
727493078
464576110
923543104
71079439
847395767
846656437
84306272
480452729
482907191
214460948
912318677
482026244
55826759
442153086
159608175
948439848
871187001
742924514
541862207
144399612
898121757
927751125
847263468
443666650
703619728
928786619
952095496
784428391
866263704
960519765
410752776
952457181
933624966
145673436
897970174
322690801
320371200
221083689
834937084
100107254
156653256
617761818
108804644
284770641
350341542
535464287
253792688
352599468
583210335
679450593
222883847
597027305
789873201
321570316
331317852
799741951
617312641
479876454
367459710
918609147
894560939
299877879
614189024
522387424
803708171
959861494
548401276
910153322
544182910
836917372
628068648
650103312
907987428
441754952
987746355
280359939
818946480
562492827
93325107
168155440
674993931
599496028
201218055
186813110
737635918
813725470
162583980
612054650
814355583
98228223
705378159
840494744
853623978
916327936
205546314
856775375
3572794
586417219
481062469
390480047
987063010
343639364
808416556
746292961
51381945
572780534
689039875
348118248
333823960
50957912
980795470
54819813
386551347
199304269
243615215
295064911
98659824
427375913
784751505
989982699
797277514
936346624
95797738
445954687
131539213
787573902
796479333
991659491
236208638
130970980
276787145
232529260
81430357
702845058
181092429
331354566
791079470
454925093
135431165
164855383
124685595
814465730
278230690
763397670
117432751
650558345
453943397
654319709
672712720
910481402
758115551
576196879
801665713
491079769
593202531
50716385
247841625
362461868
614753747
263808041
776301200
697380383
111909610
202852979
774170766
748266209
973389455
683706287
18211839
912260648
503985439
643734729
291944747
619896121
865297104
982811782
658115934
332400067
328521936
480980866
333630505
142159623
318946770
325727235
372855428
700590264
430863545
590350587
109642527
130376044
83512940
428617601
840171344
871623123
388554182
427305211
702556120
75377710
989226903
369166540
677168889
770237108
636107870
760452071
406495963
114380821
284252132
181769592
625782664
610390748
392600449
915441557
33939932
133772881
930177534
634141576
378433612
786182373
829997550
73580501
317402663
383038868
574063760
887835793
828747707
75367837
803563383
420321623
231341938
437991893
280255662
582738224
343173162
959355394
803811976
563393396
506051752
558494698
919231271
258474606
416338132
249093953
964567922
499251777
737775594
168071382
394677669
706398463
941445588
754412605
48871598
916373745
245380159
915646402
51763876
294130020
196173348
748272075
931704362
331128125
310817436
863930508
950427652
187790770
330135085
809862224
572268395
74584537
329960903
366784138
128089823
819938913
866951101
571522943
657242368
68308710
418470945
74811982
150060199
660676325
680690167
97164920
478876034
476929332
389120294
363881916
337358064
427526759
907591517
509681956
367220047
757779676
626790334
588103145
947657169
552407623
298666300
776777151
169116692
927913368
595802985
320093131
376437559
574661449
626322782
228932684
49422644
673857214
258404034
983455165
875659074
121361365
598211875
271028037
650437957
213652516
385054474
473498319
798670475
966253168
472504159
144741636
166993019
820278946
999564089
370310145
193148578
278847955
623865773
104834744
769642408
641693793
905695288
222146829
64873339
360597035
720727359
904214583
850606549
160187609
314459272
663500848
169122725
924136350
634022880
245858681
159567800
355762297
937665186
734004653
167353149
825167979
978106674
202863523
455409209
451061349
153100112
556158612
575097358
256012636
35784106
770574687
49991441
153569289
213812757
233965280
215666076
376065045
206154697
289840922
492925155
480839889
622891769
638482865
651793896
809003309
975618909
242856667
186256065
753705408
210742344
837386280
341182768
889861118
937481594
944474427
663587117
702831765
766737619
613811988
207496923
164568746
329117224
594593912
124403503
543884583
613509406
15553435
710323593
400057600
30192605
783502753
149607599
647824264
241079497
686513258
202276209
339623809
551069625
646405898
475442438
910243444
369902547
821391949
45270291
198397824
429391918
160130321
216087694
269338328
570378162
512834309
609327424
592342707
82343998
328356408
151722665
28297857
514079361
107909312
195493902
960065474
532533072
786198464
723512802
427239590
687778681
693358502
648781621
250968335
742198218
323963308
151762139
120331721
138369550
297253478
794666198
507725273
549323620
926005677
114492664
453379085
799465740
440985265
829679437
517358295
174175328
557264890
565480265
912723087
534790593
173978352
825544446
443160313
450911995
515376963
377710371
583704081
97879147
618030700
510619142
736033415
511348699
965119357
527140109
246414853
361072169
488995703
453973157
785090519
533690209
643997390
478974235
588073683
993416646
742114816
160599733
91547807
956519026
206154507
253064261
130513790
127878236
736058532
716177741
568219865
498418861
708601825
669419725
622992586
919543105
210962116
409846125
931292919
415386535
378459248
942030384
834346381
913845155
583264583
156286125
685179624
103291732
780389745
379032878
890793201
695004115
237470763
449743665
708797177
354777229
286162564
627185054
891724639
364966439
380105351
608155178
775290165
248941616
958920242
747995991
652470342
819575976
830980570
865547413
322728092
234151264
547681315
172687148
614957397
800084431
326253350
177702650
373254442
49868381
567884635
27222058
347488490
357025654
825384538
873215748
260948098
258858159
960622547
268215356
633380541
583777060
518121485
566326480
35281183
770304068
166740219
585404765
954924912
835268591
503815781
865603647
272311161
914842331
56304785
656641936
147322800
64783615
834786267
908712745
28523879
108459913
253930611
841856258
797081803
352883293
260666688
418264511
423557076
85704493
487047893
393612183
858953428
562765214
232166871
738951030
716029778
981354833
137405964
844653328
633344212
740848584
222777737
537985850
546052598
702280987
754910896
432646157
300720868
168742602
725892948
196164483
424071891
51909801
239691477
524920627
329846449
676265225
769244676
682397888
509637379
748475706
161847688
869220418
348220697
110203598
6650218
709545945
682675459
317353754
940612156
165967965
927377649
990132937
275368532
287675293
885682174
715944760
295803660
94800815
597972396
828020529
117543642
254814474
359811544
290883410
969540290
807043626
323073737
707246243
409104581
39764552
212110157
455008075
335015948
884868504
579000895
353557317
189765152
435848999
695630768
45364950
749970697
983367113
228130444
559924982
268786833
433938952
776541268
952016182
639238451
613901687
380461565
674443860
84425492
681616848
630932063
907033212
509408874
57337287
140663306
199606591
386472208
975429215
908249171
900847604
953857806
472369573
655116988
390500027
708674397
532124857
526179607
859954659
399170046
552607446
78049832
134176528
26684030
799886561
22096577
535601338
30502358
371057553
68007791
795202892
659302986
537666296
370582583
653399098
253936440
671967681
844148442
132427865
295185692
496024177
658892740
774541480
75117941
327282839
606067174
796417258
778821962
386041240
243341784
107113594
87722080
520506904
275273813
531818045
603567016
496755535
880349182
709522312
35240710
605061967
169104232
15414654
907421424
113046278
241544617
416191510
101786990
1717890
136563586
36706715
687976413
393751742
564768966
903145868
893714704
303508350
59058586
699401190
193819386
225679317
756779374
644461116
127715769
960894195
707480812
138796081
262392483
838764537
49832082
757180904
791618498
134626129
97187154
690123724
326919944
643478085
867120055
962071662
85738221
189875664
694630267
777104072
249477653
206635068
419137179
693970337
955737936
372127944
638103339
300058665
437696948
180947992
515702925
809561391
848282592
524643114
887698884
946527227
405565465
102748535
