438910590
451700910
402461387
822707185
790801429
845095006
450051240
762675270
316599590
934728567
140699023
155714945
193941631
896651584
187942242
637126970
311775862
155851889
206012629
613686324
677886012
134371715
768709722
10138338
608266955
558350966
470085915
461203100
700292885
277493196
10235265
143185209
453473620
766678461
650300373
806525479
248214783
176715477
684502371
329984430
897114378
845105827
207690707
303723660
960630864
823745614
130114155
444478807
809001566
588602859
984102903
366792488
953375414
591732794
50274880
304538874
682991187
392323049
214440229
232450462
375009090
988848139
62382384
39106393
924493302
997513813
702241324
427263168
246351210
381416762
388912186
135060385
471349517
876028198
716571944
832780183
926681007
464986061
49507472
784521339
428236811
25607107
652201533
111690026
293390292
643442776
189809793
861740825
716403581
345761499
123534291
855891733
962275247
452051908
954975338
908266238
782723442
168584313
379230357
963117050
121504290
702850985
198127596
427584803
199690672
849042518
895442970
77347216
875160848
217494695
377857865
218005126
342815576
429918888
804213650
349401983
336646605
950692356
745716100
281050525
807704019
840500498
710859586
900589710
257882471
533020451
172785137
19297608
921052858
808305704
50056741
758096694
85755703
86390421
663017049
725385825
827479509
224616729
911999353
444347772
747999804
112462576
986579975
498908886
967903633
905529164
513076157
532356358
647838257
605573355
571619633
832031084
422868211
98179831
155413030
281003791
991991398
297537885
169702332
666670219
676257380
876145362
156294356
66855144
167437954
619761170
132249422
256425155
766901837
78827824
521922472
112029876
38693003
301368327
533050720
695241442
853920521
211950699
932686076
352353305
19944294
640428777
371459349
315479503
236686071
218025655
335228482
987575871
930977389
382013258
733394425
529941623
54914396
245329133
768090391
871854441
956168218
919724831
331470932
348142462
773279741
256651002
765454520
569010432
83650882
459589757
793338080
121499884
565129110
460171586
427083268
780040698
364851808
817349026
646725925
35828603
504686013
840814852
830169071
949412297
284532688
144673549
325447764
384888579
345433397
991980847
57115479
793363869
533277935
661196278
739073223
934195689
880479766
584543613
579073562
763293291
874974256
802448915
231828620
777096313
424687573
213728597
422446761
470805803
954929988
953353726
165089814
237565369
598603207
732261787
367168428
115353366
89555759
382058633
63609774
628606191
931203236
380565940
223577035
91670033
402474277
999974210
588221947
903932831
721098362
492887578
899560931
780308194
238275463
883432633
160854346
702237096
608986232
53072758
524724724
70804090
722226787
854641960
429958589
392079670
826891033
819550108
194760661
801016146
294027849
623719856
844639929
498421133
520933839
950467369
832090053
494408315
578871880
140158586
374622035
424713361
625506648
518513928
749707439
462042410
53792795
384781619
999289905
715170573
571407441
664931330
506367133
36483000
857333907
992805682
906379403
76561276
950607350
831497363
264778999
582924168
805213548
787205799
609904981
97378505
648247647
401139797
259374355
287808092
51342579
666446029
123365216
468827645
678450722
100011362
445297440
203712859
104934520
967916177
338286875
442109413
820260202
479590087
229608705
629096518
117352723
808156929
641087224
528128155
44087966
755528776
543800964
747374516
875379585
791697865
619499812
838300847
908608946
652328933
813794762
652652996
125407264
711481813
663827993
904961411
541566114
37539487
358032276
757322545
547508241
702666543
971626754
982691171
493210487
822669585
762663965
325623460
557597094
980808461
980025781
840090716
760052572
731246198
243720125
295813802
122645064
375990699
593448058
886752855
480511549
606996591
295103911
452605586
154121415
685633878
316702149
108778388
815762093
324647292
87530404
79813235
450124652
883764678
980619912
341421421
783902021
561109792
254164028
52710000
29033900
293876351
280703753
927800483
672303151
973704044
892600422
394161064
467761688
368014191
782316346
165575414
444091427
471279419
276810995
940511648
407562632
519021168
828569755
807576608
505967435
653885576
509861366
232949802
893278057
900212545
389966063
876287893
750626284
902298702
511911779
561535271
121826670
540738058
857718955
186635198
326292838
367303427
780302433
180417369
793033454
922541084
641016699
447747902
542330945
921954988
635721807
978845232
606953682
40108263
933858788
264880853
732540036
446587418
546742563
375148323
784014984
47753951
34522425
772090605
583737980
16312529
643534778
565462984
856102410
220781075
43748743
903353368
613560463
90175797
614218810
40259205
738718733
648152385
14543153
583426350
12868877
62113463
690618855
971323068
264490738
411120830
269334210
710518020
968439912
247030925
828995233
675239251
993995493
482570632
402620213
278538887
332781001
8211828
596679388
776720925
279006305
75553714
591645490
321549869
878206244
732368437
365284768
516777885
425889452
893599583
526162119
84387650
432044265
963316212
362279446
721901520
357135094
63199356
507599866
172617149
746978317
933016756
597023070
609071484
391785840
368509491
909357873
130989831
687555582
335679922
707478202
730506904
51472997
237822227
304420044
937315161
470467971
369068986
93116823
532122299
45836062
752556324
284628568
74840329
720868805
744607583
243194986
30679281
120291185
680718691
921403792
269581644
500611961
424062238
29742607
345989547
478530642
982574005
929764027
509696752
823010562
234294937
829222301
90209530
186121380
795655213
32914653
194222037
658896167
424964283
251433549
988066106
970082532
975477565
126781087
994421991
648388188
522182741
888202678
647178256
125314505
878678592
10698645
6836891
414276128
437896558
229894943
627410757
208079619
958430496
458784518
487893965
439304957
583420069
709111735
811541123
923334022
194419037
888718948
925213590
711692929
48972948
371783112
695326901
429285142
933337685
299499111
525134394
297281150
35320614
697601357
956347900
94371326
282585771
384382247
944331969
223596291
822385410
675933400
748224821
565760270
405503894
986142416
700465669
966179764
763539583
548761148
386662462
266365830
315239962
71087969
453969151
633463792
962989086
935485325
76341557
506895479
315371743
577551747
480938442
138397446
704760548
330129607
172759004
260829138
502436617
393522638
156719186
199037822
764779765
587944831
100948611
518485636
140494127
359453320
306189035
62830530
671317441
729147135
665745558
384576536
912836648
258768563
982041186
964232644
243632206
322884108
131382238
347100444
308040689
437436490
908224547
244833662
194994957
609827374
860999721
75374287
813383412
439636531
463743147
370016944
392041961
187624640
501586063
727295130
970139357
935483513
492969664
603535766
629296290
13511026
835578036
586224606
911806188
96361906
225560797
445991984
348088419
208526359
17196932
179552508
262140399
809618741
890997131
327343275
679720283
856114948
323490679
530666751
498453598
230814748
249447117
231680910
265403988
295728613
992534573
725212007
757182498
254746056
994093285
308148692
829914442
527846471
717804153
294529663
601858452
321999941
333027473
98633051
384266576
415007736
727285866
604857052
422439598
284190638
107876544
582423219
296627507
174242788
47574846
114024409
611992834
962302911
105082168
398481542
764063908
603897125
320820617
616077574
103827331
500348788
688809484
93342363
214433072
709048239
349638065
734293927
91814588
596467468
725484821
357720341
523087475
224857627
146400175
83445861
503528881
644590064
809241311
981213349
187852069
410111353
428584499
582939710
207171209
880068876
696155856
867611529
422764303
319322611
530465753
997961325
1179323
716949897
994805718
883917786
726198251
633943502
390423979
713391358
934552571
373582616
490608631
700160038
448757966
689854504
590936932
387135206
815902736
21636306
894952659
119473844
794655813
339607267
428225505
693715976
71764288
105869774
886171152
334364195
12892382
482026535
311529623
772491976
66001714
727523494
356541018
806137576
230051908
262482387
357247608
869585377
254166084
95849952
46660777
814269451
919502721
728424460
134181743
517316704
289131943
309020650
51708792
401127996
424369950
410991909
203305512
661572055
288724392
301089742
812153497
620328477
747772349
56059784
700498976
452526036
62052993
718116654
634158324
721234470
333313485
784799355
157083298
553420348
664388696
25367282
865307758
698805860
292946489
613956052
774213254
343339827
971688029
368854448
45232251
703871730
430317742
910401626
348122026
655009803
524217982
694968962
517413184
928962164
450328889
736919130
121813028
198106300
395350975
594134740
752216458
201386067
94266135
412947272
184003218
504332587
151937351
498288443
736739298
399002667
545684150
504499650
368625565
674768338
526876487
468813670
648640446
378917900
10827532
996627244
22208293
151651366
369994628
979148520
197016488
638344522
267386170
228121132
103091459
927469565
903554253
667201458
303454885
698811748
861739593
572827186
249073691
558740757
184851230
540899662
551934378
932029298
173662327
949119357
109325653
19718331
326343396
842644845
402085677
981515217
88278683
742895126
187278767
398723729
571926446
600565092
831391438
115117614
215930783
545658694
236946417
923816218
395196983
809269732
495448412
878482691
201044765
669813815
813028743
954049299
219739978
89899689
194066670
469927869
444692865
90178994
977989037
420875269
869822866
177298157
312001125
424741323
826035453
121576240
839190881
160659127
479922690
904731154
126885302
261174501
741435747
133956077
342809973
639192534
303953245
628118159
536832315
364392593
453670945
230842961
818673565
656529580
29616102
448036377
761775239
998378992
548828455
717350896
954030862
481747451
622576053
410516169
245294746
38632626
233657569
812205092
97780764
273620742
970078850
334789285
398560000
