402581979
289312009
660040493
360895199
666751559
299956799
743432546
545265838
972090283
469336934
594197645
668239976
900662582
301837025
290118645
477556028
527277419
350537287
274170243
995882724
31947636
527268792
754636684
918808576
821680807
185638711
550388079
33709689
915421124
416303309
297056964
891757295
647735699
542391998
285787501
120800523
905183042
236221449
586892493
817859748
108939990
628743665
678308876
579373844
986440637
652247665
281979684
177987635
335438216
790950164
109061994
689596921
60496523
149795780
710374456
875313185
534675323
741231916
539214390
481112848
749568719
709722856
629844713
555786973
172279969
702440348
20504277
358270583
16049523
169318122
572372984
291055970
763644793
456310494
886942733
403203970
848959914
175262840
932367937
169433141
903659025
372400443
698271472
124470959
307241315
607460042
831260772
497939918
832017540
410474315
586125198
163951126
697007057
105779645
68291029
399217133
998898950
122521903
407093874
284000289
631743387
923709100
161938112
166120094
218577179
818006022
925952127
604186027
262853046
307170486
26353270
359412483
808863977
369781249
577453821
377168275
11451384
505373753
248545658
564819926
871179574
522564358
526253041
605575207
583192922
408421858
594048912
657865147
388019464
487725600
404305018
726438011
768168964
648367648
537689753
979949924
210462331
532151378
905893779
489235291
681507913
227074744
235086872
524847054
384121044
226712715
355087147
327225808
528325822
691122753
387765749
493525197
873976244
842273946
412820713
109179029
397456058
556362903
582927170
810155320
223957110
268086979
216166563
775127444
902865466
299915258
591243517
160496329
832091494
597503896
166705943
479300004
599479973
759310365
883312012
644104829
287477486
1405986
221454163
356480207
53334711
266823103
129539324
696896710
99959851
910779820
852461766
925895017
235546935
428510723
582493866
654099427
949224207
95738459
265278180
413420933
10908181
459959426
621981586
84205786
635469196
194590818
495134312
930821925
524416809
908465743
894045222
114665878
958961933
768715882
821701542
396050071
334908739
226446962
756820608
957134005
138547655
519269851
675167593
992085644
447453490
665348499
924949393
403580771
15010030
512606515
530075796
503741514
494032184
469891078
633196647
827518058
379424399
137248377
721011009
858743892
771688790
198717397
172479900
191494106
16734598
737795888
966933082
466831051
606809179
186443794
319190687
722777244
338917849
308144174
274873278
491638329
784791831
629895941
636752294
970120696
269641423
91553540
915811895
11810294
378389946
390303708
620633692
489070855
135519234
994183482
16625672
197660362
505435952
898076715
185445214
939830256
346789950
483673487
975351046
709657601
698415415
458118341
796771590
828566234
193415827
807298551
164823664
185888010
195017800
141558318
42726227
749528457
500496081
750890311
589102468
680135249
282905501
160669606
813104158
626430888
117162195
477862226
331311816
612625696
169818121
121530324
217341292
440841132
122698959
335043021
144848378
301118344
654544893
927094691
271705280
811523081
294781949
87245661
818394465
571091394
225480043
434745682
294053055
993960915
951457255
267097214
697164279
754545639
308974247
505309964
656924754
186120344
670569327
348920157
592495406
220553188
126806524
184145894
658748112
71885503
589957259
723982531
63189051
859974777
996709939
741607882
94983563
573401388
479185031
777579385
385353300
195659839
342275140
242012764
400950845
682416512
183809171
337350900
661168440
902720906
424366043
462795651
131866884
617388994
678118265
958728033
630549016
305624735
334599285
51152091
684716556
110636054
428497547
746508962
981134134
501497511
371556631
434078276
997250974
209849372
172113650
123762891
275360608
531394860
119956663
461264915
843845203
428556563
947969311
910078892
36744017
789455623
522977452
756027205
647519458
127161607
592115646
445800055
181856512
37981906
111058866
789358827
238802103
428032939
92862829
274717245
767162291
595766177
260878628
899453332
310859881
749730894
340099924
451319067
730607255
300603152
187435043
600472022
497432330
216853350
114882830
201992452
357655422
424520391
14408074
895260931
587658601
672470341
98989503
853972526
909381864
925756574
252221763
959269068
98790506
382754822
884960786
847327668
438532031
845239417
694102622
248079025
167677934
48515979
599219011
287013121
449355698
71658385
25419950
346916306
939726563
991643622
948367724
965003161
923099075
909066412
431703404
814281710
413624864
197601896
687058643
94691950
496776673
406906101
990071467
385103306
497509130
380830855
352528560
347852432
415642364
340107374
161939991
652192912
522750726
866803803
34314518
309139443
825301378
727394952
445905233
516000215
647050391
752073196
914245962
917738240
977388848
287218601
36169992
189724093
951051416
70679076
433702803
240930134
158180773
599410672
751302351
760771832
58444510
214115705
789503990
68524842
719129823
677567516
931273940
599619188
829703630
296174812
442252434
56295272
874751893
122563961
988980330
686229911
751696662
171058427
447641558
744703476
492660137
72333226
407714456
210290528
344660863
162804467
396801015
344963288
906404569
921009855
494012138
923340053
115501451
273542685
250694932
611185673
937890960
377380390
796870390
969482873
820799254
314626773
88034609
681214036
844966166
979874719
314972199
828487455
81698744
747472891
489233471
987122344
151769114
6598874
268111694
986111282
806401248
579213461
723863978
556325356
280766500
586310652
693214618
908693774
802162672
518912380
940793819
601209207
871869027
377794657
748338949
374316271
374188035
478158683
923904220
178033363
984298616
726500419
365324361
364786142
847832266
568313558
263264543
158931677
431776384
506889792
771570939
108902576
5430991
264583648
804784424
358677499
653516411
240545034
688716373
234488602
621412153
179340834
879051362
326053785
39080899
713762990
956618426
703904086
999133941
114917200
612934308
673610429
82694653
90078330
1812666
79900828
213889100
359077835
708493088
712452941
323046109
534282941
476917389
295272880
747341440
831891242
595778216
607285378
573010231
389661450
720799858
133643001
789442309
689415617
556621208
804957781
847449056
39270575
325705243
134069275
611695130
559360455
159797735
316859183
893955483
97960509
26207923
915352659
262770982
724883595
144788399
294438575
532051944
976263430
911442492
87129212
702423443
583778482
578712344
207189655
117984774
349333048
130893854
609472490
394117340
479291307
884168119
393279034
533457120
196854884
232451771
174618524
33372592
574423812
100757810
763685652
374485205
160058206
401317395
649380930
805683319
680425555
344514396
848126635
244873050
426361283
601591056
813178877
777973124
469491996
102534337
263670574
460558229
118515587
16084501
262362082
428466600
550325243
922741841
414664176
213792388
632928887
381895539
65916098
492431824
970169873
261065983
957628130
875505620
147756840
712644006
542365237
182461086
929331412
401506335
437559217
4818651
282767218
364599440
967756056
877700249
70989242
615305909
63965124
94320546
968781195
714060293
914857004
558339311
838395726
335219051
824159961
237316363
986653218
435588542
172754431
298530016
278598298
355694811
274703176
165295299
643962924
937673255
630216284
756847988
560169099
81209488
531226815
717009251
578525282
257543430
145699382
185725803
954985784
536963925
142803146
17622978
317930414
971595550
523650627
256109580
346208977
399288818
37109894
812537787
888484043
305048873
195807866
493742870
228751903
139029201
726220352
927072406
89896263
802460756
233737324
133315985
985089623
307117134
534151445
887571707
182833477
197847753
979814027
580852295
189519669
638434157
282330578
449689293
292785395
155131452
980599600
307002746
832044182
18593595
819086321
244674105
900563361
817678496
868363943
255120225
885401620
37483945
488257347
439496081
531323077
218626974
95829539
152525027
303226600
9487160
32533354
10813280
437444105
636078918
73276102
148361224
419474790
456257597
623018117
250049886
22718295
746118571
200957475
73620451
158429599
419217606
95028223
71302668
983374434
989063217
232752622
167411127
438753189
279031220
2170086
145349532
709590404
540317946
49529218
970892693
542604618
129805550
146462692
283298234
122598098
969786320
869558640
195965264
945317492
670725096
825199314
444305763
194660378
618314057
232401929
139283049
836526468
414636896
281066481
112105471
123598751
24526871
169150592
314163381
776734537
865122225
572060089
158412884
633908831
927926568
438770818
879156842
406728379
652125422
707445266
892912744
599655878
917659239
951022351
188643277
549658965
899062958
125985174
312649337
163863902
788446858
972750747
820439131
46629290
862887036
308823062
294953508
259251465
937423746
847293942
518077747
960654957
832299309
506563696
257475871
397726231
711145755
562056431
17390923
231954277
946042471
37577384
542534955
910868789
339489184
539627169
918867228
463614543
92423203
562446504
224535792
898541695
856501253
150299479
988287677
892371477
751620957
111783594
771021794
619103505
143817310
619905376
469304632
804831479
189367519
932257786
767356568
411095542
693546479
790917045
838513208
337006526
108594251
80695060
217821430
750869473
430215792
909570340
707140105
323259867
389955833
831338963
166828262
374977241
622758149
619536050
104153703
681999830
518276017
365104393
646105273
599362161
791034636
398287416
88136967
326137094
568272750
737703475
721501270
407231396
772270600
507771685
770068062
301506156
723933295
887529265
789947444
775806193
932478047
237418203
462155685
842050616
404643487
447761927
229147672
312478345
453077114
94327391
182073329
569831467
828104082
85356737
892819523
328442085
144811772
239151047
545971888
710306833
992558091
891684334
182596723
692512315
188069069
299908708
550989265
882184146
61270900
865322104
651043944
735228883
829588605
328347509
749521781
280857813
