139656876
140756585
521612901
471553791
129084398
398177675
370250604
829595441
763326526
653338015
663549722
419354181
565034367
801160687
217249719
898067414
399190179
647722941
683297153
127116573
623957982
601309602
345434908
507783316
656759482
644266894
705560804
998405363
293076574
300947145
31519641
379625630
235738080
576028915
446124410
664770958
723289305
231660643
600926091
454524301
677665721
855619720
60340301
748739244
842516041
785458370
551762638
114628659
850239221
629121085
273981426
423430439
668426007
819493273
836479485
538347272
795321676
13829584
814794308
484817503
692616869
371845240
536518866
462379380
621818374
283924091
183616101
989005451
355036277
552478760
174778108
167529536
46796849
228772852
449450851
768338261
540969301
596695662
665267274
871301111
92504255
590932144
148166142
663955487
26965719
608089200
711199622
416244805
739549428
907777136
869449280
709459721
416866333
116108587
761907430
305820481
319100853
597960919
126920870
558591949
601842268
562757186
759592381
297760460
454342976
106451889
376633589
439653154
370042422
68141224
997377970
198626014
348562309
943493196
392313248
101684724
223679097
872563377
435413661
13729173
572724468
767371295
249456022
447259140
683029478
465318386
750663201
930688261
466865421
143630370
449237407
943008380
469774791
106675324
269458842
529747068
831339762
850405680
209612510
920513828
231455610
271546467
46202383
671408204
910399164
670823266
360897411
473373136
723795338
660222705
82141383
446537474
162547258
113191697
985867479
834470972
313301163
312333240
614730981
989024589
355788687
445945327
972787732
226412051
618903815
54369590
728851222
241886984
674034353
862566179
270344961
373273416
662950866
514899831
782273561
301178001
721168911
578047817
536859974
12206212
104420974
277290064
206892923
806642714
61488986
2699932
780461121
356583093
120807844
434987869
216445904
519006521
235674699
220587920
564725141
785510282
298758733
819790330
52504388
856029574
941972043
119010427
799338782
861229158
389877744
708867966
783586606
647647426
330918135
684689478
113302060
735253345
775473265
602524769
884603615
78498622
239052404
166145018
164923064
616203883
273908467
372268128
121079140
239046484
646120274
751338438
137598717
442362946
950174689
996763277
2419267
901378579
525543428
680830399
70234167
985410545
477951281
345663764
416764970
352621019
219113324
132813695
25664958
436118364
321685808
481192558
743533255
633149929
335984303
486226518
546457878
132613715
654867265
436300504
582121106
569703914
997931286
560292298
215108883
638539304
571269249
341223660
697472735
334154856
682270211
211923479
209709916
94642865
532290601
899193068
600547340
893388638
749380047
812302044
397090558
141094771
346603170
684960774
917360674
164927716
7805183
504448787
106378642
463948170
450305399
869805550
246511313
89242924
98709292
500530251
987479258
917658982
130554880
778225664
781351769
877889663
435340958
691510100
753848152
109762328
271482641
648890390
100859327
436791234
885679177
653069238
383233667
842565220
39209945
441026335
223100744
312970511
642931622
50181167
630734121
66820462
234845017
233524564
883849456
812464659
965412164
120466992
995933571
31760349
911713808
682888357
762833757
971154381
30950274
519200894
705753811
655093068
931112621
807598345
893445073
358914791
403589459
669587407
578268992
797236159
486571883
403946092
50032978
657682956
277429507
674508747
274727359
80373713
147491543
714531307
643044646
201816393
807660643
941383491
144350162
151015649
652956817
69098978
525077424
202790819
890235479
412079285
811614946
520009050
735272522
568007674
381857889
835333275
156736092
271819329
663231001
565257609
655255571
86613296
325892776
561466072
70434013
338250615
754330840
237205061
408160997
682460044
823662838
316418966
876156247
503937417
847432424
989729128
663248183
742429424
705957973
334490481
144509982
375478172
907000678
74492597
592331145
530023927
922410432
709421831
292650858
439394083
923637620
875672212
51300305
77787036
546560821
721047346
615490715
582884088
80581636
314706201
314768136
287872363
794629821
207775435
588416445
495195979
643852802
231335104
720575248
392128759
172085092
414306667
565861355
328740520
420747626
279777398
179612617
251400178
969134926
540410084
415840181
44909009
944554202
968766913
758822423
947990625
265118661
798369210
957376595
126385078
374238413
80364094
661847788
391251771
19722344
856637618
580848350
699225242
486076151
97135165
886171124
691075327
988846581
900522097
267308990
509330952
309810857
722559783
657039409
266783423
541434728
364090536
613749161
540171550
898866019
269859127
343318159
825862907
448953011
640425819
230077318
845483590
273958508
594190170
17890345
91720997
752458878
174609583
309018175
564110006
698929046
480387373
765324026
871999761
654238959
724764852
56062426
44032104
701457922
249491470
638179768
542558876
141329800
690593171
584950348
10147877
466614932
121676237
492385751
749863216
513319458
754985441
250272231
845650330
867057846
40687533
417116819
394656411
882631752
175587993
756872073
135201273
413541607
92929402
567854375
61047355
598766509
741749398
885932589
174101166
213796700
299286055
124404984
199461541
2246051
687518440
704153790
583365336
9239821
7742468
625106064
630782640
682223831
559154958
50790548
943943603
230115142
919673694
4941914
613551425
307648033
661406013
161400351
525869929
492619395
502978494
129017268
48400397
122738795
523902993
411381366
724865532
235743646
318284584
536066516
214033402
630580457
50810689
843404279
179539405
336533742
833751481
385416590
874889283
550481927
126089432
452977441
854386648
42138854
623910770
830932211
679092813
736807484
272381163
866453131
552390685
137885704
598535054
706842144
499267555
558501172
655753392
460626540
485336826
596361100
900240530
395038993
363939246
23088442
836757144
313363146
179304452
76269415
825402508
277017683
473896550
275989423
286511066
975388000
366529963
50001053
274630619
6261543
498828023
692970781
732288552
988058047
963362481
451831452
983675829
76147698
32045402
343968543
344136723
621038232
680780348
373124941
900079763
278528182
650241396
731050437
89038194
831298206
205381709
310547624
651627758
602823397
911404975
995363479
392556580
276401262
851374636
623147052
340312181
449266502
283870552
649491849
961798515
792366044
864072547
912182482
431676510
912107793
39412612
760609446
281317744
835335908
732132691
204364275
596237333
100771609
375909659
7982884
325146604
635479524
960962858
443332411
800879833
188280399
41343022
129465154
76653072
967999001
59274871
707274566
224773060
408898348
3656362
894870219
337167679
31288499
411326424
107713718
414455634
738058912
299373926
176930400
791885594
444772261
29229879
816291849
870690705
707040699
399126145
291784971
900491602
843391752
298000448
704832655
488303643
840538140
848612014
773518115
751023021
734607392
835529410
463677508
852832921
332138044
535836385
872419394
831679545
837262470
867196594
564948833
689445183
268195940
593527248
587087690
336105597
784032457
651446816
356107571
159050519
225051171
258774448
369612371
568872855
767489898
806782963
381381306
110897900
298823705
406566576
496629538
182676484
637808308
356690696
679848240
902529501
835696417
324097477
459747549
908935875
156810484
984612303
33428234
839844103
834177311
602339787
632295661
249864504
710912756
368727058
704271184
189091324
492504443
614467595
525971849
475832944
465917038
894804651
85343023
525355080
154455079
761521494
532855839
430695894
370567056
382272349
51636875
911505243
913679006
684558188
500409179
459934979
191699266
447171695
2240035
240438867
225346214
529768266
734695543
165150110
174487301
131516802
399985143
930096646
702295390
307538213
690172040
23340712
830718845
204015296
436612462
940891764
238754454
934392468
754480795
395288989
451756463
602732339
469277047
451904961
550702912
720790417
336185496
26354567
868317878
244336204
997392056
45332747
612227560
285532981
250486729
936148771
160109108
920192911
350867778
22938276
361536350
602759192
728400502
63028842
692100308
28296162
80786397
709663710
247945726
559517413
221180525
257306796
692690898
606951045
788682403
622613873
60491219
282790582
614447197
453696883
795331305
373630575
61778767
457959185
310146156
644839292
411113151
545185863
953528565
500463689
780782656
318561542
583524689
731542519
33752638
848997270
874331835
406248204
759804652
522406749
640004019
626521784
778408840
308800464
23155679
740085260
352641848
5276514
496850577
627872855
875657552
877318525
305745713
897170894
227606970
987905774
540980424
270441317
752882685
47261016
617183010
535600532
756135143
747482035
778734756
902618982
673782106
961148377
573198407
939685131
748282037
654243013
522985928
92040447
813692862
168809520
595221734
752978302
434803506
570060894
292197443
405836636
48335285
325655710
624806136
903464130
12815828
686353793
503935549
45846863
308016845
603890517
653365518
712543635
905223737
104403486
870386640
30926804
530065707
120536696
66303153
391493469
432078106
557165444
879590816
221414538
354332596
213705265
83478032
58797449
392684039
788002121
835637810
182821790
755063572
211346374
487265247
430479432
122675898
875270625
889803153
987428311
457212828
527351543
631668286
144391519
877495
810442292
186816709
709289375
298422878
564294929
222912594
314266810
503757741
900703972
973758528
491169839
446064893
403391597
549131533
799110561
602875761
445138099
653162822
520014723
768252706
470543727
957480062
693877363
617138238
439907207
908250905
654795081
230733541
78874841
934280639
904726561
925497157
735199296
220537043
543890303
26888556
374188656
760374569
828389109
565089526
521371000
679064048
854359598
237587844
996095406
984414538
719284300
326139091
90692592
384552549
12074729
874188720
111653562
376138812
530333766
852962228
492939344
92151136
858515670
656044023
568117512
