611707911
748922397
824939065
936727922
283685712
567332824
471912023
90099156
880911792
394795089
378724560
817700156
545968775
198647093
623212815
41309884
349622776
380515712
379927616
392972492
623121126
347390513
984001825
332730416
963900484
792711112
710908324
815922922
600985710
420482740
379288311
304427979
743798072
307159824
534633276
672021106
506390719
901709204
230625387
505104817
16626383
222841280
601069847
685918599
791477758
14158247
846259425
319761750
268790225
402589858
675090799
253533152
71866039
836917663
472912536
264317398
764920571
492208649
972827436
490974599
856424498
655989100
489113445
460429051
15506777
74296581
73902083
238808951
664013816
951191707
534919163
447913571
149890324
874822798
376346109
400279845
746320664
298083226
541252656
949742237
946451685
391146573
547132696
198395851
745391940
125755158
232561940
906880407
834247286
270315878
907100534
14182070
928881766
739650787
648680317
360637281
733727833
140640796
670411821
717181177
940256162
607450474
655747933
317598516
867670694
227177228
103642828
197043239
460571554
72632690
517996732
466837345
950955991
23085199
544522912
465277924
108856403
290717594
715037109
889751618
841734639
167021675
404561664
393697937
44091173
520737092
519031803
410239536
226142480
15708827
666552011
605679868
627671403
824071477
9486074
339001211
735398639
229534179
330725156
518214712
22112330
35518700
446308853
761614595
752319145
440263189
63226078
905796566
195127874
183402392
251780878
443010239
425603686
780660202
875446537
773234487
202888809
262049995
273507343
346933601
708145423
693403291
970900758
444862726
406080678
912316862
839165940
126884513
13599125
205521700
729879284
879322222
959992437
196822396
867639287
806215939
720712821
642947067
641378791
603827983
457511014
613235236
215111661
42740088
763927948
223541771
180076182
847011200
948624939
236251586
136112401
473348643
956026835
983791553
810069288
328709038
64617941
1446126
355533916
840002281
601097247
936341563
892197441
989606173
453523107
372458654
483017801
228781289
913020913
69230597
52521666
559941741
620671203
669679359
889422586
94910187
478291630
928160669
680934777
182538907
732240680
992154739
178259573
777347537
69409299
256530640
923295386
976200882
386753107
538930249
741597998
719266694
287413150
801376509
2730736
521169450
721037793
225505486
589216980
391469293
740523968
951294891
933990285
879394342
183729920
576170659
852677439
286347476
94368967
715159101
850417407
136457270
320511347
172995009
107761600
608942506
758081989
114849903
920196874
196992466
449163266
506816917
842028180
374090663
327632597
333254970
272528590
819294692
666948623
368253135
373872392
252786143
338943689
289465483
442014937
780945787
58164454
298865230
593617617
493238638
403853199
636947910
881831915
671594005
688512841
605140728
398755346
114418141
693614909
393788228
763087459
606187890
305308611
392224513
942306026
233707051
109266711
559899621
551761744
850474949
303642068
33382747
619398852
726115830
341286708
597631264
797513579
31045864
730980070
326815811
550778052
459216759
521232285
426958235
793139265
812215355
624985001
170434174
685577821
722491868
934499622
158110449
125679783
273160394
605165675
767684500
947477530
946719174
347159456
208307886
671679076
498264831
747103484
743142667
189596569
370470452
17549058
155716085
330307296
90881577
807627147
367709482
383438069
366799097
843010175
303870699
84955605
878350375
599085246
130090671
608722048
938832535
874321799
829269874
915975325
145531619
907702962
346238457
120950154
573602207
650153732
850794404
683886407
522672184
655136734
52513221
712113273
778089616
237361665
422668813
794666296
469268915
840126877
594696244
914864720
566790140
774672378
758880685
430150218
301294975
682728895
69127154
347633927
217068785
599585836
732846540
623943030
917833609
827167341
44064950
462767488
671310600
34765930
756705088
440727843
956832741
683823074
860765884
711662361
790496953
591757424
306865987
640988710
176416433
335424373
139453133
98705658
279625554
914405152
349185184
370859240
148822277
916088237
819655178
890873310
581026578
503160476
466817621
923086347
922290193
428570189
794279663
950922274
193296715
959901323
123355696
434502985
83421788
153968401
958031977
882967065
913906493
47218323
639653263
709537549
375862908
428138443
171217494
881644411
460132703
634140881
344317476
3428456
477982156
673205708
313945210
755222361
215110751
865831776
859701263
453672265
217005452
937679536
789372167
361926764
797477760
355943711
447691995
216515108
212068676
704950146
15283869
125657153
956373173
466218118
456952746
101603954
276434974
110117628
515010402
152888135
331942981
585173209
462953643
288149311
84252713
790851206
472940118
520091005
645956113
368133334
219392234
217590010
294267136
504359712
665961612
976226956
257846154
277726499
912059788
19919197
980446446
954702385
669575734
755182555
618857012
218660322
47055282
11764037
216252962
212341256
478787386
104993123
350821374
706813128
121729283
631832241
474725892
501222856
277674051
6626553
883003591
927600989
570558994
843935340
485557912
797693857
831390016
452013461
800256505
480725789
843757798
998708473
198057838
495091205
172441687
377240595
915597474
707771086
669292298
865592389
743795924
461176081
303838042
433614856
889345946
114399111
866768634
587454007
382630429
34129370
501501063
756623297
52447
905433234
136915604
52845457
384143390
825640392
269624643
821163153
387270305
595041819
211507531
735527172
368583456
480078912
906935283
855730168
534371440
744488686
716234766
766954804
831930556
412081660
262830628
421827510
623762946
136944137
954589392
371158800
930925222
243936009
69383032
766127134
979224724
87134501
998656026
292624602
358175600
119596230
993097203
89957081
438146442
848129143
478322084
148754104
249668550
568310869
65031400
409267034
207463826
11038466
53082566
638141741
317894603
734546257
924692739
587970786
642602606
715088093
429082510
247199253
871050999
898465841
890237930
143334295
525658787
445380395
756302446
281448955
481422885
614310680
497554567
414775210
751391482
626277685
328808361
983801411
933759574
114076523
172158960
55452076
71912737
545322358
163694973
919886755
190853442
431241289
448232530
244678466
162441760
410685239
650021995
643087506
690513718
745897950
218906081
539680599
957891212
334987788
623095315
804288153
812008421
783582444
927844148
593153145
513483897
638307355
886750258
691616917
405737895
940891326
654211210
528526082
542929133
373630433
175286516
325728640
734770868
970351173
952480852
94417497
997147864
511623979
119007194
70737645
964288684
854467060
724261490
5493531
407371604
789127761
25910199
598771785
490981207
367870806
243443653
288330291
617478208
570541827
406402858
552546085
544491030
756615612
838940570
221550432
756474027
121495913
100158373
316883285
570611433
893177439
804909730
987540038
382506935
528677817
807140287
300384442
664575249
857106503
628864460
659016836
914045864
881256726
284245312
616610133
914981127
55439424
37544874
175058327
130186779
886956223
708250430
164229040
563948315
399934766
549926466
240532251
672683408
897456760
314263616
842792770
754308687
407378204
434882097
514194163
984218029
38370159
216264850
962303388
560730517
943059210
623755040
760371704
941677366
747386021
638500220
663234303
472370299
222330436
306569304
701034603
83951038
925100045
186696505
683655209
184927008
640680690
423591722
982572167
978751350
566608036
627701032
767118488
542842886
786071688
904708147
506667659
446374628
770051148
632392103
876610967
839174572
75241485
614327808
187127568
263201183
947878725
222551673
816562293
761434544
886692161
768161950
450352972
590887456
613229012
758841732
829208640
220681699
751226887
329267155
343537338
614778435
233692682
983552037
994122479
315358178
856636551
217528818
155605677
842677872
131832561
216859674
702319150
589938332
429958335
861860029
8709553
310772236
999568936
420454025
237048282
418129017
607029428
221137622
92059189
798446084
177348060
176231032
929613873
27229955
75499507
285985960
695147740
440783993
288854764
261832531
605481890
91689446
620205328
871769389
406564630
730349907
66945995
973884419
629601983
669832486
65842800
860414639
160929120
751368981
750132179
518436404
221112761
330772861
92218873
925408320
7749007
12555059
891492847
195676394
138010117
680405519
287914943
128375722
767178365
845846600
521711933
261535157
301083567
168125803
256378138
917020105
690566906
127799547
13889395
506698373
351183022
633145007
591535638
422226702
732603284
316933420
15301911
178244891
277097775
557063101
64873198
364374879
348565120
363446443
254083524
592926831
200196598
424528933
733759271
726159110
442434963
938570272
206706054
783755382
148120553
804307641
559331071
992803316
494990843
833112073
827869496
93313214
316883466
585520498
574225298
374603998
421019420
469266145
463073109
821076696
665103607
109670052
851277945
210115263
780973402
157337053
912970036
937637123
914042277
663451306
716823507
266037972
394040274
287730283
64263410
412612749
426438953
807780255
274106148
928295641
757602347
22498593
683254047
443985701
729193603
971559982
47491413
763044620
789221143
879479525
171907410
730930451
961455823
912682574
61055502
332764911
87292326
996590790
2781979
990783498
891337604
621693947
78761038
831539535
116288565
561831523
699272939
29153182
521257087
161612549
948165044
613239164
195159996
534777466
63474348
642605014
426416003
407292244
480921658
809413419
109845640
149925415
148415979
34562752
491543895
985893054
304582148
481357699
226674780
731498498
325320422
429848161
804998275
283322649
36958036
135908400
943737553
851714510
327697135
167362079
272287043
18338230
241787533
627608594
931314480
558668245
535770454
426678357
849208225
418450487
906348906
680000081
515669131
193368559
880937858
741412189
473277968
44198286
339995639
130395510
257249375
217915239
