835905671
479465223
160196692
661093477
900625529
512480111
656825222
490740845
930037241
756755867
19940685
217002345
241156190
2652686
191056821
185168090
976694683
321586305
632972452
811999082
971735621
40041090
544024999
843442899
359763372
607539509
778104871
81997994
374616361
947224372
392582578
509522355
905272050
357391208
393598737
676763455
819104235
751945098
700050000
46238378
342770462
528460819
411764713
188008856
144396134
543226175
709893200
556488296
479167317
673453646
562526067
461517065
320122326
661440721
739287653
795864580
935440223
316753791
301330104
293086020
734375238
574827227
116124484
982812867
364173288
510418329
311730293
883764981
609053947
514293365
366063853
224749585
621536303
586734074
469228619
443274801
628276376
356016143
699046765
816537196
897646308
221616575
602830676
701162714
384698305
931065512
189400029
243831328
618103553
597734155
741323230
502350443
450614993
406963980
311863139
767943233
412336335
428951844
823835566
633977803
231495881
826128217
947434347
964873950
307389792
337776482
839980760
733388250
192212101
296012851
167588204
579424080
617707025
484792907
395439710
512758663
971996550
414961769
598114562
433107775
321018299
67898965
265661427
11319791
772970133
863713408
774134590
214572323
274870935
701285385
30938466
199324532
532180575
65068961
585041314
71518090
274182226
637956724
393772921
46921823
91084752
456011777
51619226
322090701
430145951
161899150
884643417
965822085
11524269
799104474
795946681
997374565
830837280
390727791
312959504
163596916
560466790
936114555
191903817
443676382
563641891
625408436
458517315
490926715
265074385
968263670
47243504
552638063
899751591
323921620
238576436
334039826
21188847
551192739
342023023
865006521
16279738
943570724
581173839
611070982
979069990
808312504
203048053
475766459
905338702
33563899
368487250
141452784
752109456
421444398
511051299
338067670
446052906
950096537
483279931
465676314
997494460
560692509
57016316
461882279
114655645
332005353
66070493
687602648
560528038
461906855
976185718
279644541
48704768
447952981
147317177
616896064
354940716
580832833
464606391
755329385
422360383
982750855
585588012
231510486
599776420
905790719
800528606
478307193
812870319
900508765
887986918
71092309
67912808
876346707
867512059
455587228
886554408
119291559
496415336
647064637
742242010
515445403
915238419
443431847
57378180
88842708
92748016
304156474
274127220
894155233
983126952
865220072
485490145
727950544
43315931
14743605
975104496
825505828
862105858
208864925
531476746
587763298
874732327
660019272
573919935
905093408
211731733
172358059
580440921
691729948
730341655
235649157
84417496
817541753
13087375
906914978
67512435
142156165
174132306
510933711
813042703
496372131
204179973
918715085
917381811
22766846
585602162
339962262
833030776
852768453
480482730
61048579
257185699
287550411
115587891
154478712
640713075
255219146
869511910
152284770
877110973
920389955
723715552
582397271
163813578
747477795
780802575
667948391
714863169
136400951
947231168
832948330
651373522
351172146
395822220
35104614
383583325
956017241
742637460
551153088
319491246
871769469
339327281
727672466
211247217
669293075
978463456
796867084
701953862
858608661
266201902
812293287
272644253
21847535
633822736
892652746
772656578
621782701
754901507
169904015
241964270
917653770
625099092
696629824
905537283
647534398
409675055
906013552
891728189
80483276
770895386
684695832
512581685
318358822
832793523
5341504
581062674
996043084
371150053
494520501
769014338
983935490
965994527
856254506
870199047
134937880
560304077
629525987
717349408
503169472
262448034
761800623
201115734
572733444
309188818
401837474
246670376
642697455
822135181
563712817
259618020
72449904
905138893
621470585
87713275
581506068
299711602
954285430
189054010
628481232
311590072
776613493
250632647
260381005
400889676
258028779
951659241
768844585
826430775
770599403
87230321
780149066
188664143
388558716
818035241
9094763
483580098
939848240
9170003
430956048
758671126
938365217
173907902
807437234
234902480
696564433
78796596
344523942
768541230
288692978
835226277
606018645
440471976
88868176
191579400
485834540
511167975
940734727
171843767
51160039
450178232
477825790
816266679
51535778
476482495
479468952
883785760
516580176
803435343
78618512
97925970
359863360
945115426
758097961
869810105
373224854
602705590
443195412
25478524
704325242
179232182
607135298
303354
537737796
935373124
481211675
339677090
99795967
196979316
332200700
497926786
542845369
768004472
958009963
980777814
280845336
122098538
122372124
330954738
755433527
812778672
562216418
541088598
689922718
190767008
475362917
660903217
682374014
219058069
818354545
883128949
67972563
915256203
467518524
871927856
843042932
477522435
278528882
116162653
995270819
139791862
783989792
319600860
471234642
580691724
555080599
591858886
987105462
777320145
588964769
251126316
480333465
112240673
270044996
891546568
617015762
66046700
310380635
346970788
460010207
820308457
657303074
880737896
378624770
449071750
429954223
627589165
300485948
86082107
137734881
803322899
843569654
6209470
335683918
615641664
28788879
242615558
69853955
109230993
635686408
883504029
673797753
905053868
630093299
567228228
402795483
955731888
645211206
575971955
254912093
776996232
167141800
931558093
656152445
174962362
482488787
903251895
940976089
22162892
150737501
927491432
291372938
901023355
639585263
785641869
407556660
474123995
776556754
654403330
862757688
374400203
996192744
201149641
711284378
576506176
146510703
752249205
250644597
811396540
46276266
474222333
982377957
724513992
831170012
360738648
636181098
912011560
350057024
160721556
133152877
125536983
301639468
47691062
958493491
708194974
592131090
772774397
265468605
844451429
159671568
928671487
179175134
990807875
713214265
880511888
780803486
965992158
220273714
79646268
28451658
730239580
652607298
129579549
975886624
676515166
945113473
566858945
69853342
278846614
149460770
495545099
124066970
615835197
521250452
737220704
72760735
948501681
242656148
3089403
984375084
373736304
486780599
406193166
651724971
117604778
295047199
991570081
11299726
950658122
579935161
670188939
691737845
270410755
132269897
402913295
472929684
172059919
71804437
281978325
763081500
25272145
702921054
986621989
694990658
664126467
804604516
563339935
469557422
975993560
807751153
832301804
723336009
217184311
95271183
654715352
243458981
246414131
477854576
858281846
381467967
953543391
555559218
119195218
698911452
479271830
803807253
853656214
483565300
118337156
264291019
900700815
876697244
960677822
240007902
959102938
670815249
500158609
711202506
987598503
313000260
731707262
522012658
35306165
142906969
747633355
946852928
474553534
175139572
477554543
159454314
226515553
694205341
213522589
900510357
809538108
469712926
583725836
287710537
215718828
860319213
950948301
79774635
351220266
711702540
907050336
955604559
762658185
977176407
136168243
983900102
743300370
535211623
490256071
545281586
649760703
431530732
520253053
976288247
951278095
532418900
329253719
678516641
6010756
958882840
37775466
206495473
663174654
60167465
430469793
489390012
87089412
212448071
495483678
127279290
362051957
651932627
170792392
323603624
235856632
792028795
184194743
497377125
38971329
493654439
416153942
691303928
203949270
668241002
250749653
378007375
949459872
607437587
336432440
683299927
531065493
272431659
73763878
392337424
673927073
700554863
292429904
702490720
546706614
646778229
896810689
530852299
39727944
362976781
183229628
997828075
260738340
196649428
740431615
159249300
348224157
831876593
639545312
512356315
542728897
346471536
2546203
994933651
809417810
52462417
539930139
479651824
876015629
812183750
596213795
89620297
578168748
778454966
649676549
535301767
499598890
481704021
950670509
392193098
596843748
885301642
651575984
840972487
485011373
252921576
117269035
752810443
867005970
177183140
335075769
699188899
632886346
561407561
849608525
327455536
698008659
297496252
893072908
494244197
106848090
417158865
654836668
227544193
766762984
93609331
419659327
482283372
546972877
205129847
659650408
866520134
881206082
247352214
915512565
657427254
694895551
161573714
509922277
556496233
935193380
787119695
612645852
698832488
477107980
897024895
456733950
16761186
928846440
322221013
837293107
202102638
588631111
456426311
285345007
179684883
230464973
424031790
74209503
391402042
833262248
634985662
205837565
661876123
517532731
468555634
817982815
385534131
645894994
192181271
632559984
536434945
787573973
336576674
559050816
319728394
804513012
956004179
750436212
869738087
636875379
402898140
553436930
224751864
367836739
457547770
277889022
424779770
962007205
735827682
426962280
270863761
87364211
118520235
723233983
300207717
581282129
950769728
181299757
8552346
79042079
71199818
370866191
736665168
689661027
300858161
414528663
252054436
897375494
965616612
375171870
274460793
673595577
204471414
754526661
430364108
81548731
981085699
294039383
59984961
190666611
393203045
423526925
910067311
765218989
361696223
449070734
669053738
613342689
258843098
738446263
853743282
774704421
741883865
790696008
565675560
32031948
816771761
535090835
66978577
43019106
25834585
527404274
996390591
360655812
152501486
597268182
882892795
363993572
292869875
218658985
600196429
656730345
121314795
817885734
685839033
647672892
460798879
971446177
327964804
851787426
745474924
638711745
638532396
227170348
521428586
499756370
931711710
413775405
188851101
398332160
264776969
445994863
227060805
16965854
164832025
865798769
427136332
549411498
612717503
764428039
566177937
305060165
320472814
40184112
138249834
197012937
653389626
923998130
104856974
918002666
571233068
845325582
207126031
215191150
297544181
387122839
888871877
769220242
839227224
652745114
665556470
469117390
175142471
894537713
953882015
