417846201
643599722
96923945
776906319
883207005
955397594
271840508
208930724
542542517
415952001
321806046
417787521
248668300
79368824
131922607
878015659
970074128
27680636
460915782
563699968
904491756
210306623
62245005
133900737
694327574
65469122
999630557
472967754
972206737
667479140
649050792
398498079
822499085
412805253
279310767
468041012
811604816
856003769
424194062
306438476
745725868
857017201
570834003
468137019
637716511
689359067
996514697
502945870
300752854
908225534
159591518
752820361
540626787
15743267
998669368
207539578
581354716
963023207
82578745
817737882
955767035
798872753
236723985
875063376
766901207
923307965
595288435
835863045
800058055
663881593
66410843
114070359
603486573
154477306
817974098
47474554
639472618
594107985
496184224
4968507
68954423
496684686
172214899
63981202
507887621
896230429
857871291
806755817
414135884
71771189
886686295
848581608
773425024
606456178
350671440
946853114
620293215
695770626
701235810
714408545
94070631
160651651
702887814
636871260
841814691
45521159
149333788
386149481
197769167
951194813
568066958
987246730
466838982
77610237
748783459
459082348
626657853
172742783
367175754
870670776
65436673
788532616
421727161
728286866
777195297
217829233
340645334
997030394
803805864
871120983
427181338
943701991
892872173
781775678
910897874
908302771
793796871
535343638
222166509
462366461
746896641
471721810
608986649
462941070
503704230
899439563
381742626
695814786
857672718
891589090
320195261
447550432
328594872
830565033
648971872
305538014
738924489
974600946
859675962
623985457
704875824
152303392
582343615
326648183
524013475
624364966
94374556
685063302
166712361
840480686
665285475
91314215
950576272
904809291
123774134
593714861
179545966
958786089
224582636
877755732
836086606
644830546
139357675
912216773
550925722
979630905
615107119
62307140
132803806
605359860
169378281
819195923
675667675
598181050
757490636
594593248
889378194
282338466
938927594
879339262
805065006
696679322
529102424
17192031
226303615
228881046
496974158
423785579
706790898
55257010
125992047
780138398
750018310
981920228
787898850
60045278
12945717
670126841
775722460
544382569
9257846
32067416
552259496
561352500
671102404
846089550
415646538
352395221
147318655
529180885
704336666
897207499
19858495
345243372
72690725
139407284
115728121
122165644
685913158
322044675
482656746
191321539
355516241
77546796
479367812
389239882
69177613
693747445
810282199
697445358
581647531
219251353
506616004
394545024
870081415
772997590
144419826
967749923
346089626
380214063
813234506
144578936
276466924
177610013
350920342
228784547
760279902
404774938
909229503
648491566
944317155
890780072
984213681
453677784
61725822
817936306
676551174
474712699
81984687
281862522
776911937
721899092
542113021
449873295
947533352
485085313
390591494
625313469
475161955
299693133
994987456
147978197
776076016
305699094
508810168
338077810
914854614
177906228
726626452
250583265
628959978
664402673
784517941
161790633
753128201
690867458
235037670
52938220
332819202
52145109
96446415
669707125
885765235
64227103
603302124
91335413
602465914
826593627
230076659
865835028
838193051
134966432
929612982
609536369
653504108
796338958
114704055
678514586
944867614
723648010
903081691
498644946
748086246
831401420
652902542
112509264
937381150
380322387
696745093
256665893
250047643
337653274
292494267
423016845
203246718
325280330
262212960
711848913
702396969
417474754
735611895
88260986
947829567
860791423
412390213
493993545
734789690
174981571
508286523
956789242
576163403
556523082
108070604
609171190
149063417
597801468
921620878
54363815
411324559
490792860
153954262
222143526
129848534
973410765
615787385
500539777
842472164
506596136
406289651
328223777
534125997
402855140
976117616
527392859
988036114
814820705
550815378
887294821
419011207
158908997
377719572
762399578
872035862
739955849
680502489
693524559
229582669
683323075
273953428
605445248
403659451
207849145
300524353
211604108
263520492
513468368
958412450
974418801
245004038
911850434
651521379
228193554
768691919
180062746
422663244
173308262
580405465
580677744
621135075
334242711
46986090
34326056
635352606
252415562
113073287
391554683
350107662
389892684
292908275
922262824
270957108
159149089
232642707
800844401
924564325
326276852
102330787
764513507
263872367
474567746
856408253
576396575
642290783
507160771
507387616
149526018
993707658
691973116
317292604
507194226
113119094
648904923
62187999
939710716
558459158
369333395
572496537
48108790
98530820
871965807
163360705
568519766
681510525
322741212
640893326
492372289
995550846
967847516
255498419
96386392
70977474
815891956
316805376
146567329
477834456
470589513
392035271
128191834
745027945
963547268
397847024
658134544
72600079
785714048
809143730
622052183
96961089
292931989
242385243
555230930
753780313
54221997
665982686
391906558
311207040
287888486
894886049
319549571
866267444
15015326
153975170
25860141
436474696
220906212
436216751
297227137
332099547
915620669
461876259
87869644
977298122
444304703
303080844
134983551
474118783
505226160
495919687
895796476
513597481
18841142
395411200
702618856
725462273
700267488
342606077
16755477
149909269
924898816
835360288
189945970
575703463
72485700
261924389
730012619
809572097
371986882
221659847
851693865
349497296
511916592
289952636
181340419
831055728
154515598
577932806
309475610
751141151
530999135
917787773
805980878
791968798
999089572
805952088
847426301
619604125
451356313
300397867
736207207
878300134
419461273
147317867
407200729
80260381
271930289
512166180
904812421
182380313
573068224
325411452
102131901
283566312
644225821
546299180
1680888
728888505
214070781
871563126
570946674
122334681
33130466
265614325
618910133
7111042
29379409
397977170
576613890
266533611
414498086
110408493
358215784
71589015
485452639
973393729
930036021
364598725
882751905
101080037
559125438
642349417
673120384
127095296
178072927
205587683
815655872
522414566
147742977
452790391
804271199
118537796
405533344
579793185
729451191
613872525
845169668
153846948
528407732
400089686
50880972
873953117
935552289
638278810
767882226
462659730
967195666
30542885
798113671
670832090
616263157
637082161
846136599
112990743
312437687
928597256
449214296
906035168
87541397
413322450
191455169
506964841
250234193
123823498
462262410
295960290
704875148
778422597
342137822
871580113
128224061
776189072
836190992
482662218
50199065
685172319
706797127
34841573
359213069
715413196
238392015
785112986
724300894
476910886
836527233
167189037
272401195
292542600
267355497
800853934
164658228
939134498
66305551
115085282
208634517
543916129
623718924
811728790
176016400
471921936
757784580
188773068
688405062
926533557
542608028
840074084
800891168
363474380
62791678
627265366
221800128
414372722
546822099
372128199
174930435
406342181
782663946
773323306
287296264
295073372
23559094
412332547
511067100
541283887
706921884
189089562
709883520
721105709
274027700
506282934
61453395
895068335
858825172
887291131
957628614
49618946
96707924
797767335
934302856
996453147
366297867
908926813
229750922
640090129
579053805
750285504
392312399
694177351
940154846
802292335
761252182
850395617
524432526
880943026
448362841
345452033
677705967
147121175
219611673
353518466
130190563
79785459
89446680
556508742
565811971
326731792
555547549
659530966
414499583
125311488
309634256
984896609
839020448
290843115
928775503
114632279
182581624
870976969
962230080
956636378
796777161
15706169
780950862
471735363
745030751
211057777
370635808
977882145
438928290
612176581
371912977
949586748
578155662
580784390
866262584
286512408
819480133
673242179
74278158
252322013
194737955
732781432
279677767
814843357
492658079
776355571
11375168
233589411
952167521
333730562
162870408
806728997
184891093
262975293
556741303
114484393
298834595
617711315
811477989
354754193
956095982
577665402
220602676
802323001
753398510
360047506
406740947
258236058
424580530
642263095
295152145
509339444
796698810
709908066
761898422
63995729
736028401
966107503
979077283
968675179
199682609
137046397
25714623
105197727
449306173
565183978
764695654
315180369
24043086
751778191
987677812
201768817
861764188
719523963
296226029
617072552
512178756
477354764
61444847
132610572
369614623
753139108
809008880
309904426
38578417
653530962
10030187
474983026
501076869
492745573
378455990
332727090
638634031
842802809
155071584
819049585
551950778
115404948
353016828
188214531
595351851
91560578
234192971
672802338
654585281
93383328
647575255
77174846
413682037
144825870
551816972
258673637
904662656
846466710
599060555
446543499
328037516
715810196
66619310
795775209
555153791
289712628
814103498
531297512
373322200
654950721
563134784
18961378
564452378
477176443
65121773
396773807
124337936
873230314
537258720
278054045
518946137
136206542
655319143
945195088
5955707
932855339
61300988
356250999
940928600
119782353
428064433
792167319
243742253
708528084
491012068
836140581
48785638
557241618
633060739
305639222
277457079
702895458
299480137
999634559
530248542
628613876
512722467
936505592
79704097
155043165
134335700
31432341
309207990
321006510
927597360
191830974
60491052
121424221
789819501
622298451
228411639
457852498
590368910
253539846
226886288
770967463
775219123
855924292
986164373
228981190
347988169
567096316
240169575
231619497
596966
816050678
836726403
655684583
414946545
377341830
420132871
124795394
276546901
785885435
985446651
396632091
482959329
922735742
780930723
299181094
775649529
927361415
767422115
10762287
77227582
819604579
112526547
45940291
772748271
759281077
853394751
656798173
950341218
850722906
807054994
567239382
791262764
77588492
320409544
111546682
355104570
404806468
706477674
412477670
202165579
103616245
181305596
804483474
268093193
830254195
288008134
852483380
74993569
686983279
453331659
420626752
799674199
