958275456
811600943
754814992
469533465
146787024
121401343
990091923
194503482
347916537
340921498
383383844
288632526
624186319
474317811
978924569
188432420
395976749
533891860
355569276
438839204
864303493
820510894
194995685
800436268
473934533
746748138
898758664
289024782
668353946
384086001
618528868
349426116
782143459
358671639
227407052
12863643
187798390
540644650
217626156
512059854
890460781
353353350
780279713
120637521
549841720
129648647
348964681
32483016
721633796
198619853
252783642
583235761
890761167
808720930
181456237
137764561
616605257
954378723
995598930
400038885
222642677
701067140
526149534
963830534
722392629
33957728
506489066
265514680
246910758
966060926
634029
855332098
316265703
843509421
548378422
510950143
40231181
74358164
250594547
344285886
397783457
866275648
567390985
469734092
131302358
35293106
458664947
973422527
177215402
89642491
396258385
233419666
545045718
817587270
289417176
189393641
827203814
816449177
398244890
515883992
623159579
83450001
785572257
755572869
197985824
397451543
266970057
47251746
260342508
670506092
97533380
542247092
703784175
651313043
2255427
356367028
133676155
56415441
832528175
687099523
575292779
533066538
88299277
157268267
569802540
767214361
310286379
498678432
554092244
358984780
683746328
223782002
676113273
734710554
721126305
314333456
80703390
811818114
271748268
733850814
768323047
411413200
713080018
506709309
992109109
854011291
529635490
893732673
815331842
933050147
55717485
770788372
983921001
711145366
940591211
90093041
995150722
628303990
185770328
430771461
87165163
768291624
493159501
901357727
986759763
873751377
866133818
969073620
930186736
687921970
275663637
321858039
784667172
98677360
918776474
163879578
819986518
581589966
165159156
715791248
237578871
416553704
683346588
621042096
303267294
912957954
239860999
964967905
794119341
631033264
319182732
452399399
626047785
840976806
646685650
31423
918253698
811722290
519949545
118357732
987877472
560561869
963545936
127409872
657386509
733859445
986121199
885243640
792368891
776711633
270106521
413560756
463144833
469979079
193192590
670611458
84945035
872117403
598090432
73801808
633890377
901165911
174954278
299153472
368739237
823264237
695810252
943690364
451991709
918745051
245625879
8264228
61640421
46801424
727913775
677017000
453007767
555936716
963655585
569407848
926836754
354617357
172599014
17407708
360926743
905621975
989254564
156068706
647784215
976074191
915086386
46136294
213631858
446147736
484467353
86711560
385607590
664392463
758670633
834122270
38049192
42430834
433251931
873623839
531085753
261842292
351920334
416343409
742065303
516175588
217603690
529008318
908461817
28682583
146965053
279273019
728566897
157546570
938226727
463117261
834009672
539741546
295906148
475917516
3658664
199489584
794632369
615492683
562334069
641202214
291409409
788615302
797266081
129533315
531358656
884405919
921365425
298975174
486321953
99084450
553701640
572911154
414003402
131608627
758470501
386078068
137674476
184949274
299182683
205194334
358144661
228061020
726165735
295553372
112598
498307645
746524685
957334414
869965174
331596169
467209921
736427650
854009339
100863088
224766178
428988386
731742235
778928502
497323925
262559132
357907593
429591723
671224616
839142276
909415620
261098517
125738143
164297521
717447014
617580595
61815107
609683095
316309999
357139734
283057553
63348389
62449567
501712709
129420716
33051011
137881234
964031010
429009998
154725783
631874527
817273988
718901814
313140314
906842447
329482114
654335831
358745973
687625347
36623550
847286740
928552937
556836403
887023457
386137750
739014080
372569501
582227163
239887399
252384579
269781062
857526825
420117650
496869604
817805534
161417789
366538819
230029526
649507785
464272914
124677898
393876581
581725
516498832
207267749
92141631
542196702
812597828
257455073
387964899
963244762
703069132
922057746
279686449
509852993
354504614
506511985
175426109
115574958
390406634
660481508
555654069
724143610
176625418
884944719
774347701
397156338
222032209
495334779
745424658
962943294
424306304
709238187
223352433
911945650
453410158
927971212
40337570
679755708
293996119
196817377
559971672
324772090
851922499
289139815
566711929
935469078
140431201
987016610
463300919
654905802
191112710
114454567
259101150
803791404
569023828
669732970
823956305
631554111
432920046
694985292
320164493
317263048
512030414
425021603
538938457
993830944
698705312
367740797
56442834
426533401
466174415
495670399
821578838
193589256
100509836
230881979
872221109
887485601
318232790
838878621
256725137
235015598
32033859
90518855
771830584
309851737
450137036
419561028
342921822
783677187
104014906
408783457
246835661
599010826
876652883
242708623
812741675
426900895
750201357
572880983
236763765
772690402
930573775
36767517
188731387
695442309
292875728
65511893
703281567
338141849
797511859
936470702
313321321
594041424
438260154
85148895
285229189
421511558
653191018
229086720
543693908
279144284
24818974
272765646
322518494
57390957
248834738
222568012
316936372
857801211
418140302
445320214
137284244
745351805
602114856
484034734
304441821
995266341
901787466
76388275
16976008
384625142
716279459
4779973
986165326
167544203
95462135
652794236
160750671
791503988
957479433
391230116
773709876
521114636
29187075
957619479
747871427
657808128
714249021
131340430
446607570
70307716
748575520
845480355
920001545
352191644
799186457
567969515
991926566
954225419
780707072
289962847
519724090
576802743
212110712
159068765
562864824
20039001
286600318
154974291
961928820
596040500
61817340
525432382
900321776
26910185
671610337
616169607
716164729
644495375
736163305
646633691
281017319
770447036
629780703
946668291
636049620
870799102
84778427
633973681
368357745
527492619
660867668
206525251
10796916
667516586
871506025
196907132
309003924
870118308
394754655
727832425
371207810
559274730
169411608
850567068
8490375
223143138
945158577
893091359
680581306
183016850
851804784
347431191
218062113
134073380
8945527
749277053
947022038
265442419
523019144
692065720
935260573
652626635
786616544
434436200
935172831
855292088
514635466
232805190
155404159
474703204
307165683
846046419
249740720
8330879
275425881
721742587
601035428
779213633
938177915
412906482
925640524
191687066
953392374
185340895
675687834
313436477
988463136
876723534
658571058
122228972
249885092
43561504
347099164
702688933
792571851
718581173
772658185
734975406
915394236
153198286
708507671
712353387
737687199
205878102
875851165
5758364
97690470
209731234
858647498
287202939
148241624
167808405
327264502
110112662
766425195
743573506
699234260
601275649
758748365
621736353
866828951
637911930
574234130
33175187
224818111
263604178
498947255
547051785
215759027
556844706
949084401
866060020
863819395
784979629
704398810
213287137
453999865
747514272
309489728
669929469
215746006
778731902
18076036
371368118
973987346
82076687
716297000
236986501
936263737
48998344
19346913
171382535
976227039
293657883
286369334
70595740
138119256
704512012
981059989
612246987
506811108
550638684
993972205
301802791
338118537
282181602
303989008
542284872
405713851
553138057
289573641
951719987
291785921
88818896
405990346
88097048
619835894
202866012
59187840
142741424
547307176
261960753
610788046
166760682
537497793
777701865
889832979
570161512
498610295
633803069
75167881
749487852
766454281
697242739
163118361
665107321
784759695
716273243
33249581
691805743
778087677
174012128
831272649
383125679
759424702
67626925
879596613
887408143
887667535
198272285
450759844
935253242
645324172
838318564
64939810
244850354
939850637
827211523
764304996
560416671
392348621
733827495
43674577
771910780
477970176
540085788
185265705
594543180
925700533
740883024
303337352
903562650
169616430
367382095
364653745
373295048
430688102
227662366
407335979
469870868
898105251
2424836
682493975
300338009
183043225
139914637
104163680
928135715
632302928
918268005
725256682
957548170
951968245
472832909
299457121
44260181
130337550
59361868
905155502
219338914
882361218
285053432
961707609
146784511
894934931
547197193
765636812
277942076
473664819
691644761
814162250
712188270
419875544
294434128
662311419
389923785
51333520
743336566
588867555
338055539
435922107
257129988
962240250
7432527
15626341
345789180
951594403
696783520
67924973
320393564
242957497
371326233
322506863
187997064
587509648
613051818
40717225
535709464
405403076
635846030
374277824
826221602
454470896
940658166
104105755
13068412
537672626
657534116
810521489
909533335
992926660
387000982
470494312
567099963
783416805
625231230
322813181
954275081
131158169
549145750
595602789
68853291
210017103
153271255
448687263
442836016
389681407
231878479
706924479
49259600
349206559
515624054
337933489
953021523
963777713
609700504
802659090
21582084
903326771
2557929
808116553
294060286
886262030
158391637
327466902
855956513
900831920
755406899
404580258
962278417
290238637
86442143
404551294
856257325
40243241
305424533
616204499
301199641
491970902
661269737
623387004
305794147
950609636
761261888
560326775
477302605
49067493
517472787
603322248
173716301
822572138
301231096
50948309
128600240
741029196
301542502
182591259
51625465
825804351
592730748
542004095
634274506
827298219
744646060
759020962
262764416
111072760
481676163
912778282
658353180
993496003
501459448
529611180
242057034
379170923
502322406
343450648
125000142
598064860
850164295
806889020
383359133
152084651
230863957
139706278
989007539
35493833
275951053
115228128
738700737
122833273
564579033
475395288
899240153
119265642
989112496
478495926
205963576
2240926
297562359
366229845
567391328
604694503
944969066
180220296
321112689
771619915
808891274
749429315
238706790
958091853
57591116
453560604
975640055
785841726
158644962
482189855
596434262
604939782
770013421
227270582
835121705
366448035
