592214629
709524386
796046071
744579550
547458870
320501496
531881847
801746265
958915248
394226142
757756047
923805501
578120006
561477494
215483313
865440440
819052842
592539092
41381454
608256667
703634836
643214479
68813696
455085814
996839922
242735420
599436277
149864510
425857044
187191005
883571773
908565985
516346530
948744668
684686217
259616800
911023906
286004179
12562023
477466939
533691187
642455696
752505785
327936624
827509378
291829557
701586247
889693556
982851476
466437000
563740709
163183502
121350118
816414862
944743010
949000148
640710690
340960257
747739626
304723450
721065218
382017337
375889221
771724243
510654367
849190060
407458971
629375336
876791276
955866512
954416533
533048663
579977068
563914514
74565479
61179140
890708692
740877070
627576435
705010365
541149172
709742720
167013033
959420042
623450295
720388270
787215867
699931667
4001658
735686067
618906109
570063648
538264551
707838571
756401720
151673850
266566475
980781541
817282255
978319317
884370584
72210910
12902280
26984964
512020466
30692046
583206433
557435603
741849382
883563869
58291455
899833618
713383821
42729260
763574277
11322497
215004303
416469177
148273948
790266095
61974192
707527302
625373678
141105208
336960403
384352884
994784110
872138496
807512793
922891627
794612664
909927150
923594813
649257117
820639779
468938261
696840440
140028069
447399575
592758249
137181837
229780264
958082283
120437787
677394611
719072489
856679826
495535291
944264293
745079222
936669545
850097296
832507592
27016160
916345124
176843282
446837230
871797070
690024559
127667582
35907934
711067936
749922808
818957753
88951205
148364304
976238803
64126704
222089480
294636015
314482056
74976234
969069600
555515698
653084257
832193926
749445018
504935890
463710595
617887912
527673056
499248819
927874201
62433571
986222081
944515366
77419558
896578653
732911991
643796497
22101031
825043368
450003508
319731993
556850314
426113900
479857454
139124529
31486582
529030307
742833684
792553122
273445810
649628277
430597165
861693311
881027695
276991894
373931901
84151197
427398262
941901339
408086475
72136647
599994524
536659114
783193733
687489237
832735671
144435837
70944745
79660150
331214711
578292981
272534984
489438687
624972725
649337606
998665383
226970356
352336472
610320489
473449308
934680286
875054226
735119933
225803008
278245924
631836404
124528770
63487671
800427662
522646752
648760793
216398234
80199690
416956892
377866860
719737468
20191199
642920166
792368216
306388856
887050743
458085561
663173534
461338410
695152828
377093293
941158476
236720585
231690088
278326510
146961544
731814724
817077772
468452031
473406187
197082419
864874589
310856106
504947808
55652833
708206901
80948166
270517082
557013396
682453916
361894746
192335293
72481794
247105864
929600136
978474183
584050188
559968255
303931632
586398563
476594724
211880692
273781523
530650178
901152630
690677926
887808183
831797581
522101152
375685207
916946068
399320461
611747658
943550704
180784440
854862878
709335092
137972358
736715382
598181954
806102577
187568479
106160137
778884492
333258081
184757999
868676682
989614719
302089950
299852325
562911354
171846469
513146140
882053466
996811461
985201726
591093065
780205926
603795177
364974905
820398716
249150583
748415928
181328188
765507847
962574284
580587633
128931089
66321423
74737258
269139091
446077830
823252871
705749677
780295985
289026245
105720554
494897030
197392096
716394630
822001243
898193462
529707630
222248826
812773852
745099599
886174319
729694191
946739241
195582713
263769812
929129164
534177179
371740477
777783236
556951993
439152549
924831947
13376644
370683796
604170364
739745592
923293296
227352692
30713234
116833523
348593597
807396462
101757481
707785216
879481172
96196035
582813830
887400545
542973660
922205253
719442952
526167102
368554335
20408248
76399964
850893441
182191846
870738709
810967444
340009926
911900650
451512393
927966439
223343992
849873694
180888605
481520385
826708299
112224265
82255651
974900165
302354938
191535591
695940328
396506001
78777857
627936710
238954025
316101540
167573776
346315333
646776632
828766816
855577982
837509040
912985446
556277611
992968395
294283831
753276922
557553746
52554586
416385247
690703307
204932872
897081202
879430021
878413488
857911520
698592566
614675649
756105530
775176279
460718008
947305086
417088013
334631510
672614006
623902245
997622106
222956730
943237819
554637169
643393667
993694591
265124017
622745575
72388457
385834950
936888247
624610992
488551988
532424467
358947342
524701903
922345578
885969690
500832283
491007455
499424798
199347834
749523221
381042504
617508972
552898126
590209802
871600352
368048807
908272895
420421026
578353936
883663604
369066149
296661724
530320191
614315925
497917416
772991578
697008715
939808854
274335627
807041564
492578537
921023272
73981573
126123660
223681062
416228937
936016104
24959507
531118322
833799225
181606550
124477447
798274271
473433508
562195315
937128195
90495541
403484788
393523664
254696767
164115561
965413923
358534311
740947387
119485839
235762742
828627149
910385976
424428161
112978111
803823567
551198600
225089170
392306269
256944683
460019230
543527398
426774465
366528739
455371414
432032702
883313387
889302702
744554709
702057053
244588702
498387452
56886683
52120610
560789220
682496037
293523926
546285190
19638859
642926003
527164613
562488961
333034185
6637821
987918319
587601787
25630127
600531344
418140211
29975658
630407949
899388275
405968001
216488825
102176085
393600796
663721074
36956048
938152248
822664063
280802172
76111220
613979600
38890333
874897135
737375289
771740465
858265366
863638940
430482072
510299640
4913410
205450311
749380264
729780069
897530268
210493213
420136644
378610419
867769625
406402575
282782042
471162491
714579050
71649104
345200425
92419450
840397857
949944524
167188423
18774962
256567878
608132940
196974794
362123830
451053392
948509359
294143852
131740684
250543029
815861320
167364759
736892403
987658137
519676016
625494538
693937964
656587735
486708754
204645815
183107583
243584430
658345627
70382622
416261488
998020129
604948728
899400548
967241227
529696710
644955838
931342607
908320841
696450517
411707110
253731762
396780468
8475516
387256434
278726677
949020908
916349360
288395959
128067389
51908305
239037816
545889638
483504352
194903034
446154564
651262460
435831713
353689102
745298708
984080839
775190531
598222249
537750318
780713305
364103699
846104662
49108810
326902623
602043973
605587190
884518711
259043916
40441886
575951027
265944253
228714070
685462447
269331301
207982077
255624906
266758221
955188469
530278237
18474317
177223672
452130491
121444375
704497514
521086662
878434248
209124124
577653505
163022133
712369676
636516577
655509512
859030148
227762210
23152734
432622013
899912097
589446736
686351985
522480198
167389592
979993898
505447752
907553324
928958780
217440494
965800011
166500412
145707025
489673801
717322617
820002061
67944011
519276001
603489633
911973207
724660287
344611294
805815959
723609723
396463065
306865206
96021783
328072208
939434449
610434739
369683920
457700237
246178566
775360062
355712807
677311484
268836484
7798038
851084723
197229772
946682738
213891050
775538733
303646168
912634236
42623712
431946479
673348330
995047058
816514514
587565500
339754147
624272575
111179526
707961725
555300803
783630775
962742260
126017133
860524384
883972115
177375543
968118874
318524040
847756572
508099773
920321844
370346961
133960994
40011133
551165577
60145972
668191276
406259861
965290467
510769237
569072560
502169791
810975486
353839352
874918726
422673451
333025148
122919934
22869239
29929772
833427661
134999040
67398337
800412003
893680707
306094222
881780904
990560337
313257655
769307194
245772174
457014693
455889594
404534462
122301867
61599517
539387336
955035925
265348937
527419528
671562870
218012714
145889057
197192488
986228241
281460984
151766774
772177780
985605657
461298664
844350393
845198940
295654801
817826799
674672111
785322804
302948624
333548989
146330424
245071354
178365067
677630937
93002205
195983272
264997062
112057867
46280196
406441023
231537485
813319208
883286114
377989222
857570995
495449709
358366901
615414946
989109981
870205848
814183760
612219723
154327448
109603124
4954680
851958990
924956799
400573233
161359892
638062794
729862350
336979062
758650892
205838346
808705500
20277583
349054460
993931931
125010508
949905783
932195425
874170374
235180788
745325749
540640294
172286448
578012549
466361171
987627943
800205090
459459897
59257165
796212821
432742774
519365227
534110700
90743906
68761943
672676257
241043214
271026471
864423827
950697974
408217401
676578672
894558422
54668316
677447768
569283720
837293412
146395249
364434969
490404437
39204197
938010422
940013385
377038934
409001698
568962828
832668230
273946441
458595628
412945289
361154801
178602896
670605185
540766239
325908117
686473117
274594800
929533675
280292517
321255673
883967293
678879311
67771597
923472398
826963386
68747076
646081871
117618132
900564779
897077449
150334530
653809840
95024928
568852726
757008623
494732351
579351841
157071765
681742207
499799113
840008026
967096772
812430842
451478537
589543173
229614504
5973487
353792182
728760197
990974649
294688920
907759735
866102730
43179295
606437143
360324885
870238824
16540986
550075547
340254621
922880955
715050097
373381660
561518178
262610758
707344959
83577968
101752458
783757615
831175765
107121276
117523034
247791468
780493402
481247646
916870519
866448468
616293058
333929225
597348881
62773589
292289689
388857934
909590129
602388529
242574794
787707109
51845632
962415582
396683738
624493525
562810854
606996216
341487585
576918156
124957928
593715112
250912664
188867779
882198213
146036536
904221028
570034566
897584430
883853373
177165885
659968267
85609328
561931647
689566622
493876415
253945765
682611760
952726665
277481032
630591266
326192163
