993520975
328923475
138021353
134814437
373445557
494795169
109030106
173115681
596962557
99277030
409550624
390374318
996120194
129970067
971714994
889067459
203803377
951292081
422570721
256917512
97044242
299363009
322297207
577026809
605192725
503011633
327684319
18883427
987220731
954051261
636302656
646821359
137001349
380811651
922688387
557809503
555013690
209057690
828642745
150337341
216845279
198187143
501383871
843822199
442212710
603660300
376984442
262745540
634695770
678333752
196499599
697880291
221316316
716462967
703383592
694157966
6626267
560994542
529621711
870433922
167110850
90146679
185894949
642911294
462974373
762729263
253372969
615308543
207281678
413905490
334053769
994745685
122649335
272233380
40072232
898857098
797979137
478475006
134814098
1532425
126027190
64938779
384187655
308886978
757551662
938422363
425505043
420538380
677428057
228530421
551183236
994019146
679435978
958208822
983226490
126698600
12292194
858472575
380847826
679483445
350287330
761675898
55463861
220790280
344279983
201753912
575230956
949082934
676390734
804526492
896178827
528151259
426180444
528089286
744406731
102172070
705959023
877007969
885359631
524552008
337224220
832834588
937880484
978751256
862722252
340034621
315309707
164440512
289006889
913373631
886564903
939506561
97627180
455330651
651245094
364351291
9474917
163397374
964606993
555797749
363191406
476422107
744147644
872901563
332351593
23031976
567838702
151346691
213802091
881054419
420739575
135284223
973112943
856295817
342259225
517452740
823795412
76712604
358068026
4245362
886444204
410790444
660076045
763017101
917961588
956672264
430524079
970849791
876844191
380055439
92697152
542561648
912400974
329561882
161360601
860802112
88686943
64978920
646399663
839690275
772195918
163963015
950638419
407952468
492634055
751280679
966393617
241331362
113071426
133792353
540555878
932762312
805329347
960361631
669353543
952400961
816346060
981130542
954939974
375679327
592507896
596988909
274502499
833746650
788357266
878177926
222883248
643551061
694935215
481457112
428765797
758816491
430312939
518377749
232049442
722481188
460152023
252123576
270383045
166680909
990278646
189192717
857778365
743051838
839499559
159934839
737232299
952039342
660208337
208959638
44456051
107556400
110038945
270720335
247182379
175207009
889460515
116891769
619595200
614456128
528397431
322842556
546396145
631614313
705026554
781739386
502449372
286951598
728312188
946872353
492248938
564222484
710747496
788259065
385400680
403315179
739210542
531450660
994247090
628422427
140945627
270843904
983342722
485975576
437001060
321209396
648777546
159592603
271195370
56842433
833020672
343260254
632528375
655926916
638283476
667436089
642796570
226164052
38025283
57760173
657485465
450280701
223727153
713335982
716710699
480233566
396808902
321779879
885319654
843867199
435996466
358009855
122644678
991172772
473510500
257553526
339499832
60420569
194613252
383817157
132961840
342856769
15756227
671469755
113851681
148988684
931694108
54820579
149975588
717964589
760518607
513046489
493425376
936486916
970936961
690664924
47116751
270006740
769264875
956767493
924400493
326997666
274272947
427328170
620845966
475010817
220615575
641355601
182416416
380729950
327936257
582376001
31550800
654208124
924798332
314628695
434524473
552257396
599484300
567722014
548539457
341988323
171804290
167355065
83348591
922949975
864584477
186157760
20235810
782845574
210436775
69493091
291155692
237845757
459416663
805964172
68583821
588428056
50623789
638840862
928373107
290338506
872404162
769245637
390028331
178142606
481495689
839217251
11688584
656308265
256140451
494859353
670522438
201542861
408228036
582412169
155193376
106917882
343979578
697895989
610426339
34457815
621119790
399570840
170293175
258443165
291220308
793705042
194791460
118834159
246044874
846096415
501633607
960643437
639348906
258200950
469584160
402558652
777326732
905205983
441454285
25367225
174469176
363927544
526705123
715577420
398970651
89612831
829617719
877004493
650770796
961665938
244448478
352727798
28414523
893915292
669218714
472833322
598952462
131585165
886922297
687790646
644425791
892854423
410263390
410044034
993225744
709879000
562193954
150027085
112828009
752634722
329591148
438773594
256441703
585059113
859988638
257192246
872865715
454715753
859472513
201607477
964087321
317786965
468063362
284378935
601647937
148905808
932228913
745433612
588982235
996750837
803606189
645741567
18283686
753663638
380941433
281614751
953664152
116661088
722351675
689091649
527418876
679590633
764176484
898136072
632074789
805674883
96286094
443355408
33926654
412026467
599967605
144236708
272112651
685314819
723703323
326638825
424791061
125884455
808396096
844319935
777650085
816760340
561044849
116077171
949028532
683849580
420489907
502778064
204117680
578373886
303528093
756204626
732364077
170380863
674188600
284496687
553610480
569927289
652304144
795973053
52619714
488873505
711506958
176955767
396783231
659369480
373628915
332968865
29960314
54302607
856823689
827779696
308264991
878031738
911441563
710658534
118545784
648099313
949107538
948225208
385184975
593508029
239237727
455552766
108498374
843762977
411872630
101731788
11126219
439206636
773028343
854863770
473580309
12423043
791700221
288776580
105253381
384089082
719293938
289659052
310220664
87521041
472817749
149815073
721550196
475748395
447939635
854332338
258939299
963530064
165950903
905511166
620819749
704078935
410788077
459111683
249635778
255954192
68457392
553020252
247496849
271897127
321842646
590753677
281274262
1959918
354199386
295841948
86331516
622664983
605405153
734456700
928805373
659448486
638004543
297663933
120690280
89422654
734002568
632749978
395823342
557540291
842792488
47596154
273255732
867517176
234044021
769501373
601634964
332588537
39140801
849299188
315631689
166273686
42162202
38323537
765678394
882064071
868540809
719590277
121549008
152097686
768000821
636274315
358124910
431494201
976705791
961371261
66074391
113124143
338421403
160213123
521951622
435707412
157196909
689956557
429104638
274246491
317497944
413757085
767915896
584698012
694206982
753742977
583524181
756105964
418825011
762531687
617286284
599681006
531985538
238626208
220881843
14412290
511200970
243725656
789539468
206518173
689471243
841761529
890811383
272672758
703426982
488510820
994167133
878927676
327347565
879924275
9076776
352205644
609218898
491431903
564566126
454783724
951674380
536850995
457890702
14257844
52750133
602018945
12669190
214174104
344084976
466393383
581138604
99795195
939331279
507539331
924506441
913471252
900417087
222586464
584775247
475736413
522945700
495243137
881271028
205696162
759575843
704596503
428758398
538900734
753454911
265080640
990462107
40553634
674060080
766098118
62737909
974349974
785834952
775281624
153768039
87452297
829092339
676637279
928587780
237033598
907372215
894371937
939596396
819808233
955417833
95605523
451788556
386632433
906656654
88829712
931838022
456431243
655579965
252194540
254681999
348153629
173260547
473768455
460719192
79004336
475931275
540584969
425735113
173233160
444801422
950156466
127636299
125135462
68818425
497322949
646644073
846308419
566655355
644237430
298323945
865203904
765000105
608950164
583482899
657849387
813292083
603829673
133896978
585230368
834260094
606306664
318770008
533640412
520599625
805614408
914191749
355323883
215918087
849583444
761102321
366787245
468636823
766363236
375006810
5261366
967969222
326653093
317814007
409333705
442185637
85529603
889775886
11342534
953870593
389478093
583153523
564310381
890285554
802869803
265712252
872101601
406687990
840504744
338973065
838494756
631386457
593995886
604535835
263204016
583131199
291320190
630390332
717071910
883135107
931536699
396567081
998636868
233943353
578221533
689880163
486638989
286015665
724563272
143044730
748730491
716530777
307427474
579769817
131121531
222460885
349881367
465038327
413048282
583871191
889000719
960099254
628132077
427390170
536512052
373874908
373973336
722117256
54609991
826202504
150865447
455139269
172703976
128207425
22333894
992911011
584516653
330367028
312064021
112989639
779073261
586085935
682124716
697460014
590242572
121963979
323958983
14226068
473414304
40743130
233249831
826281861
217342049
133200718
994134387
971437443
768435002
571246697
697431299
204346625
315906827
764521731
231405674
898360766
992179281
293591222
543826800
179220048
557435923
138210519
637944230
19514339
152974306
300058643
804797929
302914784
277974537
930672062
837147597
414548073
49915924
359747268
248702952
13866860
592952673
324583585
237797219
39503257
134073037
50896449
224476009
13269956
632935727
107717396
797082811
14551530
354680260
783763948
705280731
296651350
578137177
144738935
456790143
335203785
402798899
213735492
673307555
917283405
328402788
691219603
693462906
837762938
734099099
282883226
154430700
956159557
515818779
217538813
305408093
667595696
55794002
504323543
45147010
506539473
913734509
624674273
386578611
45256909
502975831
790246399
948234522
494210587
225391331
540496246
836410894
905176988
902957123
913499166
611067960
379217180
651276028
320513813
711100468
442853433
357433541
386713069
279170856
350052500
953286695
840923252
498732750
137141447
478355854
37685034
240857348
73813634
99591924
950250668
421469275
778124624
827156879
628050645
414307573
538156388
742985080
199252318
612371606
193602852
446472331
249253711
53202433
602319611
606470851
926190912
16319667
735280187
793223073
602293576
149105932
527021439
345503417
36526110
91970213
662052577
291513649
811093074
15854732
187706297
299638898
762597260
805585063
952706453
492029891
832943335
552060299
23225382
906206238
172944080
699868352
158181223
774341462
85568004
903580168
704032984
787720818
896413137
530670594
552164941
21365366
505577159
280590559
