419966179
839660827
393380943
238827051
745522798
810402155
613825795
733680988
315191604
313466114
402892404
646911853
63360336
424283351
317279012
913873975
847565086
526328494
185311612
976393250
619196710
919209561
638681773
519216450
10912598
381362842
627392647
236984956
819694654
537756672
469087621
275550627
183250128
47428838
204792198
516432784
538280688
998065956
63257943
893395519
565529550
621253051
494399081
114475437
642012728
428024820
908322323
483903078
655939158
572329786
431632401
764007422
898256923
176428266
953857085
500756617
200979053
874164492
227914453
364159955
183009507
376840838
913986333
777434931
844378491
127341777
463661724
15931497
219491152
800846227
375593286
849499128
463070550
291916091
410863700
997943658
424810480
524206335
877203721
582887776
473040518
143489569
581045797
247364868
106124271
705080197
377293702
6821861
93571752
704035579
315453730
664116195
770151503
699097987
710386011
188688711
707266717
716964148
270096944
514670951
964363094
892390826
264411925
855092930
196736499
582133272
300936871
606340831
765564565
955913425
75946137
676772717
996960769
645026675
891119436
39519938
795795040
666621464
671310660
139298294
750048073
456839862
922359743
515455572
485392496
711477090
79347624
763972562
581530078
222174988
290676941
707846330
254109391
362532770
618524680
580649690
879077643
725952866
50628368
523990997
404143325
770952870
241257295
137658325
628089442
638681012
667155424
125124827
807978550
670866073
392893669
40645252
45653488
130798650
764622876
507523232
970031081
748956352
369700433
485259407
502785647
536964308
24810752
543389577
665236484
368099806
422663325
634427999
26501994
310469745
160442294
69842174
615993096
147319662
735154967
979095201
215582567
784701417
887366128
846711482
44321666
954222795
955994011
910664004
829281317
250031688
662192841
123310740
597909892
111001448
610618608
130121291
356252432
565368959
21205350
867179016
746142117
697867717
472421840
259989636
216017687
32727424
98622833
497508804
510423778
323051495
424652155
898333825
395643682
785527674
291940665
185329663
861590222
522988950
440937741
548562850
580970296
114146747
714108258
415204796
705906963
299352584
36518106
915500544
699851136
30321003
713589741
50624136
126114312
867975950
232953084
517714848
312279577
627376492
630693795
11594241
855599962
458485206
400240225
506229822
825379532
763859014
727667057
812382217
819060782
425288944
268531067
833263480
124431218
472642498
286208719
631995370
983759457
57217043
554082671
916665101
996209317
183122287
797657667
480102775
609461752
374028018
772219513
527667730
552574589
774225815
873050085
234213730
892295154
429343499
692962886
122485089
713906520
207878436
589825262
942047948
571685525
224135888
96439762
274562192
761789934
880326259
926192916
653471812
581767230
600957713
533955390
255062533
73293820
714028692
15384923
672477675
660827538
920137449
896768068
451351513
991639499
199999327
259807627
44834967
552238858
34317337
940968325
695087717
779679610
163723630
918088849
775881021
467391779
612034721
344979575
772073429
86682524
523095475
718312839
729135491
447835101
118747701
945900499
951616875
240270424
617987551
160919909
178266461
413958576
20485211
461657549
793769069
311110366
138473749
950408447
371686198
964328259
51604795
722323332
727472597
939357933
231105199
873792200
418043600
682868863
758074367
787670753
461259098
369049117
243311493
585795150
137732063
201824610
167632576
3516412
872891798
254098826
308190751
804564541
934251305
873397427
762701863
281129140
759194399
702066079
124319779
464770654
328918030
661626273
973293376
807745168
35077729
800772141
990840241
789777557
216729901
244955499
527856899
268748012
482196056
830316797
699660810
809217343
170647083
434690060
323925486
591944459
143477790
134957337
77516648
117587371
656137507
247040253
788072026
854075169
176656069
949976057
114597801
715977519
558549083
293303713
458752722
799632823
395755740
435566323
550717420
336959921
210984367
377855018
786786509
627936298
726241926
39442739
322368485
103934508
173736616
953484519
110482057
324504338
378140592
532375319
321292863
193960693
584109624
855706004
151607661
788037475
12700114
136765072
613121487
266753842
130357698
811879378
710198927
188892342
371564074
900027985
413461603
735080759
883972638
986965564
380960091
765622771
348170826
449580349
391345443
616694768
924671766
684137518
680338552
223171548
839494000
790093461
337836927
26173764
972010848
264792029
215523199
540049734
283958661
762679943
324259806
74219295
764733529
520032666
497578599
914362547
329243810
133476142
732370432
273708630
540022916
375401296
440531699
391175027
151415227
555670091
845789865
134529275
464360560
534912892
863365707
328562595
456426518
389949939
427259841
340264236
474042451
684025163
216881492
106772045
684504786
873411867
451122097
121292694
662705758
306740796
889242
828138158
952001748
476982895
287450957
791195624
951767084
406629922
683148630
464092704
349561761
946661898
874758535
416340756
419002163
80993923
75689174
749045768
899314234
995697209
617792775
374783590
92772825
157314362
440320096
645218646
916594648
625598387
589203842
666611048
924279197
319239004
728469268
844674430
554780849
17651706
182527525
987377664
247461934
72170083
376795510
49796596
706801307
963167136
990702473
527380551
809266626
800540735
687769881
603510862
797722693
702076328
221978458
667008547
688948019
626105650
735365333
794687385
36662799
642232310
874600974
326168697
817426078
16537582
539813505
30322757
218192630
30084105
861559906
401350456
898466397
88311509
501583833
827144151
618901699
567996179
667982282
129605688
166611887
912939543
835952018
116053913
937828505
985692978
868888354
222202869
97260545
61460720
155726411
928675197
282286372
387840139
950714864
605229623
197569108
50626812
232370517
690263724
423353630
960379716
309187920
779182520
938980827
286419425
705044464
709411183
200492495
394834306
48106848
120951839
958123367
605759644
628075497
123723254
806280290
758547060
388340190
831733098
147649227
317610636
933062211
156731910
874357693
932884708
119064083
510626258
137596643
896354208
629575042
568274886
335625662
977718556
706252057
206232170
603751623
56769498
177073085
651409080
280648514
159477170
21710373
702426237
13353872
34774571
970551828
676526727
759764640
826991610
798949332
439022046
662286621
400637417
542614497
105742993
27317505
152456010
904824826
6096119
167355341
194418206
571814540
304138285
765259263
479831960
785326176
980404809
899507586
421843327
519971630
749510792
581473975
736931109
551084584
988172055
295900262
230635973
143378038
839583121
962332878
442537355
750861616
310605032
97404876
190552995
905988264
934988243
435104059
600509063
178914665
451295613
151944670
170976965
484053738
86230307
587662629
717572087
937166973
533521910
249448394
990147017
777019139
337921312
307019979
49438540
857548070
925355510
849552831
554442440
809842729
796681530
9077971
65241704
43763240
724817985
443556588
261209508
206733409
574706267
573843695
850337931
545300750
298998522
242928662
68676017
597566121
410497010
252877370
464854277
400509426
578328174
293468999
609856126
590134727
972185859
665518214
412940304
3585052
47966335
333004924
980632752
85435412
880661617
790666332
382233133
442217641
86702966
127213725
759235751
642673717
326453120
510838678
362460706
959678213
399110461
444846267
478020617
94992650
238343962
451872417
447051060
672478139
384698554
153933014
231514555
503212531
399221843
475106976
71577379
59299771
30616284
257624456
158767073
241701342
593210941
764902519
664639132
508332189
860695527
626458374
510863155
283283284
493641617
822180558
74056305
67489495
931008291
650177911
191024265
527339592
187497597
317947653
765241088
596093916
885953863
308154612
700736857
726728603
559151776
879020600
42995797
611595988
55636345
699935980
612057432
68828664
352071604
120759363
366467272
634207941
780207133
969688426
234297121
611885586
941009261
163767775
178836522
562517994
79876708
164025059
572204238
749043930
284082710
544237786
871802173
712668630
492383366
562673155
355747477
285056329
64165662
937910527
949180411
981674926
583462577
899267165
227646939
793705636
210123126
5227641
715417889
810248928
283710639
556816322
747132457
217809169
83650531
153355501
655084654
722186088
129318090
138218862
646851895
395126716
306816361
293951865
327513278
511398557
828133805
899388801
576445297
789398448
765011884
81410943
570042279
842296605
20508015
252622194
28423009
41742096
936120835
385130884
352394867
74649067
448607168
761955309
465333291
727266386
797105328
653993004
629018098
339027865
907588500
633561388
155738238
925946798
291058632
554053694
674858564
289510711
571753887
716248380
965571829
310734323
428782343
926019440
45237043
202299696
986774042
904835851
197301154
831028336
124932492
613342558
786065252
744187205
785823993
572202827
946519547
544861050
828618573
600246890
714293228
174140801
270370702
237417431
881809947
131450496
925672703
644095480
551237972
466454319
577763628
738912296
469988208
219872454
419559053
41660543
645866722
522587727
716718266
263033594
740492343
892269475
456691849
797989761
214095373
294245941
847496135
411551032
140122804
718855803
607534146
129997513
460892137
971506995
1955152
791431028
40363621
191364911
44209492
913786546
276626992
342678561
353597879
730846833
253264707
386020194
143354350
566192797
324628151
744163449
926336104
423931819
828142783
565584979
859754546
822023751
717448950
472380940
23322058
587564005
283954359
514121670
503972676
832382167
858920171
447766115
278020159
498481211
217917302
628128023
1296922
454501811
478378234
802931719
986406600
397813781
538671596
725845014
544725054
828075177
150891591
281303338
86922880
395959353
792519698
183602326
301854729
895307157
111752449
179931399
73982077
567982680
168042852
456645486
629832186
762505320
