595791577
641154865
95279074
26553170
224380739
771063278
696337890
446876486
137311552
86825077
680155422
455316808
782886775
942178354
75726028
89066169
198504585
171991589
987671288
831416399
294647163
37969484
528697109
176942326
255749028
467065221
812930164
503709384
187885970
567031495
92317885
98939563
643184988
826084003
944080466
349715177
213126504
721985656
291192501
510965627
158477601
810158426
314478588
975159424
746900097
639396004
515971781
326276297
721270636
34212824
620299484
639178448
353960534
449767132
532953585
557822092
112457756
918336746
770804141
757315516
958133113
192628506
258990515
570280055
994507191
581215859
812131819
956802770
998097887
726010850
875939663
476518928
880799086
476705660
672938797
484488735
723490895
553537683
430042228
616353023
951093438
486653867
782438747
153673145
946732010
453139435
744979027
193417855
293130418
386258373
237257420
294789756
951181514
533876983
552832513
965849094
551167910
744198531
980652232
165684237
827264184
559169009
328178409
995259784
158273160
143780556
758379361
877254872
776828334
48464850
834331195
558920072
488294518
154451118
806222077
471479245
410189758
105317369
623548044
541367755
836236830
618713963
663672352
611839513
488753430
581149906
525337413
346922103
923873146
707089701
933320824
979292363
572885450
264357990
789088837
391924428
158475458
787178961
995399984
802951453
694760073
867724154
416589519
244665568
551927176
678337347
806495237
796730395
727654905
81353267
555659336
445850540
120650486
439284476
329447405
208550220
895496656
716338894
506506354
577123252
618443142
411457258
953381725
69738632
115144025
855038831
986034620
223936527
365362279
414297648
313003787
623010795
109917384
820596589
846607681
968512675
202124444
419006784
59912336
810416081
774654667
728607016
619267196
842519878
151430365
487470283
858641876
133600974
934910584
580538617
496427771
442136562
280672607
418276731
184508311
283302815
914342428
346850886
129521543
696888344
692302725
582558710
431368116
313357256
768349479
932648539
335933156
300053896
592676793
360934729
6425776
476489871
656426558
696090271
802468583
889836125
792190060
110861846
918308266
627673740
996396954
852433646
289025942
784823660
917869876
870867224
342338188
691640651
636088278
563304866
54170247
855273556
289485241
363023991
118113356
192095957
297238899
305909940
74170399
218781825
151537127
558587980
540924180
573975855
574112841
19937899
785710002
584582335
615808146
294672185
491112753
803480581
428542619
501847801
700491389
839869078
293532768
646544454
395487378
897482253
590310351
644292503
663965616
29371926
306764481
151152218
187004629
293402567
577976915
610372626
592597225
486280119
36691446
699526441
476136613
437808973
311509466
715050085
210710819
897931976
85157221
757755852
75832505
341416092
72192112
250689664
426730937
787637439
662532600
278244276
898563188
650694443
910422561
176688145
628471472
507244622
894622362
511552253
267211373
422960622
832933268
492307435
6605419
5435520
702074959
4832634
766789135
729016176
25711188
262682415
528359612
578482681
435833635
497555400
812325031
832554497
568459998
322549524
957179812
56074816
724421280
399367189
630869965
299732638
711809436
941902780
575857557
860003300
71054968
968891989
543186610
799957211
447838712
787750195
64998707
592849785
751150432
70396984
639341132
67359478
483900528
697714759
761926251
399850185
749884662
320080507
214860808
412867160
364363112
795916974
938784623
572072838
554372439
211136557
698539341
433566079
861437468
706872779
293626082
760172177
428975076
906785834
657961208
56819197
719495803
728402400
130643968
648083439
432556693
219475246
81404065
498063013
683208390
889820334
572174287
26706521
637440937
231019780
549847975
391728929
727041971
162990396
495640187
275137993
30107365
971113771
245584771
236702155
89210853
631432627
731412315
44277652
776770901
879168954
638384400
577114692
39753550
705107053
680354380
21482262
189436538
566777368
980310466
144887865
714512908
440721610
888864446
664552104
638962268
671832820
796125140
630417688
157024804
901897151
33130205
265984679
411145646
382823215
26711832
748382031
482817628
893941812
558872585
801124064
488062930
37126412
721292110
804039435
251435933
995059593
986952969
932333883
550665398
528365712
202292390
160264603
182679929
350752322
560625083
589385753
82249324
581032666
597739885
417378032
835307485
100994626
887252846
874873748
846038748
372399720
165969045
656930334
678395221
931972348
538664633
295494724
7904782
179186401
656824933
677386496
719429499
84825011
413116170
643902673
684879849
863791256
79752289
628659091
699604760
872865600
83304750
60393324
822198130
437326077
666132706
901784960
296201926
141494552
965816577
387068303
149873564
846418361
958000685
879036212
829090548
330022635
253938662
618693049
989701077
906797665
152359820
3493528
693927387
883238586
869956253
997424311
167916496
953837211
732498182
971516228
21242337
258593755
175268987
973173146
289094970
105575721
834732202
241069143
265839642
636879671
999292796
866410229
213369822
269756630
527512931
873011136
126824325
534079957
814812124
354857214
609852593
461059239
638958012
792807094
720505780
79811221
366465936
938959543
567369823
668708393
733868464
342364714
408996369
994300348
365825966
891279808
671149373
984827537
589941241
723514827
495290431
12869518
352853406
352821405
907504867
285949590
790123704
424170756
355725654
996945115
870599986
633836538
139025086
377640968
361663634
560183096
619635741
382461891
252667366
209283748
739109783
895772658
673699319
597131247
903011206
656928082
457413860
219069473
903930663
636233121
201861763
141996786
944138714
91297297
859566781
596983075
108205832
286136607
885302226
434556189
289687516
942295178
583233888
570424706
798108405
100031926
203339627
31355400
632636713
805642868
271644067
288687481
732160171
380657493
984405042
599517772
339170198
755722158
449810198
250576785
828535729
571054231
520240092
719492531
795083352
728603200
689697823
47727789
518074185
764680558
451977264
333499134
497159664
818111175
919596231
796814604
312538769
103274613
799022840
802979280
453588454
426058459
586432758
98287794
364589054
913174280
409836613
563481220
106892254
260049009
257812877
352483673
836326407
634725441
606020459
718633283
422055085
863741355
775341352
69505205
410334102
155611838
513281213
867956154
353665604
938144931
791527816
914048994
461061260
187590437
286979002
235895585
956699316
646830916
796988329
402477269
984621471
421952298
354903477
881909070
318766586
126216602
940835534
258025176
506867681
99493591
497172725
862434221
212090716
200962948
374759519
448797412
327933259
729517635
392645178
297976616
912777245
718476603
744622189
426444121
121646463
495787617
102419959
919301815
973070005
21917291
395784355
189495490
837737110
203543190
734011810
102787
508837878
893432280
750738618
284117499
214776302
255256037
361088472
254172013
440972206
929093593
701958278
260098312
812830917
838181589
907962325
227181681
254185738
499011713
489700023
266144867
677330107
928459355
760262607
822978967
23796642
21533718
284955169
484950389
703709234
307677234
24697111
8547525
466951136
374656731
939959533
434500977
978779015
108527678
83200313
657521207
357388131
490450176
985471913
192552869
793829338
842321645
106470898
134888416
113954965
168602674
935309750
338725396
713843165
467866942
322772678
580378522
133169673
927759650
260320857
193242583
970300867
876138082
550462777
133294971
904396482
693410752
793147175
438174185
898222055
473461347
248402664
145658060
415811400
832178814
908756735
186879930
942987440
567709738
29149629
181474995
915062819
150066752
370995423
535106559
372367482
685971713
294704358
999084192
51884053
359581010
301331303
51019365
848206820
889957728
687220339
481250047
939987397
852176942
288156385
100418585
49174470
668296712
236666360
640493617
920200008
789651690
922913995
881664350
559110206
135892747
637391081
565459934
898610020
78845861
278179763
820234114
505142658
15356218
760927487
218424768
398706394
794062982
386290131
538641044
172130044
197383299
297451238
525853670
144958475
427506687
246892532
90810497
279553352
928731042
132300525
246766106
913400391
730501805
614906549
582715791
763057717
413040007
439973986
915991304
722189928
735871367
152409343
769360959
611777965
866986223
976107388
924631179
91249454
69731617
701712190
255111486
282006580
698025314
468363572
722816709
492200451
397060325
736705874
131603518
889000214
546580583
285906582
969878977
946545334
31413657
906833721
774640852
400449667
178211696
455367050
985666385
354088996
470298826
816451115
436258675
44973955
528090278
914075704
277972250
451399298
322261351
999561041
209821734
227018852
877189037
964759524
215375076
262138232
892089839
90515339
365997392
676334132
308370467
26991089
175609344
449964785
182530365
822815623
580364308
960152501
201466536
524181511
913037757
614364565
716045803
901022489
811707753
881574198
32104896
677842753
964110171
482984619
458733624
680204218
566738862
547019540
76084847
742860124
69356297
66654131
691458644
512502619
508359827
87696356
89369658
309332253
45718528
443307736
640841770
986293889
862443589
705274654
333711396
317819748
249932762
798079839
86523284
595457167
510973047
976166546
153051771
333800877
230033336
214247085
126405166
883012771
217600508
628166247
460252226
628589803
373879937
439670239
753459325
513710176
268693856
688963915
15821683
825341400
524994907
406713550
855303960
368400016
240732428
45811006
815399162
258835517
149273223
140913875
430271456
768659022
460496255
480627678
231887076
93189749
913602358
357657767
282469283
294112742
961291188
206356886
91731745
417552280
983055509
12251966
612413951
422773349
951815328
820001218
49125892
560968845
782258155
261181882
70462260
104259496
120862585
784651754
93068448
184222329
398847921
867569648
733739547
76686632
197894791
