101825951
288166690
878046139
715069005
557712006
492084901
684980986
35437799
993344282
327869335
535817415
405009161
514111958
913920510
824580746
501922367
843933818
257105239
856072755
117489559
489614945
739636967
679413113
2943023
255185519
240709730
214366129
867426126
487890467
309216807
538146272
956334021
632041677
347687725
188961637
110518701
41010837
155454838
341173696
217104865
176324155
846786896
449976773
516864882
623716553
167020679
100957925
654208772
294598863
142778207
544025404
531179830
329836136
929478893
357608945
362188982
608753576
875103116
459883485
317002275
277718771
817554859
547547330
684127474
789723062
579483393
772967482
166424233
724958872
714062044
460911530
688478980
915931541
638967889
941165402
642828047
289660193
162548230
379226468
88164840
139751804
560157356
572827262
345112259
765191402
6966442
626497885
702562783
990078778
826772653
501765124
165907720
695571351
24171420
939386093
358769294
299239565
765849297
727141819
44233160
394053195
934533691
929249898
580536817
681866676
855546422
615248287
690868245
988313489
714780896
72528788
446205345
495876647
371718645
177250471
717561413
244727596
202435071
918936071
782756620
952985506
70404699
176345453
898186217
212296920
295003809
992907627
891760121
699581795
582396108
343588481
523810894
435406409
334993307
694111643
205218111
630907456
992290443
663245582
909644978
391718154
935629639
714249292
275297882
754243865
55559778
670031071
323852706
846920948
221824679
114041697
96804494
846913225
944385198
91247652
323648495
758188237
31063681
368239897
386862866
862638794
723488164
991286448
405917381
371192414
548717892
10798935
160883339
677607000
972032358
86653957
252437152
539189487
9291092
391038466
17355867
356155406
901047570
143942352
156737142
624972737
669054920
44839173
477757116
468354410
246783987
676897668
491021210
243745655
370463148
447029873
599843775
624050546
276382716
47006184
668229988
944343190
308331910
904105466
205525972
44760842
509147731
646245705
874888588
135170722
861604544
557615006
837622132
553346732
73891784
967493087
857140666
887121328
211502754
761890128
193583873
678648991
513529331
937562969
124408427
871820223
519777724
917137683
307143851
525002485
486810181
628386604
262806771
962284907
722808476
73012676
47823496
996942102
938416379
111976299
115825005
22809215
169950583
342586394
606749865
689168979
839275534
937674477
169853870
402970060
589889205
712722445
412547791
514492586
853422309
989580996
430813858
370768939
779697039
333705747
524983117
592010046
339101853
349886103
648360540
233217939
294808235
875337223
830538254
879108
919669590
860198563
948704948
99526455
646065123
170774657
508698407
170942937
330813104
435239447
32544688
582103246
747283813
904173790
935113279
774087734
215838813
748314183
108862597
733227479
642198816
677054556
217245063
604710631
586993180
523814957
683707361
820064479
694225852
373531925
394360744
963938309
107136222
168974761
483300468
729690640
764017496
313021336
868427462
682647652
480882588
259870921
39955834
344457592
301161059
942879870
844726232
434928061
414772823
874272805
17379126
546494051
766474626
97310775
358680290
242615034
642953500
343994316
512533273
122250165
487067294
688633926
476717083
957281177
40878702
68606378
474967023
578309051
420873322
205422638
10070237
902817476
879886719
426214944
252344890
382327895
637098721
872787469
303549572
644113309
679088723
248779300
405291656
819953046
356152799
847866692
197463683
9825447
810294470
240685433
86737140
420023179
800488061
746177297
195580357
792248661
783153836
82674656
303578889
232554681
467912846
266417180
14054738
209350184
864202567
114561649
666607330
340259681
844965884
976352393
605516312
770166029
40444744
868419963
443161440
238287994
283342270
656764035
601128378
193012009
871142693
465141576
768014580
180187889
118685497
590047056
102329414
133709422
230634587
460096228
599174058
554424065
569208580
70994891
176200462
412671543
234724562
195941471
955750477
241591149
181259361
857204001
164859562
833942075
635169120
316571110
379578435
932068096
303015856
957292361
508906390
126389800
481546276
110566879
361411986
2771270
498402598
833866848
90664687
274155511
12232234
532897908
109625093
384869655
377178335
51092246
200957448
969449852
692219500
30489897
3563432
87400799
701013556
359537228
11752648
13938691
300282014
934072503
545018768
802114386
210468621
170261316
830693564
273342225
951189836
472784257
72877788
458641701
709582903
173429191
914268943
400857712
105276784
681594966
229358915
648361452
747578907
779989905
456763740
584076873
115613661
410128581
239848595
272525959
953728929
421505591
425376243
122009047
98814231
347473294
702489255
564330094
288848080
288550299
63686890
841970916
702204342
836282867
433679818
904394077
978214457
742315746
259866949
518790309
116220952
602705718
982124013
19418590
130178313
363391195
266359783
520292108
477308763
960941893
686500724
800340038
930412719
558167605
319613294
529684244
47408014
950868740
359827469
362109608
470939935
349938849
112009632
816726483
617908076
387387997
946157108
911296039
346310086
552369662
605862415
373297914
150261632
721058285
156305006
351023210
439381576
405957652
991830733
735423035
81113511
182197146
87021330
327906185
602049573
263346850
911558195
144036736
516669572
903995572
856986063
27345716
382488276
897757339
47850373
766282102
490696085
165397529
401510512
742790315
417234085
355063742
173982021
924939100
355079478
313202810
650078406
209354434
401862599
968590083
90302667
641450360
959038006
624404433
280996097
288742788
262917518
784103446
214676910
354561226
475829800
802120371
394626466
442314513
695383598
578516698
990809636
252504292
673207912
390022902
860327123
273984046
4447140
249040417
318188949
726049767
8215125
162082229
972826705
288846762
613268443
702203761
742174136
548079488
813692904
215535702
68307709
758083841
616761242
759107583
503364584
706592638
950720618
46949286
266960515
615113712
960437274
731667507
229555501
776562779
322393173
397574113
536146520
11839697
108262959
816318620
637003219
709997588
306215484
554946328
280527663
100835288
811276740
925830146
741292782
773626037
59946235
846546977
628621607
479847895
510208988
232725794
635743049
914100328
886658317
153734485
323263427
957497852
982079901
703075235
765612491
276547617
932526726
196263925
966453588
215694329
166057241
730334438
439816528
997374283
578532482
358310120
451868357
61814913
478579919
402529295
895315896
24890471
305656503
493334476
555167477
113890297
103045899
749707605
266353791
89667378
761831063
622046190
125181378
954528473
493055192
679505366
727917685
603140248
789333835
3980045
168308561
615012814
959376557
525598453
607568795
329611795
406730449
631247323
901315412
151898867
780857436
573928135
435520408
484129022
258418587
298372955
651841349
488745425
147907758
651722194
173501718
182819120
929910133
876786210
453863264
544011049
605153060
485288053
504319091
899027115
630392433
848728108
272481077
474599874
234220734
280303081
65513913
780058049
885765679
225555681
707159846
471798575
848392192
114454923
308809941
187902928
186525782
641052355
696109885
194682236
27664016
239172260
455232490
137611640
830478326
985489439
685102680
82590347
71735188
63557746
724458734
921442394
126928232
2288296
521506433
932129327
301447057
960920533
249908287
978115505
232859042
871783299
602979744
922352075
944562347
701703141
334426927
815455209
567976269
265960335
357485267
964100703
789178167
309636854
871363098
391220173
393495618
134869437
644121546
248731294
595200400
982923565
708322860
822207933
501096945
785717451
344870343
846103895
592948489
376680612
886455870
225605248
391144067
717994379
961823193
155880716
636192515
532880413
193049292
128775184
651062511
869647470
514614077
805774852
706072478
760358030
132264227
817291376
130925197
130286259
538633709
166577620
316798986
1176993
382915105
249935475
163460438
780771810
421255129
158844896
356832798
488323030
222506719
191295656
379504464
131880018
572956635
71183788
347813660
715482382
755027656
860615203
941820143
515346362
597668781
725552928
468309488
902548007
116135455
740738914
653453223
527578965
715178698
462662229
838046902
719878249
908806261
389967073
335079274
711887717
992420276
855420704
111625283
34204396
771942384
162739481
647140750
323318420
426270387
574192459
187401394
61080438
469477716
415442813
375258602
678018504
224757475
801452622
403508211
657362175
781625986
260912430
664636355
680516213
505391671
829253832
773144330
759844489
353248752
659626213
223073756
182989561
736104512
635925941
723062105
899606951
748989919
907615747
743403976
434929299
78412178
144991067
476277619
541942994
553337520
592372785
58101248
299735885
87403627
160028398
495120774
107353638
986458861
677717098
930261729
731507845
190784349
431109069
528812724
942688551
389595150
887296259
970069667
766644173
351118702
4411832
324975925
833551773
692380706
475651649
929028583
317141727
58048645
968578911
578949996
636634918
784634810
122693360
127178693
913018885
771152583
473408444
672440861
193220354
164505439
115720118
196530699
58387414
705664211
991554259
708822602
317880850
378803022
800715424
45334149
191115917
174921399
709633444
190824292
548925688
267396859
224549474
607355177
611751977
230999813
177979046
49304992
17879949
98767101
293626810
946873033
68090988
303930376
615793838
171535967
916186704
214855397
776849313
602138734
235398584
807881131
266588510
127887562
700826446
766829045
611147733
938338703
257333220
923244762
387834079
461713519
75001365
931869067
578253003
645622025
546603109
866053266
60688884
962220539
986526391
66415125
178650749
959620312
412037400
44681225
640731614
13950474
763009183
629179456
129147443
976260518
398072085
107494710
955425706
741044555
808348
96661911
906528729
844922931
619852079
239640342
791971771
94635186
710933020
831913290
