883272677
677969363
435451076
804573303
50808343
96294368
243420053
81260708
397824751
851810470
245622734
225748436
455093031
518343479
519367531
586059235
878682662
921636926
579402397
869928000
542855012
596931778
956034311
970922159
890558261
151545191
741563155
597839030
415676029
745342929
817786647
934760244
130610949
170829482
782320512
187972393
273798588
66357838
770147153
426042811
925378484
907632609
967213629
641930828
990368180
582746053
334405295
513669059
579708838
624598122
881645248
229087185
873436804
875573724
290764468
286340898
721935051
464528916
914015041
899263150
354731211
645581022
665584678
652481821
34023822
310862489
95137487
284263549
736022965
331395138
312260647
812324824
151489772
153359586
944549514
635222402
629718148
314103482
980553977
307812208
817139894
227894096
18130191
791077905
863697680
588699461
61323440
255037224
880065012
495979613
466037341
809269671
152342796
870884001
71311599
279797461
242047930
314731808
607907006
679505691
487608565
50141745
777646092
248313700
312337475
69320424
77597413
720077218
931024208
655542065
656622749
407831568
483974937
606202833
82123256
126837115
627450830
874506772
788784139
445324360
249539049
840100262
404198535
240043351
865357796
502990974
659982028
280605770
82047986
664752053
393174471
314986340
706196475
301048286
820203641
766998149
450248002
769816490
478740429
794377255
511102048
341246221
324013015
224522947
839356863
58205772
325294733
546139962
788760745
944474483
652346629
367541157
525947667
162582646
429966642
647508302
645943208
537602740
382955902
809346499
409338395
796991642
638029231
266272154
262367594
341636409
701635092
182926651
785999190
315125106
676589111
857634339
395766342
994406883
934222310
908292827
516087247
179675588
400686487
807152023
177696240
113842065
491845023
137573502
12405423
25633313
789038671
543613829
871081642
172695339
121054940
912645260
386860587
669393928
385038860
714110405
703216988
57740860
962155351
497720454
356570679
142368082
760140770
473635639
267885371
794712289
971774814
531540783
228360334
521673814
131421055
466267619
136916253
575803878
631650258
295496329
305146618
500455728
253866731
236734281
552597736
158021262
311845007
613303851
194070165
763943849
470773752
726372412
609368022
220111905
205075838
458346387
217520235
902966032
450581344
35328158
353701294
18209384
869688129
217693133
53858497
257497888
315253495
349407828
41274283
654787319
775729007
811056708
37743669
89542530
408963786
202761259
803874127
725421070
945122716
198549416
830523073
146836919
279565473
503941521
323938537
245402402
922172759
8248428
316597975
673074666
248747384
233950220
125222534
596322100
941795034
286937234
630767598
36173598
182875783
295099848
842767766
962437177
572029567
539282845
988214841
659717043
688628742
519825491
811148117
2314578
654472258
492099164
957843314
252031927
204805083
206864375
738643909
365746608
893754594
808456094
335325127
307005066
32809853
368199616
406039935
541778786
685834173
441421568
147747495
122026552
571993660
767700529
542545287
650022868
355781649
868085894
574807350
740282626
515726678
664221493
556773658
402347267
197100310
314283396
18602408
756648218
276106904
873190606
391517016
734930659
548293323
265020990
142419002
374419688
959774719
535762700
929627324
203829951
133242910
446436054
973882868
247207173
372077996
689121565
430320917
886771728
949553876
307820446
896250277
336719188
632057023
998361281
850019928
229533101
251682435
932977858
109904756
718526455
349597207
649391715
265671882
812643566
49904552
412816835
573733227
306972670
625281526
168125599
690248147
820018947
938458568
370977399
607039716
69290623
690338623
309566484
30269271
507978743
883962478
131830679
807094341
968286456
976940327
54797828
102873635
549932040
415001060
912885899
122737252
26796860
425857944
211100869
854232742
483851193
180764172
161239301
197302621
959261159
115388337
123348247
261490201
781428277
617572297
76231329
398260618
261079624
391321565
780729304
539194476
942115950
902708587
601926011
834563975
217766528
842297372
297385424
835703237
995106723
309943199
23801187
891971608
712395626
45388346
663451287
394161003
727357699
516744655
123188523
888526450
529099322
112263862
71008110
392590406
760614231
870340476
25666064
350714159
900708998
656537208
841794010
158610475
634271755
373691422
180621300
124088272
823931931
376536892
636466214
641553819
883378747
325536062
202195897
649317960
91587149
231376637
549094574
736039930
954121009
682070325
670902918
744334967
268133042
892202853
10095154
829852087
831700476
209335605
73949744
347426050
816631308
946671264
934994238
338569514
468149187
865190711
257699853
338704203
864767045
539363014
570229070
350820806
880278439
481634702
5147702
203563259
910067964
421690149
301003256
529237593
321245902
289626133
396593148
218638672
985634289
97459042
890477431
742068900
363596267
350769212
292387795
614596326
302587148
289040163
824922510
936707482
390541822
863626382
181168772
226396437
973676782
210390370
871272883
414757995
111841254
320082112
864056527
786498338
887055150
806531894
919784122
410010326
908332348
544712149
26180148
527005174
550078116
716355566
352935223
370690144
974713278
515630951
975107934
513997832
246975219
955632743
48233657
591238275
656712190
68440219
813021435
46441582
240521376
74606818
555560809
110855531
418353248
981835151
106797418
665552177
233402514
103979092
855013749
557064372
430985089
882377467
706263976
757874997
262860015
297917335
386629366
674186255
510691158
810478626
251683158
458045831
235282434
357275050
167782775
156208509
271848454
272818251
129786148
818614930
993510458
873342540
169488950
833725529
989151338
915324615
108651926
568242963
609558147
687383045
137287630
870734185
660617201
418043562
83012743
364597751
249368767
290358658
328378259
358794855
681810852
138835179
535750422
430042749
822923659
97514978
875573095
61078197
814052376
950588908
393703723
960584262
974192943
36398819
563553913
557642548
712888517
872538445
768723657
347535399
189265409
818386402
64628108
823308112
673190996
380948971
797428628
817238871
274262307
803185022
906839741
981489794
944439990
770991291
136804077
854675278
337592117
739446200
10801870
891636360
39751519
47573728
754190585
658969238
293679321
176703366
896541240
624218382
854489648
525370194
651709233
376830320
521634999
980842859
169529445
863424449
74207071
712442308
756851751
441974687
300086348
58334224
786815889
10867353
43749166
412213927
16144271
203201651
899594740
708878633
220050430
973442316
861736575
877087296
307783880
141691680
64195816
405658868
529628790
496487629
484407730
173210246
962749222
748892111
151475789
530009421
459854794
963597129
601461846
273379627
780468207
625149808
982594447
568827181
591550011
981417294
260757837
743323232
615220071
881465393
160559094
693339588
724623640
145611014
305319764
678266916
515093743
644547702
673058979
27837764
799228633
668548201
182813518
260364121
957566956
126876101
95585001
37923778
859391563
513739744
952359131
52547140
601739804
626215113
928410425
594900621
990847867
292909393
285537284
326366585
880933842
320872583
790438795
648163396
335928534
791068140
448586605
817138207
443572346
473208871
14915677
815307091
290538150
573624081
474150992
111920006
442336289
722230325
611260224
464673910
885832292
222834059
883931668
101480327
929106261
108011953
91599783
98408527
217200588
710419142
687419048
222184349
359010417
346692394
146903921
478356050
878109404
534650121
924435585
166498816
678289495
278446792
594351430
386182691
498824066
137052040
762008989
28115723
152064120
816490419
152564331
268617541
681649168
820863373
440534291
658099782
436940914
688958468
719057133
227916580
699468356
350178078
599937619
733153203
785789822
792731327
456296673
943845755
426720159
995794941
233810600
907686167
797794739
444761408
786384413
607385500
628482627
497748976
602656259
792054221
346002963
63484060
946344405
400710168
557854810
418801506
540535180
538147043
906158102
488804138
41415135
189150935
815592986
696519004
467030458
328111417
678509172
861198225
600392867
706092738
680755365
818163232
601395563
156269178
582679818
244878162
470822801
236887760
34478960
833148789
29617154
939191936
86302208
927002911
881913616
635984296
403833671
199227451
175298392
366988315
252196146
918149629
37687653
937916020
954379805
44659664
92093181
101275734
977730948
458272996
928876327
767284400
897356108
896563520
111298855
527839729
462088495
790075227
818030348
312976648
947978704
303647419
503668083
73009312
459186983
102223198
102848727
888590073
814605387
831046160
924277744
479281720
685899833
233404551
453896591
762605734
780475579
663479542
201889371
538020153
152784980
369547066
259156810
576205962
904272461
262332753
41835828
189738687
815704056
354073886
173895800
613758443
381197101
862321743
419009610
948548726
414481546
964678339
478729037
852156607
941810936
203503107
286670346
146684788
533995250
449594606
81384567
663951556
442666928
348693120
747364149
798608952
588185855
280010194
160191667
578431638
44490609
927462119
168736850
196854229
60387370
913110038
72886017
460531500
657150359
310519301
98084619
823578089
814394940
505347864
348124188
815797239
184750504
349732762
596209216
949281872
82876720
112472022
42210712
454677854
180948185
377884270
747071757
467010935
606709736
375286847
25572587
101186906
702130075
840577971
904058116
487019426
795941489
281874807
791769237
28700897
130617090
826138844
489534427
223475949
351509987
257806477
849556615
937319063
568931
931566908
613858448
238453092
683800977
210909794
495554917
932018585
885251406
714058994
15906044
682503098
166038280
605875080
853821763
281863512
284946713
996897711
121448013
973816967
601289746
861104760
19855749
902875696
557963524
567508318
818664781
256737875
622937594
818734762
103167867
923141707
528327653
809752693
466442004
675142826
761428398
