759806216
83040725
606319216
793666428
464809915
401821255
176331933
345582085
81168153
791662659
768610535
335100041
248370158
76612860
658453945
129601587
755309294
22853856
448528314
300059441
241491251
141265151
370056748
832310758
975224640
177187639
979933457
25325119
390202053
403220124
872318105
664259693
470265873
257196237
659378345
59902623
843052939
499529896
35205356
665493684
204518188
127281197
758725365
206451389
92129458
806810464
190939428
779375075
792221860
102525450
778415286
487009816
381118519
360018370
367027852
618541064
712983975
774008457
818441787
287622275
421887796
151006814
955380031
677948028
919344552
104350842
864834167
991173920
417234514
598551322
286548646
255779397
987648499
783034628
95541252
114210053
382539785
163605358
740181299
168414175
986248210
200558381
233103257
287676602
624804836
385308288
283141174
110247503
890168384
40837281
346918646
69044481
681088108
747583079
243605887
53511374
171901164
80777337
287106836
987778615
941976296
199765507
362140561
193670538
815976802
522635889
499361315
598083889
264477117
252817798
236001279
549378616
33827157
650027611
301374064
221329415
917903555
667703428
53143192
534036264
821209666
754586663
101005535
376397232
251632675
217504165
574691287
240065419
539428740
42029878
942308887
301762447
876498521
752402683
226437878
786482703
838417818
39432719
471699798
102168946
885946971
685057283
845770385
637350586
804836001
797540028
35217324
31060496
446209015
22276472
135607818
504197735
27634145
753070571
166568948
187389633
98759971
985743327
942037861
598472637
947944601
259295896
58655148
222447239
310508909
934238830
672880094
281424472
423589733
514891359
382911595
878470836
196003630
950974244
648089291
136152382
908816276
463654948
571561230
454092646
182286840
543630791
793856403
517152268
906422059
438111152
274128302
123427950
585833735
39048245
687722731
852674489
97394857
873227159
154224344
626651075
626402135
623323146
326841676
870597170
124659934
753792850
607470762
931317654
639364876
257136980
308194104
76659899
104981279
30416565
278573355
635105022
414182097
487945215
416185796
404313809
465439491
541502879
316025179
872397755
660110527
549452143
695590736
384541487
827168626
530237104
781075979
322776469
796749900
21438215
509750246
285493130
136813271
700964059
329432711
428493989
936160028
862538747
877787390
649285078
129917047
197468403
18446670
555417169
760474889
52617709
438492392
609449640
457041362
749910533
161211584
84899256
307297967
454443920
210486642
575207790
58202113
222929274
104149028
109127771
476061000
985417634
279909998
83543064
520666318
993080224
498291751
713218037
158512503
987691806
468153780
602900743
663715487
666740100
742480707
462642124
531005472
140173566
624066597
774550917
91744712
171626338
865735105
46839366
860226630
424850989
978195161
682369350
490477416
754224920
370291875
713230753
758389719
768659618
173224077
144499412
917558403
934903605
34750851
767394663
554325957
725274354
450937137
469349555
281756753
558310839
421183767
640557866
711963211
747844517
44202317
918028546
598862676
329598109
17383059
304434662
119682529
233070632
223316433
95815328
14885062
815922400
222740620
404287581
617399931
754923025
844511022
895055867
493516022
597981295
545083719
596101866
105422714
856671932
220224959
366470356
720689199
396385549
765082611
301915790
3667221
337637295
970406137
742632897
710022603
452263328
114368077
428791609
751276558
868789413
24816882
684487771
711587172
938935522
752509601
738403556
502533733
46649556
851949623
526833727
713799816
526127899
147041843
113981915
202760798
448100450
812605831
742190742
109373150
650912702
583745462
723296978
467988020
921400641
92148106
677247765
845516261
480107722
694264977
165136603
640554947
415719413
143779308
624726607
573164412
860595947
884514693
166487191
104162331
481821402
863936622
674039643
544435925
238248883
588115973
477539321
190595452
856424222
539872099
261922153
639657495
372177334
319418459
100363856
285043951
301519903
216499751
790186529
846787415
75261835
892887294
22426011
352384577
686813020
886278779
298080402
382348590
522315235
540817501
342164850
563585756
646118640
638028411
627551747
786976079
909705817
178861053
229739136
333284668
614608783
486652313
989092037
940235621
432342824
525479106
268377613
96300954
43415452
339682655
271644509
644096195
94328164
319699774
28900495
588934106
841510610
321655065
857622904
351970103
290035570
95190731
668280216
315606720
197707249
698336395
993538853
734148921
691866710
313387776
375338133
122658850
986760613
456901860
232178632
588609521
903795255
82190388
920041752
161333913
617901166
201779448
338933137
182632579
269172991
698068653
469257591
326418866
609127916
38617640
945465467
588050752
321238147
877769032
43249098
519418052
818372096
673485317
742528372
734006427
531940252
534228690
404434242
730027674
964344521
148985659
657335580
637426302
87521142
440290972
685138850
759320221
401613312
696288990
734068936
88256122
756257592
485647636
46433728
499638594
229078804
667119987
125021005
653249070
367922308
787287380
801420701
108991581
413652761
712760578
770237423
230309937
339662015
186035325
629393660
83672475
797345204
608905462
218288056
120187332
40733072
831831288
238897723
168836943
353478788
186145245
186437440
624949155
143700095
954992975
763160459
332724459
627051588
242889777
504927623
864820263
409207684
751185170
362105366
177057141
347564957
548343999
223773541
374760562
670053547
454828912
419658206
215577986
66895330
650396460
290910916
147352130
267359579
926246395
458905522
397247514
428222263
956184061
299770281
181777062
600849940
176471545
965291485
458659785
949600118
437512964
603258348
96772237
681107700
764573395
674464790
46160033
246800095
41230915
772622373
492389072
608057746
864137160
498783394
898649875
766487037
970859452
558053825
493303634
664082059
615808329
65364879
700805192
783984254
107680108
436598000
453023621
451414888
180328303
576207200
171093412
583052512
765113755
425160443
232540583
851570563
322885969
534470285
302321934
975931668
244750882
900552033
226128664
153624021
966516449
789189767
564085102
457400667
401120405
415290023
629990487
618417719
471987850
794577724
333791788
372148084
902453154
312787982
573427592
327975394
221441169
594745143
66471791
465023714
601528961
909336558
842943990
438976716
266242810
47079311
443601068
436389167
255731890
517371964
419331176
715256294
839236214
547181171
817467804
318490340
872512897
995622953
50294483
765038278
946216712
552675692
111064662
970536029
91368654
860392498
949117407
10097986
961042691
974346538
754490499
650005737
834080241
761104948
552095058
57179890
946245775
125108385
191157856
354041094
971688954
193601319
362685828
954615884
375246547
618535493
532911868
355271983
495320177
254937252
455462496
225818214
544450660
301433511
518807001
48853269
798271896
872407960
347608061
405850311
97961903
433503082
475346474
281385351
762881464
769325438
881176052
78131265
995086111
760287913
372244563
747404511
804465096
696253387
793349323
752615392
189989863
156448776
595289481
472833160
327480629
593845423
514777808
706105439
518884041
528672284
105555076
532646729
242297947
503241788
258907993
73837815
777500323
785307543
256079191
538185871
718254844
81300476
191734420
605921108
737359440
454780602
360185871
735032262
882692687
708057984
421353116
848197272
508084187
766191607
858863404
641823120
277118478
874774900
78369681
504116478
918725273
769241034
762501308
234209179
663770361
348529322
835833317
491844322
501379920
298406748
969904187
19157553
440174196
255163451
34360547
108689386
964714354
989368372
735473719
872700026
233659552
779745544
823412750
810826055
107319167
257357803
24562542
476106338
644378382
617084872
796719335
902725421
706937862
751962712
619460597
949013808
318799167
957525239
942150745
388830117
618947284
868341547
233652342
584285939
738153796
402195563
408023075
252920735
731831059
750174018
677108764
287750105
139301180
205669654
270456925
138979728
945828283
951675252
126890011
406412558
323966779
359726978
847465938
884295047
501687411
67178765
312219689
688211483
635702853
85346738
789890218
7189115
47217626
346643601
253752741
365318004
546093201
239126811
72672259
705123602
849334727
771641806
744275278
894204363
939976106
508969229
763424241
501268207
481505786
480480869
3185525
367123914
830635227
535738187
64863338
259220306
20875608
349357294
82598527
670975031
89975873
719811590
617217880
646484321
960283798
669919649
240532479
792657577
951916911
905138920
592886525
706701472
879002992
421766408
557077830
552324971
615451699
953261574
944318939
992718181
303754523
810951481
206705696
155221984
82161212
422766304
176553886
511479438
281780263
994532434
344442395
196735907
156528283
401697226
615147729
129523136
154423925
97790956
933920564
270056457
268436750
970766662
549351295
576366865
887594342
296484052
488120920
408868819
978660355
512538365
643768605
67614033
405038353
89880345
367220508
279024391
513105894
461995896
564323108
537517494
493365762
729053039
510877314
957384475
560696524
396150618
550173188
477305766
806618677
427554694
397901045
517660742
19341010
674262481
724281430
332987860
261600185
630338830
267627640
785677159
934645383
767685065
532819081
769241897
350763828
276828362
791697552
66647938
34476718
336123337
616417240
692428028
533467846
396403069
776690693
539383710
459889347
591966818
15670341
491443724
746310863
10815153
602250140
551105661
114637319
126107863
48273023
730775870
365598914
34232648
17424205
882767063
194368255
778645948
602872110
725680696
196233957
741635415
606620647
283868161
604453064
483525249
442829048
470495340
811137452
705473016
984192895
622937939
897571787
184897720
873098511
669633366
614668488
776183915
39366296
923830229
165434924
981713419
654604578
224655965
228555339
60921682
701049023
244070
318699131
733650176
