375069888
185736305
509577381
578757339
182161009
908555924
307678348
978502197
95360469
195563197
845633759
106600481
582955352
761625325
33247875
756367610
392676937
435960160
605276955
118356225
31807363
446396170
293821779
962044898
206653371
610734907
637549534
496743857
261525930
821448454
607957748
237377491
612744463
737078756
583401047
841053432
790825783
273404649
10279223
183170330
803767619
707423617
458602770
887779498
872845272
34754498
255332454
216400232
385787736
245858460
172208022
148080309
533575538
753745049
267137158
928673717
891914524
547532481
372103967
571426100
271006390
810934490
716976266
273912014
587605447
608256267
493856016
845876595
178224278
192194441
965541825
119272288
425680937
422106625
314588604
324383745
987793398
406042279
89199626
171898873
355402452
421149301
110956120
15667470
649240431
459877439
703801952
858999412
469941597
654727329
949138907
243293302
901300680
438853121
912163938
992833127
990447349
184690756
300174051
264589004
540898480
409455858
38175954
193593295
280316633
52935734
722399371
111468912
439156444
942753412
940880317
485872244
458332855
200205094
216023648
849857087
699978370
701308795
624671581
127728008
904454314
634856603
375934997
523496947
243055533
722248523
217971606
986827814
509942685
321755476
333936394
803102642
105868228
824610620
631000391
945946592
382973347
917362823
735350836
596304697
737478066
592333039
419842967
527188183
713847010
463266662
784960445
701095586
222829473
62306851
292854757
289138553
560019173
172446043
360134689
906041876
33520861
514679005
950537761
558068108
834964126
735571556
601526226
117400968
608817018
137777674
380004016
633722233
569204701
270077054
466883740
782615545
965957958
28366883
390249940
312121274
215013635
848746813
809649935
779788869
937288077
516876018
763998340
447635834
28900718
44797840
243083468
933422183
464475931
724958514
912425731
868294340
966825060
177282727
761340569
1906509
990806811
302441998
918371164
576069336
83262646
151238211
131890885
952752418
595423109
510239210
323180594
531652290
782196101
48013414
691028240
184774046
705029068
170748892
620780030
318088108
971573214
153890392
88500250
564019177
894694204
446581831
169246302
844246185
357651321
598589399
815790483
788675231
267026312
388343430
321314461
912571636
930375648
233580599
696526223
786049865
384985133
811245921
852212723
518661507
721617245
711431177
151226081
416462516
33930273
727651685
163265271
796076168
556502695
443252461
30333294
836916419
213941748
354351986
681375131
636680813
981991908
287644698
595101096
996833709
694448725
534505361
264625977
393852670
726698951
778456603
254398397
471448469
474222667
834730164
933102973
160327292
301677667
569838741
842401931
183263026
295355750
752783784
810315912
629999635
435324127
19714314
232172536
823773850
358010136
484398041
698629887
576023661
552205467
59845410
804057955
97340434
216144824
855379013
824212780
187111883
446805200
757373409
689763563
255473669
473253287
691816801
321853501
721772529
510149487
870006000
535238752
644103005
511950053
498112104
341325063
229208123
477328785
965101460
561509582
674734410
302332825
440852125
35842534
242300910
79826716
678374734
919243000
414377257
30672208
835762538
944182467
446298653
745625960
655290048
736457824
537982339
63020220
554842243
156746347
743507324
697860812
510400005
313624363
488004134
949159287
54526881
64073607
54093362
718520346
574849832
620011648
251043363
293869430
149478369
884779056
5953074
721530875
447462653
175646952
794878551
772573799
907476242
691100320
674386947
925823532
88940099
898477043
856660004
761654278
803342722
166187902
922486541
808355112
818002257
976873597
791932819
127227762
547838398
293141621
25299834
614301127
865149638
695856910
455822375
215750890
693139103
152429222
596147591
770510990
730504749
816451462
615557566
379195290
361867795
970933523
790384569
819299683
639237415
562180601
860219188
156049836
207413602
292439082
915177622
408661929
697525105
442688249
475867172
172604771
92846237
878725311
173692476
154321031
150347118
180577424
907424160
211619332
235277945
458636056
232684428
936510876
302329452
86149014
31149528
986891258
550630334
543291250
446487317
847068732
186489027
972633134
487990346
985657796
432922432
869249996
406887525
572710555
780679286
47160446
518225783
250450854
676562048
423542820
677664753
851779437
642758986
461236535
228848172
181290370
63509362
578765236
584021738
180601358
329496172
923708311
853720383
121264588
261289554
928286362
858031593
154233855
996200931
628798439
986115742
120213101
390734964
188034678
721398597
281097120
773689898
334713605
430940044
188117498
940410271
982233573
259948828
878786631
408484259
179370090
344132272
89393799
314443078
265196947
783559369
607723789
388611396
307388987
656161624
509214120
15529613
285622936
311421001
852392923
189128852
363991928
254249921
47763608
437427076
557451652
461044472
454724307
739837937
947751050
407600470
728795756
147825192
395904239
240191086
347262597
663759483
974933750
712780327
81919463
584154090
768637794
839790775
731003983
845239068
378391952
731601703
83345977
531873053
212184477
265567506
488066961
23292604
578547119
998988645
576418343
727983651
212185219
441359554
851032605
718325616
889407963
349555861
366692026
857596475
54763613
459898597
992707155
67197901
308899026
845454636
40595861
572842608
229501537
268238833
420491057
524201152
523245936
202524539
59035124
825849948
377698495
922851253
527653459
682183543
919533507
705503151
569278071
396915593
663772741
619278945
451574263
533574196
861747720
363593846
694746125
419081933
473098748
873407507
790475454
918493354
738894546
16148075
222974027
366729840
224971645
915224352
793791065
310308286
578497587
52217191
204737714
9660679
382324430
25182657
340627120
966556709
821902400
684508482
938062966
349260460
890620524
595791561
403425158
689620080
393880372
507021664
711094886
865907690
573492706
1409124
51102403
649838428
412049083
140541769
86955401
361550420
699877225
160923619
457211898
4309155
911712084
258969785
818418005
611555550
414541230
441913584
151249765
836565062
22966725
728189415
597179531
788590265
935344539
441214993
27872829
143102985
612722915
533353946
972849467
717949980
204129465
927883374
736815578
577088463
1114787
554899285
597611595
241782661
938227255
979076699
266679483
660978781
227296583
933753811
437548374
631650739
777373555
791869606
275078849
951966787
355771898
874529822
842940964
845303290
404229591
262512137
714493888
970834088
112668939
943852414
748827503
166523279
188074150
739261917
800179688
983828708
522154206
241329541
610440763
859641944
844301987
909467103
898337806
43890025
461509932
936200749
561293681
1590728
3666618
396222089
365729428
820853307
258275096
20882680
362178081
329599642
84942410
891512286
172858872
738602649
840405396
626777505
129113722
994374839
230249195
100156203
472904630
488034665
133574122
453719665
109496532
536044014
181428843
415436904
107664799
446304794
976192015
799050938
383793358
468028840
701218454
712903159
967167470
716446848
578122986
927974194
908248181
167191470
377083835
470580046
898886298
630641918
68470668
871838112
19236547
217524482
780353381
903962965
813640828
361353728
463296119
73259016
868016604
549946952
286725556
829685413
639424464
842838190
913217879
915873286
353407625
285891470
507718928
704830030
37384195
127502236
659610034
412666872
416251853
302274999
191908020
305713159
110950829
662994074
554833365
478854613
467573345
309590729
396200356
890140315
665951411
72229050
985410109
22439630
4732721
627959437
844886553
417220517
429721291
748437571
288549730
65409990
253973590
461210548
117172421
612994827
122922989
363640637
834453917
891734310
557914447
367686508
487711111
511365828
169445707
157582960
962308186
205022530
995113586
807870942
362112067
329833734
446637834
23077564
249921874
281178574
300481360
485279298
700097309
409424756
282615681
242389516
982945579
667814280
13725269
126498029
51739569
649740279
545821653
941838537
355931623
103932707
475136811
504466045
332225867
298264902
584517938
474044280
852993921
847149760
665651250
639864023
422106930
621850348
386325503
958715994
618772155
230896025
211288674
835993845
312513466
637643690
663543327
425029161
609118628
315524930
384740928
819896829
497640559
42947677
105843390
312567906
659200875
53275048
451939318
258179359
854696922
942171787
690851695
951656970
696660635
826437079
632285375
852947547
743773504
642751656
820282585
361095230
281488776
55009273
507725873
820843542
438451605
709827806
629325070
718287931
440389379
50107649
895347415
16700936
913523973
764621107
976403720
810046244
741306369
353083344
980663147
368831881
169911030
128146144
104019072
676600366
540044329
259631702
139333209
486076386
5358315
810595778
681255655
966366971
495242344
23645697
538408052
442631285
535221803
284999847
874116299
949373067
423949977
733651385
817789979
804589272
46824372
674150758
38132997
932039526
850033358
822239129
111641177
390690160
662088508
451450703
191184200
153342632
950990200
831125505
280799213
178819903
570494597
143248684
712929616
629793599
368851993
928980443
521458591
889878275
226213055
533772434
274824441
456306522
478967043
31290079
944881903
436259643
310356163
299429798
629775994
865893569
221498705
207293682
636043027
183119184
698954600
290565495
304278462
43791640
832461495
385065419
491641083
704096296
4200634
695296396
378878470
280701292
20721769
187996379
435737279
117843928
152692167
148254720
705826471
316260923
547414688
655334654
911723115
630798428
506568799
754924556
842986468
651560401
201349510
414905642
957321196
363200914
507205655
529810431
930838997
78286498
624701980
477666950
57416779
841147635
42131350
570728143
452105888
783670646
652411607
664180610
415537873
122359784
863692518
511932066
713201402
73243984
501467209
319782103
635704495
43619946
378842378
673480033
