191039443
796992696
903093399
646235948
130189245
479806612
195975116
969746994
641133938
858423230
596714038
635788201
519611932
774669936
524352087
750992446
921274835
270756299
487995005
56537837
509478336
521164114
814978375
144491514
50321747
83342582
375645705
101632375
942917545
210998152
834496832
852158345
595547936
742240659
839894926
53194079
415169320
61982123
290569801
970866040
299877916
736277988
806948048
723704800
822257436
24900664
60929008
547448591
316225200
427151928
866084414
499061301
99091708
815564058
296217871
669875328
982014319
758601884
595914201
46846663
104160906
94342741
26829448
430135785
23926397
744555692
40240264
777371272
934775009
471158007
335823125
859292712
980186497
517128964
756659919
773200347
714216065
91273575
322234076
25421082
22413574
828197113
785407173
515765617
344913737
335435531
753066637
779983876
446022787
170019597
71179759
656567434
466067921
243723138
866705133
205535175
709448539
376812262
699778403
77701744
984660398
283557734
612673580
845067191
91328802
6791702
518874803
581962742
58904139
523017523
955659262
890740744
436367808
570493118
24433088
275963792
308935567
511063830
85222048
688490864
991489054
260256387
331348485
764755412
399978248
679255689
393224790
736463359
650423829
551124744
63751807
337403802
391495170
244532332
40760683
738855838
215523532
940339980
424436814
338122034
816560727
171103894
721079737
923005263
214360334
180439013
220199626
895574802
219290049
590741341
896599607
198384709
291590214
11287538
86212689
724404011
952209248
847918167
445088943
412073112
613566910
782411443
931538912
507779394
459265715
618255459
499245573
191835475
529732434
285577249
60440259
368595585
86627016
747100012
871930136
820385159
539176648
408343220
550395077
219539235
459056062
497649986
517173309
59682488
654525136
865367097
45813587
380207632
158319642
316356671
786646589
367605363
495251037
12363702
724555122
34149283
239564980
213300343
463739548
596104873
681193438
28364150
365842368
933712799
530301081
528004021
111757692
544490201
139357400
265827528
185227362
543866027
297523089
225549708
953017048
115916924
265238133
871856424
853254256
593898617
572441871
119037941
33515833
213375762
498930658
692834895
873344547
74263314
22544889
837780852
580820179
325876305
944603671
954290203
538345795
430691912
131807618
583460509
529381406
126521114
753609404
501323385
240850231
892492113
131129309
242780561
70082273
269701329
59346652
608638198
768911149
367708555
360046085
869840929
23663001
562155496
994848316
152466605
434782140
837466184
654659473
37494378
521945311
301576546
685007348
859351056
599262355
343232885
687203911
522325136
984109304
681777622
342475017
726733142
840289211
71118486
878187708
141023719
82246452
256150096
622752621
603643217
14916661
413906689
68869702
213111623
965830218
74762741
930627201
976190297
435843594
979341011
148678369
691915220
471861640
716115025
979378073
939273684
207484764
271778252
643518205
726849387
582497417
537021515
624528893
87133527
25233537
633312942
29551717
952544514
683967787
853824597
70220152
178632044
214713563
51016255
22577716
108038621
232706843
471895724
893520836
524499613
412605683
711013612
86481541
4768292
533099252
650559796
254871501
124174185
91740411
938914023
933538953
810468199
612631890
895903233
21145800
477895145
789377795
981736174
187878085
332517275
45211023
978082686
292222510
582018996
909120859
970046324
477201656
420845384
693537308
871339451
706566840
735589039
378257414
119018591
314243703
871483803
450539973
619760600
554034273
374673740
378441440
905377530
860804102
745053763
920285643
259751952
566000153
318810329
29870455
544682570
318660824
250970668
284017639
561003560
479288590
434522995
418791102
504462544
95647432
563052927
173358139
834026116
430636876
220400958
232347182
197949914
432210785
493613298
581659529
149661995
27355172
169617194
427701900
813204344
954075834
139833491
117278583
547168746
661733352
649368906
404046171
158391327
390974929
148854738
552678627
455596172
451571400
817253852
639730000
879720706
452692701
946077427
524113168
990981345
201315600
544415323
474740654
640403144
512706580
722335728
827541166
72386854
737150798
880208458
517327398
149043630
823268767
470813293
606927725
339455098
317244412
871622354
842729191
446278524
159006756
14966812
443051187
281782137
667722330
776751009
746378513
614956931
853883297
701938821
696969293
81277743
645504024
436720554
611888744
409660510
665092835
476875438
34462166
939397622
821827739
331659316
421240527
510766470
631527339
403634996
632327404
980758105
210326127
300274901
562476294
581070345
103348236
77834644
831974588
186348787
101364136
192958517
972680812
735955569
975957214
212584234
218503555
35211977
183239165
436049654
503539604
386548212
858924548
197267214
674362261
840368973
837160188
903331567
624450783
827347438
593726283
932284716
650254797
264087333
144423605
765620406
404630804
553608396
139462527
115898947
977929505
567669380
604745965
425539956
308296374
472134318
504194624
298506595
963440406
609243505
113155761
386028550
327527304
195477684
900095391
245779191
121833556
13058912
625912638
722107319
743910156
200016667
453383859
4627149
592622503
169079419
542703719
708593478
591531963
210336808
807953429
664895158
895749448
67340217
458120147
935870222
781802246
433384592
888970838
202227943
336174349
538653593
939891160
15207278
714191677
207697732
604757411
454777112
363991941
898644413
643786850
391571891
927695756
417355206
371988789
777912838
114285520
600118815
832917451
139216955
929430598
795601144
706974630
753103598
801290074
448260601
490279101
260187086
737357535
964225167
463976944
688448963
124088072
423684695
385932970
205256563
260125506
438176581
290435470
384924770
564322007
87926606
344601537
692887549
566549956
416381537
737199400
478394242
695351427
680207308
821584702
181683430
600467139
749753883
272797344
540573203
831678961
186787561
213917202
265931075
717418630
344570324
717419576
399766772
434667469
955337885
267483819
504011061
31422235
166732226
517787332
676108937
309683344
447992681
574894947
841503992
450999606
14087081
186553641
384908537
711061200
11884858
564835658
57150226
142640465
282293513
87981823
374334188
150887350
845359765
373577600
73337944
224259379
24504395
667506138
219751682
370507028
944834764
258220080
611212070
148897718
233188338
446972006
528619200
162419976
145475764
872000085
152474458
174858935
431293350
89573597
817591880
233920
829008664
554869874
705533771
779734664
660269349
257126306
152373955
867356061
893149629
353123710
186062469
793154625
444449388
451849558
285178949
780486541
355143264
470996963
506164841
755867000
575341570
236010818
477872861
564912851
36216458
894730249
997164700
410293427
935507364
199475252
719593999
755786168
555985719
73104023
395250714
469634519
961972366
440017017
710237678
687708458
105846124
743856007
255748087
880064627
260909537
735464573
717970586
693626205
586821135
371987915
819715669
960296386
583408754
61724879
424892348
592997845
76997013
140620920
743518205
765539098
259961604
742080527
931848696
693674376
633529710
430276299
237168905
371345364
56598843
815544428
818514174
915126245
760759284
818456382
650020876
831485562
980262729
597808233
304003314
300751883
176759662
303538495
823472290
563519448
379759582
759297611
172377413
494260839
648211673
802252868
392637506
821351445
696498811
944698578
427746853
363765595
812007309
562073710
246534916
830633237
498295668
346625222
637027361
771276705
553473740
904589422
199537102
764952371
411704002
593406785
612735114
479188779
836617604
442766321
588779435
956423108
918608236
368329247
313914794
874232097
257898885
742908064
723133689
254345974
422906922
997162727
218627434
816060704
390709528
286255280
19478252
418189019
351273316
473370076
802456214
830134439
666511132
52195584
10045708
475170158
559760509
407425041
82556837
54804888
189517753
913448726
984733839
253732489
355919142
471323743
445157357
443678062
248158915
372302817
572734351
755387602
623491532
382681387
348369783
556311011
685961988
383476396
374242842
125448721
573928533
194546094
127915462
363247528
640310105
758644995
289911975
866412652
358283539
838744635
314471588
850473843
660351227
668328801
64828220
509458195
12428887
964894943
460141561
919385784
841097922
575800188
170030104
978970498
900635723
47068612
206642907
283829745
703825799
453734695
789208168
176284113
33182198
957108114
480876353
994971657
785533263
621486311
613422382
597274146
181411768
578744704
85394522
409414278
57831229
722260507
95036374
955162730
317853166
838911587
543882124
721067043
923334833
454857057
284350798
998128343
24515990
148944963
462611804
593241493
552002088
6082229
162586852
904548843
49536467
138187474
817291644
703243112
187452447
69856562
723924930
390942575
351472561
862867414
737974016
262353217
490405666
760615824
921139269
178375215
952032236
251480175
965976578
864914211
909852569
68141125
252949278
578325139
672757315
482748008
970455666
636588300
158874507
20180888
45272058
175329538
416157852
180845678
359877811
919643753
904968861
391793261
767710282
247996604
114986657
152939549
369594482
60467419
716883040
21997581
507722677
263900164
227805693
284236588
641209256
300521912
40105650
297672639
994696272
981395340
885238195
238966505
30485796
704704438
99400894
87336629
232068067
331291672
817595355
562644477
846195364
309559988
400738013
1495515
273406352
560238974
483769892
717979973
749927554
756913020
698546641
192481859
861442097
650759734
975025330
706555502
408782607
874637918
378971631
744750144
135223887
118485212
186149404
378482469
34405557
666002356
361307464
63005843
148595710
27650027
920871480
38302810
242872062
154238562
175802215
198162689
863162150
226310177
10830235
80970281
816752018
322125675
547745084
237783251
282848699
692756336
377524406
379726061
729679107
392845391
678554020
