364514004
570122830
686523637
903236224
500591804
272703820
603895479
177767603
862561014
9296678
141100014
138200633
390503233
256873344
914893832
521623937
497243519
114560439
815040010
746037996
154728275
379604976
244358732
655171430
369094822
101765689
967995047
941696774
149860706
665029165
815144750
819653567
180886844
162271854
144333769
356149202
727846340
788379495
466563089
759668050
725367095
824767509
688270120
833135395
786178324
71179181
467763853
83931999
416021579
631267020
814623237
797714308
20161360
968680145
672951424
984909026
325764098
31352207
534141402
398826115
304708772
662198703
27906896
197531849
194151926
321446445
957313788
228231379
112539574
558744629
793777595
708864023
647997349
55371959
20670901
329960765
691334854
411223336
868993104
297915641
634001835
884063047
525675194
518593685
850405927
17430441
799492206
212206697
489320429
159424742
30385104
696494133
254238092
67736974
454959278
63168392
796860612
490738271
638983468
464731878
113865391
239532473
971392423
857276949
837489423
105759214
149716959
964789400
948009244
342990658
293574171
914540760
162359101
236225761
764824278
420645723
136523508
509313210
347125921
176721484
521954237
745107090
738910948
953114831
528359524
97283462
454625930
580260374
600412680
957502508
533100151
200596583
772239866
404261226
184050249
394469362
912670623
668398244
681104260
744646713
867713481
834702805
264197452
146329770
865850570
115844343
534135031
18012331
302912695
34313554
926644882
287547402
143612350
462261983
942777640
368758300
500621523
18277592
328917424
740205961
651133282
569456583
364376719
990506735
809890506
92977588
142300893
758097874
52175512
370354916
507975099
468125262
828208948
602479207
309008002
687251431
480909637
592581178
87264261
412515181
563148429
436613599
277347679
566099125
30857625
245552748
56984233
309977882
461483584
815291948
893847837
894393030
339480820
940898297
93513430
298256898
470326085
273690716
336439262
772872982
973543448
776037156
965836818
932557777
526338454
458519620
459338453
541133142
153253981
255526209
887848661
908040344
931013330
916402242
177057532
214519683
292108903
798277593
959649109
564337758
35993354
832323010
296614289
236883562
476507078
613582067
128644442
887310649
508965776
10751103
216925345
207218921
256141916
314391278
438971732
787111272
470776779
344789900
39760671
572338004
786214293
515851089
156723901
205957375
927443285
985807491
963379699
423078577
763840765
878993745
6147994
672048491
314041605
772101502
736879627
141220438
479422866
728953255
456050699
912756385
329875177
572027802
32167365
142502877
38600863
680629740
651898427
616622052
477430510
389946259
743742902
947319002
758516922
387311105
778123463
520142263
675599109
90656913
309440275
490699585
650202367
705565863
123469884
629972029
4603109
544876852
893177314
484040412
577511649
297751293
307688405
741823523
888739199
127004284
242462826
214186491
483683724
14221023
167356511
246813545
333909063
346757646
945648066
373894505
135250843
58828990
913531568
926730499
993978038
216737363
465621328
388765952
419512979
965351113
262554018
624309313
448557918
402195335
137899767
493724010
787452424
167858015
39110402
179679216
82257853
1919379
58579802
631512637
144848279
563936972
36458539
661378085
923300400
62626730
156790521
303444720
759917796
749575377
494721186
945774117
631345283
966446813
490062372
360774286
832129964
918922451
322310543
923388085
864450265
618153512
765628572
81488389
876321254
673632500
459361119
166051048
307647244
765968849
291636652
133331463
249188
282018930
781882220
430041066
180278823
804243241
465465550
356886249
808560592
959109296
864391515
698982539
907474147
192125649
862378725
821005610
677795641
678336115
347549250
163335401
679608834
135191716
767062371
526694765
798308399
954970149
785056830
249667900
603265609
990739472
995797475
993948945
457938725
361389722
945524929
349326352
184564593
60021306
180495462
27886723
453456900
965424293
114827493
905340967
753761995
66646032
174014240
684195605
811253774
638355508
488255405
629311128
418419599
128301251
453722628
865057471
514956557
255187454
631732666
225308672
19186411
215797650
753620639
817821119
963311820
870442568
241043814
546084424
246600718
513052372
636441017
617774334
497840652
319662527
709878499
714184539
20364223
861721402
772932769
731662366
780955909
100861225
438414125
964910099
502484066
366486347
575529346
329637474
907667093
80467458
834369794
929377137
428288639
955186788
8700312
237659249
211803654
297006373
942029146
883319425
825602217
627929814
437594886
298201401
1914491
870481069
131470475
98757071
418422750
739538087
844693248
653235153
482254684
900070298
444352762
918325184
777383524
788710538
315337052
596825473
294913222
911406339
638417329
166133260
678682577
707063878
189485695
542653862
310962215
472219249
502380885
723357848
919692255
889613342
906060148
153026094
663266337
140212723
962995608
632002995
235015871
476772274
911214722
168129006
235774209
181134640
447122453
528218340
510834026
90375126
460275723
423093115
981669319
345203673
588406203
914195877
989512483
271461626
619518822
294850611
680995374
588816612
787794855
946203500
237157201
121335399
733542897
592641340
994010148
291326667
255058847
637170801
825714929
683334055
361809601
818140946
191616
470288322
930359050
497547937
259941425
661267353
31819836
220587089
11943525
79287770
741688528
574488582
301207138
991864270
163513609
391804711
520693900
668144996
951007620
646199258
688977418
965011220
930971804
114438809
447591741
854481111
534208190
219507358
835316278
823104921
597378185
298335264
983394070
770265255
914004260
519224161
341102575
121970884
34909186
19728020
556996775
567207766
934259974
157869431
379646870
159054315
291434201
2145878
127813058
863254135
116476900
157569932
732326434
715610342
129163528
35180394
539316517
815920240
49956195
405460312
127059163
812312476
385270810
188838602
481909583
443353263
591094510
530941882
77860010
644289447
50702135
398723016
633235809
931279599
89202482
121769651
30751246
773102372
734791938
288537426
563046910
532062311
91694300
972062142
706628021
439808252
566008829
267783727
641101726
878823865
979907642
525182333
72014688
629448873
892668856
744684298
181936956
745421371
675959846
936293605
567959803
760492318
924285867
483523609
812551999
717753883
524334122
801046833
626407860
7393877
4429148
766214144
81128301
761418768
842413401
594996850
720618176
413208666
482210580
42101331
877344433
323310782
889840154
199036144
664381804
525519801
326708327
3786935
38610743
344518183
939832694
285329873
97142525
798498332
720577622
802554590
607776443
608170689
159510143
988874137
915474129
764961994
641375866
633707849
874394716
213693497
444054032
310595919
787035471
297672005
24066121
768728288
263210791
633858515
58949171
244649020
870652162
725249723
819141804
287032198
391045555
520547186
762436090
281889677
67561181
719099274
669071618
282629967
40841145
39858810
987220406
112447487
253698523
493336442
126627201
112382438
681934915
256132304
324641426
450688306
81465768
16112408
216751463
740938736
320452061
171104405
22119081
463284009
739549161
475928602
931902426
882526719
789028883
872477944
597828582
394926943
2525904
359486189
566146668
155295441
544621878
161424064
269754773
747176660
310451598
911618632
515029764
769874348
507231313
946566731
562714103
614519858
400608296
368453497
205566429
374933146
303795722
21497353
961437614
896456774
696980193
205787608
543080805
564912542
107956382
104693686
323418602
381220578
895507859
731700257
109856534
322448726
689985635
169345985
906066427
920041703
746357634
469574801
430487137
408833428
656074640
252244732
956052694
792982428
913214497
317382568
481918423
420575386
666911514
222895435
91131220
981028550
398048573
669689892
458315246
338834269
618343257
704842229
639220277
205757912
588200030
133809185
874366488
775531055
836710197
240265377
924534222
231262310
462387068
285524725
628575511
834220919
591010214
552604186
240382134
444735461
249734912
750098376
651698044
790573813
622775262
902843215
714309063
672612423
640569036
128827982
924400152
20295742
711030737
567232158
301698445
41515404
830354522
224729225
820633396
522265454
377878242
180521638
956272229
672949120
392848345
250656112
958188317
381386789
594319922
256910299
390018335
845444385
429307758
13579785
89099356
868244879
53144184
848646463
582982648
685356814
419500121
201754064
134962019
707882214
315865224
904238479
520231572
895154908
983826278
587060106
3866396
366280988
731970788
718116678
66857218
69213273
793826145
978748923
397725468
372119149
944654896
332922274
78292500
383658736
738809646
78955766
590987983
697450951
478132802
433453564
988371218
981708058
641746576
135276582
102765333
176124178
45559619
248390015
357083895
488609865
730424539
63033408
397560509
7259816
253043902
23737347
113473597
711191078
946722566
19886082
74418734
74395260
450920995
210863498
740701916
86577847
123461564
751303281
969072567
236909457
313250495
822780619
417022106
550372713
598688886
22158337
724534411
596694205
615351344
890733038
23653654
545436130
621665027
909115602
641694609
881621488
935361763
71032684
130614833
715072298
965482167
879796904
750728384
458246719
359034830
913975958
530787063
430883077
394574665
16187486
52662614
294256336
279317447
120174438
175359369
907643918
646011300
847187794
408570928
230885565
299202934
516779390
95839734
55989527
996232427
528982603
452730231
541805391
569168888
859080426
151216082
52428879
620688447
254000268
271427288
433453590
72052235
958775385
191337883
684712926
491371272
293651334
202119539
599163857
838070424
729397316
266118682
501490589
733756232
734050689
235610187
88173968
662461754
899729267
415869364
448702777
783957169
694738856
462014291
830052226
461245727
988981670
861714188
535494237
864971403
233734
673567887
25317179
