917690641
642719312
554922182
727060670
362443599
653850423
893739906
301322040
755678270
318760405
138708180
824637849
102129718
826870326
815425531
716637172
908588219
80810211
102067772
170328997
575490162
97240154
838793220
122446266
831567473
202238558
454828219
702365016
409064037
924690472
888714865
787509690
445324831
458735798
745512227
147843406
257365894
296457530
238626714
300379144
553006249
434618262
995421098
341641852
84299520
866838629
672415647
58574485
826266792
83617387
52923690
18922097
702464317
365029518
511131892
820450486
803926091
432475915
895493195
160205041
199022204
191374889
892258001
830987796
430045538
351198489
379313018
643393918
81358098
667582125
459271277
612130689
842183495
801688627
617322746
140871900
101819054
497151367
38146745
964728843
529822909
396253733
876098223
325446650
871766781
869792768
85045372
80295312
947603905
925061739
343917314
824889977
400964333
78421673
101356939
361631359
542360259
164433302
911596313
733101029
487525610
29021728
977216385
158684667
624346108
440793000
176738600
900775689
747706770
370259992
718631432
306774723
394329170
930764351
630382130
802768469
315276665
566811351
959221013
560252768
266153117
299017705
695790011
156296357
323664811
634381299
211166356
763761822
700331687
255691387
598511639
937385751
585555053
305045714
477203232
500801181
419037346
717413555
701100540
430973781
693054168
184269682
332588540
577343913
206430307
37142590
430560807
470199980
448039541
298588468
46354693
975548906
205212287
351343544
466947912
188507905
333231715
820920027
835019854
989964807
229626644
412976776
200444001
492015383
771748351
781245679
721219669
89283455
453561119
129580949
383731122
597863108
865710809
528247232
867198599
81883434
966429164
118446098
949866048
286522220
203820492
740966374
315722280
401743218
209336693
622962732
732173463
234211508
838097800
288695327
167569465
598117318
882393700
711135732
201347137
280077392
983825679
840573155
805595560
425184627
315922920
341277352
16638861
318458592
914857345
448491583
109838096
676965054
484144944
385064478
222078740
214785617
871053977
548497634
786144315
488660269
97254495
798700782
282678690
148785619
49072215
487008160
251185653
164865791
962011482
785613803
715469407
154575077
326900095
587121206
98057753
125856008
312850536
524681421
970599299
862543138
724327512
997263687
486885872
760845108
513124635
55208409
750066563
453033322
66616587
952783847
727063339
333896065
924991415
712686867
182822896
185124897
557894465
656809941
376112411
828914759
90091699
851773069
356447108
129243541
733022174
955263018
350064959
897023736
287006724
96222731
901935079
346372556
577898333
923601176
764332755
99990806
311814909
521833581
635660983
993863805
736941595
798152329
98249204
9227635
58550464
381573342
229583661
614213226
404298310
912932855
567961542
656040594
148569010
141684540
772451439
872554441
640816579
357642330
27822933
557861616
705143449
853042826
166026598
970393854
50848767
380690783
755997730
1390239
948354110
82832089
873309987
36060884
21148958
382248605
91973163
291939368
753523864
347219472
70693077
351448832
725679356
735851731
492725426
374073868
528261188
245894485
197803546
436213793
151149736
891778313
459174226
954172577
494010647
77799367
288720355
883898768
632125731
127855348
958378867
677859680
625575610
228193422
665859115
321466220
39622867
531900657
634891635
766320403
49711376
480512070
119030577
293597106
286949253
676374099
832182258
969291717
360317399
791952728
442132666
804954281
182887236
319783937
850240501
56575797
623657861
919137408
542050235
943349590
93528249
208074394
659813636
625668516
388840604
392833395
725873221
497485934
69992615
171259205
334451000
996360529
611002848
431483141
386502417
670637664
772747736
165577120
667223323
817636546
245617107
319428637
523581368
840173001
685722681
153424586
494972443
305791673
377952919
609283318
697808357
120485458
989850421
691542044
672792154
841636981
820698433
493362060
904756501
894115857
950500877
334696323
899299101
189058194
457501728
445772135
193951432
751404094
933281518
179602836
283828059
458080741
251914084
724413687
697732482
774099611
684493024
819640634
939945833
235416018
897860951
420081548
119533014
460709295
473450846
213965542
6510108
919460802
758690986
544865435
849939230
279385675
260820617
773107465
867135668
910920782
420129534
334523173
382671273
239950546
959473152
743568347
372510153
198350082
325455258
239727616
868571372
265436733
993809561
898692541
157143956
1057798
553416225
669340483
996254905
530419328
215163309
438589806
715607347
243536186
439262027
274490628
992713107
388416083
329663604
4442383
197260124
478806618
857278018
786811698
353970076
349969850
436969361
699995286
275942864
154292603
47571395
921182930
135254036
233723230
345394168
741073373
925651240
859998443
387721478
848881431
725969449
591480133
776852559
336716340
695757473
981539727
618915825
139135086
800688518
684982523
750855239
984094069
868686477
321012874
42467492
389764754
408158714
206997863
544722465
807174105
564088436
853420937
393397618
841962301
482847933
293980377
303335769
481884117
898142016
698188652
348839387
132714663
694605
480782171
278472933
605779989
701954057
520561678
91054224
372430348
731054024
297834274
899306767
590960339
403437362
63477324
52496453
814241160
191255737
955629412
332914659
718653376
315275978
580547372
284792994
872548510
198082515
934890256
853868405
401777096
678203957
137031707
240993068
102499865
336143136
618140576
983399464
387904305
42539941
436687501
687810695
887597035
115943639
172292116
76120080
266254162
954114169
802437277
438524938
419370608
241483923
489094608
290628379
942512602
365273992
630186009
817438683
420147232
195989176
405924422
407697473
767063800
666693271
689277126
694226390
594022316
56841205
796806901
254817203
785296785
80077859
664592147
771701219
754568235
267818717
445317623
602709737
142983862
504427291
18538832
918434340
395645236
496365317
434497797
160293173
189109349
846403327
298480464
737225872
705957125
800701891
563252232
191915128
636615517
28990027
920746894
220903763
426666511
478065725
482097763
209412957
157307267
547620074
653228152
339292749
576891774
717393387
536060143
674693885
919956368
27476272
674454821
915719939
177450344
487490081
12052237
270698482
232195474
528983953
505117041
747618988
758360739
59581029
548860076
984594893
516825626
472677019
135085701
725578207
347071822
224413859
176043226
664918135
22329527
809125873
761127072
848025161
843137164
95205048
583401397
471715960
310343183
623786578
817269502
678480853
126247069
647532291
14464783
149125436
16937790
650048411
988708288
897682557
972948682
734478774
451052217
97726237
998759996
668633257
822467121
104214755
582307685
810481935
327622062
695542508
851433044
9536685
893390411
368324470
726363007
164027074
427561316
136990426
945582554
33401080
437275804
134574160
242311525
870379222
858347824
869293333
458212235
985960264
708640416
697023409
235705569
278360667
691969452
287850752
358073656
663400834
849265164
174503907
272737925
479186641
889408273
499861247
296164515
121726993
827047807
116710383
754141878
646140312
422762427
852910715
222487094
851717862
952100001
939547602
297202969
316478056
855414710
128380773
810285432
953173786
646002519
596347420
101841519
630598651
459836939
573072376
317567232
605539659
10250813
62962173
314761908
253057409
864252499
466395912
143992806
937414555
838409644
120584532
43331414
741637440
115151455
812071922
563197837
855729699
474536315
383987705
326260665
752421849
990647782
41595600
807986122
720884391
364218473
319564137
833184121
293060853
398019728
665565862
661890053
253975430
799143149
148602219
635889499
359800253
538148807
969429683
987465362
485704088
795554795
359788412
478068411
734830178
85049358
68647991
838022331
833930595
33149582
246111818
156062336
75849233
246811711
565145382
614891876
968655211
254976049
593877516
888838935
544688362
633211790
850931951
539394827
172843781
458694477
789355983
942494290
966549235
176182423
203397583
317580892
505106630
396522342
840556575
956867052
630859369
563527188
73155943
635835032
295570482
481541805
999253524
259911270
151907910
509503526
586040820
7163719
233997766
533710342
667234286
104824203
944271289
80590748
442776999
852492297
944622843
820393584
305224629
276135701
295693374
126153699
871473094
657748172
829751998
928530924
650955705
679326889
406255135
608278329
984032506
405128023
181820106
958042482
593268452
63146557
633958264
591020681
387486917
663340253
872653655
782192263
708496523
432838893
508948135
98573379
373309601
424515881
953745342
988064276
12244209
810465783
258302558
797020241
340141658
169416782
610068709
341505352
430159271
223376984
858547820
906713930
600908583
625719436
549677835
262106262
923004096
986228805
487322294
379630442
218534033
353602161
432906667
641884375
403482044
513501109
417657175
438634201
148800036
731178618
555221323
226439823
725581545
418190857
596034120
173566722
146825464
384799863
617900824
423851670
453077846
292452912
160861409
164109933
804792432
965939724
181283680
82777087
883161057
246841872
175569281
387080794
937193585
574114899
769530243
658642046
377559115
616418182
393538196
826640547
751759606
171434507
192705315
698980651
668155660
632107996
181132384
182717726
29685315
376111112
115280798
538204232
368327981
63470624
926552594
926081120
192740752
268796734
837091941
437542319
332217429
334880087
555473143
901958162
555609336
168140528
289246236
151466646
648660612
937392073
796007605
530407281
991261666
791260276
672092063
281643339
99747596
461880756
495954272
172684435
784807339
998565953
53091771
507049944
131561074
637365047
18752813
873722961
647562304
843449122
465901294
108762381
779326240
955995875
494423118
416879518
615961363
290747151
143371315
500015131
342861760
29665738
534057112
92293241
580103505
584873515
546942565
577067703
