936221352
336413616
222903633
530250675
426325306
423076708
907364241
671486864
353964249
477028867
63732041
87344356
297110325
11880314
491026176
246149451
609784019
921783513
318971082
625112892
69315180
314298285
970330676
662142089
498865205
790844098
686894223
405872249
508836683
847814944
948305025
349656849
157782218
557904446
895363587
233335411
944149330
453422422
272353287
746507844
198224014
690170614
476309824
73170796
29204567
871508604
561094025
636565947
823071038
519848415
252012300
404587099
232307809
991658308
980254128
621923066
366082938
560761543
31385469
635481206
736182483
501491991
162650180
506149304
528723840
714075190
929562136
739205878
116516725
257690764
302000120
156361596
649430225
572463237
426888877
379144564
837988459
897159880
632937521
627356600
229750073
50328276
582801209
988988267
595802643
543717926
117349040
166123909
577650317
273440521
867252471
383387786
422036953
636872080
10325360
696732022
527520433
970160519
544446954
315129376
941946466
821888146
520049221
565380274
217848295
95650703
755156872
659844571
564769430
601109563
783934606
468923057
927824021
404028867
405731132
685854207
918690780
173661912
910346659
985005913
596726149
763438226
161555560
843076203
390438291
918612332
734324642
12558145
562137876
730156853
851624129
867827939
352712925
317808144
685410132
407861926
530279053
17420935
771139971
500151940
788561053
457504467
601354478
976540753
489505913
398329414
455563764
18008085
231140947
324471151
778041240
353858521
59813859
559441040
718403225
178508240
660332585
676973017
174941982
299235961
361326060
742598726
97706694
834612575
749485432
916106665
116210132
610015876
718618733
997869205
155575154
901269844
402521939
410194719
196444860
139221682
162083748
185014806
353570289
992108876
463048568
716316556
781417197
237666725
952115612
497765608
808014079
793271883
599404917
506901892
747529340
853306035
842478952
471904010
138825879
45962326
359797773
766741901
227055320
573399246
282119281
845547886
299389350
233271740
168895997
876771395
951336580
649619138
362996180
579181543
16424491
475317778
323402727
182833104
836187392
645009503
961181528
860039968
882496962
251719823
108092585
322938247
10610959
211716841
250339865
302269117
58790891
930617928
271368839
150482533
779423907
395341846
957959485
780171041
709989594
617500680
416927205
548145456
68770727
75344216
546429027
158394941
430275703
20223374
490477401
272211561
529903308
659645848
635716616
493816375
84780796
499757803
884244937
975335495
465306660
959181033
834936927
87672509
982931874
866626878
817980503
20718651
378250299
212513646
799757634
621082644
517358292
543231684
472843508
218686711
228082298
413036072
791269240
807152745
705290795
949697643
892662542
990387584
721239439
978128303
772365808
399145042
294901311
777552463
65701737
279666104
511096907
982623988
314864381
750808560
782563752
329254695
565213581
202143847
257363712
525710375
780144640
217762057
220465738
869394755
754853267
986671622
186802340
417029904
265734077
671744722
708488561
77092191
270044700
515609015
66518490
844549342
366433069
4803570
94261070
418835460
725817339
600697835
146811908
520091530
109985736
534734302
228367303
722034947
436122958
898827601
847822490
589125393
549789033
179580419
169553003
674900485
769921845
851844682
223275035
785694184
212342702
877871405
511818385
393957013
571177541
434004716
712579288
799255364
684290069
938014408
962821625
560410010
107882777
838528250
799893035
179446805
70950148
700374206
759409019
220118964
758304319
464767392
980906945
366906474
823922231
119363168
527303157
90464280
346056012
391618003
74627496
514588386
781528534
308566884
206492758
847945932
88879449
752854894
948913988
675981018
822155013
429111938
37744877
498108549
936005975
287412479
481242615
711260781
379687383
990106196
603950337
69547639
92435662
3156070
27389865
747575309
896964459
144911911
570034780
451814372
906701557
622115008
453199351
292672065
863386911
448233239
778881474
799315892
632035492
951947102
90567356
318095252
751460217
83428000
397963950
329192381
427022514
482798395
430900498
536509751
638120552
816042375
710776896
355949815
787667665
5079857
422152723
778372463
281177019
458917448
950981471
943967536
182820113
497099615
769279460
200040005
975912585
745072810
634721636
487772736
508531003
681926722
79225289
427740279
899538840
285855084
318087420
9007661
605192118
698197483
320552794
414166063
714011412
33525028
813693819
90659182
911338110
97249536
505004399
858307054
26080515
509011
518138873
173118043
965630
146599818
135275138
254360602
314148539
197923945
353279794
681949703
848076758
943127760
27978748
956193828
736817086
283036616
456410974
501812580
686992435
413145061
173180344
582979534
138364653
536815407
229956124
149295085
683405794
678620277
288701893
878663049
240068410
776414581
461692220
508021992
163787849
906107244
426774649
752939021
150579946
63726818
694859120
407268173
344917688
638603090
566089304
770883650
5546280
857499989
353842095
628301494
640838561
3191819
171314618
612935452
827328665
935159337
34753389
464150221
916643692
985980052
570954806
635528261
909222051
474616743
441881292
71662177
481435539
519956754
792405979
830709840
856261966
703471951
351232634
623265617
718285940
765912170
238061846
499761562
970726102
459072473
143748804
825905804
324778182
660400397
237824488
236876591
605099962
848756766
680693326
228628510
871353854
962624426
836295328
164599892
492772011
59330859
498046120
870300943
196721798
494427127
289448110
485589525
65094009
523132253
772039527
937366608
651959184
548049000
894649511
61416494
697097491
534991826
493424118
457571219
842231248
745049001
310750079
248821653
236792255
205004700
466562213
632678771
839263426
563777468
959355984
893637538
867176622
186632742
130493605
658955081
267866049
367760901
303039764
476298975
169624362
658159277
760811794
801645927
888360869
300457878
584917406
57050962
954107254
619276831
531531018
336362028
469200308
378724108
322368642
747723009
748580779
249224467
633508688
991717096
27864913
656769337
646326097
501316540
563776267
878401987
70189986
465326442
417555394
235694430
793550443
329336589
231952061
17125142
287946856
184071970
984237206
509104150
360460783
936334376
620087293
409511251
678571516
219986594
32246449
622993955
424437230
488452513
864264098
382770595
910374300
18641582
734252211
311322667
448434062
512855023
11833180
259495254
237869659
9958882
230267891
119590964
639495567
718412823
825726387
202194428
104409967
452075165
90777251
138296672
763485801
239476628
888763682
697174311
371629802
618353661
978197819
426339503
469070090
940782310
453964756
581737472
601062342
34784798
325320128
774908861
595084377
920629393
568691079
775091832
172238790
724741952
271234490
350501900
706066484
500496329
770015683
960158692
394260206
830052020
518583988
972362064
397675261
725967426
619284792
670897672
129877898
37077900
939692863
830080399
534657202
585493676
790425162
297087347
555994124
648530418
518528620
604710768
393092694
50817525
607110050
183780572
883384084
315685418
966057880
38743849
968242136
538261782
991107825
871133472
848337977
18039127
32079296
639018069
422198321
481602691
184062210
875094915
415500004
654422455
645030962
558006476
980936529
738610678
240434629
586745113
934316788
974147141
794507775
57536066
981967708
165304914
567065997
343442680
222941969
334803416
88977979
81989842
759909544
580540943
702655534
591616115
45970073
68559390
981742421
516618075
553414379
151407093
874889024
74391433
464468207
643433704
189210764
738670238
405786562
49103573
202844041
144773405
75250789
379312767
104427060
994094993
743754006
933571759
889165763
683033062
450973129
688636615
416076099
87394905
392624711
102072367
115185370
834959060
951766919
53414846
512036402
912377138
756868256
723816553
33330733
782909694
99258116
720116341
593067858
338534003
976094149
828395757
937656117
173838395
131959374
944204572
6739053
380596777
476113882
708560539
847862108
112398313
179393626
298709358
65644945
864777763
735330992
787494119
681766720
362395839
528248333
354251702
786903318
352371715
537067169
290466902
387905148
351434235
345982033
321517364
894836876
23637664
340503901
550631759
706938912
622577371
750980496
242237704
955435529
448420138
95333314
734588592
358845177
243206379
205552737
399638089
732983511
458158897
658171607
168552969
47578701
311763996
38349620
230672018
810285669
621842446
41492438
585284401
636771224
841492471
556299423
655304817
34614743
154596517
813723661
824224444
771894411
628761866
591770445
443067573
113797266
493093288
832058589
233346582
267062525
793659740
995406523
543696939
146818978
137429080
557483389
929746250
693262626
177429064
273938663
583072880
985288042
109831882
740346089
85096465
581084932
165696095
605466478
113943057
892120713
440028496
699973848
204248660
429482716
381328291
627743676
104221645
866388450
215104034
54755703
554485412
479705405
805003037
963609492
16625929
626435922
497795498
438465422
499342143
284009082
626553172
962042189
857185678
880657853
230650781
838936400
662062529
888415776
506673980
861982639
948101169
887626809
718115531
341225867
827034027
93685891
791157863
114214222
765490685
509685403
453261743
63357799
478158591
122673361
719453250
103367475
180285004
146222389
723720159
458660542
83289433
727230671
106124334
829933973
265567540
477986305
842788169
323590805
198831935
542391890
965681146
215805868
359714470
353121393
106654532
666858601
761589872
463777169
136575464
922940036
835278057
383581275
672974736
989656739
830747338
563195373
483883597
734512317
161204603
127283305
658651395
515840139
164695616
48013437
778693206
220870497
781502474
888181556
75658327
349047722
250897721
467567058
915382286
223098795
544004256
237455875
703643327
125037198
16018828
52594648
341777601
716507833
9646924
800780122
623382483
699708156
54255935
