846853556
596980423
346596966
597577827
220087787
297998966
526509819
419949395
749875722
409302570
298666729
991824562
521562089
403324877
339849083
774142695
508020900
605224585
413028389
753549691
841649902
407322157
672877616
973102004
58701058
674858662
867977153
901433623
598439193
551434728
265733132
184625991
534476100
139344062
544711070
219913950
47657978
288936137
364685980
592639701
839929602
126887785
527829284
469439768
123849438
871883229
901291016
996042211
726976696
641865799
67103802
272618822
923743381
646735687
472938459
439531398
924102805
373494960
538876769
545229124
430021812
625076194
821510201
198440994
143569437
114040738
457348461
382218026
858613805
119935132
726484716
219084762
240538604
820388687
913620088
714762116
879492872
203437847
849252566
186817828
773567644
871934940
174456927
956573392
484330926
993114309
260882608
887740411
666405602
105179672
295811143
674163016
750059367
819456855
162617888
214853407
305377583
329388290
325870331
9808700
414534767
519072990
137428406
607041563
915381081
848019038
32080217
103354694
733115598
758176341
560038524
720664957
524242393
352058941
771661479
558086871
450619267
864936807
714110066
150455127
853158128
569608049
715812423
753434132
824123988
52321700
469025394
421081748
657770798
698766680
409384533
550104582
877567515
839443866
772283059
254494654
734506533
567415362
41192310
636311886
961034091
157527914
154624813
908229259
545141147
575146184
149920623
398000425
47795376
604531016
764234139
440440774
615278222
175415203
156650570
844926717
803260565
383994272
782917574
863059381
378993644
610998468
445583894
34348917
348791808
9933941
843097440
684798526
579775880
517166824
823580336
883203903
823744496
77798180
189421034
695630213
414983235
807583162
208292985
248977803
902401076
71024968
373286372
53239782
934532539
968943757
934826359
702152311
682793295
927356341
451234087
350512260
784497787
178132928
257318242
350035623
711944019
120275895
559437451
535207205
732048743
465122095
818224544
530628550
780950678
881030235
616696276
537480042
985994168
461020355
429943481
995677402
175701287
533939770
960658304
307968675
237712095
392344112
99816376
379848050
75107580
140945129
2005230
652419538
65932737
473068075
98706115
645611568
820479936
839385410
983686193
294707339
248145711
673085779
516929059
437278980
252800423
842657820
272289102
53502304
352247480
397346317
716158142
221772939
497412859
455556684
174810973
250558017
217474623
949349565
112323527
319599906
20459519
179589400
460099624
591103613
463116865
165805005
464695813
307882602
782324119
971084707
717000104
146608757
477334161
135236142
747531690
502615506
17010711
523379324
55168251
395054274
120055009
46314072
27600569
677761262
424786985
780232289
155006678
610376051
298257102
848148097
428136945
871130370
727061882
664086287
274247820
68556310
212986154
925825444
974162113
86995417
377962007
964406499
271178183
381162772
680346212
569549385
744438777
362176717
708024992
672195465
233547306
694095297
894181313
717269252
199544897
974145445
151988831
782338361
166316628
682884574
10798327
854319760
9625500
934176021
542947761
845869733
419546874
813247873
860988320
678975380
289629352
91185265
549217209
968172833
17092266
155648509
775135887
646437796
997415048
855237599
35793512
792829960
902351058
626061635
614600791
734041646
976949055
9792630
464541389
300102373
916567478
430647792
759508815
291277539
76197090
523642245
954780998
337002160
838215009
834476478
150002511
931190903
501188395
29049612
382566113
142362040
144878088
926008479
700176986
43896387
199009558
505551033
784923311
311079028
647091062
217968365
951968701
383563864
319575230
808906114
868920676
409754243
348706483
560885947
762407900
858981559
331676448
257939670
891975742
493450019
200867509
438133727
808222786
162938570
705235087
104602607
291641564
873301445
243495521
472238750
589163558
50940575
309615643
420645002
101092815
411016444
645724479
448429786
644186475
858228723
571673543
571217134
17426930
29308895
965555800
740248266
582484420
940302447
266641710
523584552
810685590
886938417
34032736
206726966
843028876
760875830
697328246
621984740
605843939
542488455
926326800
78667256
140068342
847336478
219742555
817980101
100138600
928061480
459793132
351391456
213257079
883246661
613753193
33747019
921776475
629650374
420706796
778913890
197382768
964986820
522118185
351339116
606659734
719910968
661553159
702225139
16907838
102888676
577616124
340216984
713688196
23739738
842585845
101698020
931901921
493006287
431148791
170090450
809566338
147575699
640109665
654422939
480509315
915250253
310327472
927438928
273185224
285717
284950489
213378502
340169033
918414354
424601971
640857118
20370269
574987684
472007520
420157373
185783319
517517415
801072262
997249923
350445356
119576147
637703258
189517340
40660815
512055172
101845096
428770188
198501582
250616345
969347551
49807069
324877155
867695245
870829799
691409480
409583495
734114230
429039915
16622120
817938185
364237621
47951
795273840
599137765
201728727
81327751
356914237
20998767
10991418
984307130
292048923
346503435
642859741
303977583
360933167
277546994
120810131
886778112
761130050
898440620
856180300
14876919
89552687
949066801
374794902
315979962
152675022
704157883
780598038
10573877
451669087
88477499
784450141
179311737
986207733
119528196
842429416
590379574
838932086
430727420
744930857
407771420
187510163
266309214
677298628
703303633
682017413
563717662
509896632
413862485
288773363
847336116
667909863
118181499
961757883
349360701
910495262
846207038
224342863
885748763
928652727
652756352
240400727
417540
532638042
203571423
562053292
463548003
317769849
241404970
435117576
530430556
47846026
330402630
153509762
448408880
827366754
823243472
271768173
671491267
633962548
588957359
194261251
366735553
721800513
604332970
420567634
666268642
217553852
636847031
209032933
996222377
366036710
953183322
502074691
92174505
167370693
187092623
733671170
473727205
141250340
218469409
245947813
268491661
978744907
758342805
799490090
337507233
964671736
513349003
521993946
87251790
574438864
552851595
251786214
339695368
458495100
873665173
278617026
928305071
783003788
895784649
245994151
680922816
32372037
438895198
164393846
94662703
828327937
61335257
281038186
640274131
89572302
798040967
530240927
415493139
343009546
925769589
387990644
963457707
804842879
83060400
701596905
704204847
114853085
121781142
421783512
813185113
701397107
162379323
633679403
293705519
908475595
805366097
690723415
245465690
972475256
565024995
236119623
539849709
593948958
704827386
509179295
903336478
232310817
881719813
997679487
776397896
22610668
836293073
996685820
532725509
485674528
315159317
123462191
699943387
194187744
541789302
566069731
910590894
17111685
351208731
393265594
665948614
427655852
987332665
731798534
284206203
107317551
284775236
443017882
777984550
689649966
848140934
369508748
100015492
573881104
798260425
471894030
233133271
124101654
645385614
790574445
865104032
165693501
100953893
808030989
593316278
681903906
990780026
51277945
430685953
998955263
325528728
522738023
242740226
311561792
843230680
475680626
244978150
149921278
713473284
669080345
737835430
393275191
218701270
843075542
637533593
945650568
23446699
126062283
395927318
69895272
332936459
786489239
371726069
560634284
528161560
500255112
326701958
179301675
138482256
602302295
116537523
233497291
12331928
779029286
364121238
325402910
126768521
788453699
730650423
322579799
226915879
83211992
410628369
976305268
52739015
471828840
946992230
257878350
170497396
647665708
658457207
864717742
655350626
360790681
666018803
539039487
151011953
682105940
783400230
342975567
148978667
65676474
11439021
111170988
552542821
504338138
380943263
439671983
478954303
312130683
818882046
234992998
395411859
73347519
842979392
249724467
375860870
395420800
507895269
56332719
553262880
68823608
8804279
490816546
943845087
251819779
578146663
651541245
113010482
825081749
174390956
444662580
5053468
387674855
173601131
161239404
71772971
299457380
423762446
548400875
90885577
507320247
778924045
858366712
828783661
423464208
469305883
582003107
517811288
416294336
163178617
755591152
174210671
727067510
789712686
80155058
56872195
520622473
167325899
300723041
926191474
729402016
326661500
653872552
137739727
374219466
229939530
7737004
899746386
681739987
177951495
76403489
971658353
959494392
965447141
45942633
289899561
150437566
662032884
520380879
782513895
996143555
133729957
696716145
661903132
418799802
270451908
277985956
597962168
93446073
104367209
551150496
132131481
123039404
622209400
361483559
180658746
125051492
720626984
454564195
193524677
461568879
682256720
836071299
238342840
86775128
783932798
214716278
761620367
743770052
790255495
906434628
858589588
646945019
518209145
930047918
595672059
629945353
991969419
718939923
103767557
951953572
409774835
806300313
577372778
626800998
944272007
848618948
337284991
603963582
865283885
164848069
429810580
207468688
326856201
320945016
313886835
297658656
458373305
575128004
634867003
55735629
516365587
854192114
303190576
197932579
692560906
485186460
604830258
692161481
765811498
550713392
133082072
1687061
350796637
241571104
51794044
875956405
258698521
611541840
142503119
935313848
877431285
157656785
878486166
625407426
476624047
651120899
320088817
197264128
616161083
298013402
171572048
416841415
84072919
48031927
435587984
555582719
503109737
379440198
934240091
459085546
243788689
645123509
838152082
314570493
31765996
428123519
856672050
85285097
269150972
437930428
38960135
846831464
432624884
699553154
178304343
358708802
975705947
677783148
721308531
41440006
165097643
407566129
76000398
467798095
379141344
716240655
917614140
302764709
805983118
496211323
372846668
879258322
677301748
683417572
691525159
232307776
319504701
563915672
593641429
48500528
