20835667
941951664
743218258
381255548
177081170
733631930
547154162
187243874
435533374
506248569
930001131
189434372
59263571
159499087
748342691
934027828
625275413
253548371
526146004
159875846
264012103
59886934
655207220
987208479
834957804
936699057
731739492
392440426
33511165
570806709
714771652
788941137
82286145
770658124
627806982
386853295
623687693
256256152
101674530
453391240
313319748
773778378
619179900
592104924
426553372
424941975
765589201
419696763
605695680
933190617
586784308
507172291
598031393
59070398
226426641
960948731
286744444
756009777
546297743
240382111
1892438
154713735
153732709
864726664
791476916
141059993
107148226
288605445
531692103
361489396
310340134
369019260
151873840
72754763
846556096
490233723
440707032
63102296
560655107
410015828
171109856
312042728
786744745
100320547
984022399
207599361
190909743
23215746
544231483
666858249
100108850
867677915
709958408
861292418
451498802
158606012
620045669
754453235
800628006
285493378
317793748
476983756
888004658
244206284
622850482
217765048
355298450
525276629
212514300
736192916
520241698
223642148
195354669
136281914
69272255
689849708
367968989
53412161
880704264
583877554
950150249
83932479
744373961
864833852
261380545
442662218
659060850
290581421
621255960
687950084
870188053
686253796
262474288
275161729
92222080
694126098
424038069
542538461
477470063
766257350
852300909
665633112
810701445
808038565
146616551
876466701
672323245
573676494
792020162
761649093
790637022
566633507
873748970
216750452
335343128
233861268
732609793
23170805
982825737
180188264
558704196
64717029
904020668
524564215
866004862
833987901
961167859
920192939
44059834
375146155
265811639
825430526
575942096
114446913
731576644
284517136
273231033
936335394
718217301
384913843
770338971
85384356
498561257
859606866
897313060
303554545
812504825
45723835
939818600
858360810
961516304
400867263
559712723
297281799
207553154
787583879
761612443
286137229
942033702
312628648
915298840
752130305
529616659
416874007
495837453
965206494
990691409
759302056
485173806
50825992
960630234
796274398
304953503
597911894
409849291
473319839
566155770
44413802
627251153
562450316
21483076
915444023
980374338
185699023
413629850
864944375
265717803
278660297
906893758
943992763
522904691
987093802
994301691
405588653
469615001
18208666
555767696
81687250
363769412
932106565
312863134
53202768
560550028
888992608
897730574
165241906
95913759
961800828
887432507
734233313
221428108
717198641
658886074
379583385
291145572
999854816
771755966
343917636
3244156
630893077
699488690
712031112
852408297
541181042
527921299
973536430
801972705
899364849
128296892
391640625
917552142
484468520
680644388
695144587
249587182
968280306
354893995
91381729
287968447
248387943
769030615
303916974
391227789
172660444
722564654
805706049
328207728
614718305
114443080
469760183
246452698
211850059
78443093
732876333
232617874
600832021
200794469
19368986
361071308
924194143
363269199
196548909
833503935
495791882
816681169
736959587
36554252
963741485
129996203
322865264
644960821
680374236
55949189
754856212
861862461
395571715
320803323
679747853
818616386
722215248
645328702
187254400
784921768
658536707
145187926
705702083
406025426
947768054
462526713
648755160
767485837
335525009
730310420
363774302
885118743
572481705
470413038
895435906
355979274
985605066
769151797
364466241
484722102
791577815
824799361
566078461
155900870
323586880
871013870
837046157
280028697
521046615
200752599
638856059
278865441
176014799
411627140
174967227
350603955
110979086
330934160
88786196
501214772
481241042
555379425
309435812
950063815
692174885
869737467
289380756
925158676
425367416
323768578
833011318
953063449
280862460
702532297
993343951
833737344
579109463
549801212
82438546
76754183
625480554
368726462
246439222
134772410
91454360
84908861
709103944
160854564
295445810
544831950
245000188
654670905
680365600
863251467
3481060
236198389
515363549
616014645
463725983
453849411
581633114
911887479
854661279
197278036
367741279
685792608
998002979
473482500
418283188
341229881
771494490
561177872
248495614
12032013
875734216
112514579
308940203
174663402
858609454
607266024
160633523
128526191
629712866
880535465
78768390
178340412
272697849
417610991
699051236
757145561
318373795
963094817
86075229
628589133
495121067
713593073
514065182
49161185
767031129
405661750
86905880
235621443
742571375
954215927
773337458
683822314
406175291
668333587
987517249
890966480
927258185
340700147
757405189
856459958
293215888
453106923
282174613
974125813
118509645
189400866
413094759
580391987
774431263
661137625
22856086
808399671
475102643
619906480
516910944
162141143
598449396
259779018
407632271
452947703
520360144
925012079
385954814
675496937
107198006
394946074
772165120
604364260
430093741
808084755
829887375
977673646
205689628
229615269
335373245
42014143
431418460
539939367
930651538
577630262
992566990
506513891
461190179
81433750
931359840
964937786
208719671
786268810
151422642
825376106
292517084
667479166
933067874
304457485
336099814
368203808
67152109
606677674
866927807
723563570
417235745
808730497
150298246
966346506
831250248
45182438
602710043
245487373
284533235
474896800
730722682
58510028
329127478
830002008
460380712
13846252
463821899
304521063
744137095
142260219
186226403
985896308
452941618
604717633
515567671
162408208
44605771
901232141
893515454
967169435
974862033
824740784
673011559
207087968
160394516
183836492
356215644
494843671
250183501
886177402
362227742
963232296
501735575
676525840
94653424
234007055
338351688
103065866
844076771
322253561
904381907
762631044
862540578
724667587
537337166
431339435
355788879
545580611
450778834
668842039
576666
701477900
351971918
317363798
500034766
905981896
385498468
122039510
669607491
276544220
657630606
968978227
54337562
857959692
780032475
222994105
484160733
776415776
510064209
281560616
824056519
941539904
57155370
571261892
62787528
212230988
962200205
948343970
669750800
729055079
828047611
810635032
44064837
581341460
885600735
660749841
611260378
184371776
176491074
188671526
848508585
216312177
433458374
567532551
664622954
935403679
708293482
4580885
944635111
314343061
947178701
579373102
35516402
169218218
844785518
59036761
644322530
780710025
254576270
287803777
943781690
437154497
452288708
940552410
448496608
846995573
924913390
472996100
972358955
119282633
611733725
299788956
599924702
321392683
433052029
607744341
508081529
489622818
906638937
127383847
503937505
957619319
3708858
355407738
781876377
248674508
775118629
874846617
736555940
826563974
16427311
830550352
929795505
888687295
244889834
411354088
764023467
492905962
119035942
817627379
10490289
235297381
32221929
825352477
702609334
647389744
979448398
714123718
736166187
237041177
550955231
154699711
874071087
127192422
783866271
986162370
433445638
96880970
158676033
199822099
71876943
50066772
736440159
145794981
102855322
781183372
369993450
711237405
76502848
21697941
843720872
15175566
370586875
89011557
116893558
268640124
925397390
178356380
652798403
134486632
269226108
60994911
138680430
499514763
275608743
861727598
956479263
802603082
104821023
258727463
977908449
667142497
334229929
919213842
745750436
960423516
498857220
886426947
722497155
921425960
277396294
268210993
637620869
714468246
393320303
535779664
784112835
785059529
10298864
515226147
60764979
255089257
444082565
24189400
930595989
10882031
911386341
236925396
870186236
241127722
824704107
567390366
606416382
817775383
43789491
176578374
680945635
451373031
343261120
156470041
769782902
38970443
455859224
731372441
857090337
1015115
423374041
424212182
106194460
739829077
77614762
171419734
792304218
589594875
197962484
722819191
223059932
310040529
988617852
734868404
49037174
261931824
16240710
481369432
96721853
710005926
661794609
819845485
670678755
216741928
854834027
332739804
441798409
853828822
745443244
21794536
799230032
712710123
167099061
929580873
587507989
487174158
130730935
130357158
163512959
653284373
775086147
16821506
619812899
320970298
953518441
370905106
462755178
608392714
107432866
507851077
22729733
974489791
634650588
147084411
339220505
603528555
753533426
889452530
884995049
744874957
729621323
938475395
844151630
176167948
923589158
510349807
142941467
59036978
147360415
561863015
131200889
885883550
317856472
443437478
934919778
644973103
200032585
349708456
263223485
483928920
869984624
833405694
746395955
237592166
999064802
824740239
78059535
20014650
590360368
983979433
733640731
241278403
245362108
418638001
923663049
836610751
172669874
443644951
397381139
443168634
227963639
403718199
461032299
545569850
376650188
136846181
656633318
191213109
212164631
694247400
403495969
403824969
626229045
401066128
874890331
896215628
192079439
606559463
177103144
98848918
432290272
122926816
468676609
163380980
828222282
889922484
640521442
899218469
519774427
98309026
472303228
756387633
952327316
820054850
255965281
466266425
372373394
200826105
860941977
862218620
168106920
886846424
807850017
896112966
580483463
329815761
615049357
844295979
543747668
27447421
644531312
566110409
266541806
298532220
10878362
105036822
935041588
297651318
717347566
486727703
496324738
757414848
671438681
113855604
221944171
647108335
451497651
806174194
145100846
408623906
523842233
991253332
745617485
314884523
930741996
545443846
315076798
572563641
582897516
498406520
274873127
796225462
355470801
492327006
453777713
906192817
489845826
653795095
809176487
150928459
531224835
74722075
483478537
374214274
365893882
410692071
215407743
693994412
674168794
933375127
878318109
808875161
699195132
135123762
503605186
653277978
820492923
951657282
367790223
465434514
789960023
362477946
714753801
218941045
211854576
700099275
401944047
179111674
660077890
315751353
157262508
797702555
996997705
994172386
877399069
449120158
507774794
