413119072
871022079
398368654
557039594
775227719
678332133
752024066
606087737
338082355
905181036
91500151
416133268
835238192
591374867
20408313
375185284
194088327
876748891
699274909
956693167
464921479
45708702
715562962
904567083
224552530
74686272
969345648
240883692
920179830
205930855
252511639
53641881
662288712
497824293
354081581
706922007
492912432
458907009
36134701
710297980
445125098
830582674
340395580
586211596
193626460
718065967
534312358
705542995
915665358
922860894
703777316
317847512
185660072
411118841
104097339
367410369
155459117
493801570
332487064
700541447
708986484
511140373
685907906
132151500
652669397
37858269
753844554
337413898
237293286
313486304
882272850
735181317
840614190
988976927
511568068
634338804
705313121
129351365
710940623
506486561
540373912
263802652
325218333
997318935
502153537
934664125
867981808
251169871
393726954
986671211
551462889
999110861
126419945
335593253
1311495
933984723
144674767
208244080
933542197
155768190
964221412
196898459
468249709
602179053
40588043
968595998
477233320
196683143
899550771
469758534
662097246
26107751
782860945
826000501
160167534
445183831
185922040
688588970
629997961
718005270
169876459
502674682
943686943
250622073
762023414
883161988
608761372
505020937
987665431
577583343
489664036
497069041
195809167
555172432
542265148
343475452
795552942
723039279
956730891
533557538
457430805
671298665
351619098
923968418
324573964
525355138
216249915
300419442
175425718
556127662
748062683
456085796
578246117
215536926
985891729
461546729
253211514
217627635
840155638
157426054
359834626
972212382
209017710
321967427
980094496
165028205
830298583
227688513
283735352
816692080
649630888
462882759
731858077
96440423
260574465
498577793
151055584
19718524
926048108
236668276
666912072
308341929
329595218
431537769
829520659
33578240
918822923
980272239
569280702
80718419
90263938
577925306
882883640
799304836
173722911
485218421
462280955
29651670
943873921
159545758
695056553
988561401
16684089
358733637
906496772
285179924
724227717
481805693
954962460
487313936
310491145
233492989
291579525
603487362
490513981
51492696
642617164
777479940
492446767
946516255
246205281
850026343
658407809
203016933
726428142
71705582
579999118
932553240
922717510
775356042
36296837
121403913
75844602
766502350
541611721
678350669
291657839
970861579
525040995
544340735
309350522
437017229
25309779
81966766
770227272
856770947
286345780
279396277
308790855
122230215
842601256
684801014
537204901
997357665
913340476
845030209
330153591
813667154
632305494
834791190
705180804
791674476
559088181
179606417
451017098
189087232
157648387
525077174
61875640
812163310
759834855
671755583
252438945
948106031
637165732
809188050
824716563
576441043
432789660
869657194
785359800
300602841
623762384
800487295
932754785
351495822
584199010
78486935
853161872
696581510
348197078
477990683
338556085
690249803
839159929
517676045
877929046
845703360
630949666
581140040
699122559
761268605
217520636
496627544
362395358
170845672
432362069
589098869
360191932
104152425
20313645
753712547
380877494
762648298
49431389
404577963
167912091
758600885
246851631
99521275
604888220
79161452
671915300
365294128
463966232
281844172
333199498
562189140
108946102
119489687
931259002
979013202
945491375
851649618
170534634
24091195
83082204
127134839
438091936
761909112
919133752
995100140
718295001
749009447
676267865
594484530
97113189
575907785
640818413
434581966
349763953
119328161
598851729
531428391
976251819
619961107
89353304
852226506
32661312
80551186
837646173
870172927
480152766
240702245
172893421
41300442
808221170
529227874
592113664
25340193
321495759
40777252
320508948
484942517
180387521
609788078
360866449
922905852
689026262
869481700
184730982
757291711
921370725
674364134
769725733
811930841
380161472
414062984
875397798
550573526
934737890
230855696
94473526
357540750
924262937
48960824
514947373
477592756
576116025
634967422
786263358
567885313
983794120
615478220
113086207
308986700
798819211
113909211
351040869
366463740
259094658
166447450
163200244
163179610
895820202
80354462
948802201
805788631
470976511
360962578
661138968
394158185
653830075
41540137
90602302
90640062
946303724
962968197
560679579
131426697
94840705
883273691
346789826
54058840
83218342
616845668
773497589
305892505
561277927
460739032
13111630
266252261
63022115
508934058
291478868
768290439
67655452
931293914
461720546
843908475
100158622
709158741
6616245
215153446
973828453
392105173
914055237
942253983
524875917
22446144
362682975
835851012
553229631
219614172
271623034
375820965
819657622
109141404
79961268
278974534
306856871
642909695
244510703
10237479
347850948
394886707
331136070
144896016
750061268
322311861
22984610
15009809
501247651
716771103
31268074
385681962
876657445
131636380
80230385
691113168
702790430
831243605
781016586
538831783
98056056
177260616
713022629
843407941
237311023
915657901
948632815
958514046
851332646
182746012
537051603
457248926
464648037
996378765
867302497
578941745
60969102
769159220
192192715
202564055
999461532
347673165
334603361
836458527
188346098
885941070
499163518
688021242
28911018
388848099
576184102
475613264
861893107
705678919
912181421
170590331
681864076
487728127
907584992
834403365
373679044
64470563
163677162
318501639
179719499
574019146
921033923
880278679
264333881
501288639
630144065
933631209
639050890
578452530
539370249
750382890
842657254
876564101
655061843
351369951
416494382
260611573
929603028
462484546
606561908
61438339
595355817
758969117
84197344
696712165
897077667
573240974
861574226
357789348
828885010
934990969
183996003
16101722
656739027
614326950
964907146
618884838
423687360
527622378
758704033
642552892
836562372
283440576
166308669
161798530
327933076
805299974
832666282
556215040
417908982
113067471
134867533
701192614
711939729
118281159
978663328
162064806
796081335
567621715
604210970
56903091
72056982
281261542
749567519
604379279
566386887
826555531
219825073
40734893
386462804
797609543
836924211
401980650
703780512
964009014
224875965
311915241
592660447
922398812
368779089
91777693
740574690
305359186
939880365
715817538
800123435
482803387
304161991
538457867
635663621
802842339
822803501
856065644
923411407
701800942
570495910
555300830
533873055
561929389
595411642
501377544
585474901
791931388
169752235
620299438
276143259
732886882
997412101
747930714
893405193
666748087
569404357
873682521
198842625
512433276
316328399
766697794
341381176
33749981
804255842
83583500
522393539
681367204
405071271
583620464
974806040
980858565
478569242
1979570
393513103
669575133
778042184
30731058
326987170
867401544
506302791
948643300
135606950
319580926
439674278
67236553
485391285
556231276
645052673
968915533
233437981
949120979
657223018
410978130
385472542
803798114
213919654
500123074
757673546
511828141
978984003
904107695
386860117
586131770
645493396
295284693
254317639
995432530
354417610
223830059
888705901
538673299
546695351
331441080
6130485
367685098
631090844
21800249
594075702
737019288
598192214
966162262
36314531
436155737
350182482
25685061
323635546
67591112
616507026
589714987
455655479
277919110
273057510
815159027
888417539
602195094
561783183
549475178
674087529
144389585
812918913
489958753
201813665
421222613
80209631
694764681
402425627
325781937
404847644
17787444
172707270
192119405
906047370
20654257
913635926
12821740
867793164
950704379
235949288
619808335
971649146
186726527
378925503
764702621
768174578
610786791
265615788
731536322
443023540
403935389
805901913
81615665
347712719
449686117
924100374
108233461
764348596
615091916
355946105
655417800
623259432
997853607
662743466
598719582
417007717
263536074
371871738
252403253
901523099
875595798
734401929
611078802
313525890
54279193
172740437
626192385
111033249
437111042
653048033
469422838
429148892
670889304
882758396
912255
211885529
91091605
844406684
456361253
96553882
805402465
248473143
252701247
594758273
580531487
996548902
973795537
523983060
780205920
347694904
504638504
238915053
13212535
830013222
567427740
669533458
194823111
768089774
293433525
276945679
297907988
997200210
327237554
962043881
886523265
226268907
952370127
115095210
661831210
386834053
325916111
419129388
915510483
155849370
96120634
627122655
481700681
16320528
732994401
57730290
198944899
102209324
330827327
89416137
148409529
230507785
415936357
840876081
315330656
331378795
17062418
323001830
550973159
179415574
798645892
808202253
921235587
290657365
708235006
354262579
44178775
858700327
862151849
393371867
21778793
85509115
323404568
857363163
733892588
940305083
187832776
178502582
35095372
235703234
78000780
195698663
666372883
237821416
813634351
656015480
810332549
111494046
799764553
330452414
369771634
2914281
868156228
736094909
357203476
287918379
705887066
191043316
308085521
378731821
13551515
340244571
240057474
937455459
67637344
62900413
907103216
558573192
106983493
375025571
143546019
838559834
287906457
315269924
101414794
602947228
141829370
683414171
477023012
52219526
543930029
932684727
58935773
531699434
23600232
18864511
217352886
587309657
500159687
445974208
234418017
996789459
870417060
656363549
222151719
737756208
955641188
728917422
170184071
750733938
748912262
251759357
4510553
424738982
186906395
531211799
715007822
552886303
634680115
754256247
146089008
22472895
714020302
255865994
834801791
80866786
281308797
708358039
913855227
48772833
845547526
319793559
58413505
661009283
140607553
146756558
968142773
631542907
93118205
363658584
647306039
412911946
513230099
726289073
303307263
292170672
928174174
634196790
344793039
492388432
303856687
664466581
952629540
745903438
299885199
211945121
282769156
614551066
821561757
141284932
456447410
247283148
815062194
121411238
905186410
429118702
193345852
343501268
284131428
40149836
563069024
83464914
459768098
