341699186
791440882
858928183
283370795
674986068
855415010
498118978
484440771
297497403
8893115
46549178
986666942
890137552
537695028
65136478
897895515
638344193
88052221
52361837
779660409
163114311
911926850
402858420
374195486
400791048
524411122
884895072
813061533
966980758
395509484
88033573
215833677
206355211
922577263
413669741
798869929
136021116
618817379
546135316
708897358
869507304
398154914
97213059
13728177
712038549
543752804
25664573
937470185
581932568
427532892
175894333
41024463
703667683
458854098
192220007
429772335
388582462
484732696
882579746
150574945
970519937
685057444
517460012
901987917
920859541
830715499
780311731
967560287
124025286
266266547
761874398
19526813
541916903
343464478
910153103
764959395
814713791
389130242
662156936
857038243
498746548
947424885
231128965
539447865
219615151
47009109
512165993
747501112
730357255
983897405
410287467
651288419
736237632
395560371
738377419
184449860
880694901
195225141
92868634
881323048
763441071
58104284
813444898
315666020
665658492
156367520
499107558
360203204
548700994
427260610
615058543
999452219
822575759
25541502
651828395
23095051
453928478
978012145
682372766
873850432
318549506
32810619
237203032
140127880
855979079
110585979
283289179
146356532
605087057
725703242
884264493
619488649
296261607
780833886
93597171
440642264
133979986
915462944
873789371
63247630
547901549
151962788
198800118
303096644
368838861
410835246
828712658
710696130
743731974
715282368
730521380
902682754
512852374
219018201
562773542
730630452
820901251
673317018
459686939
555072513
873078339
352751026
755116146
822997750
542996116
995569892
703190611
41741872
931944329
211186131
889115063
538465533
104222773
619125135
325948882
166586717
834010500
934106386
771289017
445143833
281873319
572593048
402624557
889804688
995181860
981581738
106636275
77243405
218060344
362966717
619741012
460662967
455776004
318716858
190169290
195150523
396846641
375802366
760100527
373268968
707644634
786970786
778751799
532545842
826167303
192055847
798459981
893727237
893069318
396186824
896619951
886794864
902027999
14543106
273199193
300485290
950126467
865311457
827815888
561414376
888933617
625947205
823681526
568977611
591445118
428452096
82689528
785505913
428955844
130798359
769740075
458208133
174005858
398020049
737499198
494902531
793841248
870078713
63637385
803126013
183121757
212909036
184174086
821873519
466346765
732946146
558634966
441232898
45517665
889683999
245024054
531535182
547986477
198686150
484335350
81697428
963289259
209774187
941100723
397715206
109366318
12954067
464771392
762270958
626446748
438411818
712789005
504007950
277043907
778296660
506644041
80047754
801674072
24689875
378292619
676024580
441773119
1808007
102630846
858498970
869817129
641456629
739988248
539271844
885774303
238204892
910221654
975319706
913684698
655801769
531613271
584067060
928977989
665922177
693759694
170167689
748137642
421903127
195426770
27934946
20157141
54627015
164188991
267221003
383039958
164976300
729861109
523296602
820393529
808310768
639924307
961481252
107143341
82601753
527898076
467909688
272965818
925499547
876496654
388241855
528190162
737469297
590323251
621242136
246683389
922576979
151069763
135751894
330930179
208124930
927886936
19869992
806381235
74695900
838341829
815190113
477267638
472767244
156231886
720798003
508343782
386925052
154926177
105373929
15877461
570132018
476923719
846376236
138024101
225850006
897201870
822638094
545406472
807184914
499744782
282687842
464303763
542946853
20537614
460462977
13906536
594109214
192366422
612268599
880423830
620054315
155100016
32447440
244259922
712707961
990642049
800198572
769267660
155698650
879898072
141265110
582543120
484949321
605364674
676551370
445653259
304693526
997727792
105080172
310923058
105248842
474463518
999196320
574951116
555653987
350886350
934320783
452229630
695768907
706891466
914234566
194558629
542657576
224950097
395823145
415032001
444476278
602116313
425316138
235207956
97003298
53370433
389707821
927286840
358479672
700144720
979354440
937582178
343986243
14809718
709213008
596381421
87286250
301345540
775174988
145590796
155903695
457496323
688605934
361821611
56321266
347968941
73498752
448807183
965663505
946706479
39885544
259999223
209541529
261519368
1176980
702577212
572411653
869872215
213919760
51878408
84755697
71909479
216471443
855509265
371531908
996738603
108243387
680959189
997678456
317853144
107272379
241312036
449775108
250232348
259128305
986979953
913510377
63494527
178886690
749034355
979871679
940900636
961623333
411773192
660259176
719355216
728040649
82466874
13632737
6635796
23969768
217414033
87425779
723296579
60835099
83994215
241024880
833096667
990289701
59582661
239725554
392539562
451128725
647810361
839434099
798573507
810224114
959309180
2391062
14197025
789066833
508917125
690985525
464885404
72006727
143855059
110286144
804698249
195250089
652176690
268697954
25776512
667326451
991042660
293883375
889858345
153886256
726478527
189397248
175134090
745955073
80413710
73204825
119304028
509308800
587332117
489771911
313812972
572339091
861685668
909131101
768731467
80075812
999435710
217568961
515052641
526428506
622540374
651289852
916980038
973708069
436326629
637846578
338113010
790884705
213949042
725213109
460086064
353926985
949575753
644687250
83745587
769911931
827256971
268241951
708653123
435712300
571681496
955576602
484674609
654083147
796473171
232359158
333564420
743045588
499966485
945700699
667890740
773473698
778830732
363429838
531345880
75188674
272417209
201426019
309628443
442567131
735091813
328419321
295359758
862119006
29685846
959885985
622763336
216998417
825385514
998819535
252818839
731193759
508915837
79340341
954747009
666963771
166615243
262896890
177234898
203967471
304282157
595067421
290918220
268248341
57322369
686612364
575096252
586145915
113341370
8556912
497494721
625830952
958613506
266085991
700620486
243262174
660216843
622555601
624397300
836587185
609595820
116566003
917660073
501146949
692881859
936696980
264557861
699490391
408682828
864382107
908573430
9520318
24191121
105660972
138284973
140024392
37501101
27111416
804796637
343073481
384789733
36617421
103657046
816828602
501324813
626987886
772580251
242829845
378719854
711484834
6746927
544059641
638499588
340647712
594371650
187716154
677407346
789771270
575366480
120625388
422054503
875605859
177463087
248959261
99983480
487974403
601639831
852952534
127801018
560596093
205761073
633105427
817758962
281323819
451797451
572978399
12908956
100831471
999822134
65893973
164116728
21728015
320770536
697197992
857635180
364513789
371020728
683543407
511289321
950568818
462617044
247729830
451744934
684171249
921018977
509183872
859154332
854697783
716845121
13350410
25348055
919627715
115028827
818123759
505723761
373641499
726300677
357175769
888850259
21393250
174807197
576575875
789949134
509472507
956508658
400326487
554835322
480265093
391324080
735469690
116953674
918096422
341663213
177232198
97979049
958031241
181360492
133587713
360304841
942613577
713824065
158211171
383986349
986471724
40545918
244489012
906699187
502646776
191474231
483993680
638213110
13844959
794693147
489896070
775761620
886041168
457780695
942272426
727662589
520692489
954348548
378889238
463373703
981375429
896396735
107251631
577964501
937796627
720144710
547692518
192281007
592712964
996870927
946236680
307569183
16596026
192589526
803477409
468926588
712019645
493627299
52188546
288790861
907330399
97256580
103108714
123403274
851767142
401470577
211937880
500250545
239088064
405925122
839612350
988265028
334934827
694837467
402610918
90074988
933294285
666524510
968902558
782502064
643781711
291712673
45500145
16974030
848456465
182326886
759165594
693451641
654303284
473345837
15642944
27065189
902160001
90098376
556043302
884118849
793288020
983848356
726197358
536326050
508206830
47441972
953192941
186787842
157258576
957971651
972634355
321758557
789978607
713402420
535632302
45495135
524724740
269686481
645009148
615617726
51756434
86134683
274946808
669440255
642304981
518486237
845947260
765742226
390282178
812547161
86105026
244836450
138794164
518492067
296786967
949445928
940327150
432576508
274295233
596339739
338519730
858712302
859715453
890484813
209692530
437407036
903473033
940900863
937713534
970147807
502340448
632473520
445089226
940425575
832362414
707153336
708901547
56757102
894021067
989720592
201494711
187450715
796505663
344711414
871866625
727797905
182964393
271486539
416615452
586186372
105167983
92148232
995391246
48669409
277097995
193044131
226419229
384461994
459747725
204897945
615013202
905046395
828028690
420134369
310206712
453631504
799747222
198368587
686129652
589633629
240544380
883570048
538555439
284574640
394845027
151069015
62206639
515004039
18618187
481894624
254442643
631986494
524285410
351527161
864979823
410192216
637082273
396419816
663327580
639318283
480734107
324439553
597009376
689123122
374707389
296448315
359422023
376371293
34504701
418235120
928050681
984595804
585356886
826981822
345641992
221597934
553592791
710816605
653824381
126028979
130837491
711415189
365843806
977853100
950455300
983026707
380760984
476501528
555154544
900014495
816549230
403327405
535041006
46811368
108899522
916104825
286560671
849432315
909867250
98396711
791646990
685835344
480499337
600383066
553843941
269846837
46629608
697303587
5885169
643381888
856599423
926265666
742595434
537298600
508480792
769318916
958595746
619156275
738667820
391680680
915687329
882920493
821216747
134490204
601685889
524723275
449554797
538545517
718082299
429537165
935037262
704160475
800949354
555427669
334381987
445002145
230915851
765460738
424009158
680608463
936397099
683457396
470616359
911772655
43415072
890283562
660731970
997742404
538330575
339580604
957509078
667404395
110764495
