43404297
189470065
750365711
715387437
44852023
65924336
642656427
75515960
563079406
621909821
582307951
939416104
913588898
864647917
303973940
4062076
424624575
26964425
79548323
419406860
659665625
851160031
297523556
720153598
336768855
612358844
703844559
761461321
205074449
809026452
352643275
896001664
52799163
137653113
416209909
440590087
87873655
856597506
497687113
277984074
310686055
334291287
833896038
756488967
688237831
730754482
980181533
979822059
658956831
622159506
42315804
109557387
574668712
103648024
452129136
192244264
891946507
30212112
378618581
432493177
362079776
881195105
870441509
754052953
269266545
686306285
886616941
775935784
448438008
863383852
916188419
568027067
529277310
801564248
108720804
325374337
17263993
541034587
31915767
606014371
632177310
724022498
102504489
582914942
766710647
243085888
321332952
949151137
685523976
223965644
548643578
57661543
477978925
65193936
915904296
429490949
463849777
79843084
487222422
1931545
844137540
204245748
531384050
795572978
705971085
474288736
580280075
773104463
994927218
126754798
174980271
350911919
998296344
772604208
800315865
638057276
778690616
287526567
987342304
26180657
364973333
937465802
90411807
224472363
314740273
858526876
90048141
464083374
885659950
679229854
861524559
937420907
53812165
29984222
761876830
427931561
192638448
306931509
876943855
292421910
662805811
548228488
954223918
558769178
48985373
197731659
59365197
705374715
264878069
277847019
650800332
176323209
92500778
461041764
636958210
906671736
113833940
306911686
480832705
847444207
384240594
116196701
887444511
315697363
265230237
237559362
297099754
968312121
10727377
372384303
445418828
471759106
410582711
694920394
363374845
816744844
983241883
531642628
175486990
117008614
799161678
384673424
199205305
607812930
28429522
685201350
844920129
592770400
393026010
855205093
314097620
885726760
826098803
29499647
908181314
546609109
660783975
638526554
293538940
811426010
900631904
91053075
694647338
892493764
832428190
179041225
765740497
397580383
97666919
820213365
923429851
582191311
131424696
363824090
48282529
999567169
916991394
279631580
287267841
580028886
392639232
704329352
575286111
155522283
58286683
559692066
645660301
381083063
786739078
816765734
155960868
344715329
238103688
364060978
216376709
708108603
690026085
306711539
775384739
849388295
919460852
447339745
495103480
572812643
931775240
731906308
754302064
462274713
981217117
908614144
629617713
381152394
351258713
713510052
418786778
196302551
515766962
539125055
834207081
272736123
533380923
384657433
610841304
280901183
664252496
578714522
344087623
767363716
147447381
340173924
309541083
610279854
504246839
437879544
660568033
945299485
209225871
2473467
223747041
326380373
805390001
183385588
399865945
878124932
187148020
774808473
993456615
524593634
945274199
20074157
192341640
150901030
472504457
502648615
316007372
534803418
836498440
214202297
908560146
353060717
387818685
986938346
314827331
641043192
599073060
19337858
876905553
913379167
52942019
473487291
987076678
513293495
315378013
507826707
467346120
349995335
984791487
732716370
93753163
889444022
585257906
819493988
822089516
127373223
147832283
158640053
137775397
1598224
121872172
125764614
108801045
995023573
93913319
870686322
938561687
818451654
868558255
758822751
279051871
167810161
897902918
80077447
471651614
471786907
32997478
679048144
835523015
964677749
35302495
966012035
550011930
103782069
120449134
19116124
767802810
568324695
164848829
187454108
493210909
440433007
881562460
875307329
791506995
927177403
364686246
992053103
419380175
444691690
569265018
648894465
481437078
225968736
453664498
925943000
991541103
505180459
347842373
350302608
94375744
468784137
323117037
173097647
966295727
155860135
575752683
5018975
874574439
74797195
102883512
370236991
653602825
681104147
265611842
838618863
286247699
22595588
288570450
544474210
107100661
40944374
259667969
390831324
395412730
386408028
484574957
324043194
650117570
194506132
27575019
262622351
220482322
814546219
93078363
24426771
117315970
708464813
909011600
635646860
351424719
359667270
117478663
344582979
341808178
199028027
995291639
800332930
960356892
615045634
639695300
968945515
216610008
803368161
243201947
53431370
209116168
932285711
777684915
579887699
671285177
251709489
354901404
680068307
47222176
840261159
149754668
839056604
588025784
241185070
721302893
577782885
113583986
652923589
193049490
747433389
923465709
915084989
49023146
196384703
391116388
684242025
363686300
35071935
554810830
58629503
46012342
417114159
571344271
39646992
815310602
185030258
930779896
329123901
964361682
99715230
4765866
437410355
297360803
501547017
49273358
156235034
212307146
719171822
893742740
61912415
855361529
563686417
610318671
495768557
129965660
294031177
883262564
581300212
188771310
987043150
888023188
319829468
125257476
988592671
794248817
732640508
267712332
548378791
425874467
536272634
647002987
784460083
688561906
93334259
742667523
486055353
617724185
547476128
147111345
234881354
471934879
644514477
141329194
492898415
203267973
482325924
806795487
75575714
909681330
521279424
301767692
349479683
140352591
977318530
211692041
684936396
312152879
308768130
707298199
316632848
888522700
663928353
293297354
357470105
414909426
70901446
875124509
516984411
753101032
643910306
676306991
335786436
434188867
953889954
515108271
243508711
178500273
632359060
785324698
311922892
925845019
192136617
638697459
904595042
234504942
297523303
644107491
711243375
881642217
57731126
173902474
308956055
840177928
830478495
346358652
808006525
351217122
783859088
77988988
132366527
607201413
289811075
322474681
265771024
844972432
965981255
915290815
186462636
462210259
968183328
506436123
679793817
523443431
395375306
390787828
696386083
25230893
388702310
122965163
117386123
426793953
163881134
635342192
695369906
470007831
367350935
495608506
603710371
607531302
707101745
892291587
394641184
554370072
652958171
704721478
636033944
869661935
372926435
59622610
268523685
382232487
457644855
249033116
913458887
551295002
494108655
785512622
444802621
439690666
649972568
782775631
962514810
660893925
960602864
705572572
443320278
654468881
627104773
795763191
477621496
470372748
311580443
578931332
755108513
75891741
111794939
125423745
870485259
690653827
754753882
826724146
652304457
329079700
854441476
735153634
969149097
914848017
721883304
144074904
975899175
581838311
50805885
164019704
957558732
924326112
929776776
733747257
593767207
947385597
261401199
981565061
242557161
577163242
582001113
798150935
70652043
878713521
493924602
837567146
439500062
368684910
915027362
754148793
684936783
823248420
130471174
633435110
806452448
225449229
736423474
528472260
932585576
483029869
819864015
895783183
419566863
147560738
621372598
830782399
146114963
378047680
531656536
923099660
429252627
773188819
584166984
75141214
747078586
56290540
664501590
90435575
420923415
884316156
704574840
607214264
666810948
296657090
479082920
134310312
793854937
296341665
927294808
368317977
210962123
732928938
48979485
759527291
757299225
686217928
378584072
923091303
257340922
663142201
691452182
61452382
837028372
991927700
324896165
911747962
239081436
55329959
886356522
750161907
560947637
645987898
107548844
48269420
778455028
212649750
228972235
122909772
668477817
487062286
36927461
849773297
450752871
163338559
712137537
696323688
724209334
824639692
317841987
60860658
677706467
741410285
833094651
757781212
192863973
643122458
770185891
674883246
971760923
567334956
895228874
738524978
409985142
177132901
807370339
564974223
625380093
710065
981072261
544649474
457245692
255674299
254613486
770278635
626214739
841678884
610699509
673689813
279790163
628572476
187538628
414441742
737487970
825495864
72455439
819537350
812893245
349767631
855405446
135332570
442463858
554088988
151148847
101142860
591833410
298402482
439788155
273619970
355968219
147163314
70943594
723499269
843567429
773192511
603614964
422032167
486796799
62816016
131566472
351185087
32422948
96496077
395093082
343188447
379796328
480787132
1037007
584489276
104677461
987832987
752080976
275612462
145304617
845739691
102185616
903156703
104525451
153470625
178445224
327812257
401890729
337079539
317721594
132626849
557628881
464039358
570874312
964295457
221880900
650423270
332740551
750077229
218201158
504220358
102909622
345967781
158995905
807960399
721346531
111046278
297365475
855298877
168942508
368135230
395082336
795331131
578194651
997827737
671006895
700458259
317506715
333326173
884370791
803754214
949294356
695343407
778774482
262466233
785559564
915756969
909912819
36741548
362608375
454254189
655092435
2003747
57411303
641084258
742830069
756217834
744160797
296565051
432124092
67398945
30446782
546591851
168137031
949586362
737544511
762297749
885844705
573046574
293288562
521422639
332916554
999414376
865706436
414446943
554926001
407566213
567193297
896529671
22400835
805589561
201133458
260623927
492690501
714688317
713042794
393078589
737919827
937110392
254997667
914789060
956297461
20941664
901202079
816971846
773307432
402702505
527206376
829188118
524921721
23261815
29912263
336866244
743452984
841185735
121337634
655678057
136297310
642964359
86158256
335263855
189024536
847631125
274164216
626534530
866265485
769822854
53901349
453448712
236543568
344465922
24377921
948734312
318048906
378499500
565125177
311974890
98212297
48734589
641139510
152223495
880359836
738005178
371607950
999139018
775677297
864267212
517170941
651504765
593350683
57364736
256781278
94955468
850952135
919733811
725764524
108666336
746777447
274667549
950706359
3484577
348801156
73757664
592644550
180455798
998883893
81177950
18817338
364953484
276060557
809362743
557465760
87562720
1824849
933934760
454904018
451019357
476023175
275025196
850857231
