766684811
502827750
63092168
376156181
917730589
305697234
721013059
477196726
116812132
247838459
372478234
68366530
350483794
23186831
345529023
628975428
969223885
621933851
465359682
409436250
603590111
242247369
323888744
723490858
204485454
192228576
267078677
443312864
214011992
261810301
210911971
260443542
33750299
716817811
589754346
487377452
829154533
962171722
409967640
623789275
210159269
306705894
216653395
225393243
947748728
817001187
514814010
570295647
888838927
614247261
849409322
778713711
42850303
550344856
449864450
524437442
178939005
339601309
171670726
725502013
38618556
277700194
263184733
855001830
36926487
112034691
34616231
633665981
433432483
858151569
799820894
7052163
211966210
841570406
199276981
296884217
25593973
98495501
775742129
387484266
677414565
696783029
554473936
599764729
412400977
432198259
217593239
483405442
266953361
65316904
308438447
489553223
790500995
684465626
585170718
932459073
43521161
361651564
188466755
835714036
782384956
881148027
136863164
30687358
814426366
842357158
566747500
201279896
351067874
152980232
498843469
80443503
563859179
784186459
48087447
341835526
723226257
663420002
442600852
604728227
894441451
551210788
366712620
368115579
549713121
310267670
216551167
527500583
256399687
266817906
253363055
663942407
910028744
940028091
605099308
796266537
559919865
523786578
785338362
570043818
865450758
16313343
132337567
113973128
566473433
227994943
925694042
6314535
636378178
243335192
209232815
380101157
919050711
583738527
941272583
231174168
514435406
768747584
480974235
504158695
625805991
39246916
944880207
84249968
899617176
834901060
170414757
623831086
179087150
251820909
781915659
199439679
878081638
872557032
739277467
878128108
418873220
252739492
801642144
321718178
384573627
210236631
891122404
13064494
57585090
873261897
744891694
326290217
998755507
373925140
281831130
791172280
42812342
281179667
944237825
826203841
71433134
48087599
214355951
731572371
57580186
301862955
827227383
384557268
461419532
9793136
502019517
46493678
844461058
63144475
812300946
261695913
967105438
159256057
119585068
415569359
148124511
931815713
26664877
26355278
90009366
844124539
625075578
805162008
969989777
990743378
156627336
596901971
928319205
913073624
806694973
370785621
38383541
70069772
264137992
82710671
383009246
506565135
551644961
47791954
371242379
698398016
481829157
935611031
561624193
20135216
824066840
883556284
161594598
528668466
678079330
139617419
21422721
188000672
641563005
213455645
676787376
22065374
414567489
470676153
853165798
905117545
118174471
931387432
256449500
441515324
223312372
897035666
895118064
36874397
32560112
641559375
380170752
978872921
655112898
391611349
362295381
689464546
243537815
949854561
166676537
273071051
435307372
399650739
234994294
667077554
349362899
850382868
428506765
50682346
405923294
360943871
91997645
80968807
194626155
466124833
580223544
550441723
679161530
120108869
796822843
927031172
988438219
124720201
496108353
36519954
759446666
42549799
532887773
249951656
851160263
987322828
778527558
464712927
303999615
580094746
469810172
718523731
696393137
589371945
92152424
372929503
468528901
844435717
630951102
671616240
549561730
299201944
784246766
188988064
811387803
811853656
10303015
123428945
153031717
239645363
284632831
310587170
903542385
198474340
907630886
306813100
317495094
178555108
199522082
418600464
582416311
627284716
776969191
614531407
996314659
861699812
854048585
89789584
27956444
423893340
458502271
144002501
493769098
824492112
486958223
460244721
258303031
343899708
438563851
39306606
977019812
655098613
311681210
64354252
295461915
159223001
814981344
497918797
681741057
785339322
55434408
289973792
644913635
212350637
89199928
922277012
522232752
169715359
192673404
949687990
957805070
920513430
95472501
729138375
781143091
140630329
816818071
79050273
711516116
447386165
48510069
973595385
739991255
160215475
441580650
927317697
315603506
712614939
319069491
837091657
46718467
356129787
408048525
242617120
368458932
168528478
499088864
281418461
735292184
564681209
938011968
88587672
151226304
488875860
81501535
56506382
559626111
582542833
283211159
154831585
342404929
735931071
786402680
234354892
736829253
81839021
549982536
484698160
770769985
161882229
606673506
809617812
850645866
355581745
902969523
601675282
512464904
852855379
360679443
612614612
641541464
535399609
343758087
146834907
509374196
959922395
822369080
251115395
78713940
385074267
367691586
733060671
429403779
164237905
494686728
310787394
569727106
173693633
505787865
286619910
618545941
14390704
510648474
573409955
958007701
128394155
237941804
795644558
585906335
479826251
544041477
706770731
221863390
670596546
513290120
807005318
392172983
639567772
724980695
776906857
259469939
298867140
405984219
385695718
794190641
873612834
380214032
686407961
860895016
592182128
31948176
338771271
347067513
74059532
994068670
627150760
24751135
770348131
188827204
380980040
721980590
26724522
665209058
598887688
841032789
660920853
511197281
758807232
650947784
687681408
918614410
930159332
448712936
728881007
27149971
319678800
608406483
124952756
779219312
84394867
748180121
551533842
934749540
993724206
447878075
205270205
359703218
147803857
676527874
886139359
782254183
621824850
450740568
344000654
54926266
232745416
633658080
807096530
544662927
133269788
362415552
621406799
35460176
173213608
673567717
101788842
890058333
618186504
46909561
674389870
18744276
899798378
991128818
104432336
632799917
170446748
91974981
671484851
151009613
635762583
301217635
363393423
82279357
764808423
905427223
296789559
479418764
104712282
673954741
794404553
686020718
801309951
580289827
645949523
721979313
126773321
516073665
761535932
320156489
346089232
315211871
741516712
100894296
2138004
867395082
882455803
630696031
346308231
711200735
884479517
140770435
962173228
656086917
908900342
832052152
999022128
539127442
270651751
267786383
376778157
622370077
785346051
944231762
252505007
988369150
217434324
319508550
345179294
382453022
506026596
654373081
330439047
351328362
804920379
320550712
559700921
262499126
80141352
897413340
22971420
666093526
133110532
393511545
789475223
653634117
723847488
145223034
671389483
813897369
722957184
587645878
245421913
493749549
943378330
723719154
529865819
797284949
848389288
13768853
649960758
562947253
285516736
963855208
205174139
230106435
810331387
610844866
851166537
588349630
272351231
736523001
458986089
373238410
244814962
710684629
489259544
391834505
154756539
598870888
264521661
72211290
648119065
531281924
659495837
918380716
408951167
836689496
407950030
81201225
790684891
762415971
414109837
66372499
247452582
460024165
380576790
169255323
188337406
559368787
843302729
113002622
294056495
83039853
541546138
986434181
128659789
872183502
248934586
232693700
234459609
138031313
642528409
249518399
749247190
577749468
914828186
754234811
304359371
286793422
821155266
973641890
202894836
769965311
797664737
509935259
322413164
392613589
125785828
784790796
330107839
320004221
203497099
595387750
755568158
151519039
778154793
565079212
989735784
673061654
789720926
536767664
587754909
175256329
846741615
652653578
119887561
164591437
317125308
669703113
545195977
626341978
864895951
901543982
738213519
869660838
910107785
524091183
285375114
31610879
664021017
736046198
746397673
464143789
902585860
914455386
934534213
47140658
493950240
597728151
799594673
349748974
764499025
631297715
497072494
284387602
385886980
27638506
923223695
145011159
390047697
157821726
75488281
456082714
239594818
703765859
455108269
301953115
857174230
885907319
241411252
254063609
279704097
958124904
9040636
53674728
790369989
123611119
272670467
932286228
718119364
72746902
670641196
719397155
870108438
195447003
861842951
233598235
404471488
453825917
483773857
882469278
600867487
140363954
641563180
506199291
660557917
290314959
224548971
198820000
459347116
632581097
189966427
608042920
356316898
545531063
70044876
806374120
622257078
443397766
494017611
262275860
754968037
990937466
426891794
317300794
487180529
356091124
585974275
44147815
841922907
221510034
897481626
403348312
402133461
358941972
653196121
139340143
316561723
502841344
393116809
500055030
899062147
73850466
472939111
85538267
882780474
62598275
363080256
324577374
125402126
55468831
611341155
961073721
959808304
221497997
127501240
609930019
713472159
324262386
19018761
304466792
704340682
180401156
356897092
237837082
735099469
786618113
205909458
997374924
892334941
930704732
489812396
119415733
50280956
993962579
363213711
681117571
517998354
341353527
434520319
424582253
993010866
261396901
918745687
786454076
610168877
936407904
443540007
180635464
231440732
43266101
425867982
992299336
483822582
88650016
795714346
718660991
716953373
235102029
350438796
96162360
856688816
365705331
432242431
194697393
565656433
491925421
910792764
965845724
858284284
446383668
91931665
372118632
889742065
594436507
311455924
442943781
261655467
570443014
627668203
798691564
343078106
25273993
765934192
849068839
504836749
497513058
635593149
961630938
198248233
644552718
964164196
282896325
990914729
338357959
567893435
627305535
829154468
724048293
220797642
118243455
25615139
477694282
322351179
785057062
951334435
53749349
102557271
889386074
777194091
352770564
457005523
146510358
607433824
551747230
753084253
831414822
599771137
583173591
689860642
68143375
856332270
949161825
767597490
213731565
482219471
809035338
381203901
551384105
26543071
684150388
613789312
537607173
349645372
509424747
773076425
865383823
702922813
980877129
897734403
451087400
394955786
746207074
184436847
845477667
187547195
817653837
675462499
439167499
585273705
736478611
27534398
245980876
34187651
152654266
261911183
76453313
710096790
108619613
302837590
142299096
672545447
551173164
862843003
