504191829
89582366
951563933
304888237
921913876
102958430
281266709
424438427
354489118
639390270
800427022
761440410
616240164
117424021
233686548
454716017
331412522
481248019
641927886
493336620
449519844
711430451
331564858
527684998
423716229
247328895
427157464
512825883
94145355
284499611
19815124
61205014
461947201
892229867
826558847
678883548
455996496
433391637
665414192
868032424
980661782
691775653
588730665
488828942
825274831
741966236
340129113
457577188
285952198
627667497
3372946
50736432
633040327
292507855
770572690
792761376
758017506
423878934
881172007
674584980
675800965
768440824
330293072
69989507
619575146
739222008
299493208
724010296
290865173
554802999
998719519
898020884
815833825
773895460
512674837
757744189
122699786
842735914
702410166
681749991
907199781
969580274
226873685
466477856
281126664
969078690
428164685
169439346
121657176
33797470
920866040
32117561
552219629
990829211
192231459
212220958
361482580
518741158
869253795
86052822
442473028
616118815
166712014
731149197
628947976
105352061
234902606
859144865
779833017
12828500
670061589
915281591
721468767
199422016
767385198
706220689
541567139
863815214
788862841
650496454
311057322
130053862
602353119
257067703
633936958
966601958
345801254
825004613
581664001
300453878
396261609
603958627
973482117
616357343
239276963
291080965
802868260
495724486
837529879
175774603
734176084
569019819
389606328
108828675
363735880
5584449
310648792
352797613
223444012
486010769
670653818
497667364
729878315
218757341
774995498
312419165
13765695
909644310
97212239
662346017
759550805
409897992
277480864
479379138
616566890
66102962
941799472
105111423
960145052
476304232
903352427
45842652
26285335
613088238
916320369
742037502
740447533
493524444
893331821
628352509
655953165
993003640
601560600
95653232
629800059
898594243
874080311
754724776
841361844
926857796
277315269
893223949
398512247
175183861
416223796
324278092
291538955
910227188
492261783
297632917
63784975
205537368
392652560
747139778
582658340
624811166
471382028
116790077
302436970
32957995
571971631
520241250
16312488
468859729
6392851
766547164
808337390
181827632
849579078
717972645
192022650
187074695
263749578
33287255
198988963
10128478
647330403
851101472
196864441
592042276
450498547
830220344
1262660
595698904
564567533
450415796
600351079
854420820
512994890
4988893
427212215
757290233
452287805
808403848
354886165
757074018
876911460
929652516
168791010
649676631
515940700
109711322
60648110
774289137
105610267
876710278
941787789
359365304
548150815
572529861
977480761
620280554
919925634
710394693
582459447
741751286
518978589
420613582
904292195
555977053
166196084
953916569
668832740
844590184
290760430
434732415
734786888
455345728
678401089
441914944
133217016
717677886
682310462
547187809
76101576
340787224
769572233
226973522
490088637
687857253
508628006
240985775
306270004
940465027
27508131
806931659
837364598
741893111
225944401
613134877
238095428
456297877
25360321
612813955
483480546
562024129
440878581
216057924
483528706
670877850
141923390
486442060
680964214
106235871
439312845
259802874
937970091
372737825
634293116
241672222
972179051
292005067
930524944
216434941
47349047
925210308
647646565
728367711
817082053
483828769
597367816
992893775
229401327
65266211
203819516
676919137
692317564
69496506
63707262
514077445
899908642
553514309
743444814
819210785
545933863
22185945
560021559
200034133
501152182
767705255
868961567
464626772
107599995
984272178
640955825
946090359
525772932
808925379
565464908
558270237
914377563
712510868
398975869
999699936
73510034
149029613
257040733
615698002
902416354
762393706
567485309
868473584
309030563
120215671
341763579
418664742
548560252
111314159
670501077
25163101
365188748
447612432
227215528
49376798
614867201
132741043
885293780
245129147
424310385
257729155
151146205
883392184
504031597
505437023
599699881
187397773
154538439
743744877
745700751
396904249
765145210
944323555
297617777
738758475
200219945
487983
155596209
987384322
642508599
222291083
397530107
414458772
138424301
540301806
193081489
466765131
485295340
349599071
384832734
940768989
263735831
11911585
191387617
644687199
611247501
684093123
364441986
803593538
520515788
154365805
264126302
804815373
365613407
273596827
260017890
420865191
149994654
488457052
849156851
614379217
977144833
897909456
602620547
202019301
860199046
736687431
744967882
963729789
312355534
132934749
702102432
804939366
358912142
804931760
133168418
753233624
752935938
652930577
127510974
516126821
636045995
352002669
466868533
488142793
958164779
592714732
48845365
864827473
280283916
772216296
316770477
996838286
500442219
770453515
963624155
365826373
409291037
989368315
784488151
874560068
939125240
400712196
491238004
387581039
452263372
459186934
445903231
560681645
140428408
506784264
667929252
497064076
360946078
333030030
978333221
625142164
431040922
114477754
243854520
267484314
687842066
880140407
683445873
540139236
816164271
705264144
304497147
588458625
841307604
767342043
343942587
763567621
868442425
252950904
577001579
235333799
860764664
79287494
35879420
498977845
146811501
488163718
724399064
773499650
104287044
819706399
635892207
167412188
792120293
338481990
934785449
294813282
745513794
517003837
186718002
58984832
717266321
951098766
571416767
746999227
154689786
857444605
719374040
373086364
162841677
904361629
628621650
107995173
756028449
742999422
764377499
351753428
78598333
744876674
120672813
199678347
155741343
909946222
435852192
996457870
69371936
137084959
796338330
502825613
832556592
49129304
18053827
351438587
66232902
518016747
518067476
909665896
507870726
288880192
344288058
289366894
768789677
351312700
610657973
199925414
191084749
527897034
411383738
49120870
574104490
583032021
216214948
637120
396331024
987039653
903243488
807320097
515246574
574958895
677627290
17604827
61106274
216548427
540529770
113712372
886307802
277183062
41762271
238011702
224931945
854711601
843882700
789718140
400588616
831305917
430888669
804428641
299288248
235926777
805373120
541474901
725701219
747217460
928721121
249524571
832914355
17416707
955107562
79193247
614773258
710747378
394419322
932911829
611252901
326683230
228260620
552241249
810782928
496945601
313617611
913901686
486134762
173372035
824188924
719392888
739149319
426496807
600048503
565025105
556150984
98814846
508031849
279319796
769585773
136152388
291903606
313888813
287827304
291005199
280798015
868891094
322075498
962569022
623238443
514184566
460292279
910970869
178465239
73905385
603045296
878647418
993645711
802342646
922309165
891471432
55340139
552329184
923028534
209328233
510375250
406417547
417368203
390082456
523042261
515958411
202715529
115099525
163326056
475100512
34779623
914371806
264413944
519777729
216147585
444726515
591826188
523565738
550133591
310004358
259100608
828178448
248031568
526143117
961979807
677503564
105169133
705689201
357010629
878114339
80812249
739574421
390860277
78499071
780629947
874380466
451522891
931993040
439526761
107280031
311469037
345192753
747644813
703364725
39125761
688673489
614233473
473867981
586195061
477582650
299645244
531774399
2195592
613024176
950227623
682196801
158385979
891225084
428102648
845538695
410789278
497026326
758088894
285211715
394288263
295205200
523511528
185914873
739147781
341767117
993203622
659833146
84038977
442853560
998535319
913907853
80533634
544666841
487017355
273306317
63270091
631301150
119494139
879427978
578469094
549037848
737378829
777836099
128271447
98433146
715994487
560297805
503890392
593988064
696490752
814442709
587103858
462433098
309076461
743920560
165161961
428318600
734720199
244427944
484379026
639812097
447735422
559342031
614488856
36319769
601663166
613719137
404207729
154796330
782268604
779488126
377532187
878660915
706742619
845250413
557826370
745675427
57643425
640714635
625772629
432905816
155942753
490050912
746362807
184092610
326803995
618100535
235590380
743096794
108144356
634951489
896580950
875066194
395048951
938656996
101302426
178036798
163347243
91951677
496769978
102275350
156090076
349094062
811719458
917002624
436910522
708442941
755690478
463826047
186094189
419486532
370675175
94005564
618655314
51473210
483869343
957684508
812979222
430396246
709515772
983562630
378128757
661110933
46651973
147317115
882907174
502465991
483611963
768085621
743947987
379789572
582328184
965691746
143944656
523497278
276815739
806848690
678331452
829360181
747182086
618361052
862410055
771764332
557002605
688657823
264276313
802575386
256410879
343575741
454787652
143617916
365057574
732950996
382435904
513207347
724146592
494979142
302442089
664402342
34095449
934444529
224830977
987604855
719878058
806304615
837158347
404983427
950060906
95158035
774657469
677020652
279353056
983619040
683214158
91154720
121152574
606364424
104108328
357994148
883040800
80331788
246055112
140036222
313297969
600330070
14731998
849377186
583255842
630737307
799350685
781836596
504406601
13929109
795264731
812737556
393530074
874805199
51886273
750697988
851499475
859292885
852514478
161252844
568918271
777766999
864264859
381438533
49736838
291281184
392054773
117782168
390870814
944447939
781361541
953763659
688389417
84794755
674306886
119547988
791572617
987781159
821727584
319323599
295807348
992820871
172614050
265423946
188354308
870476601
697624644
246347373
554478150
353410339
506494672
23747915
227817309
84802267
571117950
535530968
736065209
633293463
799640348
291974658
238682533
681568517
390965782
559958661
232567567
841501070
124348138
308735319
200498313
932338283
959125369
863718315
37565301
533190879
865445495
576097398
605152948
598840912
193084224
179260236
593656538
145707399
563304016
37460474
437953267
757613625
725946350
603587149
513676804
138775917
383482777
158279153
188140811
529752925
80641065
614238829
601855089
612655388
