792066664
672194306
640685743
408131831
530094810
659621750
541739327
739182746
630706174
666578726
34634170
610965461
71736860
311437448
609481860
540336824
191214139
165817321
609010011
238806402
749170767
100140860
675694536
749079871
242958676
985864889
674550305
267930801
453388200
944620092
730557950
185946424
65058377
484640795
943587333
871676384
819050297
4835179
230059515
566117121
790156956
812103773
571894499
153849400
339206576
906221680
876509257
43080726
980013488
13161530
114754392
264909040
532668943
673601510
869762159
691925804
996499768
891605870
165173154
544229920
985071443
273808526
285794545
686086080
936020774
848687744
545907084
587096064
367850114
737805475
721286526
186378960
935757805
42892890
448649444
937066993
528246360
521845136
409873295
336736995
109355632
631469579
287917311
440226670
829865700
465648910
653277479
391456865
614878635
251661529
875176614
927444425
839662023
685829594
581045676
516348430
526309227
885808417
217828625
490518830
360314596
289413192
675230610
242208013
291875002
928375430
329151234
489776053
224952065
932695164
163679443
474654632
481732575
828436157
434874287
353601864
985891213
845567874
856220379
470371864
195410265
154450218
972217428
116188585
862628860
793842100
346716936
249928210
461847212
932301013
410757766
642437941
304016510
919354463
976422398
819942439
956238967
45709298
148351667
901490268
136497675
163501426
166504799
682183469
87982085
400521981
445711849
11225866
250955306
227443811
530457216
680741351
29588038
747456759
295108565
205864377
317195763
559042025
379579151
498032901
581658494
79223023
27928840
292651051
521937398
521241500
170638122
562378110
852013758
614931847
397362896
940181915
697216207
954730110
333874188
31908838
987945417
290033959
28206499
462106879
348130250
335491069
998972902
234403401
401843797
730016413
612849903
556559750
624245898
770558020
502746675
397196941
666130145
650318764
319831773
57274652
135572585
873853747
160246070
566740583
229883859
883333738
159212106
636023458
830080913
590275299
983525143
74857926
413582571
263199726
217918958
27161804
530835525
917472271
149902651
246167424
80250119
793525438
890807253
791920983
908391595
614078370
938132211
81455737
112185171
165954
274051769
46897442
634898336
276599536
896336252
114091670
129787888
461465914
232223019
464796510
176278963
362949444
404322486
811568496
746491269
537991977
142977178
361046172
552639061
475584871
866361415
748657872
500416113
73664348
977024531
342047145
983046492
368325086
658348986
615805487
945201526
77756368
523838286
829914959
316223530
936627700
439959589
136983034
366863472
103827288
897373914
69369610
685249251
685106139
69888461
717300674
389202951
79238756
45429714
370399618
471101192
577086039
528816675
636600298
133804538
525393895
546481328
561233988
299575004
554289106
131045176
761462801
803116926
616417531
519594983
98522594
839111157
574407526
495344965
809863567
98032387
5994144
994182698
448811773
578210956
796991804
63408621
815309972
3775886
259723857
952844193
903807735
322895371
287949368
144704295
368115487
548939692
887237986
696110420
790829633
390146372
878725599
837408029
812574364
972782110
135911113
266252682
68831720
165511156
971365866
878189515
814795424
583893790
235566146
272367230
465107047
582903339
80004901
58389342
336812733
461985274
731171354
557458101
39851146
601444912
227237439
438567429
515167558
471713236
151479496
549582900
951873169
878297104
704515331
419717194
219306786
168586113
181608333
476029661
442299842
530739121
994576899
649798816
32410019
381534340
138048768
319913945
87329225
15582137
679597246
785212146
468934791
828848643
359297686
328844359
658975016
321267498
797556882
211129451
745544671
697343682
751085123
597118483
14031660
421782966
926316345
936498318
879378458
815848950
53060444
296520933
401295006
603975238
616089499
806073611
467408373
81372538
525048082
658316805
463396143
907323492
351238203
499585421
792115988
366267348
80648108
123024525
518999417
375670971
760742176
898039287
371029230
970478880
730484989
744956158
779653997
397458416
635767155
610627051
455217994
201550449
440535486
271480274
962521692
383076312
383917140
864959551
212759144
553224074
861435984
577602478
796219415
139240077
747733307
838221177
346105478
251499701
805002493
647764310
341134857
803291819
417498900
503707486
55106773
155021155
925491702
430816124
873490248
871133339
26419613
69949957
445605381
914421029
203098810
261845694
466788005
79757929
537063728
409039675
982350206
215688556
910265380
965775342
514234985
183139698
101819872
231789152
222745573
892263811
398850679
528154295
592455922
988002844
269492193
651926174
784051548
936827999
216373500
807500536
457584609
953101015
991469302
341625803
526804460
791486027
131997096
881798384
936141265
485887612
371433171
266347549
714435972
395962817
665414102
125446301
893026437
451723557
989472499
871967073
53201283
693702550
208070550
981226436
472282659
498265317
477494033
457602536
644928835
551172635
477794144
529960005
863384427
729563190
951455065
29249191
224219253
568639576
438970881
722748957
51142601
220021487
295647885
736857959
520830639
132503130
813718322
196493104
322588741
144045892
758899735
332327991
947355498
344406425
754299253
763882057
745030464
10242865
869343142
28539143
313991993
674394559
236869548
384968630
8093467
841473165
402963120
984872780
444507750
636164911
901227047
324386861
12752675
266723542
820824472
833179795
398054664
471212590
460395796
339779529
684546994
281000928
135013795
500882943
792272898
145466153
582604505
518978002
975263936
187573008
284218726
213976387
699296432
410431737
408756963
376748041
983151937
910679253
728764491
679357472
729540009
828845540
751985353
686423828
242818844
434512874
319575315
680631956
523581952
921119457
365827393
273817873
549847067
529563613
343992148
32991065
539380763
735986603
592695731
862627313
258868660
883985117
9608844
256934742
351946184
687250659
625090427
602320937
857966578
444076430
850027856
487375410
742448097
781038322
610239519
855701452
529015574
448589965
258064098
357760023
825890837
901972547
995396048
54144479
821745614
10400852
664129318
169732819
66439589
375765898
837367276
247165333
317983522
866137177
420488812
845554891
819236696
495050611
334477644
555568183
809422446
717254377
822665377
79505521
71091600
878451982
531369775
768808743
919324093
488290694
503975489
90790798
477922504
234935707
36736475
356896111
888589067
955464363
435189127
341545332
23121341
455357608
535881347
482200680
606709153
602862522
169391887
876310918
360549510
764684627
36464756
33964963
114112321
702495914
548337576
108636460
79307170
915890526
983052877
943293631
479031076
895320573
250408725
578148893
871790407
746576478
769242827
83047814
829400702
63592701
956965822
863772331
59861483
992932311
532446841
354064838
181373029
340464697
472796367
468229077
709060094
655058855
408259233
154639465
451825938
470010526
976678476
775426589
686598130
928100013
277588941
972698539
972411485
491895495
862514254
127800767
204948882
957732452
610410271
860132673
833619693
86344073
46910216
296956809
807718803
172692424
974103478
121180009
170049072
194272737
927263430
738842471
443094159
514823800
234233536
823972220
487061339
95769259
126322955
401779880
769898001
993816237
396449683
901300687
786003758
984267282
891360844
567965987
130418056
404646074
149115955
223640575
730054424
612663692
634609382
622716021
608148638
111302424
346920660
279133514
495907047
855498467
605377516
492325392
836583
538746468
529604380
457587684
257661958
38542034
640739426
109179623
831409497
208630391
90234672
839803455
689894388
145609527
510953049
823451520
281331578
406137490
990761951
765402996
45156782
703622854
8788046
830430465
880214417
611517514
215823581
375758915
748848597
847189439
905872832
914399533
388438720
904124289
900464104
247257289
454662902
433773160
310304029
91876022
763906647
39936332
392231076
521424033
522429020
794805925
932821631
462539111
600349374
523469139
997801935
89769557
864736514
839974518
447168610
297213727
529958422
699173913
577373266
646144443
822718452
264980511
360331024
984220056
302757558
175835138
451364734
785770098
245145422
263695759
368788618
847558416
95833461
898885929
1496349
5220450
311391778
487364012
308001444
85408491
678695881
753284469
775409539
225379458
849387503
816103274
49663018
548464200
456955678
603250377
717298866
755488987
856399892
664159584
269157568
498926135
679605306
408011019
218666475
346593881
343441190
147051532
217393688
336653614
154680521
150243518
993936094
965850584
838478168
441948159
985821948
42594409
391172468
491964774
967448560
69433982
489570970
134951566
134832553
486654282
126172120
902900533
328814419
641895044
546396891
613299630
991158523
431673875
629728360
502570213
325615143
903380758
268697537
961407562
741967299
531644349
535890780
438755925
70698936
699143985
822167179
83812433
709986030
15007519
617428427
674704457
364316518
364435117
696711023
199723585
9355164
544653739
273178465
732012191
220421761
440540656
818237111
575498643
790256721
541380889
159084994
562262219
336122223
335907955
116333016
82441190
773896871
429764905
749997474
435804211
533543201
50815045
64252629
435688566
664487102
42359686
192914502
313806900
24466616
871692433
248983112
626723405
734962850
430004774
493215048
780961402
630202292
536685344
740985800
301426642
713407236
960392136
648499202
529318046
540058991
259904959
747690208
374078075
898674501
534987237
900807585
934551611
614437642
260906812
666180383
958540117
480401109
837489898
67525089
178062074
247626154
504430211
551032026
918564287
292397777
532361588
827299367
906117447
842692905
335371612
452238897
237211526
688779104
448570831
722396974
573151064
402315842
534934582
895629574
404582142
294669477
818836426
415132398
489479378
970884847
314431499
12285762
474056038
763824390
534674930
300560293
