543110220
531376441
998486073
99924263
531563260
639749223
682900148
687411706
151265826
274644495
403935791
340441806
935765021
465954940
363816317
154445815
608912844
734716803
626093970
52093603
541629587
398489986
27974269
384898887
583733013
600478508
348594184
919464938
956769560
66001556
255361744
60891658
545382289
674107405
287992561
838416434
386510851
600815090
598505023
373975039
978133413
767207934
420532856
98636722
798909904
878957811
202554966
327443838
737145572
212383827
235827025
725634195
35267055
538376840
530380694
144620234
503402172
613587186
516191248
931084751
291155038
763435209
730642144
85264269
19282750
343044132
795059516
261657615
177962379
525399882
767934963
8097753
136211779
252118931
73960188
774421651
977957128
929337546
585988982
704775200
397923541
21150345
182319366
744385733
830174529
529727548
25624602
7005448
143726711
143372327
335014262
772923663
84623842
667420271
82820001
214698204
36565790
335268586
79353971
455865771
83898295
940897350
149481458
211745689
444448862
227729272
589422415
783148123
464416652
755959041
166663104
574064625
27598204
811416046
533161209
270004692
581115842
986256409
255089738
489555200
317419530
788054067
117930903
34590051
190385620
995011298
923473909
468791507
169298930
859261982
737855861
642688542
849983574
130123211
620876905
457026190
871668885
970573675
299936870
602445257
940305131
242476477
542588795
387767669
976709222
760949635
745325459
273207794
134259062
812815307
633582360
50309379
80178847
589798770
138446241
295844227
822966446
114891407
21360069
449437563
304255361
120630908
613849193
605154669
18103179
523974560
724081049
897474992
190539141
76135018
398335805
610542166
686319539
652644480
549250067
74943052
245465271
730163233
57880828
429435983
249685839
650266115
334532445
356483621
225679621
687546481
562509694
260184804
991676968
325032677
634059743
756777478
949213605
850499306
298189895
819674223
628627282
937434125
369664489
452734661
36868586
847850466
82668653
58124043
414479501
23040194
363989839
427534366
40548702
63503188
50378955
92803212
57010578
591924085
199751723
653989245
786098462
257365572
379475047
330556697
961464865
463896245
905798022
865506462
442075273
641558325
661328560
835820232
354454584
729575843
446315768
308031145
360498744
605146166
392567396
401835371
567597462
276408401
942004119
202639427
323556642
134975327
219636102
928173780
274653722
541256531
699766900
357289519
650747582
644200649
33575761
371261710
557959078
39107792
491269794
572972339
942052443
217162189
616048769
772921174
361711632
528169606
73079782
310972858
617187418
742347808
732304466
451864411
199356689
797916351
86391783
509690060
315361451
176835619
7000054
826489537
244260143
977624240
590852740
900818741
941791424
304039040
185072649
710253933
696000081
75054058
750072066
321390952
113876371
819595056
459782927
350435272
660359630
169082945
840927794
795387035
61895545
908663243
310986361
532305912
808952063
247902489
157932830
852831230
557808866
523885699
55900258
381123458
32107737
664780255
328712196
964428201
626309448
715230026
831129748
57672591
343096956
362825847
614972775
542133360
992275740
410913513
337988040
379761631
338133424
735956509
849330428
146278506
335907824
211613017
764593992
335596899
666637878
58546827
91866677
693888935
146106210
332241418
152445067
172114381
19153799
368948607
289283214
449096114
490882859
495354724
724125823
945129603
337953195
783255202
452290079
699069696
293690467
768853000
540030170
398038550
909914447
778171197
514697805
821852355
674555269
909621751
45215634
820494719
900186262
993115296
297790322
567762620
623363349
137240813
911566380
10855537
210380780
442858393
522979560
623327132
121630298
888891925
888878771
842778699
11830686
904200824
808325310
552652620
759322937
65524296
41906431
897784877
518516655
693828126
783974486
367935011
817543611
330592710
497559111
109532047
323732973
468788494
548909851
497767562
197564401
156363203
321766253
200712381
871688820
441434541
488688915
850832073
245873439
916703036
276408251
21022522
889292425
671919105
810021669
770354443
101296441
492563012
61171782
834661965
951208864
400005444
49245964
929535221
353266326
543631368
193311924
879788069
945299281
413447513
299594159
652841803
339982074
391111208
645214297
855467482
582434571
607612928
680963798
317888395
576835380
191074357
651911438
601813617
417419875
762951963
478642585
145624506
520571039
727204666
8235605
831169959
407616712
714247884
546558697
797558956
107117238
392231031
847446054
328057452
248122616
608900844
905532790
832425924
617108877
623566446
681040447
498181217
26704808
954554186
187919872
493683511
811599212
743283385
257826584
760134506
748094005
447432345
512115346
590314361
64988783
47687418
359217029
218094614
405211908
468424198
245225090
625734188
844552509
847655340
748350243
190203539
760166872
352906346
69765779
967934534
285541565
819485512
984704739
793853427
81911515
980461367
118919697
566016852
539284793
514552093
19570746
664333325
456421300
786424189
49464951
659684891
880115683
257131693
263068669
200435197
249683814
687438176
427214016
148684678
378341356
55306259
653628706
179049467
206203943
997716331
733516637
458692866
673517606
289892048
474592940
928608491
462727605
718261918
508402845
84527414
928767719
793200176
678809819
890659813
448853451
580891763
169312888
58128320
798190388
88665352
310087855
503035179
89837677
869330580
718250719
598103388
392271496
836020060
415512071
26605256
326832661
939870229
359812909
541568461
781035454
560877879
990815718
166529251
311831249
120856458
196957285
161853765
748728846
178541254
271667477
456483637
8628356
536554201
699831225
797449591
885993370
595500386
380859077
117538590
687628476
230481458
368855188
804187024
571641327
876489550
536336995
626707543
302749846
481797589
757694752
988897488
433387267
137241358
109624359
887975571
590076044
2783637
746297069
677333930
891708065
148234089
754306331
911296421
597663103
261767082
589475032
855717293
136188835
618062479
140611885
731332274
559011152
242274318
853939983
550553996
192022690
186628693
594887922
435341697
584519462
570249741
859103917
266931257
420846501
282769987
23096369
871386996
426929842
811855653
207373546
883209733
849203315
703525146
225830524
539394386
476175125
457558766
206523921
309874245
287014518
680619700
490518708
684687366
341185704
26362478
429886336
191112949
283301374
559070361
695952880
403447350
407895713
310955372
92814467
321458324
289130171
487375074
490449920
314893116
238670713
718088035
428787451
324333180
410688932
257402150
882128958
855486005
16443793
314545596
74378870
734463923
980104770
285013676
148327179
903899760
79731032
174416550
925745552
394484022
852883649
831983419
588085622
867859479
115902773
803926195
475314019
538247942
610710678
904372199
250264215
988800050
967108844
891630804
71203532
568926482
251832249
166185527
273998434
83783553
144233519
574400329
174669155
968755776
484691491
961488955
423342578
122882036
162628193
188914706
241727291
114713620
561629520
95965897
462009465
406687292
130002412
560927970
208430407
606762736
782088130
343881015
244775327
112071593
64281381
85578819
767355077
88473966
213810144
579400696
652067510
913545504
900418115
841961998
250250503
278483320
657314263
619329844
383167988
154413816
380583616
352431982
375619749
421795971
662644907
135550595
427170529
871142947
429621339
664516238
438924069
690904278
957755118
667235697
301695422
800352502
329625002
62597562
904474395
399112671
194133877
334868612
909071891
583227496
536847194
328181786
214295504
719667520
845715392
183526144
749373028
510672567
177759982
54016591
226179120
429656147
968261265
822979354
449426684
928730784
658408289
896212129
658852625
549293905
140476626
961163231
955790384
233182418
540266576
449898000
948858316
594716700
714855448
984055316
960279937
45715003
443360090
792392252
884948776
334463121
921255090
707503007
25427554
246095194
915143208
928251501
513144296
903738527
441056577
872039273
832091236
506645647
613170877
975743609
740704380
297921746
676015985
359777985
442750869
575683962
372391400
981113084
179400944
395817392
234667826
154656327
795817117
193704665
93736652
180464116
986296056
175869013
938030577
114963562
7475694
950905281
870784575
412757430
634150696
212225124
448018934
52051857
792125839
668227302
617806762
442212669
981545822
739111838
243350935
662358190
369699016
83582105
349641382
309264813
962071719
940142004
528102063
629610160
11427368
760486880
132434383
319439631
810001874
260592460
885743216
656222223
568615068
498207314
968267914
789799098
427137170
263258554
725627288
230525744
127665027
320339543
188987245
511173640
778010629
792455155
173110504
56705279
950353729
431378460
810765098
902713951
826227629
628765763
152891841
67333689
422803217
241174415
401330062
873663814
79790741
128579303
242049982
531533378
782484085
961584538
873597600
483338508
770843922
453551835
235221020
106440462
357954815
119115637
181599785
641732176
751154759
16928422
851599530
218972211
587376376
75729103
369085901
378623413
449827361
983029263
829994592
939849303
345315472
900934225
366995881
185962755
861928490
851963473
150735003
999085723
78289560
657453865
728689554
816426089
918857554
689771995
285861356
496801893
196157439
704324636
544759135
707111992
447165978
511159663
316178929
405874795
389574883
182357851
286287437
4061637
759493401
863426567
81706017
799454820
131589945
933748295
138023035
869909695
86555954
49258265
244511970
505991341
968380632
182514061
563442615
93700893
288238867
35173440
300114655
897604380
789867746
872284006
182465973
745502724
438270128
122882600
492683325
834155808
584755296
961121085
796387870
679570639
565676035
146673366
239592322
214862992
575747848
929234732
684836144
985109258
551748959
415951659
410245939
146899174
459812666
38767793
738731358
264651917
947717046
222478035
