322441019
507904936
373817297
766017556
494146044
36693705
7639511
316035429
601222492
950682318
243454118
586228654
386636766
615726931
704634030
253047834
957081221
330098439
11443120
675157431
248482178
497350938
318513553
617807819
780902766
536978655
296035310
318303933
151452205
834281076
331003988
935357292
632066952
997210293
370689476
183452022
660111301
789535342
976771657
651381259
157461103
180500585
736550998
76148834
130649093
201039761
118396454
592489566
853601278
70248059
671375121
72520035
521240735
99572692
750072672
825090080
189391382
756009477
985114788
957167387
740658394
689335577
164583224
766941414
619678329
308096824
954161701
389426472
245037455
521182008
592936531
167545879
353326780
360061859
517696328
67981593
760799939
242364718
487158726
579863005
418582200
703545742
464702653
81204145
162905955
258483953
414116557
532494259
247137620
545599395
994060638
904101822
804420553
19604269
910722864
468125525
15917360
969609582
456470504
822552267
246878058
728969981
347452110
332419270
477311526
503829241
719193253
161178875
581876363
682091079
64290140
947026662
268850751
405251783
538585187
37112651
224632923
83379078
604035459
361194375
893980266
421667441
142288851
699438059
527121369
688834707
363125324
333722510
449338994
49570803
52064232
791190356
785894213
664606457
332984946
689612218
356093631
132283383
603892618
659076712
539290698
252937681
950617895
565046540
481309254
47033975
635251071
399168769
481019081
873610212
243492601
932538281
365574123
95276128
928571999
825210616
586681130
648014050
805297899
788476817
140703916
385470743
711839879
532305560
630026846
273099782
161132449
604244292
72266837
848972967
681019018
92349539
479486459
944958745
821903675
641042585
471049545
577242309
218128804
480087394
53583635
963956554
852703427
575728780
806078200
119525950
425616233
690618085
736034456
507774329
102931088
708079580
326985483
815415799
518372795
153819955
541097800
418312335
935019692
208209472
885901525
31006779
326901932
632046112
192591194
151143062
453051821
420615376
273372451
287529414
354161070
9438820
429885246
325210505
734893181
176747361
532767314
136111099
726227358
510500896
847483548
470514362
868209834
564492507
746041879
972939437
765364055
664070659
426585949
668083720
99944784
52737210
642222616
9919332
594185867
22576856
637054622
220657314
383137586
654935137
666474127
5000856
417245633
448505041
153613258
93492268
278194334
1774977
80522617
341625434
621052640
404986701
692084975
424518796
360725922
415387162
162796943
762409423
886004232
219651756
385779006
788981161
994029425
605288730
187584630
301423860
367216203
419965913
731024636
712316325
539692738
312109999
752973511
71292221
844026767
842482691
53268729
419704792
410879248
652549611
694745102
763589077
583548042
84960515
47031079
694958082
360652234
217703819
649193408
178798705
859779911
874645197
334653081
163485830
269156131
877492965
10971429
811956902
260920411
852189397
726276063
858228419
270750340
368206290
801932694
308942641
652013188
620792754
580492027
518243230
362118433
743092150
351530174
233454620
524906652
622189927
205433118
909068910
558257651
492626546
940771624
149512383
770772504
552225930
852536412
665047539
977456916
589487681
802136088
966533801
831511261
241311826
158784381
558689850
926273546
836516682
492838736
215341751
283027819
738088436
42944894
739859479
637211790
130950178
816680271
116687761
523115023
101198460
638579176
646966202
672059846
101902518
253699250
768293864
911417771
576763680
87455915
718524408
515669876
136885155
331485723
62525506
818656664
613958225
686731967
120806606
584307769
792840322
307181073
688389968
129351191
990091366
626041090
820169213
449681652
200912145
512300591
639822325
735545658
735848651
141932516
876258455
950908503
155169885
294473954
729608743
987612574
390490515
647272077
349509866
749060767
774314327
699671873
146142664
406602713
980419386
921202813
23253565
444218210
695873664
532379991
730274699
794017386
950189207
517615011
681968479
475861426
433530036
318612211
710505625
64463088
447633588
982978749
779821224
994952638
455227267
111617001
663486779
319484271
957123222
133194031
193817253
145568245
957671205
939329200
355036862
290419493
479898426
413566500
469262264
279709331
489047026
195604115
39671993
203468659
411657816
82241069
719296
637554872
612505474
253747316
554082537
71878304
936766451
285046777
301427178
791335576
919850647
151190025
951375444
868802384
257716033
703769292
487094986
562679633
338562738
584706454
836346179
10860006
162578148
391548985
995962999
19963536
849349945
430796294
575416061
252029472
943306756
576352564
583294822
372986198
110897704
25931906
706978796
703375905
579111492
121938948
208801792
672624428
637902021
563701285
370568844
328708401
462191054
600459878
21993297
785277732
708509128
476992359
864905920
826951360
245894888
989859288
474976724
220956488
257784316
534119001
222528357
505970156
709630715
49397706
848028819
343498083
567895202
578389246
757904680
231784127
996790495
783719079
983568139
216623789
375904661
163721751
372957984
598876862
20980141
667254597
557772481
248890066
408802996
790138327
543520343
466314397
711446643
756343460
127091309
121038414
550955181
486022307
445591589
44992491
899410590
702831634
962993712
588504315
715672464
27070761
760813198
883801806
842555197
790209169
788487236
924790047
493424218
648282130
451046699
82173136
616901304
876099860
199976346
590529717
976346519
973638289
97167160
919492386
505877361
381714422
632051438
811551740
451297936
636866265
680828945
510768187
338127490
938575647
317213198
673073025
200728038
784453667
883204396
993909379
906441398
673970673
406334867
618593826
1651091
618730295
972890177
63164512
305296760
44918172
504137109
674855319
286045960
855061870
68645971
925772299
605664474
43501325
82626954
333958042
395019321
949261456
432503869
205688932
109380223
277719048
586662557
554848570
331068932
777973672
881445097
832447635
992895462
206066966
684088317
302375845
567303421
478573332
917841295
887147065
408824244
568886926
506254980
406379763
132729155
5973625
224722226
483065618
869929676
391440897
67408550
157226712
701826713
549246354
598890057
957179941
241466803
200645935
509213602
723932042
32067737
418041607
732095578
527323086
163473074
671689472
681959855
79978994
170973552
766270124
358468878
127091141
125660029
195479887
925133796
826132394
443006476
26124106
72959776
103406597
52996821
103596938
684918892
939628034
710565121
724218384
130620922
443649108
607176907
726908375
60909042
366657486
969359728
193909252
855079327
990782636
836791346
978931892
242906689
461039682
324013769
144743232
312092066
103659552
32972018
940317408
31566683
506346825
624112556
772757662
514173465
215342697
127686158
405807005
670935221
928470798
733122713
792467542
816757963
439254688
541068549
238310747
472802086
444065176
705361081
991811390
157731411
931750775
340400559
934351159
989341047
464074583
783217415
611920093
779392827
908253587
791504871
581259340
906656016
770247712
692651701
624274095
819536550
834419243
212734909
845566344
238971328
563552723
522974030
926608527
257659922
44323803
162173928
803652000
919971131
85703022
671941145
868026888
398298469
41160626
782585996
99815907
165946266
689761396
783416614
50098882
432125280
515766063
626414176
762681632
136965927
151863372
885811525
46510251
746602986
916794453
418774195
638382841
231330267
859794736
752840062
594178686
408776744
413792031
676691237
945017243
301900654
979565414
691948960
693689805
236312442
923477981
182960871
865495389
987661715
592835793
458327829
129775154
51002629
162636027
413441064
723205263
937138546
760292397
789642599
105796549
158512276
115663676
57049014
3176678
666928825
33558304
636696621
538503731
288320563
188407309
691039161
752154233
13070159
838399369
748198226
452559864
823817102
932724370
526369190
213487944
968902500
20316136
58848534
153767192
458466623
288999041
587380211
68694239
446353672
29634799
657040139
648484346
624149430
570894687
786504967
186236977
922516400
688772282
26760979
202754137
286781360
644457138
577174826
799254406
901796631
706173594
116704995
212603258
414437799
960881198
899388160
4414175
233923207
576154655
136894048
138196139
56815142
903281820
544710053
377929784
446178091
568002381
92150059
258685763
531367168
42554815
128004803
442175470
51894402
561961248
530043463
135044820
905963391
323615052
926706583
324445361
443141309
259594127
251970560
752293028
172294046
374776952
654256439
485472473
130246638
652625964
414561138
47994775
434000638
648308827
129421835
19234579
144062228
648831194
756576045
718778977
552307079
318489062
267887237
859241815
578168790
674529523
160708856
852476549
430837734
764343340
98450783
910308154
649448070
812448686
695054829
797221013
651311260
792417024
205635737
71401139
913745941
606677585
128439125
878741203
627993676
80010028
8174832
403585574
432539412
510808883
990982590
257132196
567039006
207927605
772138281
124652246
991706888
392728743
174124237
497764521
214068096
801779888
54634738
365903297
554175180
504252983
398546703
621551951
953253996
332200820
367923317
351645202
443195456
685174905
805033035
945629492
190049936
389146033
231248139
498158762
666354690
757123280
419937136
920028849
773360748
841318585
343269148
441520464
40310404
570402582
805514124
258582516
618292787
707871215
857333041
111966052
552042847
762535827
324566022
123740692
681463323
386622879
450331576
100338592
142885566
639337387
813936739
881864099
402894569
826508787
934602308
602560855
161480604
675965473
831409830
456944814
381842751
134605887
592542547
712856593
160983835
957026238
581241546
382851413
526686695
109340800
733352413
735324240
827841863
693066983
393586645
427514108
64580010
107507446
816695437
279731810
306791703
319598544
777143283
134023360
27381846
461405047
38625895
213801616
635800272
202953269
97101912
