182441409
292763882
707909676
443208986
757626062
444081543
398197707
541807076
741557597
15050521
937069436
594218210
755601026
582295131
259294799
690057053
845767084
259202580
620071630
126958225
324946092
25189210
859164442
49192921
568919848
191411623
667860627
504560920
547875035
192725988
74135185
183862183
251013920
809431321
193578957
857966715
397604557
718704301
399953282
625344019
520064763
406813452
693411722
351283280
170906725
207022024
242836543
438117433
333993820
847417439
406943087
753367792
779082791
951264924
895875690
157252198
433599439
658716754
874289136
566214438
776220914
893636785
993932039
548831608
940915334
753207252
343204289
946169703
388716173
401328082
292452496
127062783
859249296
994727610
606893461
918132639
331777487
507881161
878286194
361897824
948575078
229743193
170567099
700457594
785782900
320767392
404779391
299748995
913555629
36326759
424367276
738887801
844415163
833738842
849123103
626427976
412881411
144580113
410367945
417699472
863817733
296666839
49401260
932665736
554964943
279880303
894118494
784355180
344371462
977743050
825474710
925718276
780430558
512391312
617639358
546477721
723069686
293474444
763048707
620147942
348427861
43455294
32614073
352389413
976960805
553564693
282647619
25510453
145604506
980465483
505251228
187197373
97513216
460586722
498080090
651908239
180341933
237901361
145492651
505902596
426648896
620424209
955377531
935812578
210852048
498648998
958457242
332023850
216099484
302645382
903358289
119406966
381531405
790220002
69271611
820362438
264052765
697011845
955704930
1400249
997232683
868608041
638750673
363905978
472491821
638277336
828205060
319843835
14311221
965731117
366135787
485168324
147981793
257146110
193499045
728003650
88077761
96801493
141537365
478311806
595107450
950623767
809410968
842959123
77107194
385844261
805665967
307293212
391315111
677717650
387855474
483330086
282196430
144092402
508669912
558040854
981673534
591471553
463320757
572574710
670443937
638613406
317712629
250368365
936509593
418189965
971425172
124385295
596720956
341267959
732284677
167251271
555474480
477393124
406292798
46608915
59197072
795791549
286798783
86647560
832611368
520911847
928528723
336593570
577875643
882805700
202971893
3889390
748476196
635458190
746330114
496606207
633480735
568962653
807867867
956494043
632911138
559042602
906449528
658917227
414419088
681280671
710572255
50047152
945432972
220604203
927855605
804803304
737799603
462060996
498843781
185881985
304672769
376673196
739963341
149532089
710084681
981119057
672492721
53703892
215218071
967535781
375909097
961262764
594937843
235678470
533770534
986511825
669525255
449798754
413697776
500154468
889342019
627881555
672228471
151330696
810339591
878481571
391160597
357271440
954950094
398168587
266089786
286415200
136614409
560448129
191933437
256807539
828999311
658335778
246409361
651792079
886549880
852745635
443699156
446883305
305371573
749309489
455109307
709754502
686833667
941343778
135278049
288000848
48363219
998689311
296539964
676791213
704444724
588632644
339192496
831603109
589958460
315221281
98753797
817049482
701445994
89493897
824648355
34489714
43745032
276962995
157512513
11189477
203389393
761905695
613604587
36596383
184182398
225345165
845959121
61030101
423372263
681406094
670437771
13606315
262890538
978088936
238051980
137925096
263908164
515142223
552362813
240366667
319143281
414806250
61833619
571328599
753991838
626649672
745437309
215877676
924661132
420619592
666009469
409870671
783831264
124088572
84611455
286457523
385084724
259943580
492608814
479099559
742673521
278162394
408230846
908552364
644783508
85147482
554158944
723357057
851441916
686723258
770581548
528602808
724600181
917145845
692046194
788583141
700072076
42275987
282604544
557532725
479907854
630081445
136368967
2752671
15396624
260567100
229775049
138801966
893477480
951594456
752840371
3964584
22533408
73263253
497693144
40980886
6575404
153281253
926545090
668844355
72490727
22080252
364435758
237937874
650038043
137406661
685270488
866685418
432042376
296028313
586385445
342808736
977339034
935076088
999191703
112592075
141793426
405478175
893155740
384216407
855372431
415356978
829879575
899847459
933882886
766616964
506069400
651336927
419452700
651065307
782007737
546790822
115730896
613760187
485041997
457827602
265645686
898431092
352714626
877989962
575296610
363089630
706759588
597449167
365209010
410031634
26625548
87457319
74071549
385101069
899187458
601097228
260125512
542328682
813471923
657133748
192200675
464588298
304054986
883421077
631337260
33933561
447232717
780977068
514020574
39594623
227077840
363578846
450034090
541364101
846946388
243362333
52763548
15165777
808919795
492282801
708597388
232430407
534638449
523851251
739991415
418612080
577265378
34351631
751877848
180910509
286665309
573402212
800288263
827908247
265626926
801057387
594376106
469293548
246652702
541363049
915856911
925782519
83428593
325614386
182953793
663046700
637423227
532707446
538154679
655825125
548333679
244959735
733408886
321189121
948536359
959770267
929949847
780203733
143429662
212725179
456668182
412881086
29099219
333110065
752929312
653675627
563290582
622125841
275737175
45889000
648986225
583469999
768513073
267556746
576425889
782814868
149001814
209024062
340897457
76944715
781188852
44557931
496196950
96052722
632576828
41705574
839993325
479099142
879371887
305856657
871107538
814172371
325863885
33927523
84694867
502975824
896683299
750318527
572685073
529278165
99756118
15297385
256970271
492265679
6838900
964863679
476446660
465852139
744763231
165721490
810768452
720925785
439306275
66484946
431536325
412110250
916684134
933046496
700533235
711223737
813682301
84191440
742753953
969880516
174781460
834813852
257606113
734585550
182861878
73450064
886131567
398683286
636338987
811619291
977188595
765891466
787587658
3931270
89213822
667713147
565258913
374141185
734335909
713650396
495088204
150181753
374866096
259378939
602391196
672584615
586291689
963636801
49785291
861461335
715595862
15564678
272543431
287089754
317484218
172025046
707257566
741861109
282990260
671313167
279589922
412085166
84586798
627686983
89296349
665644858
624522591
912752863
843832673
32820087
145964824
439541116
349855529
29103556
474792312
24599707
459947756
998227172
132194353
510277262
487158374
922494764
348897994
774877651
96023428
961623917
493348034
500497903
686447050
917188775
960455580
823397803
91150924
63022742
434060474
83003037
65594954
747179111
170082589
936746336
48062024
673538824
119804128
16965203
715496511
276054746
665709147
243439874
812297441
292884511
712077288
709030392
609666755
772712997
184154793
357095156
63187172
309709145
531663554
127672430
172296823
124024687
226305812
926643897
72364506
322567019
348390191
286832786
595043081
391789275
959004751
712768643
828144583
195448015
462215237
813619548
802690636
331932790
59381139
819968680
295914769
249908159
688200461
393562539
205111486
251425187
213731047
318437925
878867948
76965318
19815864
755885807
215515557
42410158
764449513
924037336
447233011
193160229
944600696
392929491
927664554
378876360
648396792
420508166
333879758
999308643
880885808
414218739
310497760
370535243
554404518
731254381
250328006
711694872
831757660
922388663
435824224
832743272
721532411
820939318
108835972
29952265
407964837
518077762
371973410
203118943
497253086
785734424
430998501
538177900
366386537
609530407
387332093
666451647
892304125
917038408
601511365
267692294
59682781
205802841
370539378
799512306
7940165
508332705
522560799
288561482
505557801
503820684
210652497
842060849
488213111
614489738
471627817
123661377
284093519
897712288
970911522
130319030
48534756
130760814
502055557
95151383
983220237
772319858
4148705
944874109
343922287
583876357
819390745
914719250
320877297
168131930
773060490
515729569
450399940
309323664
22012100
899632131
995516962
83411928
697561141
993432401
575081927
588937651
49964788
751896798
137902590
263670715
382358128
994591836
946126884
471192335
219157538
928921965
703747283
275387994
816292068
235620305
504183999
577686688
944639193
921681443
684429937
295933245
521183551
320081181
841429246
955898247
673261436
974769853
875700188
71279391
134802067
965122826
433199672
508623155
520069454
394282585
722355070
252251905
806971519
80251572
201518229
824798908
968592365
849684960
948974390
844138524
811982284
175011945
493031595
786391793
395448131
417830273
138772733
775879696
309002464
279148681
67754099
729883606
910467551
182004342
590409277
407588274
118891647
874847493
336390268
254034710
495722293
195124127
755318538
422009482
513265234
251932094
770715168
864387620
720163214
859631027
327340879
671498590
371106789
997290721
143915962
498249491
481738258
89308395
675831258
716971792
826350092
657319974
199620691
240920773
326528486
992471462
341784353
624967177
489842293
793929954
705907260
93744871
513294692
694939679
348416230
616858156
419693405
71022112
273126558
143516037
647115104
274385112
55716482
449371435
951807801
396255508
358776816
913176829
38088379
92159786
925850014
29583252
199016234
619418474
427684617
838402318
995503435
514397765
95480996
520793771
910147740
145747991
374545326
926233259
153723766
233596007
158203897
676167109
648874490
527057804
78556085
410716146
816181835
532315221
69856687
551964980
601603491
750249255
289112970
930272976
633694645
428607522
586878797
397682507
868079938
676324007
894728635
893876216
267255062
510013911
621354720
905295638
975541114
752332786
233368296
501367113
899839784
129483222
295647668
718211793
238051610
682609706
264302338
511030574
13603700
515133868
213401416
666701011
549561787
875719635
236798826
245254180
225284795
165208018
887099124
481540217
558869193
976862817
58153320
477399758
338867370
264327680
408912046
138860579
905703082
173260446
435175030
63849048
