668055765
947645438
608003426
688679245
365166583
484641840
513504429
58651359
333319486
838420970
31411959
131907800
400634737
892633522
722332555
753206465
857483570
478403306
653035193
929740638
746979910
71771796
969346099
420810605
423293370
864152339
887252417
871410525
846863298
189263932
553125362
811103357
357939153
446179127
930717137
397908239
68772096
882239288
6110181
982796085
951178442
233667355
116175976
137851024
603418758
87619619
681715946
879022945
771260777
312887508
269684186
725040709
585374596
619302239
708534000
596283969
978299337
187192820
265385875
501014243
597389422
642093903
211788060
144055554
285295608
220308600
773968645
954455608
961916384
324424315
684434368
975244280
472293125
670239107
978562195
513312554
955595819
831495075
817391845
335673750
182436393
8229471
100149748
533975789
919579745
828084651
225728761
738636913
737645126
334433167
419608901
881579274
616853413
505095937
385406663
309084539
21879295
972120420
852555415
383110157
313650972
727260336
917106560
446836461
628453138
294439904
252747584
915135488
640740043
195221445
640688148
146804261
369800973
929712123
318577850
589159950
541944154
677812269
224475807
457210955
994579838
35331732
216810482
627483216
904815413
802855093
358390867
967197187
284832443
669477655
491433258
983475397
978939659
434281688
22022777
455176055
91122910
653313286
905522650
625139840
575337066
310593271
97896870
542423680
693745018
272804639
511778300
687141288
186518086
796246712
767140384
344067025
747644613
395344459
388530317
278319240
510449853
289623344
542021047
825598044
936049036
285550396
630303044
971262386
703788186
657212749
167864601
935519284
907689345
863401793
498037039
888630866
772289617
599335966
881873887
683986566
937434860
674386800
933738196
632010773
291076792
671249577
780679100
488585730
902337270
147366232
235830784
583595200
45751370
743703535
944726200
801499565
111292238
79924605
689090803
289786670
680290226
126634482
838635493
36532268
104940038
576259015
779451941
323116292
298209672
878509516
571777406
148308646
513470570
704543750
340884378
836063052
355885146
910010273
534521252
264799458
504871295
141717313
68925116
556421953
421381965
584269400
889767914
163985810
918675591
696537473
777338628
692365012
910245161
592087217
3696340
810800378
835751306
897205927
527070735
714817775
891797635
457562807
190376058
23827753
575588824
87522137
70124629
341207619
402819156
108663148
445614418
201281964
545403351
424291345
784915374
538572912
57709366
282213539
615150302
520670636
686491100
615466131
404440699
601672197
101170888
879412393
238063483
921383351
700847410
530083999
311745
458679217
382939537
819703475
373001822
47308487
951341254
45097362
980833128
333859827
514144770
548560294
761166652
810012443
250923055
576056663
146961660
485953816
807171841
465123426
753091011
553537767
282055625
6400098
28326675
276331503
53122107
588703860
922656864
696176430
849458653
148741276
640360207
872735156
108351403
986935200
818342425
725699875
51289522
737606887
587231657
12612004
301380410
281290475
6525866
137930805
854299478
594428255
350749142
525114223
732450732
752109665
114211510
235723983
776992986
446773976
176623592
376539439
791376799
96670318
994186378
362637393
122440496
284656697
484401173
365403493
908200086
888431495
701661039
263987853
757714236
421261784
434664293
69564954
877891767
740479007
252157357
765149
999874231
890395869
422032024
458693851
237954717
397542641
963725697
97348987
34529766
404636224
95742169
661577425
810311607
441802986
934323074
954619203
743420507
224594263
890171506
16723712
796889301
641122371
229730718
965867982
892767215
86761288
767399985
311188947
317445372
44646555
357832215
36513979
194616619
175858443
376665206
900980929
674638292
535492527
124682675
724897854
320930998
387052186
330873727
503563862
792689325
40083614
453676245
315911250
486938709
480045089
326144445
653297504
850307499
235433644
203875847
358751859
660665151
456164041
565926634
151193429
630142654
652536750
779903614
989883209
46804008
59228189
466960806
634453164
65137779
33342144
279980910
207927980
99911587
165273652
695792713
409837115
310248644
726166855
173178656
852683600
633085041
451488735
824250236
837400281
718502109
704534710
186206478
959182973
971982594
17913347
240315778
218474251
969565891
973489245
94755199
668394247
607148571
340990516
456759853
733461136
573122807
819223079
250773470
453596564
200064178
118216465
553385916
685033846
539640930
794038730
48503215
934498295
282985384
713243032
518108386
178653918
828286512
942503331
271381100
342269297
873021709
507777831
662470568
47224432
793026365
61506659
238362087
126422341
70518453
27398466
802688543
969258126
269407002
439717519
279560793
813861961
200715265
370653671
637336103
600285644
151148793
501172631
419542043
177943864
969410130
305817481
935488865
256322858
455380858
916101280
840107733
664645238
69609416
114490555
860439425
65344975
156752511
203549037
660570197
138557519
879854376
426963574
614515393
512242464
991350186
79245087
665091293
843267864
433682238
704246424
977938651
457632840
305167227
671095454
191120504
371849078
88235787
484526704
77814300
487208883
126017792
982039228
671041481
154417171
187290731
138043304
899648710
154916447
579278092
214215818
657109449
997166227
710083473
498778584
720431266
724185217
886657236
907299578
186593676
890165043
640726187
92221001
822640618
751134432
938162627
382474892
359478011
398513960
923370049
488590346
977109187
672225806
125734736
173361313
12539726
897815147
755922092
460098221
324951732
853306882
179596376
510174846
263989771
219466420
47136974
980772423
747549366
806388642
950664186
466935285
485191840
180936207
297933027
187649256
846482695
33796791
159398609
919907047
216254543
804815838
778565292
501134749
231546396
90687746
237106629
984883642
871431490
536722159
486238857
822616118
968263124
426559014
582347846
333286793
710568666
130551341
828231228
603174198
703997457
957390202
634925524
553089367
447849773
456434764
3398505
796172979
374292778
938085478
326878617
978742934
738416538
836015043
243843677
520135893
74741589
678461626
278628449
173302025
982359789
62253331
109340933
210827207
320149785
128048068
498672160
58632825
598588360
964646232
477080589
715931353
205565561
556224410
215909589
258864340
169890313
225475924
53284976
775111631
87289240
440933649
610590864
933346010
209843541
507495922
84199580
132248081
182715337
62211953
258545203
32107040
851922891
654929203
620814407
641744126
848049268
424098317
232939582
319801704
957762603
944765679
197584618
409646544
461004889
610947263
773177372
182192128
620105453
984979336
350245579
849265663
625176650
503516817
86012785
541426140
451662466
175994921
983666
812653861
43848487
366424078
875917487
536376407
706101028
444973549
864008461
550636357
935410001
574165462
410815071
745791995
992536341
733483270
817349026
142523560
243349030
200944319
472341121
598896276
734318548
902007451
512142626
197736000
711966372
409279539
406930389
348406073
568916417
79388267
190081660
672054346
423114651
420285719
275953216
591338524
68848191
661208210
703545515
16031340
746938801
222541014
246782125
45939991
574164264
604453583
856729321
891693378
686167789
943489224
298077109
250718146
703653799
402087388
78335313
141841035
854281451
678181487
824410034
296821489
38043159
515602387
981719938
856021734
384083801
738760723
322677343
572250622
457530053
226010502
73675368
582140819
497398803
456309781
851957474
511777534
655225325
466202635
623571734
107512788
552550216
515237009
662238282
625427192
781311157
939363512
968400546
21027262
341950406
134112181
737057072
390666702
836798174
406724025
977988179
231336413
240821074
390760389
661856188
835403540
281776239
284478698
434163325
460157287
869813855
715936288
753319342
247344018
550129912
566557777
486615708
388078815
54609753
716897246
744271271
522806149
853364103
356292746
74710577
444720288
770360176
301650081
230300216
323417872
488953429
683008665
745342643
90674777
478321600
620621060
270956459
264464936
804346445
788168192
825736547
268071518
81073684
202080995
755613336
65374868
186044169
721056528
470897348
775392627
647496471
348978256
336056948
119900928
662452752
455182029
377972308
884528327
316049812
217135900
65043364
980126157
54178482
110745452
971203856
186805189
970593643
662644564
769022416
929508851
295601317
222150772
583732368
266441560
891160697
476199753
441732465
651283108
600679408
9335708
258676118
49303648
830752731
454907587
675921400
139975172
346951716
625441715
428222024
23139571
242648751
386428131
948415122
587210545
723124827
845610388
213893035
970328230
230877138
568808146
94781224
523399604
952034110
541388496
479791309
425345698
765245887
69615388
228740230
186252998
13449564
726689199
283848918
306714104
958459781
15739716
149373426
599270893
434824051
831228683
839853472
345151928
234422540
745882845
686860099
909173185
273735649
996521822
543316731
45550309
262306718
471404234
420405970
31871262
914554482
735276512
97269536
289364234
975116277
250575701
374729284
277336327
396701485
241969026
9690007
515959551
102579213
641701018
628750763
707385111
696236962
614622141
535504178
399648453
728954672
749629295
288977064
206151265
854528395
570618122
151610049
768724063
526298656
183189920
923946279
542045328
306283229
251977655
392159620
223183268
918470179
860009190
624154614
184248349
456499398
562517144
948450441
992453513
736192837
170900548
806593972
632034630
367771059
835931619
349313346
647684575
935900054
20757516
302916588
164925187
446299448
891118269
434835837
404498154
98965652
606005219
751037670
213511564
318022745
467644677
209676321
850601556
249541397
405567494
788914931
836227770
990467525
351255828
943149053
166437528
801178852
296523549
469958426
683627847
764024149
519575418
400953004
690367036
833876573
276261703
606145273
285525712
949061066
227234433
