145478553
478159268
791044912
290323162
832463646
965422300
409760334
478061696
34446063
305816399
521645120
341548616
153122254
613373008
860793398
471434063
947104414
269118805
413635777
890683372
346642377
753435076
166274630
842614511
524974519
199610251
939149204
102905455
389184984
113592570
544972596
892300221
164151680
490192009
108236703
455213222
338220774
177539899
527202049
346084148
725660579
744236982
423425017
139888364
758267013
214465980
985858595
230906343
315600929
639800703
393318480
176011289
822798264
16227423
362570264
392043476
311884637
948430399
765348642
632853394
26273095
306854878
88876712
920853492
760843801
629344897
177396936
662930244
505136304
405580176
133213289
769564515
741916754
67551628
165022793
602405394
330010059
26386265
84347498
310508538
213751655
708242860
787304525
749384279
720274088
368961307
69501957
147924257
127621744
716193226
143328584
389790373
412191256
894348653
319811052
418805700
655360269
502571523
379044561
128922115
37069044
322928351
725770038
910020751
506587413
623753964
434094533
755246635
851204629
760164869
62033416
285498372
864082901
454840103
419101739
318030234
519550351
339492431
200579404
391882494
559842940
29472678
535308499
788943076
262251591
743422915
357373259
847568099
747740575
746217091
947045124
827438535
647341702
955425381
273439493
890823303
982472820
877283772
242796866
96520124
934866772
314255320
296719627
367456874
654159810
857830211
525707470
957351151
475246914
1780817
899255348
315867837
301992119
987162066
569079173
7596365
787619850
936826961
647769160
763164496
266380704
586526432
7506060
104987537
813119743
234594880
638156668
908657519
181400610
528278435
335557413
642266577
96695565
104059279
457015721
245587619
732753050
167851624
134783266
404421379
217715445
400022106
372321185
745959757
846961741
631177286
525446416
660179635
386346207
265843128
103203452
45645859
229514612
479632368
830139418
348340339
306749260
191732089
554337129
419564929
219673543
617049950
775950541
946968478
666223403
256988770
219172272
197932839
530146344
323491554
274843314
619768225
802043694
243347781
545449051
866358596
214205247
261546301
258025795
181942457
709148463
977977031
522311311
915557480
425074982
289911553
412751965
617063195
273919860
108675381
938838358
541020961
613514494
715218335
184747835
600665494
624071564
425352706
79736353
589972971
412005013
327513576
130033290
62854653
990999813
483435225
243602163
986166830
934183316
963780820
134135092
45202958
933706293
372394671
710416465
241696510
94738638
860393059
521893495
376311850
844236804
602109076
924012978
421470963
384653194
733822351
6253731
86825358
58599945
944783556
242287032
788852539
181809948
668052822
769937443
381634886
847943740
459456657
924557666
941639755
46309389
426585133
682879877
310139038
974540288
893635400
607314666
241119822
4801870
943051324
505926855
763678504
903459209
703424502
745736165
809895935
403500597
708562326
678201458
257177461
477181494
156776805
927566885
989399759
721493788
345282551
863393009
265653470
602457227
328781578
393752768
635281980
935835391
580253738
330002460
417651671
919229198
613873939
446930674
491017793
126507684
765133908
82023487
115548619
438856701
478608526
885393328
478385444
922316656
960041506
978134287
139381414
781255198
667380205
464458261
889532583
499018246
693480116
588645248
629257736
30242390
341661196
638662593
676020291
549298556
870644873
827843111
323205471
373422042
328084494
890666736
789626657
261631652
187183664
130669776
712047585
74753317
812018265
550543058
242885261
459889221
385007564
343336812
642415720
350647289
254371354
854026780
268455186
115795477
440469876
918633423
225749081
25228690
817672936
460775402
784846487
126471314
406003195
566250062
568211826
650765414
562187857
104963402
594232162
69374769
188507630
877749760
594071534
536710429
752410674
814779265
686999979
142937058
345759987
169368514
645234825
998324382
996246871
325373001
294927202
16618093
559387925
207409994
932952165
409451070
664917655
764397966
443958714
726408260
345823287
585576270
668750120
245768203
982331231
592119846
897701363
280044162
749104649
573040951
162139658
376621592
259955246
731744756
363384801
625690609
231633443
82812022
679468702
648304422
815540576
786522103
130224441
80630193
271322860
551593732
91377489
354777863
172011236
184781092
404457113
424109663
433791045
867663272
190887141
166834404
146029144
441231776
160605826
753640140
271667150
365190662
249219732
423205920
163233342
918305608
756662846
827643168
844025191
307261555
177817626
582105632
84929263
795654291
910867683
559301182
455351829
588119927
974445342
430737498
500742356
542923499
108032926
564323557
168583838
738029994
942830545
392291973
540857614
196550397
479661464
790401666
922206195
925828561
376637271
450349913
537302371
707018519
917396849
353017250
794930885
263734320
510752670
864749679
6963465
822351479
339180399
638136753
956795587
631585957
711482573
557909216
466786432
729868326
252897783
728743650
257157736
684896173
254622082
425203347
975475061
364370873
286785553
647474794
827600090
387415959
659899436
159100701
419017020
460517769
21998811
748333308
670723076
621428091
635806611
237008036
32170828
243283246
557360092
346232357
398849594
304693792
435496384
909271656
485067822
921752246
323615233
192337868
672930778
647893620
193192177
852406196
452396437
492193502
377542188
430560012
976948765
863277874
37149589
619547504
162452043
180079698
219119732
496277817
609587146
963149264
887186139
845358340
94061715
15889746
696572821
13874490
127536081
908389723
26353753
670781268
928874487
377513896
162406972
905847842
63800726
467561567
486169921
771123399
267325592
169592614
295936871
178529573
243885903
205246599
260059270
168892952
206133657
937812586
183780314
218769895
85574060
939218565
299684509
521918556
34566106
478256892
98276153
657041032
951320798
179317687
724870114
544006712
465839748
706760918
501685524
599434869
700870902
131301745
555746778
694890474
693909776
447996332
228952225
439994531
667212393
708656565
601472436
888815114
755830474
527679868
807740832
189723493
724609409
807583857
585207208
989655920
77829386
640488414
871281736
585543833
369285413
829128887
819802599
88007905
444722498
751930157
712689824
537124984
703561074
660624400
468022049
74831911
382065808
488889838
524860117
637577726
710266340
859689977
854706162
325909539
876784454
209461037
901210556
423640929
371576853
535146620
819397301
658255890
121553709
512029602
521605482
60382487
260020008
970202943
325605061
864780887
628193731
140944319
995272032
915282234
995966740
64347452
185254040
95206074
59657818
732908920
807657684
235719571
282723739
947629481
279389580
218139408
785782251
545372196
708759377
159824375
927918330
396161670
716431050
909575876
932532854
54433934
415571274
191531471
139018917
407639561
814811902
411862863
163284777
660079229
9383995
569322020
864417943
939423927
329942798
812437002
24206997
806004482
363983111
638667932
727488935
583677730
375532150
173924227
232640022
303466074
274600235
714647810
261443565
165780685
936862556
232032061
424513268
85696155
982749378
941532805
648776176
993722567
956187155
652018255
918097016
395794820
72434794
622644509
938245485
710067558
353721463
846358323
215429397
896322374
135617378
121913847
32178558
77763118
182086941
348855124
678901782
241647046
958891448
835552842
133039326
100164091
150419298
997504090
723216672
777351932
144808752
778721788
956674547
388409991
163660825
30484428
849817325
711964854
720570914
331694115
511242936
752887640
235678740
522572463
949744609
428241911
499218413
365121190
30163306
814948708
199853502
346750149
903609213
633894254
262631023
407129130
34831119
120634312
518978929
817932925
245375522
74930702
899427836
160893553
565258805
574999674
889683774
827019405
732661549
105132949
272096521
320213703
357192202
850392824
837612186
926014141
5968306
436318985
885808232
704797413
600945677
785298106
967340784
908267962
577498430
798058602
875112573
322780292
125778968
756531694
995653308
729183013
192985925
902637988
86318592
436312234
853459802
74785187
957313656
374744934
538558135
672199007
632459639
925030355
542852187
879639798
989557946
53216388
796282067
336616880
401160823
598512132
234826078
814181514
216987247
460077414
107589917
991159872
583395122
767200202
699887100
566903481
701240436
976129854
109479640
542913506
127227778
454554213
764074232
401299952
72554338
931183117
479005327
511063298
166239277
928746669
152838467
42310428
365415775
697858630
808500655
821896185
526498224
789162086
355370870
397141175
494356934
378804409
685650740
626241177
328722317
862299929
491390064
190113454
674857833
971654653
970958569
656329784
815550715
999938679
752412020
535003732
289142155
394982114
264062541
469977705
119506805
723762779
647942236
288240577
307238947
65279488
625744097
885536490
958699546
877990914
40405257
912078348
620758984
712338463
48556572
748423367
768903472
137833054
72577635
210254408
439793053
288891873
836205464
194584623
957788098
496508681
226759712
365477095
945446609
273496922
532754029
131516110
525099544
885393164
277634370
770594153
730862171
397410162
319002230
263442828
236555832
605853572
231413907
796866918
931249395
58880220
35570799
103212251
951382106
3988652
766100259
151309100
322404479
53808133
30184651
830614930
887557314
453357612
330452478
810730264
838519775
260267001
940089879
685202623
345236884
908889146
386978803
735365819
434704093
277962418
17561195
371493309
818830823
809134806
973698574
833939480
57477965
39338546
263335226
898907877
460937882
123547460
414094987
941457956
507396661
381444928
809111629
471291411
855208512
447019438
883036838
277504558
66957684
508271964
424923051
976288829
665763691
546211282
451630033
22360249
671901415
300204979
668508156
673419688
986427456
394606950
332478276
513269672
80109557
196245170
773136965
848218767
190022386
