55371134
354964917
634871729
167569104
807574634
482200546
493904569
677552296
7896868
213031756
615276923
649584362
247347325
643660675
745681810
518241991
647305166
339416737
559628423
945945211
280196877
338580364
563034560
735136813
631864926
196531580
531179496
640114753
324804385
148472818
535947269
564227110
851015305
196890989
137171028
666741489
225517139
750870176
642720710
571599228
771560078
195160357
517442066
582055511
829413360
378081273
377630399
732168272
798845519
507023600
768558236
348860733
744117153
651332055
221729479
716790769
791930355
899734915
535704176
611043054
951021049
853789815
352747910
859424049
677084485
51049812
798569056
50456336
506489647
78940321
292724852
896434989
696696026
988029194
174385132
85036519
821138296
980979048
905723451
253783653
818901180
799011223
841269232
817780783
379914580
187086536
820109956
199683249
975161509
420380257
874811132
325782222
215165999
31677655
620578177
917770261
842412445
658018016
904971024
778363548
579512215
327174063
225678624
719905198
214298748
872123246
652164705
756087958
476946922
136692960
895652471
810951306
994011463
281920523
792141872
152009826
12520582
534967126
479509468
489997949
230939854
598885806
75294826
86109389
204129187
966942628
681268990
665018370
367451016
256614869
242624072
163120279
76008023
127359902
674271436
491727117
573332598
121364034
603482035
507791333
534921830
64021998
722736326
838468548
524727785
63859826
331770758
933245475
239535781
468568350
905249678
307445319
178508547
414973075
547423693
980626407
251879236
139569235
515776010
247356118
190854255
987146333
388636941
220332052
894068886
732532191
734943283
866651560
607649085
300414755
578677227
891156547
931485089
971718134
955076117
166917856
876149479
236826276
561381603
140269360
635171869
748023513
425482589
898882664
351365189
935178752
984611730
661034946
579936207
693645028
239847880
433763362
605588022
356125916
316937077
547775495
675385055
502404273
944399661
792195592
328916542
465119197
325596390
939121025
889891122
14093131
375960229
206790412
459896956
380505837
104476927
15052960
578187631
375506649
612184248
442830741
561663744
489754276
868966862
958890133
747920459
73908336
286715353
914004055
60566875
144913864
285568524
575359172
654781057
407300621
491532800
373745206
292426613
769186009
811352817
170052672
422427123
486361562
8991542
337272058
559218522
777821318
201137989
199430370
589168100
224794919
855575730
230081372
743941667
874106334
986111750
185630779
633437410
985509526
44275132
255008205
178403844
411592333
878554149
744977257
728524606
800601055
552009353
52596334
888973035
730731720
722626345
809001620
564153831
442131576
20403617
75302181
480762733
531694804
399671610
970099139
872770346
87284983
324835954
835771955
289338133
55487151
831417504
780674721
421188870
305902021
740307795
306917086
724910876
556344612
991648827
10834790
607807412
264014283
608747450
758617466
225811965
148541654
310457333
858436379
502168572
46574110
665927540
301810090
853702717
910809569
704868044
101742606
585837916
74175992
382237857
91118860
86756378
42782194
455639124
673037454
969183549
771334630
631407463
583071014
990423923
415709259
84090743
7809218
450482748
9568827
467494767
216748450
922947352
641054143
744287174
724228691
776827648
466399574
333603382
242764023
389559610
529607413
926972003
510379299
601033975
638565189
721079168
650734884
174106754
900529966
924078410
565025217
808375157
935709995
789433915
454477333
517134190
727386317
868012454
86459313
962483365
658118322
851327341
844133890
443314801
488119594
178795252
944783771
329888816
658009165
314291211
620356802
709178811
212875101
283477844
439576135
844362626
121028163
982037037
351858734
694630089
433355857
833702462
549952780
85490415
902469548
408373291
987237356
851620226
289809841
207094501
49441331
598387118
247144069
280280656
731441286
678280071
82838112
67064498
112914381
459769936
776295396
320846068
516097588
586238755
303721607
855846405
595500056
652232150
349857779
610114705
396106026
745349279
516153720
391829222
529127507
824415858
301374560
758643474
540845251
79746302
191557895
93163545
40078974
450914664
264849880
21969684
462034741
932594444
552036556
761296063
761524513
53963665
869122655
892088796
918334692
112509789
317604874
963714024
781768806
46623142
812873234
335005205
501762446
679695135
810988473
304092050
82233398
855314846
751153147
907025427
376905510
324194636
526219245
33168079
268212040
683131850
280767093
65182923
321388874
281751923
393811664
662905611
100195594
588561715
848590190
342142360
876226622
624064922
473494528
416617718
506810983
337660534
976874667
494222108
266873067
856552689
591401097
360383838
639926189
960757828
939736285
606719894
181441296
645011128
384390552
437329876
527744419
835954576
623876756
235202841
831742694
252421950
642325149
500016882
652811477
149967622
234809611
913200729
831104943
468846113
427865427
458168474
381820317
334535429
400214443
39244976
347319968
31997136
766295010
411659350
91730753
920383254
425256733
360631045
342015637
787091768
481464314
455184465
204171163
411260313
814397939
40272046
188166
238291686
584875022
254389033
695335383
476857784
841410630
116905444
621743078
678200366
529278894
171080076
532892401
481567810
224899576
846905865
244796684
345145575
90009908
495747283
69659565
212217405
143472088
911359439
827165216
281694104
158001245
865719707
668503306
779625145
709029566
419844629
654448172
387593380
457980308
143528630
749660405
145825410
343909591
870462182
190586504
649389566
789916271
413530385
391104359
254176656
827738643
860447825
562192192
634558448
210387780
859025586
321250404
318650656
970612479
787970759
94819598
673515582
427223815
413641279
318856539
975690921
448402136
842117931
969170798
109434264
516631903
145299020
23587502
81370945
97245459
98971273
1235984
219547725
305160778
420269998
422301133
729941701
520255079
572988560
453955459
297553418
303527515
33944858
569237364
850003979
98594224
335797515
416980900
670009547
48709032
76144823
718601594
930268311
551605642
214895582
200987429
947798338
444359585
281670095
737544752
682439623
836860323
480821246
537312988
111416506
857789602
101702679
13489878
550342481
365669626
364877895
153260502
854235254
959685818
21303120
672163406
414457278
272880567
119166819
10840039
180834387
728318119
353577953
32661913
21100636
380369678
70967671
667942081
90265196
219282569
474502793
285582115
238584983
835443806
771515835
460693093
822706268
496631869
457820857
992214376
996891544
322307637
866638417
304339921
683831135
922884320
864366339
970582491
530302521
542732175
786530150
674917771
325192766
270830056
556710364
954121503
483282370
448159332
516212352
731046827
786821930
433760597
923224681
331059912
891166831
79295780
914675517
18791447
188169983
560610026
849457136
917825407
815059708
126952442
13948494
858526749
861679700
49238031
348830776
98216314
516003338
100385179
137639559
547533020
432752418
799585021
960389348
967754926
278733442
817394330
977410722
374546936
980419516
726774029
205392445
563130946
399082955
535578505
413173089
604535355
8208802
845574891
782412508
969692494
693275037
868704741
859858062
198240323
256881562
698183613
92441803
434044339
99328556
417996037
215043489
686436751
296121038
375691660
898307492
91581810
118906430
946920589
740058003
370775651
583199303
474910200
937405890
88285679
921559995
450817546
459443794
326101194
636064940
744295419
90007511
670428445
317972670
167947063
854257981
564047675
939726958
762149025
710873364
580549827
724952527
543366382
275218380
562423478
511730539
518955693
267009908
23391294
637271011
321591279
485628925
61288211
105516887
411636856
386493191
218364837
931298849
771572382
276680326
806064014
238739819
766340607
797979397
355033135
327988525
544615042
368464080
128173974
521433678
334259817
151854851
356757404
236047225
159508176
645823123
39832920
199691820
374982412
576555138
402604302
183807638
436052500
688830181
314473661
258666494
28719299
564911557
906335812
781453871
635893143
632748825
168154575
485468698
904809348
341810007
958611918
745386983
920185243
234434952
967115496
150491612
138835933
501957614
303011194
169736428
128871521
825240985
946008710
765813731
346660270
18673017
556316437
195017244
874076023
622256376
802687318
77510426
483505736
96366641
299269225
979703483
462128266
346720102
885540533
701510991
983700274
871288704
331237876
817698167
687211203
294445935
279506575
140547459
609439641
252112689
44971704
934094884
385818986
144737233
129794972
203478313
618902846
140522081
434793600
617220126
76432387
973137330
611392674
282552971
539122688
881101492
261881247
823818602
935165726
987412011
688363344
792115829
616417079
601500202
186036152
257582816
494003108
128310542
78602527
52214334
739166440
415768977
585577601
621963333
577284671
868592433
691691438
338768502
966571667
95790911
360800636
321606185
911926500
268320407
625078603
10562944
259896029
48684904
278575479
806109710
32564688
455687972
205381732
622027628
563749343
252855873
317677804
784318783
958701080
872212155
709475204
490592304
61919553
382579265
878053685
660663408
387559728
989429339
705268299
670530254
189410054
923112743
857246934
839374814
626611374
366757159
880189327
348096672
976421598
175473207
997686785
445318203
849735062
272492816
19649646
283478468
210387245
963549971
58213990
324428797
550914628
907372653
380067421
94359511
386315706
870208331
259686631
529347235
390266720
964415193
623003215
270466688
343416604
608045224
616699656
109451943
598441036
366006917
995416252
196992183
372666545
969581130
807897184
783227872
874525369
264157000
640857241
789426736
362929619
594575216
450276163
424009755
931215349
380839501
119615625
282037399
543045321
762887422
453059107
756403042
107070527
350842092
957829950
12006404
552469991
727220096
101901599
241689837
655793158
910197701
685037430
