239628727
17184304
527414627
427402768
935228466
324055420
294767390
479726323
76184866
759717871
489288738
874040153
497121264
201714384
545856937
976661708
323662056
334989686
65278712
383135142
444106298
114249131
926012854
259305121
944078052
291230518
361052711
935505689
887051279
76354359
154871222
295134025
234444856
298623551
339579752
866568457
517220990
519803588
658135329
206779654
920273470
874697842
931956526
592504451
956860611
414909804
493710000
973759048
476499170
941241898
330211517
380133615
114531183
670520709
183133192
125379595
91171449
268109506
483324715
643997948
963002708
359261700
592675042
999830506
604846649
194154712
639595297
198497712
862134630
679288479
459440717
803858466
676854356
858499057
462861670
569408455
182292603
333508403
302444509
529168248
797520516
387293662
459006518
945809380
746142841
774737605
180602842
563924146
115490359
214200157
775397008
249111484
36478873
14137381
243776944
561011769
282022800
932126019
987657800
762705898
775314505
295212287
111624418
797210690
481801180
526353049
703279257
256032124
207659038
613724736
943086991
757663044
965664996
954156465
846477430
575709046
900255180
646865661
253687665
830109043
13551870
75671151
83007353
647934473
903891469
210329233
767379593
662716975
614722112
901849899
287385654
250166583
345850601
539738609
753853741
502308229
275669243
661795827
464008199
219789791
71458348
924570716
356265107
501765621
271113165
17733964
283446486
82322407
167659949
668067897
660756588
635157137
678438354
157548757
749154028
699643354
212204934
463689943
893319220
271471947
758973455
40562282
641310011
305809137
326339081
692920407
411812443
425926386
200302724
344169201
300039802
238459353
182857462
33897873
758650695
88981152
719406042
581241730
376821308
886157505
926882745
685057186
495057025
946654213
241093311
652228516
571728227
188301843
790584580
54210387
290103294
811979298
768476605
192536251
460816335
30896065
283260704
50455970
175426539
578192756
605921520
857520099
882019681
823490747
368028095
422297235
452299675
644540480
398898061
660172875
980237311
630963202
86868635
7161715
344589200
73916268
545505256
694655797
64715825
674110564
121192180
223510599
635341805
146092337
54065906
488060502
469982746
990321209
573081536
727754629
805720447
668950071
405815190
798628550
280235985
69362646
803037503
671566276
578626117
818796074
199928840
927187745
789403781
130411705
73973074
659140091
725110663
761314890
847947050
386900066
485390807
588604906
985740143
501315974
457000576
382410920
222178294
735927344
769424841
879967592
952314488
461978465
71458944
671143430
854452427
311287239
225148011
288240083
726925728
275226554
270878764
873938979
116029679
245919749
474181723
194004433
434106816
504930099
72119262
394925814
762949837
708667854
142374158
186181470
242363822
217115540
683209926
904499215
341627974
897825063
847184351
67110158
902141434
698658524
866481585
737950373
855728801
118260350
275959277
762685834
433992079
436870579
34389161
572720496
116021302
611451827
472575227
739820393
27134250
262996143
948304103
717248193
663808082
374499026
117017754
243646633
319604306
885277472
428779608
637336886
628077311
320648795
946612107
829100664
428042202
203768606
971797543
417371154
379438163
736231349
338275630
315846466
228970822
309433426
960933734
326079258
674278692
569653661
70160168
630911993
744540311
943389532
877364965
78631831
949520959
129936157
403302074
527642407
581640769
622834952
418346067
970451327
689480740
638622389
134608522
113343283
490258470
205288496
144678294
912252694
639654282
55204073
360382230
290902900
924720511
632457636
488277371
354374656
413565291
790938495
569367940
749950644
815117304
797867614
892796573
684687778
443283829
867980276
879579704
298106044
800466530
444155136
835730383
756603209
317885281
367824301
626365724
590348431
174824903
847590450
835820787
468990196
424975367
157907472
991257709
689336238
583007301
586462064
153911319
317063322
641658785
48927418
114077115
790702273
53467011
668395422
155334023
891613125
745825815
449920743
670059453
622278193
325708790
846572248
111786164
195499145
219473688
603779019
973017617
556896210
6091912
897928938
179549752
565974840
955117707
100377744
324975276
657209832
806609903
203460335
101680477
856821763
714068957
562516382
656447257
751539112
330078021
45028110
703136197
649489858
212490278
734752598
844522615
724904159
177530996
213542593
143281405
578403117
46121308
795758564
469862549
979228280
613444446
597015107
310971409
743729845
869377664
548102273
835584565
953089266
343420145
498124189
85003221
542365479
348240266
813237689
908209234
763192406
190124990
360247051
865421123
174445578
900642821
323527758
344405932
271339312
53406323
454645592
388443844
741575113
957096337
746572157
611088524
10851339
733597784
122452195
243377317
117053849
251544972
912717411
882161446
781975746
209443544
750046929
306069713
714366087
649749376
302157135
376663892
364293305
305333358
380088997
388278126
685874255
930337439
295416971
78585459
289916687
252609175
39632096
690323522
414732072
159658429
94009451
995992928
596847986
887035664
74151882
808767694
225788070
569860372
791155385
511647434
277407578
478085603
83445376
965002032
150595891
17458045
630039843
621589935
751249186
77981699
24150538
436241755
577007339
358294030
925214267
80513898
438180812
43866736
953460628
864444673
211912875
222393888
467429374
622317317
115434092
754054000
709221725
827330421
575597494
493389439
150875822
794432932
514177971
868441562
110870548
207788652
846892063
330414937
927989567
272458642
622569330
418042160
939074334
336750372
135507891
657767695
418985589
238553955
961821396
993637982
370586881
181921334
616399742
926710711
299734558
55013689
10656229
461128058
849567940
396541890
308236318
802709421
45992441
257859746
927105876
229717604
922063782
708565775
247423482
717425615
233621834
107765875
115877168
681001986
241875342
793870714
283319553
130679001
486809425
457666395
335068411
470667770
865509024
581959510
122802558
968954486
178033189
587467259
568707004
55856858
197132422
385764004
480846996
531447677
964222322
819859908
372049718
681214587
409644495
905790285
735703912
710419812
991130472
244395781
760016148
262821006
66044166
935397755
684835368
505863842
771694135
879977227
974318631
391901545
61473478
837568547
937200395
464032930
135057188
958151388
51684414
334596522
139858771
191566623
520293192
847857829
626918878
584429490
716779662
422015432
421820995
602104964
721034505
581019139
721962481
624648597
479537297
621113243
821943361
859981550
902910320
242635433
902631889
62843161
284162722
317155194
411445371
88945451
469974198
126653775
882659511
908016787
546157399
451493105
854105870
401107389
570561040
799563848
724102587
912158317
635902127
481614675
218618092
262819935
84042847
169589171
158942721
393299492
669939062
436824880
358031249
316087152
642089567
275075636
55241068
809048980
431964632
77015609
907403900
203137998
436412457
537973426
114455291
590125887
539355920
513804206
55947564
269541400
726913267
320855092
54087556
679973447
897010654
909785042
224079423
421295645
24017340
639811953
978800313
114573551
158212472
18145878
419006387
33149317
768622524
566572358
265927220
271081762
396252036
45056890
969142756
493545430
892159947
520964589
475745860
97928700
367159383
628492204
723464014
570238639
113641606
889401320
666386224
349083970
382737323
678057801
419076496
732304524
50996213
633945421
785031639
792152677
98215295
792830348
44925525
418266578
118967038
81305974
821503361
972783560
247876986
784865801
873289362
681856377
351712334
560542124
787813499
376046065
434039182
126150723
54136262
395525135
916347938
408561674
931945
268811151
351759653
69922417
650411993
90564723
147495862
533622694
220085549
762306613
260025249
176990078
395330135
99329598
476039063
57479281
978961660
285853409
806988841
750680453
322361652
328775803
16111957
984529846
997371634
822195197
890244300
43030431
298265341
924845489
579809159
389506503
875804738
689653620
791898403
776114373
66506925
49044621
430893979
730938638
825287698
714254290
564780251
110982748
421831127
174722256
165211989
688483901
900007001
376559900
147189061
768282852
588536293
165667484
86200021
672156140
252699193
367229806
72550782
828216794
200320422
104465430
235357352
295240059
182497454
870518744
301185339
705676514
307431193
699924688
990972354
929917039
854959428
76050203
925392753
608107360
763995551
905129208
562698718
822649378
656983208
201760399
143023429
921705440
777656427
811526306
800970209
710137253
603453598
119742263
523415180
699277118
976493837
602677183
530618216
720822267
478896938
269540192
928485293
551312381
873536915
459535474
381052708
200082312
385587544
217272021
913323422
512486090
240274730
478092659
908160588
347569984
804531086
249901403
171233586
998560022
961442000
313651911
517583630
370971146
69548535
591048084
102222915
187688929
176509508
291695236
953423200
252282244
545431986
204570486
129210422
494455358
976643913
11386337
949112461
197447733
820707689
942941116
536117895
560384406
898202882
288484119
469862523
125360938
211581674
175845195
894746031
726592434
431443596
532058193
759380266
165245026
751956560
557514146
481763845
282488831
357312558
193363778
23572803
93892308
263848819
661041178
967054102
35704243
348882237
413705229
370926069
793144749
300788940
973785852
177852332
18500884
777534015
957199223
472768263
781064415
121185560
976861976
976107254
664312
396949204
226830765
820838646
13373793
445190218
963965395
742498796
419129767
529622490
666623629
840135174
627343911
919368312
442225586
296535586
237161704
321430015
434158279
776478700
797876443
804919125
101601282
425803493
457657743
354205861
740879382
387711009
794757336
84745883
700699429
161303270
380450581
217256522
22908490
696943102
37018053
840202530
953680309
590514024
384916840
671206431
951796301
263522258
