586765323
349600037
407820823
193094694
849049748
305743149
381490087
701522767
456293079
129746877
40721870
925704424
930508069
660235109
230838751
367289690
968272151
316510855
142541299
12007855
895394699
195516072
360425651
666935571
97694349
806316348
466993438
690977937
66872717
990948757
710083859
179344542
114423210
953833117
939259633
617784235
72452124
914851537
540833595
92474623
366884676
683933300
833041497
965788173
462186637
315754507
112568694
835481479
707864705
801926701
281336715
432659046
702805115
737261354
997422165
391249250
989174385
740885250
95400344
42733399
838749709
690512148
634650050
465344321
419663016
861377327
811281214
976674951
720975474
613054515
294837565
53420614
775677259
50066676
645123178
211461398
362474574
394637476
204748934
781939840
693747654
631511957
983113231
264946014
709612041
277424812
476539425
377161855
956410950
548010382
628609849
331566872
819451192
498100195
253724912
676372526
49283250
367697175
546125156
600809308
504473292
135893741
114506005
94810189
507089135
227916101
656981786
652738439
92138175
785960766
28774676
594536908
536136316
313460502
348985743
207237751
707398916
369704035
755732278
142238204
384837902
434119359
20264000
172965091
984444665
963270692
233969420
277577063
796341762
968750651
162178147
994777397
848512318
603939625
277466548
557853913
517005952
888303041
757856878
481695940
620443025
823800984
285023679
170450184
519235706
34072940
795430555
505990690
149114451
46487161
968973609
679579214
611964896
403886952
215971405
70353933
115629740
941540912
110365523
543818441
993946679
379404722
856396676
123387522
623782618
33997277
746024589
932196690
35993954
791131829
690231797
819095873
611847155
274036337
521795178
561036916
149095679
849813815
653729383
950371724
167840137
727978729
128462612
749854601
999777041
482598932
382812501
444625365
387968219
207112615
442224172
575465039
777937518
214038436
487749259
241038302
967404307
161636156
546667564
485238428
288048350
863233863
469996736
357982620
356255362
149877735
67732058
337928558
882091773
654934488
921258252
265815924
287811528
159993797
375978304
265967950
250942110
106542074
123610480
141183685
651184775
301399223
544228471
828881337
348907657
114766758
41158354
397808719
786287077
280756875
593632607
987459521
303146250
168490955
662323373
304606272
257981993
770479990
393599238
849899305
414866874
44883942
562533591
733033729
285854361
176408247
287653510
617943720
838060131
221781309
990096191
860862232
38025676
405483878
834053652
986649126
319005392
641115397
9074963
241488603
108719380
669923338
551641480
601334898
61301880
933798729
962669673
119320573
497670422
71372031
7985957
480462119
712942835
273711174
726316810
606300832
738865631
811194740
543026975
172499410
827113247
423214633
559748586
564505768
290660682
732770374
949433845
897662370
334437301
675674246
985600878
616866594
761405027
152110634
741179924
744943535
493242461
961198691
671731849
352055630
213738573
168332936
120273297
766688099
213795351
509634072
147919397
764314501
679167067
227752819
247783494
507810651
98088421
836575551
414375355
685504746
110174751
987135711
310674215
328531505
984364883
65007302
784883271
821996175
85771151
391119361
719057091
560832200
532531248
981373274
113058371
777666938
139462890
190971345
958760836
658780310
302941335
793060486
350710416
781026609
584850976
185119344
218495303
106684482
427890751
477790227
518778173
924829474
737735278
55675177
634768783
506106749
650524476
343200343
367690746
148731270
383449664
298277121
680916947
822675989
790576980
587087195
231783252
697793791
114694448
470116555
368347760
907117075
877814714
755595043
382563411
317114264
636425294
529647604
743680527
799245539
846511998
678198788
394105423
607980923
872341187
794227615
823096921
476856070
346604490
606951621
127142462
796262546
823280597
810029565
275330646
4664214
112143538
528034426
990449628
997763780
953336090
520701510
991990033
957774195
109442466
611661097
47014759
982140234
673111765
317654519
869681453
120876871
599519815
568445206
302219270
705250874
904171696
72936024
950334800
996349363
763990273
754927180
351189300
507742826
342974093
572085213
83836477
67785148
480264397
377899196
204970725
108390868
539197975
745916746
845909447
325810488
686208754
436331227
498538456
260680090
747212856
840956686
803744304
28949971
737270166
6265590
196742730
254835391
507810295
570079770
100492516
39207513
577699624
994100264
233773507
198408909
169512209
484247206
614800102
537357252
527824619
979229609
501875837
295212569
112683793
761290585
581678895
853603068
722535757
976408781
19042119
467840469
574397566
689654710
249136506
923033586
951182875
322239329
770472658
336708502
375342482
829001085
559974852
910184625
277406680
165763211
530691242
545097709
512143239
647500537
156298278
201961547
821531123
961181203
732855469
767983246
339080849
508531735
916266176
975979579
424586694
343139661
532299632
531401512
551037650
632652045
464809946
888044912
744963758
310739919
247226033
847272879
713774547
278091600
162014769
698823533
419254756
591691210
17805888
946920581
230599343
36581186
341459829
75035220
820110503
817080570
646309344
613216362
956799240
481153259
583952737
442651140
405973152
794493078
912121806
32202821
296701453
28573339
359146974
644754633
700953264
642646328
800133950
201403319
400274504
309025397
488186999
543439523
799166434
34031936
348728489
747389637
490725846
969345594
745380236
388005508
1679832
457264411
711291008
733957078
986342700
851593582
931245671
263810498
726787181
804574891
441299727
919281467
365969792
129811947
402122080
390681416
232544235
373051254
245967316
587953013
236447234
140056509
674760715
511085105
328893570
102869820
814049927
922767303
132424769
836563098
951925293
436627556
49112841
524116298
30522989
839437040
317282330
625189894
658411932
849359681
711400656
536323451
474616136
595699611
867725669
568905531
177469731
669354486
631909855
958047071
514845401
117674591
723378277
157427222
151558273
861623321
782503695
200205903
405063507
883472879
37543654
8478367
131385729
890224081
852649596
4672170
870168625
841853492
99288958
562685039
73399086
607354339
714639321
396607633
876552356
700123782
665440372
79061103
643359434
759988038
925400088
144695441
290857448
174377697
321717697
834250701
713249277
891685618
372558024
168899667
56933344
117076426
220126387
774939051
811816026
702922288
404937722
584392053
743050013
863053498
698736904
335616237
570065528
69224816
884647984
907491060
403035269
326770643
280874865
451434489
196182948
703442592
556846467
645075468
958072790
892848212
717620918
957008030
568506384
18398895
291422891
978483006
469295467
930389289
505751694
956322659
387227952
939700268
584791606
173630067
295186060
81048318
336011088
780305935
61251134
589783850
574629911
221632632
289729711
414226635
431215431
386478633
610810752
921123534
972716717
353490751
560229958
575050918
816866260
918967812
985301369
447929690
15885668
724651118
571630607
720253896
866320768
639676237
563473120
928325324
520263108
463335000
741979036
107244797
156248428
115134630
367431503
776540531
583824333
368288940
318218300
495988285
667278318
154279749
587183462
904944256
367672254
548171932
957672571
152260943
396092701
812177033
122834007
665823792
188328697
847256369
65162649
611359969
208675328
340997237
723463080
934953673
658159510
361404386
893963525
967880430
644499596
503565955
764875105
857582087
986059246
783689425
991226583
448577320
600749511
489313083
780651370
861605918
137467655
666686349
352581642
318148836
682003665
411212176
532232623
708086073
340500993
76155243
918916098
308992058
49971980
756071533
567865203
242827096
644825858
383264626
837828774
305873932
260316222
619303031
260444660
864106297
783296825
100090484
166201696
612403274
820950449
674256686
65074280
699015613
66604998
203556730
473892313
541988977
988415593
405314244
252950007
246947334
829171762
185877452
627379437
568344352
584649855
455883047
807610106
229987713
215824222
748399487
803751460
217484885
651484308
474777438
601289695
518164623
406241688
488475343
534852009
581913181
245010480
919829348
887135623
666244305
11080963
219900485
242387059
846415248
282179219
25876225
254411501
239511614
130314618
590881440
476702168
74438770
991923593
692100307
279456442
327413778
292480376
936213981
396579051
72550961
870505224
847589394
47531304
591827559
602267034
955727689
135747289
499940250
870462233
671036825
1936853
909342413
298741828
961135130
557263389
364749369
213495987
961194856
947808492
189947997
493987985
564239846
87170266
60602868
998075268
526850925
526241028
714141380
209018900
207438230
289432804
308796497
523250296
814584661
795739080
163491567
172369180
650559499
244148214
326451529
890128935
754471250
369049379
459277792
588944586
567359754
775696941
30788463
134836917
914707071
113917790
331285518
988405487
206631054
578562975
306265378
760419128
986928435
593752289
75416109
429486660
421605907
290921349
663024002
381604020
693140354
386092116
484157165
165396049
393771821
192380189
562936487
717046642
621356963
299819060
739516734
195190466
627892473
471658280
430715514
751153982
495452565
579304462
294311828
93520440
958147285
320391008
316619241
236021686
489473702
403072438
185440744
56807209
168732104
896964867
468523027
463549901
706025376
77673771
895804231
181267637
291539775
865392412
741065094
722326882
550981301
614238874
367048524
906811992
839046239
111074911
132526654
515270154
163036775
324262125
934034093
842301443
996609520
569503562
423456734
372749345
69472874
248135478
675922346
990699382
6939445
506129278
548314538
724392095
831296032
275966833
489165089
550218701
575854048
249447876
459614206
630060152
838239367
571984945
542539137
343908410
953342483
409807248
396975445
378398790
270545783
670170588
893770432
844469978
962930772
626221582
466940379
136521813
654217036
523054885
111794762
