357430148
952320039
72845210
427420589
727710152
123410583
22255543
967089957
607403995
198931509
420764049
569384263
722277526
836041539
660243831
949609795
707203534
474957518
776862640
843393350
182472430
863807682
298001349
927998125
813098210
570740126
948366152
95633770
341649220
288477950
981581402
333326735
755750318
349096005
563441331
85982769
170026852
726817972
448092062
74752105
840906607
259220219
403426239
882038770
395987969
752741411
825467556
401741711
622604867
743146540
670320870
904768541
952816465
549452039
496081590
493622465
654318689
144847084
614322377
156970025
175044430
926621772
625440736
318926045
217350106
87437313
813633944
373181521
272600207
574261061
779582942
980385561
26865455
702110535
2486743
923252210
460381442
415962578
532010156
60356799
745272568
546624440
473028902
598502679
618157078
76812860
380510268
206298278
853014414
69818866
431664078
25179767
112495594
291122037
899707674
914284833
633779481
84500194
664688664
308550655
939107465
452286035
129141503
48343805
963563596
689935307
877903086
250705930
546965296
572829378
33241022
238356111
612836926
553965578
411697455
628419988
453592870
26938057
700768965
140537246
706927043
607335665
520167106
202781341
142596982
754403174
867889967
735743417
802402859
88201908
289472728
375881248
751273912
223459501
121249332
292986533
417482937
424685096
634939082
928221770
198909773
129804338
659332981
280185035
36577844
193307966
412342840
558530014
879424580
271287686
460691963
606841424
383731228
524151418
601623610
331771800
932118928
926360161
905746821
209160421
822045338
142159668
448303069
458763387
283356650
657359772
487082198
389377425
432716245
118710922
210937050
28907773
391998973
772547194
941627471
577122705
948002683
239982070
166203497
949289014
342060334
309359953
856318835
531115173
627509944
682631303
992150019
227122494
621835889
789477531
360867603
491122775
518938273
425778660
106176431
56750104
681501268
200569594
996828384
379218070
706225767
22965414
125813768
760713658
60350635
431784190
214842450
611184032
582523945
24500905
383769115
692136857
760156663
956457805
867100085
512685385
285840832
917187895
831253442
600725345
665209752
259959703
767541534
643238713
757843317
719814274
509969498
966220312
666370763
884877366
895621436
747433089
243153685
786985426
243063247
319094920
183546184
95605176
470764538
195725754
467788852
380965986
644598548
597334984
405708415
668730745
730966110
562480467
558678574
593491044
770909271
764313371
369316151
396103038
714008316
446266064
255423878
482575054
2870341
340536359
921814690
248622137
944813268
697646577
128879467
636336025
448983172
973171236
713394558
548005165
329139201
190235655
446423356
635527687
132936493
284243766
615361153
170206549
237530297
89112571
988848162
947489030
407541738
72879718
113968095
131308064
378116938
847050646
72977109
796797181
63671041
700971129
92734835
130228178
273911062
219166715
436152716
946951969
468455516
769372389
219747573
757794873
849085907
10673408
264351843
580673616
317890015
733788462
263166544
429764550
830904909
85217328
245044756
913757768
351688195
974325658
841080398
871933550
583678482
997571402
258219087
601932524
900194126
916597376
484334123
628168070
97500820
316195177
361616624
913769777
848091048
668409182
701751032
468157907
869364997
231053289
98403123
396868329
808527874
533294477
813418047
644328474
583884101
643212558
965892270
978453712
455926373
178977065
778539982
299585403
378086315
564219165
363273487
470884113
511153301
617815047
857600745
932488530
526339284
636183771
483172796
1694837
372171837
349396766
581673501
162495727
383466295
776886847
44392771
120634906
875922535
444212069
63405675
50384004
184153354
613890611
18048423
256981568
950705104
505880410
172241697
918523753
537655194
62031221
535683461
283871882
305135695
230866918
957004604
251549950
373452542
165914591
870529043
172344102
50121681
811723210
272156637
234487335
61539057
803396543
594987416
679039524
134584294
657905075
423662866
933874245
500813489
312889483
286730758
897262689
599766623
600619177
981783424
20458873
463942073
564649041
464039642
310140616
813713303
297801618
857360030
152599377
819882241
792842819
747182362
710007943
573683024
891061571
262323
372430143
341733974
783561087
195442511
147308560
910892993
493202171
783939459
879750117
638368353
601809214
783058391
992246210
944136158
59741915
651783325
772833364
184131165
850070170
708402027
485472638
347683568
962016019
420774030
763737437
946036511
442388039
859157282
341741473
910722712
713654921
360191221
609751917
312627159
914300614
555528714
816205535
405176666
834474863
109565879
970739901
780709580
584289523
671772261
211904088
514743226
865113819
208463217
760140325
141059493
974348997
525876777
723612852
182659543
514789683
24746574
379717953
362787056
431705072
201272048
468504953
634044888
442197986
969027404
924713430
241617993
173306474
679619051
29835544
504213200
835577789
367656697
349656300
740504290
737662125
704763057
763394043
290243758
208869941
248994211
80922692
233924822
99016956
200681980
936373713
187778144
636578367
427092373
797837475
889554039
175810760
453418478
973471592
633202815
641060924
336695013
338511594
615262117
747058829
970286094
341436751
185494767
178627672
255927125
305481703
606692299
176220476
983108561
444997417
810026625
261352530
89474195
153917115
182710861
120349355
234580131
535027931
241516006
32653691
736935286
605039624
746214100
881781574
140281503
328402439
382159310
394185104
716453484
99443365
400967112
366251462
148131925
543184928
238583845
907557458
895427923
55297149
843089829
895200275
329681413
11557667
653469805
982094954
987810849
628201509
86336565
299501363
790760730
512853459
406480793
801667080
96995588
582608426
10123542
365246469
595222650
303713192
38346168
927524685
923322391
212507195
459766991
883665195
44030305
443775162
113220604
546289265
915333268
275153402
224921431
179282981
691938100
346315729
702972276
725377619
951569818
764119144
893970724
512079993
242065873
82657947
603424372
203600024
692962571
599300030
269255874
565523498
533061385
873337374
312334807
591714731
16950981
915565143
971877883
117174217
551790674
769804608
938064649
544035686
514980905
540047298
384168093
515607328
287932028
227197811
109728979
750679858
879636148
284745921
413676650
831103505
409742466
526266174
685458811
840664444
609082822
256166966
190702624
444730274
174519287
547697104
13227879
41995893
962818594
633206698
162332000
776372956
374437845
585798058
173586945
181765209
826054494
349935037
997099087
702018573
698489853
87817043
915667995
465764760
489571050
518576015
685887348
248315464
459660724
481231301
181972265
490684806
230106331
131213439
508091394
295623707
579101984
493334375
369516399
967283799
526819418
342172199
552788733
654725328
64865810
333356022
376242012
293838090
111158976
231911440
5049010
59807428
529167086
983440236
142174590
521265778
340498970
724937862
955159222
655943271
861809755
764912414
582335168
481587292
451234433
671647193
546266624
243224406
77706664
877963236
602663224
332720119
980418637
29815287
175199155
356317653
535028309
260942666
400898949
156215028
142334002
392049258
137156487
227749283
476182290
122164836
961517719
246666094
989038847
986825615
955124735
854164120
538175151
713573126
105474044
761907002
759837030
71201440
203490895
393218616
787089396
133017606
216131425
233195738
629248215
672328890
79388789
499351798
808241081
785856936
986237467
79556303
324038913
798944194
513609268
469760496
627755927
354585884
5405002
329069597
710129473
299600530
254185557
90881048
922838500
748499102
794544966
266845511
924341241
413292151
596480622
463826869
57451771
7680333
369125630
9316395
175917832
903960748
598501067
803853399
42776046
462165920
438425011
203181911
588147
875568431
530125207
739230956
199963857
635713546
134151075
405251146
65796438
874421297
683089141
487488865
878832048
125250377
310357237
880749111
877783922
812543277
575010555
394948930
189376314
522410598
22104532
316358580
429818563
504292873
293842664
723795177
756084816
201551602
286293550
247963553
861175518
51003646
90292900
47270068
218373895
55314010
66881653
288627695
279141075
191229476
398030431
183030473
324591190
881636764
130484346
50667454
593603511
717751954
926069475
230232768
887155363
43476081
13805597
478177548
853463899
213766627
309412392
695670983
341870882
410355897
649166328
864244834
588127746
435125588
626313346
827828401
34957476
263087168
662375216
822469911
745661624
286382860
115807854
998146837
124380167
839074058
991767388
548181798
373808527
243175209
130191666
38332861
275482125
56060782
360808188
817699436
37198049
612115351
193806168
4607267
745901617
371210668
946756811
868785176
542063146
533785595
594902725
889465600
255323417
302655943
15709978
330516342
55376737
103599564
484571142
600772502
927668225
15658759
353797381
14389841
221999237
761230593
321862456
98695672
280164231
610833467
588762709
532066964
74317399
808613908
790630352
422842124
69281000
657767949
76568294
374450955
339626048
247022677
456083690
590594570
244171332
102301787
292858380
71152583
227465231
799675322
982956123
171882561
571489638
760035685
890031210
21539290
258317970
179416326
782608029
984671022
49348212
848061138
588620945
931229677
945022884
62835760
815148200
446709507
512025590
592867852
261235342
397608787
27031269
110120187
261146454
680645548
559575067
763202809
770218507
119697449
468372213
250709872
871230440
480488908
627877342
416880148
960577325
314281713
918582697
769091061
164524153
889864672
875159919
91897270
325102742
491564908
658401730
524854012
645571685
181335571
287153586
846148871
559126992
634597377
538439979
585347336
144851291
461369450
498889230
209385661
461964222
495115160
409197817
662910579
516298809
798638339
976830697
108132037
303352335
528142736
102258434
500866487
528126808
742934527
