64518088
278199757
799748700
396131113
399764887
935035074
687880561
975145137
137317777
163830094
365025089
345248323
685460019
668506839
316672132
873910887
91346363
847808547
990460070
355996376
388547586
409825761
328232095
357736701
36004071
534025194
505737337
571749634
469506871
397266641
518405977
691156733
916413470
828362601
207347539
8088665
328388248
126493064
213778920
904852016
236408606
837680699
24801186
374650891
361650559
413637896
126729495
284469817
480493444
890081349
415710693
359817449
364149059
928405458
332954096
654692326
949967660
442011998
360127041
865739692
429297736
116130927
505638266
740051135
645424116
673868355
428834852
857097417
461159300
308583467
545522639
964853297
634029627
85608054
119587769
550866885
385024574
953581203
996086141
622366174
407295699
221267520
91256190
579425520
981555947
158588528
327007673
988008010
495408504
552655211
58121003
886376249
766366021
348039226
475554279
120277679
332042433
284750050
729226774
687782203
984803042
269632076
823310515
171909977
344558710
450857394
725787820
278541005
808817688
782087210
269667751
996386456
445925856
737760866
458443993
208030215
24874736
926212744
758495186
486835587
346860681
440826840
361688913
908504088
250462463
659146389
198487276
285990400
610053773
999310088
218824452
100274524
224354429
308303937
637563130
137663622
397957004
919346212
234866809
530698552
432800706
48466668
179190321
713321293
282987459
61734546
440450392
28605154
889595232
267524063
95402943
405829687
526254862
242391186
340921521
543976201
907943162
914806426
921447512
685412320
252370118
439797420
668487230
809507599
563262757
169393227
772032026
137621918
100197736
320780371
810073210
105528523
691345934
227796634
54034881
298394012
261636519
648367618
625516628
188727917
218695996
169882121
396395167
342529709
903907145
812994764
574019661
981963242
967382414
93586928
229720458
483150577
997898698
549454488
278328434
993003284
379979437
369682721
150058535
113594232
289702518
302828474
928407417
568814861
457450852
989874419
714483751
298458227
188356304
42527509
282339682
259575543
289289797
732719595
466716324
82487996
43402253
325957520
905600452
750267992
595373565
790068783
170239502
6610807
91059912
326922633
107629823
141891446
949468199
61031595
918414574
891953796
498309083
511922396
899025397
915867520
241474703
827580304
885078856
914032725
98511012
275561433
793606937
924854905
811247244
970144913
193860780
265179103
82738164
195840438
949601031
54021916
464082267
399790542
518220666
499633734
132588971
921796610
477754948
130528219
882244595
572592305
348990027
127324708
124112934
390385885
761266459
777367399
833694197
550848802
841013291
215821947
440878663
991567726
651756979
319812131
996461844
245384596
195363561
120914997
133061852
842450719
59153282
753627760
111430562
864392657
427871528
98518540
993701729
399391663
783278549
319678092
349825355
754550636
31788129
525918706
926571404
666282229
800741971
420861359
208878454
416493380
431484904
531889361
354827145
733779084
613143252
472514540
748033561
198408534
503171888
887204373
726433048
356839951
997466365
39793876
513439023
595362265
15894145
259720275
962514355
662747919
783665668
434302534
767570251
521335199
865996590
686328025
959779597
125838273
393240725
330179615
444642624
774502200
912036542
716568471
410965814
527263920
398800615
377651477
251249404
955356987
350484977
795293195
896219773
896074174
593245042
992985403
757084270
991994251
12479683
331209139
650388083
541021695
458347003
546130533
632827710
997182369
764319108
833491944
867782493
926815225
512734941
622195288
805167808
172992273
442561749
951930846
444803408
280897894
628828060
986175102
196561650
638242667
8470871
7157367
312262941
988372472
538082760
871496075
928090156
873011185
929243754
967785344
113358589
62031586
679791530
903620928
316155196
365906008
83740760
413783443
762944810
565308669
509868983
324434178
442622045
728289688
990125385
723227499
453512425
641314194
548181995
476186375
363166190
26304580
134647488
12145416
532550824
451189636
233867592
644455237
459099609
892823031
905401787
994771306
997571470
544949596
508836698
743136222
493200741
538940819
635775650
78897399
197157133
215044617
223230291
631252979
128373683
684036691
564535320
583973252
998247085
814855259
417983650
286775961
324829190
453057378
604619153
87054009
927384096
667646114
371070104
864965559
132038415
439285521
954683833
870121777
659906881
515097676
326862707
897672448
219452989
246989163
230026757
914571605
5538544
469284595
279029242
148121573
803074287
503394508
883771731
848514131
886654314
649894339
646208151
644244349
474839381
618625826
669942116
544514091
940330442
421782689
815752124
825554626
167870715
770810089
946858982
757871611
260360782
353108512
971346097
613276006
357173984
666862871
364520263
751257921
584828501
503412043
281237416
855544593
174028136
456497579
283979720
423989587
783874381
522555972
978311244
482144075
793077368
310439484
395282396
41281054
845155559
782348614
957342005
797670298
431237037
404472130
746700889
234728454
522425611
521157629
887760790
449965775
532048409
270495724
491340146
219791442
285374075
894950229
59415847
971427336
337388409
814397521
370485954
483832862
137802968
391762537
41680244
645314742
792498843
464714907
964794241
949921297
957826115
930065042
768120446
574825368
709520865
566849963
320020883
180356371
756711152
46508962
333118981
652870505
568736788
834013944
891941176
513378657
31215825
758519802
196769999
898127138
251023636
423855058
703892644
30758037
411862659
473509142
659867330
39474500
362791885
101386147
442229610
57710704
556363387
937839491
492139659
601983366
502375276
916514776
510270576
718524111
574929346
879059474
214716183
290879447
481278539
717615448
915096072
303789023
499821359
528301586
614098916
33979041
267944907
66667103
698897661
533971056
226172398
737362409
162962709
236011722
906982632
280546382
817564485
655325004
604279351
275408277
96507118
630897296
341874285
289957810
11003380
114701047
248249226
478245887
323197791
371964160
209138874
413013196
549479497
694247210
558413068
356078306
539653140
834490297
487287230
408250569
789765795
489696284
238941829
958168601
375810967
765012866
753552067
274258853
811541478
294382964
61494989
559391177
686600095
205870261
621108329
284198776
961914736
209863548
517298206
499397868
785729813
789699019
743469310
326933500
324832181
813159200
187882911
468715497
677598652
550904325
740893241
983074186
168037774
196028781
485642480
606810832
391955466
383705682
914146841
245990512
361148979
973990371
666704408
28814827
310469170
649747695
726413100
343609235
73138880
274214292
394163569
329789591
317192091
987889361
622520754
66776
746226972
912008328
633336419
562651765
577129955
284836570
596660200
260637152
553489722
78420802
391353403
490571313
720227779
14297497
892243309
578209053
295716706
271307694
138248889
811739441
122994611
714654482
16464329
675084484
86746100
844273675
395576616
403384360
156740756
411103649
665882094
180148412
573508026
485575704
860583858
479947136
750369262
351495076
668860556
76312408
377330171
406067255
475325104
232048368
258394292
235841787
623381454
58841383
381970981
815954514
34072885
45884397
849640471
810781311
877072163
31572489
895543998
958251933
475905665
732856278
889259953
193275839
103896396
142386072
412538706
211204991
917063285
234652075
153713637
412296172
827839790
944221628
602447136
61936480
434409270
716927355
239329378
784415960
416690192
850904311
220892220
336735232
21413378
340786240
377030764
619997697
330507939
762726713
608503539
829011368
584403137
792117327
875589409
936004276
187052454
184054331
302170858
332939032
819509660
47189301
318778500
388729379
905127744
969674808
988114722
89851255
443437259
787703991
376372041
160144808
792243110
111128038
541561741
625001352
511964058
552524720
171862461
763110154
765355306
792541008
880697050
154336571
626148534
324702268
827893034
35722463
68632218
666442859
874884025
250354939
414756496
906390345
964906298
369500891
532125811
832162840
431607486
51738569
352671517
287179509
176560438
542803947
386354672
448358731
36768258
473275099
250555585
250588057
424040218
634527732
12191869
539060702
567583724
26968652
166492249
164441929
762580843
580425476
141781774
952392258
21219036
776994398
912819965
126017102
745388310
885852764
146221738
172060850
92875541
679801216
120917234
120123892
410438637
478175797
615980569
337893103
767981898
177789803
287934010
354617934
785166877
818044160
242402641
240356292
238163069
875695792
338806620
937937645
203008641
367683882
69581996
851182009
909956793
400279257
265960472
399566038
629983980
260337570
702970419
150915492
327053360
78494735
157712516
744239000
513610498
892067976
128622065
89407926
410988081
828599145
396460030
584791040
292491466
787163838
167225381
203174875
534591757
672463672
887854032
869692516
547046143
208284092
969052208
725191657
610219220
269735223
210167097
10159379
212215325
216414531
707909121
507644328
474819383
137018517
27564574
706672142
660331644
498163640
726745793
346095091
747073727
249398693
526949563
374409495
971223851
484790955
558690543
122792955
233053876
62785597
864974279
957520307
372483536
833277901
603869347
118769268
109442525
432520857
134019779
243875274
681900878
118462685
877192600
194573550
120690023
888815700
109971656
155472948
759599263
460553237
542843229
36428117
945717877
541758940
122618789
297647449
681334527
594642712
753967805
125428264
711044679
87374142
777105502
149429727
351440250
750388813
135160791
641541481
533149168
908795305
597229616
227810786
364143860
482870518
664194212
628611042
372206092
332376013
253719471
82408150
374819298
403217594
363193690
772500637
519942366
828546162
11802429
830724595
710659111
306221898
437434740
514799812
678553050
8591515
532830594
594526736
341357182
727762872
843133298
370301209
753654909
468430174
