488577270
838375371
564980229
181453818
153546932
739473979
512291649
661818339
881715318
706406830
549100863
131923095
951327405
514769393
502434253
623606458
903013203
23411414
707355778
234217418
789635614
197247863
32157844
945972620
60247508
716304804
340273658
527220360
314138157
996769227
812223502
502126141
363732133
33403193
934570405
479918245
588478105
820017012
240871526
239182085
134343570
453108952
281218936
976315964
906678803
886882589
70149742
132133251
933958725
419749772
739010640
131558756
180424655
196823674
789869797
291329406
806217527
619007608
121206310
437242126
399200321
985071287
347680182
884946089
894183326
46974722
768190961
917924212
580198987
22516007
35128352
82996190
782539887
468173692
99873848
336526661
916028925
55841878
39293816
173364918
646155062
208140406
593261634
894388383
257758586
680664746
321701485
166908459
243533394
643240998
673700717
969470496
698810701
803629398
839981763
149272282
105428769
396272846
82132637
859704081
118691627
152225528
551934263
911442717
384621420
656014449
349018867
712250962
96949825
453343135
375300479
750375648
579713791
947841391
791087063
191059915
391809653
453291798
627187502
213518580
725273235
601282502
674390818
936957987
348815289
65657854
384185488
978910488
628191928
950601565
231097892
519756079
973709240
179589734
54673290
493929533
656206141
681818915
509766963
601744136
331645878
609450522
69958633
790190257
267940518
923325068
389756705
750969309
12542334
648921847
757462627
652136970
769085342
868614055
134430845
517409124
477834708
614976275
562627428
318963565
271828961
370108378
84059033
146348259
222245243
855544399
776666406
400124056
893168101
297157529
534853772
709990736
943524834
25443366
881872701
115822713
531323868
884200560
669017468
425490219
675901148
633216177
966368153
979270079
193138937
578960920
750670735
105095184
45158888
537264164
16094825
41229865
119191487
190803397
329915175
961537498
525391488
923610372
567945013
412396118
146658662
989632647
857801207
715384804
114068075
47471891
708612135
743641976
986741353
18608132
986085254
593634147
945958805
137137208
643062415
638612782
403740224
104788952
953209321
643284321
104873663
671571221
354965168
355903936
281062704
493623906
590799249
752721436
695528190
920335201
590431223
607713495
316255546
256621350
278831557
686268500
775414969
250983348
865202004
145667046
870348784
7028759
118353830
26550756
551178909
422460676
95271059
982054277
547740981
691302391
557797273
420602536
970401050
924660690
307522454
475087439
634667479
501897270
434322099
620444167
456672640
955890697
48113786
66406151
428176908
378371759
277378600
689337455
858305650
956793914
863197812
152756875
239586947
807542275
772935536
97844904
553217391
328414412
804725026
858602026
398352847
608744971
204980455
4225798
362537928
169828687
637312444
391594855
949098894
803744116
51601021
273517698
816661248
244757837
688994404
914458085
958914972
51947679
598373847
172807149
145082076
405933602
123748626
590947065
828104577
405040398
181015588
162858774
151725154
209677550
921870047
306253067
697172243
575720072
222091319
847927668
750910242
43887987
703868222
258348220
741059313
885783744
740238559
54561533
905192893
589680113
336095626
994829108
118547870
858477449
138929930
501269711
730040563
631917876
713519950
992419243
484996344
614033388
176121219
957497529
988813097
474453669
239869701
739421344
881874068
745347953
576345453
240941175
22666518
841066734
163547843
915026985
348079456
340025626
431747835
259298331
665695042
69187092
685754171
238424464
68944771
186186478
44310904
293247703
70747619
420600335
576212502
65254367
862200121
229672074
362931323
136876854
867766766
746370691
269535122
266605643
645914042
817215
172687464
159844940
13334660
95154451
972162590
277481134
694929606
223902944
153190255
390014937
200170040
454221618
326724201
415809252
928279216
937696754
888552757
802626618
430142765
946621996
668673724
461273733
169135450
511091086
378741053
792994442
478135410
26670989
47260218
601708763
70490504
165142191
613384287
664877827
896499627
525909230
225089803
973790319
214023887
766829768
598318096
846844673
267410079
186197564
865084325
407978502
902947872
947122070
208597636
930070010
857817932
466908502
836462877
699292045
332143489
711413730
990709488
502243573
716413396
179168148
799345722
668258617
176642726
551481491
319524433
35027849
840837330
661846372
519309623
402369985
712606951
914762437
588602731
663312996
348303899
821829050
193863653
982937884
646006759
970762549
890046569
531013339
818073351
117190207
743890829
603582000
328679313
914092240
332734338
185085897
535199741
722846229
257376922
34855738
967484044
930059478
670201947
715928587
866673130
830056475
567141171
241101499
427812447
806227650
217463059
943055494
878305769
173149880
350988145
510314437
517550076
7771603
856236812
745650846
289121578
268332383
850185264
59452518
807590660
715942431
706348535
926745088
329112034
334223726
867170243
989760720
657385515
553746992
695828951
418244420
151627102
477935064
116264754
815950282
403621377
648945069
103200891
11845701
899727147
800835334
725276229
155529432
563104095
822419899
667535819
527428137
866609416
511726074
745734159
699151660
79874213
610749428
908337926
150730698
123707940
640396082
911989463
93588720
939057405
227702337
285669978
324558777
477320928
932743723
358687334
39615011
891506848
40286529
342029468
640176507
165131491
838339563
159725370
6755326
990666201
550819102
363640993
506692134
666687905
339742106
123151304
145659441
808012832
996677289
338370207
540877673
569597137
965534054
692242342
763225294
736955604
9612171
72788294
672024809
515165355
400717452
678208502
630360370
463732564
627920807
635921287
826322887
169696605
105557651
534020168
241534648
451024058
901582599
160064496
572888836
276755089
405297329
426900813
599315299
104551033
140010537
516545943
480643638
594373516
817809660
470017872
925972792
348044186
578804173
903220902
155519320
765551268
487700560
491589969
589948748
872610599
733280622
42959569
38767097
703820817
296828416
975962834
702455180
462657121
96835558
89853614
668014537
805469558
119353505
486470204
331658274
582711356
473472994
567473775
375154818
884171507
197564864
35986853
645922902
157902934
709948494
478278700
590892431
202336748
378500847
475983379
963323496
409992629
570115746
700278236
543474466
362337760
388133715
895494481
807722616
164047702
814090761
17986516
497537957
727956045
802003334
120503234
228690680
92333968
571562627
572807962
292078274
920226783
116435151
705777240
675045734
697293768
397036665
880864161
993872322
818549714
385070403
500118432
84156273
620852178
126530117
258021907
235353811
419075267
942995737
969320513
194577641
577978512
759751158
211107116
70080745
179578347
538448895
917966855
355899599
589445259
249588020
498558462
630774119
805692884
183905105
43096713
293557478
864338505
25232501
846180696
965301093
507269552
901622157
989172901
778977297
313972329
933830242
876685778
601425928
543981427
885149422
809615412
149338229
602242113
378230321
714099760
160475625
905328034
635696494
495467387
158844873
479069809
524964562
404427062
568961694
886511940
869344311
278463388
436947073
83433404
964464427
371015304
393842765
96815040
4019419
687308087
676356353
770578255
432129817
756108415
245748103
661763115
316540926
811918170
704295836
439972606
349220232
28532006
427462562
469805343
882621087
388229443
228642011
529765113
687335823
486231284
982304988
497195095
420211207
892465356
444628017
655366854
439738704
517992524
579516998
514134117
415772646
52523189
598222693
690922232
37743407
389897368
473198217
879588077
249719283
497081756
162528882
713046391
700131225
128989087
537291707
840812304
851000824
967141729
200812315
576234984
142373293
864077651
409479215
517788134
705003097
179161257
350367048
539664459
311480398
590381248
222024411
798548401
232401172
190161719
24199960
296697043
430309312
736540328
432061936
492723718
915031224
349053932
280045830
190254067
323702402
269258597
797063869
291222120
355173649
603815711
804366028
472596974
317180208
3282013
371760823
551694994
643043972
80434559
985919134
858582148
39530319
933533756
568107679
659338033
275057345
363980479
480645219
509969505
104789127
240594664
410502992
114460495
535079793
708088595
661203758
793319359
584031821
219225148
194085731
435744500
382097387
59144928
184490810
707664685
786015218
749427435
481368192
229119158
818400894
472504965
653653069
349874752
750621193
573479786
453193399
981497467
780946251
620707795
915196721
959721921
788613377
287094363
186432992
114578984
193312719
689905533
937517180
609091611
342078253
578441462
967663171
423818823
886348826
550174634
476484760
980385390
749042945
860442993
873322814
525629908
882612286
251526060
691568609
632284160
586941593
60628239
363839301
961600005
254895196
679706290
12373107
963324025
304028426
234363809
647131121
95003023
872711934
69911825
514351966
96109685
811910254
872276579
887040903
239959432
504841792
229834246
463525925
200446559
96995025
472808008
232454521
920503257
747384979
389566813
77109635
537087316
595525752
554148831
527637390
132684479
326066232
975917173
354196415
662371962
566068354
4339146
119790397
651985016
903043511
381481737
107673455
679131120
346091027
777213128
713719652
10335706
364485156
451609177
127442368
357107347
597102312
163392741
864604979
782087187
447251769
91869849
215939045
914461611
157254174
110043804
499477269
318563103
542274434
381667486
770043452
835993080
518080164
224668940
673891076
500502646
110043848
811540907
297403046
715513287
365134552
553323400
574412230
970171850
675847160
66773929
172602160
143916575
426706462
170530042
535582165
162673490
111312193
572109226
215120193
474198505
788400100
205328784
494730842
792999707
882004466
789110350
136856685
964423539
7169676
877726570
492255540
139816215
777718100
626939721
247063498
