631596202
800982542
943814048
905917495
743290261
538770103
28119752
554034541
57560325
916566197
319295881
87953191
338036604
290022198
330737802
159754746
78319085
934183809
824974863
690764288
109735283
753935123
70259362
51612906
968733367
659705354
775594350
999879595
18162666
4522734
644242143
686604698
117154266
957863480
346059640
130473950
529992868
936393420
261060916
503153143
791111066
252179139
453029514
272508493
143408019
738528078
961635109
881287877
494352537
729955204
303555643
526273687
386663145
189803324
690951393
877661077
730723179
892201142
937184126
83584906
763175752
28240156
535871875
53037590
272324053
632691181
970798923
380173122
943962557
200263852
629761876
141925663
673122892
321821720
899653220
857556142
300905609
797750868
908204886
230205288
698070244
894306472
505527057
288207460
700967090
117968456
299941553
927350941
266912087
468398561
399750769
637791725
999209293
177476009
739977390
762870909
716307263
399991923
184439
510716836
767729154
581461987
937325318
294088684
100193327
161629979
853150793
64841425
290150102
833395250
576755468
932972310
983996255
706978838
385514661
868869279
522713097
247664414
352070499
154355597
332749628
43447982
113261035
475563996
800513081
991970150
142716369
495646883
581844328
136782311
141248878
900913684
797566428
397488049
462476133
116608256
956981152
211438373
188014133
539337110
264817661
235100127
637200839
433516836
891643092
466778458
653795469
292230455
791961346
871108110
240157812
468642849
47921424
845828840
177967207
724281172
468200951
461761322
493575602
108223176
18913610
357503910
482997095
153367790
692146371
675841782
135405881
586508205
244502704
268906405
911888125
311274724
59650280
812733387
889537935
97649501
406247141
679744198
583920903
333734622
338174680
850485913
703685535
710736217
896624498
672606028
852992259
951737586
219520842
738194959
648407304
495219829
717862770
79790956
520423500
907313749
752103030
483833048
741370463
215801309
331372577
67287263
47727750
523054941
959219983
928883086
408992568
235188036
956290904
80317706
318034030
788456752
877840418
159840979
770048494
168427695
653818374
772260877
256743291
19540342
822849521
183668293
366987362
506307744
620499099
416668296
593411953
979859323
292309887
982224184
345546469
922414091
938373733
368119593
2362045
270887417
802758163
180630593
751516232
967741410
263613460
617804223
995446680
139203136
420160928
859950551
617379410
558021790
309742461
351995804
253495375
979842151
227089756
721830121
392951786
147704284
700299900
541420004
902555841
542551687
335471133
429133244
942878147
974066719
734771235
395619937
850083017
509720824
157478933
499161077
365669531
473187781
20744645
289001880
755926881
205045298
188221611
227784226
86146815
760548547
799288884
35390162
670116861
940314082
728728809
365704316
695324334
216543612
975167806
854657760
570587515
261338158
278074751
208964544
632270276
834480215
674926075
21379961
404431899
24540991
9867534
107658585
400542857
810581382
986326271
780307592
959097506
938087875
965903239
187906488
959482671
472515673
455273189
142007293
743262801
300080971
759016381
2564065
245337909
369066919
700295602
633539404
534553016
302821172
928573560
104331373
195113029
811780099
656731602
921446664
530119221
166841649
823352326
61605824
750681013
691630298
634847303
859535478
953987809
948421215
406606809
757236458
250640372
787261318
895175087
98071842
806064967
136067457
465701741
332189305
75463834
672362010
776042050
35364979
324245387
376328128
573105568
97721685
882007821
881994898
585194563
147317406
281356272
44456574
657787265
792641021
649163346
393667365
391326279
51632503
665233666
899480902
48576254
296916693
962460109
943059142
382899032
747291697
407646083
830501718
298266404
59045571
346078357
324542297
845982830
857757210
390799598
787987346
737360435
374352885
118524730
537125618
977527655
71992911
363226652
259289402
475880185
206183797
129474053
102534065
448908495
412397601
744741177
414069238
666955638
175982931
623785755
479125357
72904869
381186244
993429094
825813869
690075600
51506103
583728493
526148991
801239047
956813974
198473743
800030053
401841423
861175999
656306929
16973393
933107771
128108047
921953245
976583342
933690039
703170707
467178956
176715235
617817644
305112017
381593222
885868801
314304393
932009118
657586658
669999899
233971455
911674239
715082476
356174190
380923789
292710859
847050017
926021552
488264416
837077660
458050353
519066210
7710054
329443998
700692641
587732494
756090671
727767783
480961466
538847590
254029684
647202412
545435316
369734161
914007286
816713859
207996225
384963582
669912879
697859691
211844598
869229928
299227316
528473842
566058598
490167183
146093522
300132738
636049603
640396911
281058029
995931692
488318925
96612379
245120353
948112745
169005180
288373645
604419375
793860727
129778130
586536608
451047651
118739067
415970214
586769041
366238923
345348315
442166903
564209929
84714633
462086434
256108672
790404724
625233061
588820424
219838894
479236210
763385398
210525458
441638972
455957932
91718180
840564553
257789561
258097991
158883487
448822936
124613807
965894540
647708678
919622579
780544206
876052151
568081560
625307988
418182276
180488249
112503627
979289556
123928259
800745205
857965834
71839673
555682277
818971593
739823019
697914199
471379317
656299928
728273850
689768968
524988245
393893917
352221754
673820196
494818427
610483097
860949504
157872223
427885554
917415985
220734507
476272362
916501249
165092053
681542226
380056520
222323163
999925071
170638147
39350645
366732583
784095841
86597198
640893766
597992097
19878506
284882275
438817966
518274970
460969286
977443618
468313878
237620689
957939709
394634333
386650289
523830397
894261362
130489561
807699178
319538743
954631403
551404002
206512273
580010697
381693472
155338423
390590224
137429367
359766499
475591036
471454244
485661781
688923205
323036385
740892403
307296719
711327986
75828099
474939921
325600821
422131537
639597252
966916266
939972365
752420628
238651672
958561539
770457719
294891937
856226122
328061799
869435510
362938967
719811900
412101179
232691839
880084923
60883068
216298624
864540082
894292050
301388599
158508471
985378249
505989374
982652096
548697482
634903323
653741928
79353569
812502409
818433263
655549639
482098357
897407205
315034150
584487734
266539906
827590068
143041799
196776882
620132503
842537428
503540376
147529236
602018732
122722813
969111304
910935205
508200564
427211794
650444918
859529473
610399837
431308769
120742937
481088781
981538016
433982991
769768530
689954189
323658216
116715790
215538367
43723712
509628535
213885871
880840608
822404693
97067028
648204103
613545016
233292998
73256825
667763199
274159546
458851170
654968093
837849012
903970640
859929282
579586176
723968117
145541364
652141774
162057490
958903788
45149801
50789587
776664268
833945368
602949716
832556914
57821538
453087609
873118665
503416713
626999061
459816663
637900699
388132861
241882203
146706611
813868177
859996459
813666777
417151919
786272648
942636636
157149223
661891766
826120686
143689004
530012349
909839246
110368012
599690097
971174424
563396592
881666220
550724745
168736070
830051021
45740425
263121658
45254386
780988100
175471460
620169214
794644533
770742832
831852107
195151429
199948312
515837779
618047078
432879565
910099938
285544904
838474995
744905570
172631139
102513163
893640363
114772501
7824682
459260712
302544564
147982290
342719597
273428567
532242287
63602468
578150442
87175954
219396790
411831181
100966186
550746518
814742072
32678676
241680459
166103434
147992103
386406389
830039657
630969256
943740690
14174570
291792168
677488445
689590158
685629520
724921595
136760650
378093606
66222907
936410656
930967922
255296975
585993673
478443536
27489169
277449617
521215965
238500545
768249638
617000986
112772358
296440988
206215896
331913379
359353420
470802830
805796319
503225110
6527705
954521058
507233974
284732843
376855425
515520021
288369994
856190121
665231150
583838408
846612765
338680872
441389791
709082346
153173883
475420524
169998262
295449543
228748399
554235139
214191289
888653815
626776137
147905843
61790018
13968269
830968332
717733580
85576271
345575066
330236737
214826689
919125274
633535538
371565900
111701847
429176682
646235079
878441549
70473652
190073541
171299047
612218466
937377556
391887779
429568766
175611195
403690010
143267104
730795371
161915116
63903877
242054431
251561180
289033821
117873888
327744921
359328130
222942824
362887156
684551688
570636412
770613850
319656083
253601670
631786075
419555596
807854251
337516446
41472036
46243841
523763182
417007992
158274746
364161597
42892241
276435349
689398579
756018063
632221251
838357072
427278321
574466475
354780898
183659950
266332860
972772257
667564094
344501717
253692011
783956924
69848551
423292254
515554393
385921963
619437127
400685196
292562382
683775885
760101702
10013169
367756943
66173564
101795068
684551530
638151932
646895883
83779684
887399582
246141579
841438538
638346340
603310065
590721571
524530082
257273366
996169935
415832951
135996133
987268808
659013817
751991501
463352533
83824434
257515110
976395288
100470927
901453598
772352782
744724468
642207044
983872965
5622694
995916359
622208081
470600129
361104757
472671407
670229367
545508016
619436976
888992572
780164510
98360138
412253472
145610584
466538484
832570681
991024310
128648596
623267191
984852243
156566249
696507075
101087885
258021666
904404408
982349128
844279957
708156240
537681004
745442283
311426901
142675113
603934534
857565571
632723646
607393704
968513489
53929952
896168608
523498528
745603583
590488115
367831832
770021243
971826989
364992395
671570961
111904526
509856804
267900245
910429287
643704185
121457277
657354799
827306716
309115617
894828474
364186414
566195720
378755627
628391449
962073125
7827011
873994691
577565671
637489397
494425603
554687899
512886936
