18571841
68318807
820163000
888988530
885533291
754867689
272516392
157698150
585518512
304626061
604908319
924270064
939327145
576972700
284995194
414056845
593382825
447904708
899013114
716992925
641055687
999658647
346029170
442092058
849756861
212781035
546634780
41453740
588320556
81258763
934866952
208082873
596659976
746473774
547757288
451102335
135213870
64397182
710128859
197816416
360617498
404152192
331843358
880917817
953327090
659787513
846551848
190269407
141590370
487684423
596519245
472255516
912318455
623200073
222766260
18913193
722289636
378070941
39231668
672752255
208232908
231062652
569377593
504259748
369759108
396825446
327610087
192853371
29215412
833892858
278842974
528985643
737775847
701196697
356375426
236903495
667815289
465111351
488764966
189969347
366229186
356365373
899863368
100636132
484739517
462611435
295764416
973459902
523707513
528844095
728812697
757142928
25165514
37376604
989583506
129554845
834774598
827583609
511158709
556501644
332177426
653698476
161053995
307697511
208841448
67533602
734479667
211121758
266824646
985862764
351097903
257178285
889305974
849262319
306523069
851867534
331199283
468741460
19520231
907147671
101061029
354150184
669145856
500371316
105080161
521700045
503820128
700399243
711613189
226820581
402128896
840231678
953952641
932263320
857791920
712530708
195311378
592165857
891794683
417205914
728131766
84642658
706635255
537844748
177746191
471634412
867836952
175903193
730853533
137715971
798355561
366033137
808063378
604011036
455440615
978027240
984552618
660682677
202617349
687141401
563713472
34080423
499508567
40004065
583733867
510866223
303225642
957042652
991470398
593992359
656556156
739033424
576946776
602314315
179015904
16418370
647514927
131301107
322625124
633445747
653863092
327916935
969545708
573897218
428465018
36095758
32168299
349941605
476822705
879764679
727978088
534628699
389548507
204653281
853492440
694051343
585134090
666631190
954110880
666879967
168408770
910794299
184432793
136861174
481159814
59322136
789086360
205749062
424995132
439022244
330512312
853251511
338057552
569171601
33278309
235796537
64534713
925611348
611539045
547638108
478697923
953284036
480219947
111705718
866014269
121927456
349484917
372293494
748821874
484964560
431284279
980883736
177190226
655745156
465036977
743068791
143484142
832684534
92737403
369142881
247009397
826419236
924946472
37800460
549252366
874726576
196571146
820376905
171374971
617695903
629516629
659522740
55092144
406472771
188182043
215124732
430574351
72727074
270846904
359232357
709837218
416792866
456927187
940030570
7737964
349628575
676061284
682312395
104134623
290209516
92312395
231850178
832873944
242396164
300628711
652278686
28337564
442419486
562453351
991287691
925356308
529108011
200918522
131125971
855447930
771761538
925791591
770717453
467563112
249912245
312494440
70757067
561837629
733505045
659305662
830216530
369492049
984915900
30062495
199623791
198665291
514258750
716242281
881165454
525383508
397666450
826648795
812695979
105844060
535903356
186787168
988154863
510273722
279559212
433876047
180729207
215874343
325801215
84582640
235976425
423836983
905343830
214749283
854222377
977715075
21555327
670012548
99368899
583090501
470412180
282786637
43421662
412356991
362829559
792622399
411097558
812865728
319753067
605742462
457781479
945112741
113095612
664873393
931659755
63125076
324339575
560483343
282278417
299628997
478576455
614342186
43690833
900333260
794086068
775786807
293321460
299509467
862019903
903450377
503828180
727653901
727279895
229605477
635431879
253116718
143365505
575797872
147444162
486936811
22778489
367863477
896121275
720058751
626801159
290863682
310741370
240470436
283089526
791097300
653375499
461071983
387734130
799739901
104514046
856069992
239095803
143088401
618270921
587042751
499300938
111588091
950845824
416302688
101914282
730127577
217832846
883490133
29441514
678543036
919759570
748541701
413039180
795341604
276850508
110712977
718220910
323632080
273532100
503222386
465045436
52851024
16419940
70922602
250074877
42756197
339919770
927539993
125091431
779361886
14020915
277103
957526950
560401410
987635871
911190397
417017652
479818586
618144469
896673580
73030836
427251236
211028922
604546489
871337729
904833797
48032802
592392524
522889392
993801067
137849081
915463721
869556299
115048535
121997314
446449914
95168150
879923221
166227810
59158085
390207807
290292851
758398702
250079627
664522121
919482466
791014750
852637769
807705732
365660110
693695324
238402324
705487610
376858519
430191549
37794200
841822100
411873450
199584872
345241079
994723393
747527244
404650600
131290362
641512804
98557192
130720802
842478415
438404095
541185957
816022246
537094430
313590775
558986384
506465773
782737983
668852532
960949294
940024367
951855262
113819047
195395032
784686791
157229282
300105743
899446756
209976111
492697780
684856984
84203114
604627813
683294699
680338348
820986730
64434690
642680561
885642250
627108340
608566821
565964928
788761663
948536333
414233673
266519775
549637862
156600893
924811547
146501226
870392744
647453565
368941666
880872804
471849082
247729609
231422032
799328361
962840451
247421318
831184617
742066046
888581079
638023021
157621431
354200980
936558142
132727547
856756080
492604044
494551693
863785210
897095732
41744192
352382472
374059438
163093598
165282712
781161357
518167016
607591418
143504850
974635207
63474885
622305034
37403419
715261447
723755007
211445616
432608739
589564698
265106328
679840108
638220931
795923722
866500773
677383848
150738642
790914902
60032692
329961631
416910315
299844812
432207503
651949531
6607534
750357831
327197473
528490331
97789644
84636010
66139319
18167003
444673435
639829898
687679767
767430837
825106194
15717986
120218011
638939532
212803135
921281929
424147340
903039344
229445364
183945101
258874800
245820469
485881698
696675588
12354956
374367809
721128664
188205385
190681103
843660036
542427704
411525352
615697500
287045586
388063973
195264676
113655972
347972729
523425379
246939325
235166673
998391031
108243954
99069936
852277652
135020655
670696890
421093159
117158496
495628384
875697470
529168158
422504167
822662431
491483031
81377004
42608633
401114054
72281053
691771509
297038337
256468049
449148795
844019729
225003133
413580842
400020485
833172424
250875559
17538459
807625956
76174611
379613965
982506038
948778426
260483768
137576514
386811761
844397935
877334300
703670917
300035505
71046889
695052717
967962564
13259546
989021183
793035067
795562554
306686969
152656042
712541917
275691676
831653868
949900986
978698623
549242236
264224224
874066801
438696809
735000169
837524464
170217600
99620037
688002426
799522859
149554192
439998127
873884004
230999262
943800488
655796870
556716117
194946751
988100590
997002830
185421160
754096076
876057163
211743587
424559657
606985416
37609870
944188588
864882415
95084039
800482933
547960095
32605051
970079802
711241530
873352289
512744959
405701125
142334130
866146451
129817905
971426851
7050291
168439705
863705352
549023056
919151062
564563291
362886479
496859170
155825799
80744924
843553277
952898154
793277462
795146158
388167059
662323214
14137152
128014753
799914594
226029010
234737620
592918387
999039924
601594095
407393075
903804200
519757731
70448198
143051911
151014991
52612620
121954138
867184924
213994308
747045785
707617458
348038233
875536600
687834352
473046578
581302108
368023244
939258238
719738009
704406817
79706896
176802339
916095370
485185230
850421743
391563973
14319377
66231857
903788894
736689230
414131902
169399779
262111257
141629980
15346861
44805560
292438281
353807259
4810807
28132303
721599138
85713230
579283154
48100373
680549599
314284981
138600550
440180399
326868016
644726900
866714374
653660147
279301915
897187277
327686179
727001861
603662359
585262967
292630167
759451017
38293242
55722281
963396029
477305076
332913882
538217678
85926976
733906620
672487490
428241017
288863827
14215985
934447430
691605705
982807678
993993665
597519183
867994997
804635629
536136761
252963423
574138977
739363840
259061993
869974854
760471754
890097863
364923978
813943799
288344999
441143200
707175312
61177092
245359789
989839059
665876857
122317199
101978077
715186490
142331920
228358005
404693929
767692907
898626997
355863072
852498388
719212715
587696208
914379598
333692513
129482677
735667361
780627336
756493404
506487594
464154264
316358439
704334035
607330220
572442127
648119814
721002996
919962819
384142491
987097816
581688514
953038892
689087641
701766645
316930820
871676465
495541105
152808506
662303708
307778756
848269492
806446069
840736842
903198920
17476466
41259038
302401655
450544379
480251285
158862322
705475838
926547974
304683687
738872194
525684795
349518417
417983162
494647856
142744363
494212105
507355008
484731108
383550416
911529179
774174557
899459495
30125074
885929562
597448777
462016047
633941570
582858854
118323628
448714647
658218100
657708193
475621596
801135114
589853754
531183088
345718159
270458616
439711533
225280169
281621978
655140538
648355205
950215446
176081849
967412402
453693302
893249
10064143
168091602
800423746
363538384
422895653
929207662
129024362
118016969
11133964
416472092
853095601
18235238
524920750
122616983
808224346
855969038
80654093
867976600
873896819
616848047
904794100
611561273
148493946
236896392
45019574
158270246
629907200
119034019
251104289
79909626
709847712
630036373
8322744
633048321
572794710
950232024
648290899
294679716
234812540
546413933
672110751
471836785
520049123
929246066
417363013
421476294
700359418
159004995
846916190
792386166
869561352
308105247
93515583
836845254
96099148
398502868
19597656
563527354
318518809
264625406
299300461
9990343
866912679
931224336
706624378
223059228
9912494
891872427
549822272
857992321
207678138
785974376
633164060
327482885
944737294
432957315
