143296780
179947518
691310298
214519023
797835667
301784172
11124419
439786502
682474812
87938743
869713869
459842798
430800625
878151578
913710071
523064374
213060195
498280964
228373912
425423943
522500787
393626187
148137822
666415507
158248252
831094123
23949429
482789194
403071786
45752941
823080064
741118482
370762181
570238029
613320461
120080866
518359341
3158062
617332487
94233044
460651274
813249535
230403405
377415288
48170694
841998244
602194829
498736485
658529867
817118614
692176469
638104659
577969384
648747893
853949487
749670591
31809695
24894791
56270771
966741542
277834743
528335223
36714715
636721870
264858677
128595387
89080617
860562595
264831117
793629204
4705032
209902133
880948475
134140867
964772668
709251250
163222781
770722533
618244812
316250006
228899293
525212943
824259325
585953171
353576470
184975405
163149098
722014287
716288540
863649868
88271170
493464549
946887289
650590944
816398300
932316049
776534820
593681533
112556610
919575306
752917626
741632233
233905368
864900662
812413581
482274336
757156183
443828517
683975224
144698236
586447809
261087161
406649977
740020763
737842248
752621798
704075897
450761543
283145400
79883272
965446287
367066329
144274054
401181247
705358034
511240482
263014842
230357531
317742565
32456618
932716429
569541246
658165922
698669505
563332379
487267059
291307574
959358662
773539588
871302133
427819221
719320579
38039063
571590303
277202058
827184008
86814572
206866525
912748694
63776501
228240152
325773276
310536133
32673338
954129017
385851296
597358178
832724119
159542628
301173099
219259493
526798651
126085951
651518605
211981806
16906563
602921237
707980470
176688384
250575188
461314223
744717233
677221953
411843265
652064050
246125707
329027266
572683750
123979189
878174024
424425910
56148316
317608835
253966063
804216465
606943152
259005112
625492584
744540487
177481082
889908879
458583454
799816034
472366489
652042639
901020568
593234628
386520456
359608497
260295495
224262771
378834100
30178141
662173505
602462276
483522917
648551322
898692867
380609287
708003309
56824030
24674428
708744930
281368602
876747188
163111177
209189816
872119887
847302138
605038652
757901449
977428651
963439982
999207300
360666307
2730769
944901198
204855464
759800625
751043480
652891078
942506808
213075253
863683693
653911253
45591809
25970174
655435328
651503785
320693548
958391829
360312244
244883297
36537177
120657052
865234451
749838523
518447431
595619299
488931462
691830752
721114739
539218316
754569843
502394044
246834118
415394116
30970840
301507198
599731507
538621717
443695857
138892242
629565805
55112231
114317220
811599174
845061236
627457347
831155378
137141002
553754486
220616101
526608590
646646821
397589204
732545354
926902804
878550248
495431855
252892245
426453766
609236163
270869162
59212728
931776337
403288491
458505408
361289648
407077135
630197691
994999333
353928130
51772278
782071829
514695971
221420002
615317491
981424945
6339831
53635277
904777286
890990083
764463919
351790460
138076265
500498638
12609726
107923022
104804840
514288762
488491311
152420591
806075342
346839261
112167951
834459693
868023078
570353076
123335892
711028727
353093765
483771587
220380212
200957686
142141667
199826356
168843823
744536760
131950849
176169202
117227863
945477857
872210416
441796577
348114958
535463682
844772242
919078701
921136462
431277699
390678765
350582385
256484807
892788371
141706380
842578742
547852787
704933015
669903878
680236277
353396923
44964414
858089053
295311102
700541510
421005698
670609870
563506232
209648792
938249907
331654814
268072964
975972171
928635637
397060899
543013452
280210173
364278764
998724302
576704267
989687449
948944375
649216612
692058191
320349962
2511380
227286780
327591840
59251306
299562923
651973568
463910807
74632882
451714570
822772278
72263448
87388804
576899313
741255065
927109259
864853810
281266010
709429909
982886553
99622884
122605800
374610212
327849169
495727472
598692926
562368569
183574022
706208711
93199610
690548827
404452546
395747800
166030861
974961139
698030130
193718918
343018030
504254926
910085867
286276339
867744006
193440082
524257600
105863359
324797450
455624648
703310859
623023698
71615043
711850455
708421439
239514466
666330058
592435307
197744161
627901166
899437609
831864366
460558378
737194353
468399545
757702094
981433270
761165742
418319731
676515647
921357941
601938172
43224934
733390341
521835780
777011083
799344040
696610213
231878877
929165716
850352610
221985810
170930021
143068278
859057709
560550323
634593668
381349154
982127387
164938079
729417741
573595553
777216977
70128964
294281307
511153662
43696547
172891513
817876793
110041912
212006811
763091857
687543626
648281802
534266706
101372686
579798763
338224701
190014675
931410354
440170425
969719843
360556429
268578443
777548554
677451799
660934344
317490100
878136643
907849221
123108426
600084116
779038353
253381652
947097904
347762387
824721193
973095969
439109033
10682117
733314535
626452526
878733419
121836964
717158905
87260753
534442182
522648218
608801570
757685022
980751559
296368966
191334478
50717032
724767653
759697896
213039123
508638533
292580408
616829507
850219316
726206445
294754869
910027571
986933484
611922694
984053502
434161974
701183896
186504318
276651491
606702792
899115666
179332557
198095819
813717897
90986424
238719465
551419537
690287801
143009616
138286126
708688528
120451620
927097660
826739458
408749637
728321321
528613997
187400007
134723263
316082659
680515560
822279525
160462799
7108089
331697657
968705846
134903479
105236211
103207249
100280208
821464321
422297252
481033531
374048766
397253298
12001921
852621212
911049754
668711472
974319657
957218995
602292606
473819890
711933190
17517916
174303248
982929909
160194025
203173056
255732181
905547975
513783888
51781055
960568830
926187230
76836141
18869757
190987729
482020240
122280576
103815985
446183326
587080551
42729407
316821803
286391276
639418088
553048894
429486159
396747716
875700108
617564242
518688534
160403604
358863663
78222954
348459634
448529608
989590172
157394409
985775936
974709452
902063153
847475067
194732231
307680433
370516197
520464700
447861534
320417157
993132162
661633482
429029514
546430896
870503671
511035668
15212055
431090482
395111386
731126639
534885159
429881015
730707864
806425339
380032072
287983733
995095353
891377449
601705166
847964276
728376505
570340148
201397556
324625830
136504638
129106532
544120171
739605483
847997175
9141370
915875078
118953387
105187359
109069002
403615552
214066625
188534727
972257636
289899932
847827993
63010898
917369150
53418221
258463532
622509248
555894921
244001587
95637814
467442995
906748497
312585079
479138747
918759532
599897257
592040651
422792014
460235926
104403683
409926257
741397139
966915496
275606571
583093306
385970016
815251559
415931771
324693655
621638862
402809787
165965446
99449006
22837716
601477516
753877171
784953377
811007353
516921926
942934022
702116581
580609716
885104943
448482357
272162488
941248676
696556289
436736331
200193853
505290101
517028350
980823536
753830697
84131043
562331378
548502791
880912496
787404326
334275844
667448203
443211972
206577476
231201265
622362724
692828025
301477548
807299491
289747362
877661229
164882360
814943878
781033296
905870086
517301903
402287101
829316540
856292195
518433138
3444083
641844628
689413725
378515227
215737917
819403552
104610512
421986249
412134747
15317962
460506336
52974725
872964674
997549049
476731509
849473722
499722049
495539104
349408450
262742219
755654330
970684938
133949185
406808926
559075101
35311493
690346222
735995052
74953450
236528794
681843940
733014837
692210595
362479358
783960243
692431214
978034476
64696744
990839558
411797711
517752211
270841776
889342799
791981528
829241024
824686503
291917685
817394827
304301787
56396364
17579853
906747996
479908089
593549975
762778806
32759143
507895443
282604798
819440125
180426424
129057330
368615458
347032799
175605953
333474021
727491498
360764129
510485315
213588806
784300293
871439244
435025305
504699545
937610737
744990006
484812554
81342138
341967656
577567901
734388596
743393806
872951393
431693264
18557086
218948941
775095943
253106748
98660619
599700550
751201100
184535771
695429677
245256617
810413133
282740380
149136752
923808976
713736846
458507506
101749526
463922374
781432368
603806021
520001492
184957118
582554547
402048451
542297350
848559968
277966251
951417003
165927786
705036896
85051528
437032617
256105936
936922193
328475713
956657011
558378076
474384750
262103509
910784764
462387704
599764522
176009566
189768687
694286410
654870357
595853253
561003577
367605291
883460148
475818374
270466222
961961436
269145372
911691771
833599966
636394392
373047492
710809396
250100650
321734298
799784095
18607984
990392779
160205089
373380515
26634444
212214558
595333262
757079834
900129429
627364774
201818864
870647603
141418316
920236968
8947551
392785860
707762039
887426992
252706714
716962673
583811712
282467637
229218521
814585304
475071179
986960563
25230421
494875745
320262618
185330584
763575352
12002859
589050465
662603608
581156538
185616786
29563597
320905894
628235912
383638695
965670313
610525455
983330718
848453599
68647358
91313832
127727055
991454801
824652414
243608532
665285451
823382403
997393934
604771624
215972382
736140346
761174257
345619783
898309335
39673880
186984137
100457517
436817216
714798844
863789421
189816004
281597138
478814706
339080430
823330764
363222262
386856144
259191079
869068018
751292358
973286256
299136917
380764921
745937946
383757347
859233507
33775619
670223329
76654085
520045131
940192948
14608923
984278839
446631225
845016191
424442527
683943813
422596558
588562032
196654558
865212796
173708239
268531874
984664176
878831353
809716693
648912347
652374371
1321650
880386269
278429307
564191323
128325916
853479264
242686125
437003428
380409335
599681836
514551988
180440371
