885655669
889089175
986063358
687801243
832714677
329002810
959719153
363430759
40758254
20366601
805037139
86018339
554862820
581822706
31232769
155697503
414685500
404687992
537273878
9314106
300008205
352891003
857377931
186280141
748711378
530017048
471258016
942530959
318909799
638550775
133474324
382831168
328298156
314456837
531214399
899065867
180583684
432971792
888598555
495498490
16694855
927978147
406692915
301136337
27021279
726862116
377640960
981346272
820863709
543523630
751464099
92635827
405351808
737183140
792133583
532764665
31711244
799783217
939089863
302697628
857744793
17188193
44520960
402207478
886892275
422205970
757720181
240405983
50608306
132166900
975113817
981713706
516089435
41775387
992619250
372030057
946198086
556241594
159258862
21849261
152376088
489911743
121667249
775386167
887086675
40838497
977479358
591115015
522323252
998449732
867354623
380800466
493881928
585900927
637753696
999506660
883457187
4485437
414244060
604815307
969141934
137234976
930737965
688696808
568409812
769750392
576546390
363576420
744563889
420103526
586566578
475469649
640524354
917240602
150321539
367833050
895520942
269134791
515120802
846053778
444726611
166605166
718082729
52158573
264812276
594313351
487831778
930188507
404021690
993112588
488572869
941712649
141997534
554443554
52707326
15141111
559173776
432970440
206976354
117336282
464292106
613902937
846551124
102219725
411883154
391884974
740276110
576641324
435579387
269920646
103985717
614322395
489364633
568190280
160088695
802536768
419152246
878579392
423884532
974096460
281918614
646357881
959554729
751451299
931530656
644853927
333472114
86080800
864533276
135180428
808659272
462550502
62158436
397784519
381761671
830823672
320054040
615863003
640275417
872927300
854037239
911190452
494609120
134101044
889126870
874250472
452348015
573807252
394354858
250170556
595988864
680594382
9085907
232879893
835417667
817934223
654348207
95099825
170689068
767029225
58412859
654195309
712108047
300398959
461261372
641435214
552163958
91580113
186428609
329265022
482482728
803289241
238303974
550957231
120059220
370728160
151748760
825453685
862324427
57280183
192505911
759664861
691725941
614362719
539191562
128064889
453464594
829278542
562366850
563827446
176475465
224954214
445173935
873246191
814514440
199841929
199082405
194210161
672839671
247691656
322086514
360767902
387378643
65089835
767687827
792699622
442290408
458128675
112820673
464689507
666185462
828894521
232775396
113408885
574523313
298747997
962469367
97745327
761207395
333196482
187970619
722885415
529213261
622601161
152789557
257528513
358115305
365057782
736442789
920217289
171645755
957538598
152614014
614632771
735193667
831738008
372286218
626636105
846674891
746491938
685774480
995335918
716457869
97677343
897641982
347580943
992178817
331765049
298722877
515766443
237372561
101337077
433002764
339643188
59721036
599201098
831554639
764777480
912300277
510159313
434584316
77232626
721685885
192603382
293043752
708646863
676280506
618142624
378215216
742785303
926461777
335833261
251070435
14715456
647422000
192634700
6427546
431535918
724959177
805208613
265349695
26350256
66334904
220676345
682844727
70308677
524535834
812970824
554911734
135992568
183369
607508736
714335827
336515577
311907622
608541854
273650032
523854486
804633590
188995119
671300435
374036193
953549832
555937573
589304665
901539299
850266641
418287307
692221186
867086335
592773552
400018720
39818303
107091664
244809618
408234060
10897722
501009540
509758653
222735074
184111029
863309681
63230889
242222647
742601934
318953040
621497433
914554857
702807833
38880146
918984666
482573058
626902327
535964057
133908178
891313501
72800422
510397330
631371678
781305427
220042035
106248526
120749637
687825398
543219015
600164647
567690433
607244162
91705958
903673560
597644132
772640491
14095832
581898516
4884090
807990752
310805303
711327184
813335637
270351624
280041865
935711782
715479473
653341040
948101668
110200494
773116392
503854244
973183485
353496116
335433637
500500390
869637860
728453225
2693038
77862502
742560043
375405490
699003631
142437286
751262606
14253270
822848898
799134271
441236013
146344175
468477226
45003810
531079967
325917424
580508197
361473237
697061691
361020054
501263561
284330251
390769052
467408596
739723729
433018521
827048254
63836189
634060676
738209841
568239923
97143741
903002629
285642606
579205477
927021586
65430709
935399812
12323552
670898350
519089017
265788595
112862884
916345200
212105026
801757493
641723266
728112581
972774275
647266060
772987918
973960398
803438698
508617805
227189663
718362785
687093449
275151446
635681760
265985110
315389031
687426416
380192592
84639057
230894348
344092272
243341544
182834619
465798332
604058380
260486715
645108383
349149685
26163340
841931036
235474966
171467367
474423850
255303569
937966234
791295253
98935672
91061912
986794615
965221922
594279523
293705041
394384823
58452943
860842691
239928136
790279261
299718052
746338440
355509319
831662599
885596001
28223827
685450852
868012753
558415949
458888647
262314249
368715895
386779345
127879534
624810713
777275357
666686768
991714695
546895418
212669599
19847876
697715524
474689856
216453358
596364503
393397976
119417133
636614823
50387230
848956719
124381676
604955639
364130243
470207452
345390331
602811243
670654019
10268436
349878963
143243540
788972997
387290815
379550285
332406605
836621421
722346016
600015269
837342388
969468809
516429682
727698054
66738246
313947273
27258537
770431384
602002527
271648584
139055960
235298095
492198025
908806692
48836028
817625523
709459228
334506971
657358608
4585651
916571891
782489202
21999469
106621337
656418332
641835732
403651878
423696600
632557060
318165238
142283250
379831936
874018486
793382705
282074744
667146013
533957546
121258664
57643429
291008366
336871706
699776067
743387803
331162659
531598059
774970340
857680936
234436846
740136969
569665290
670091055
997899633
179262813
717760365
683443377
54853185
947469340
409808344
71279722
424902512
910295394
603561935
137874323
283837288
129365333
759224023
361279608
698815318
626731948
381690013
283667977
588200564
276863541
366350242
667713943
216795823
39101398
690836808
575023277
881447990
784154794
169215031
683559630
62891770
648074181
144383615
200569122
156258120
109939328
227221558
719676671
124149201
49978942
632740915
380712971
733309770
561901743
459550514
201797325
772374034
413690731
158865617
607704897
358446955
285997313
81890491
721036092
812912569
50046422
466647553
15751786
256632532
834785066
189831730
640747717
741080362
920002304
74982553
635763106
984981717
558654900
205021487
588875990
399510389
662013341
159518775
538221621
644122624
985637269
934404172
654894079
579550883
489039482
802649242
467757259
625289176
561510133
325112674
776894455
566183689
423347522
387656552
106211698
643291773
211469771
463044139
289364134
860147211
991993197
639632607
813307464
486919190
823787406
216815607
213719133
208669243
569989626
208194507
696433613
126478537
543668869
76913468
827275299
115642248
811753473
436200902
767593049
32135823
722074470
15458540
179570228
594889629
298088096
69579416
561634194
170998348
98809789
945584215
188040617
198969202
870154640
678074409
652129425
346004661
121096707
167974889
755763476
272223874
588930108
259088015
55299550
353315626
628679060
650415918
22514820
346434054
560381252
990569448
831538299
775268868
695451089
257228310
138072741
976534657
460062379
218417834
188831093
754207989
655181412
42720784
109859454
624405409
20153889
497464411
256323895
865594458
424784041
481270637
994545539
643778584
680437424
495369174
443205713
462986454
960158989
826254601
966210568
647672177
47064596
215200140
610617095
108240339
114045916
412771748
503518111
612926330
540001668
675594767
885942281
902678871
979143795
1555486
617042461
546209323
149228561
430894139
333161736
131214649
394092022
156920360
921650011
79110614
996023908
187759715
94831443
200081914
814022595
675086285
16375667
633807776
252207265
541158914
707143393
439981271
432103688
1619115
510359493
607382140
993946298
643397564
325592790
749189272
595328354
91866667
664634788
678881938
878326712
896996389
313757893
529264849
493092865
834995918
253580154
890144234
293550127
531506480
112216430
926286199
317940304
303436197
798903733
864915381
659219099
252134505
650471606
437984880
294412092
177061189
114105635
147609446
920534644
725779594
137268349
750694457
831327569
172460739
483782259
904157240
523124926
415949504
321755200
917026205
361328392
487110817
140714911
417211345
287578760
816999157
146431144
900597206
889402683
584073293
289441836
690510101
844493830
460677407
89970172
343193849
441395060
226649907
384469846
701265523
782890753
166148447
608730204
767313269
697727569
502885696
58816665
121089388
47724221
208059188
403161273
901990798
981680995
881877527
503586989
172108282
111419593
233260260
150406120
477412933
30630045
213508428
258206761
336461351
436337758
446758247
906200625
370650161
82490566
140588410
462762180
296475018
31479658
620489676
134135452
195179944
878380612
373401640
719483775
784693062
758182492
25341756
852872984
681343495
180912020
387451036
708829104
962616302
957090417
917861889
231774255
208134799
76243787
907056911
670635478
569382324
907941685
272268852
330975511
250969321
596685069
688166502
38598821
907135810
745297007
106686254
870511140
361191318
747742075
308407044
293727669
738017952
513776484
365713056
719230439
5288288
360635442
576863265
155549331
48886721
737929141
943584322
413559742
164628676
908814153
254627380
220231231
124422745
949854197
564753126
287238258
606111759
42426128
468514454
188007992
70015989
986742933
945737173
936046486
74225765
516939895
347637786
214874226
648683372
624134219
493756301
694358314
710530729
187826472
665347189
208746882
331078419
116719521
282088790
513040178
