439474109
203945769
232374862
734559107
153661223
829960098
784192681
126460386
599843959
478498391
321416963
186756874
974394769
771909100
967468639
925076024
919343075
564333040
650578797
682584238
144587136
132796373
69904990
18684536
430856160
692426943
992824993
650160253
730740221
337339896
944463715
765495888
748281930
396074295
76330662
186393541
764540122
101528856
373477209
115948842
232071282
597823923
728382485
982113748
854888037
839431913
949197517
105878283
782380815
524033003
100401381
464792186
327996659
153521413
349277238
306677736
134040779
213690326
303702947
461234278
837135104
134032427
395720164
262504063
534034674
555921074
438474943
578320474
695578438
781075097
160535902
817814218
190855831
534629955
450512956
546763212
404413887
87791241
163796497
591424245
743229425
886946710
867779436
206707217
236938515
479671529
437499228
594760517
46797057
769652925
52352762
550849795
797825908
912242929
278813737
98038854
202103759
465878422
448079073
298966963
400956970
370877042
410299843
1305717
363497101
282587161
273936355
793366703
703008456
802514024
902263848
46249538
49893829
712278700
718004852
950188392
266252989
189012946
25565548
54363145
118421845
843714424
531523417
925925512
728722335
609686105
19988310
278612900
255816218
352474101
344659453
938535463
639712166
864829532
190467275
372352382
476646866
866473719
843210115
954351352
205735173
644132524
891752060
244283031
867389075
6103224
500955966
85547207
194238077
328625343
831785863
13090812
440312873
393715928
180545118
557242544
839353624
484374330
272583381
753810995
262598851
995323453
537550484
350534354
457854571
963728383
406537370
185064295
521811425
345652469
473541526
399779269
345802830
71214194
848627970
474289320
951962363
287240385
58536436
722619111
108730138
934441101
84374823
927190873
520688236
331568640
498222590
245996238
684284414
633224729
532998757
992272534
593890337
89399119
691752501
210411719
106582039
541217705
786428459
903660691
599565852
315891671
563735781
848585607
855083816
432006594
667287981
369098678
545087956
706255796
605280179
552113238
425837894
549964269
645080857
328157748
910948629
610359610
829846116
126285930
465505792
160541132
500779879
888586694
812653710
481268990
805888931
256403710
379461692
638216251
367707280
410744658
500811925
154875743
123053258
792838465
370705320
235789215
72107057
88681642
664280658
129123911
700908281
978028616
27944549
980885518
566434640
43926068
444318261
363594753
299463088
496222428
711371587
660142529
438154898
439024720
815111791
675149085
35931896
373814825
626117661
410884270
989636985
906871704
338548516
194535521
51301313
270962150
426911010
852242390
957452427
675159414
538252552
741164473
462005270
336381881
459632850
522751261
860642144
831768191
914834348
761962863
812085447
15866939
338753162
871484851
699373069
840669394
716720843
684028537
977726673
695556233
199857319
698292230
462563980
253396388
139486924
794036575
639480100
833409027
929584205
295472489
617015056
592075870
406142324
624303673
957969874
970207112
198137259
101773017
979391869
292360529
814506939
204163703
458980475
864154797
598798821
973770046
568118541
467063663
495162450
210631917
554241305
742882472
874515716
261896193
475302095
839960320
278600493
208608882
196894957
665596273
883271160
27233117
902183985
619361858
144947806
220009577
609724613
714449488
913514975
729165955
642532135
614947826
704636666
685366143
881049293
995693614
239311755
598409181
654597565
165716877
225918033
172416436
338246577
718952288
741231183
874132582
717560152
144246131
149001577
118009553
691606619
989528375
904878058
313795596
409089368
787273822
301979717
839618615
719206990
378789244
364045432
853669052
553548686
765996493
568099780
939293478
38245805
189149572
380846899
479608480
600648565
680191311
554011316
31178079
439678239
710854723
688986539
183231697
878130674
270815222
502449424
465478481
565447910
795505422
37559336
653003759
710069766
390841070
276276775
93775470
693713896
399693138
879202189
275808321
801671444
372248980
618867749
572250082
150852507
801937704
835886776
528410579
763399231
669393096
517360986
11415307
435517059
873699979
874117355
698234644
98287283
118748020
961487939
448391767
876339818
898566949
288221141
758043263
728437156
915096019
229223711
647404734
912872796
287071428
785894582
200955427
800989120
278202995
229506634
67429258
91986974
116736456
32379189
76192970
434928444
974038843
702079249
896054813
278144435
26144029
217486699
836369786
516723713
578042129
995488186
574965876
438205197
430810421
399468501
903104493
84027839
860824484
843812925
235756486
572713992
188482042
615537781
476327802
883498513
316405559
210426186
157314064
644193344
806688097
606247670
981550826
86368830
885294969
13463322
902300974
196487699
392166327
479898828
702293127
697609319
392853923
130681021
334830667
291583241
210928706
762750229
370178698
878734492
326402140
983401417
231162488
272923529
796622701
503478977
246446402
358501061
225751446
12556300
961738875
815717841
60172635
192176441
710035615
971794458
13937360
488597045
552910227
417347098
497167526
706616793
691861511
380925656
141519797
538147166
179860068
57801021
280707114
184744561
672569806
553655328
840247487
278579570
317791204
823286678
375085181
708627296
289746128
381815992
767016919
543799912
970736252
379610026
518159952
886575284
637436684
200677482
420645404
363036207
277645881
722331659
209840002
952831598
381566966
619785345
291539905
850236831
131403732
258475535
323618908
188645381
77793946
41006885
339986492
408083546
975470353
781593063
874385235
886748935
596709277
305310062
198850917
171094234
650330178
953367612
735880540
312251484
862765702
254944512
900710480
979182585
637155615
917670906
907098679
950238145
343815326
887415887
897012602
698005857
531746772
524848348
577223564
31270592
58197083
578371538
466005965
929729366
39623534
110076405
911104930
855843619
326292245
533896468
766326929
972335817
523480742
38745767
302501419
428199353
883904804
979288420
987471127
876459219
357765053
344436321
551489764
160123039
133908205
389748345
64268219
88054465
884580459
176379377
355002162
71860928
728086497
167580324
112897151
71958640
487361646
806151172
272627950
752689296
343839580
44866861
652890340
103259147
151343976
934762861
426757402
305069559
584914467
468813249
814101052
552458351
537377219
700764344
673505538
713760761
26881773
305882925
795821161
649875188
45808186
823050464
971263158
149912867
178894305
694466000
244249319
355900418
925848615
230542779
940837705
77753631
706660470
234781830
532619638
312898192
691545980
448230617
8779063
199145343
962990941
759198659
503139996
415767210
362278324
802543810
534483707
27322153
494074784
399136388
45076867
181478720
10330011
622752760
706881110
520789114
73603701
502977472
924364840
456877974
690513541
70856984
379220942
354371688
527975542
736347420
845797880
302595388
168144705
360607345
22214780
578651154
297103862
596675818
686884245
286609525
319910468
555495948
787634542
376350494
159982293
216927165
861825632
526712226
185465911
759358985
67423620
83907709
527900719
11830524
239294490
188568508
523865776
551901087
508631800
892133957
379977716
148768308
887791666
625930902
956745928
231888318
859177446
133467439
376921608
466425712
884374856
413654191
935868513
420271585
200878646
518107752
715342929
548014346
296895681
473586375
209031350
852508715
168905776
768616556
668923799
761890171
774694668
156314181
121312855
833646271
54785377
745202773
88044017
794750287
906631807
171142160
667704280
161703639
419604564
928093973
357749718
728358193
149790618
719040198
874984127
653769428
148039194
107629134
810951876
721186737
473225577
975851429
255005406
35045424
683102606
527469000
979862530
119175110
957007101
194855757
457193649
702863265
12154583
543275335
411640334
139172083
325610173
141118226
513639776
29736485
850403470
553639289
128409781
368801706
115836657
480673155
702718097
449865577
893632427
15154371
613850976
667065534
345362303
400126117
360420693
78933947
490197367
52998593
111647680
379162807
191279629
548529170
204696536
224748807
470900324
654886451
716203610
606515281
307399863
735812044
328159254
6920968
593989357
781215391
870783265
919586287
847441647
886203698
919208766
202429451
824750902
529996952
225542681
941852729
581004779
790128113
357500961
612028465
182854642
332706386
648974714
272611580
29470545
134476968
838456855
301874300
348942752
903660973
897901381
460950204
764469544
96202816
142465713
157820383
686995116
606930007
73076177
564146911
529342850
440834405
231492298
603993667
133789825
909218228
554411904
661282675
322986488
262843806
643744026
680772209
297385489
104175144
423660638
974693475
86837329
55547673
977450422
459512388
942758534
568908964
570643534
943780673
988302316
458258561
437959905
728548085
387531238
67722298
254857613
974074771
717051936
793354049
82685614
742020236
101214087
44981047
138821754
120252315
580065063
177174180
978887811
86098946
259916946
217129171
163564714
660294400
672542176
167772237
70983054
631447442
629479584
613563788
621388375
960433885
870190869
287711624
615691349
675531263
471258322
825863817
273751436
255264190
7986193
669669254
963720272
504031439
21489529
681640401
873479387
41856281
916725917
857198106
879447323
765584354
590021152
484544587
683863727
771173144
294693846
777665504
56005909
219759001
996739243
623410169
344595186
103488148
171965673
122251728
871829365
813502462
429289696
463290490
648993992
754201245
903422742
723623620
78112753
590247691
253408898
659533274
638804870
990901774
294292848
29126772
714721524
772281476
734116463
855804020
370412733
385646281
603847896
844518204
380837416
693592816
769857908
53992434
258524946
384576022
325074067
860232124
332065766
899237799
809811034
59976925
612566584
453435426
208204114
125246077
862161610
866397530
406431834
93616035
517764246
635160571
138860633
