806305831
127871365
557587555
482289872
771885903
772396633
774551862
669413080
793773934
999191305
857193434
465737201
356498759
19946313
497190045
605730634
372396720
420154645
167610693
654939180
597196274
629162607
34083988
368430381
212694796
429728664
239959083
843598361
538311607
721516251
598039675
632381610
528900341
428347821
817684958
566928688
405207854
499259352
572102641
379073806
699051849
753210488
4487984
380401319
552505244
494831304
37875012
263925746
358935597
43135088
178382021
339271869
577360748
86334591
851729202
177143224
93787376
189157173
269595076
342157238
532437549
930953499
131101472
72257683
401151630
224811824
936836859
928150937
202261354
930261355
200522779
873137367
848052002
788536885
955887330
843985784
624674623
653682667
815925136
717863491
391853652
976033336
484662764
495176519
543134229
258767805
55020861
442565750
576618617
640541733
473141311
216050681
229664276
229945402
846636256
768098348
622109015
932230300
979249688
327693419
557994444
109724073
61664392
428674240
842612307
305244652
491219865
788823862
130447260
7743417
552468600
440104707
373232036
551731583
950303585
556404212
446290735
635924952
529123452
142383824
169790962
494271109
351532319
561719619
457120043
984472097
643473091
618106600
941900628
187788982
221876769
692444321
674432978
488231716
159869047
282129578
914368944
55988524
652564210
237889577
767547938
266196998
312118490
568875199
88073133
33036604
842818643
677932691
279641816
290232044
321807612
986184061
403106848
836865863
157902457
63723335
758191752
499944771
971554195
858140208
661771560
873113264
846923233
942658276
785866647
860024277
765671728
885000319
391862536
668174007
642035266
390302211
983360741
291233875
374835885
903593962
182152619
782657119
473646485
424083439
141653454
965540398
338464783
651668584
865981368
235692706
289337473
837567114
330329259
96145712
523937824
414424172
84434327
794424000
576118015
894434672
419273764
369460212
783008551
228048854
267364874
957818323
286070154
611467808
648196776
931505400
2823320
111872972
462029977
254308493
881570714
975534632
26298285
547470755
716486754
696231160
534648481
195254648
76676908
550173941
570686803
928104612
554671059
295716824
144236182
227611094
305867883
188936740
715115858
480401211
484320198
812692405
999648566
245597631
156718565
183835130
679470243
726996974
3471808
934475966
232869385
177464500
375537136
76020766
214574996
548403191
388125886
536963571
77937246
879886853
359786191
224019115
292783303
232834610
657362050
339260260
403147263
990353329
467231625
420585681
625637516
813886579
396757113
981628765
769988293
68878309
975886064
780700653
390752190
532651624
16760916
807651505
191782840
142200940
317304555
393222302
552567476
478650293
81141828
595832990
839485207
768904311
110999494
835229004
120615019
260301082
519909101
766813956
588235580
817458303
780687865
689116913
259765348
582886125
308838449
418982805
780707386
393908370
306032471
145696686
572517125
607425231
146211380
545285620
863125936
552134685
32236274
150582363
915530053
264139747
786692783
924496968
909211501
871398634
581100473
856733204
702887084
561528107
861013745
509687211
548969206
209072108
192465073
573293886
751963757
327644002
547886156
608896714
833362489
898321749
612514915
158659106
172617822
935445140
23315865
232059975
622692931
565713872
972103066
568480333
228064807
369326738
851283902
324095832
30765519
856190896
779905410
388366712
1785652
452105244
716095719
219179279
532894623
796345259
596727479
363445016
414960157
572917493
793321862
535481934
4248528
423339559
317219872
17208304
651624831
628033676
751879145
973766360
848082769
349040497
234040273
137173212
589425040
292533411
281622403
179642468
357788204
868369239
542528366
895772859
547738590
159519443
607111062
381257245
182226029
393335636
625764481
376272562
338717660
659870847
817099816
49775437
772392008
436621132
564231804
804725247
52106866
834075598
672471000
402731842
104311751
806139049
540283942
652745153
218064971
578922507
629754237
240361211
514722855
417085011
5656811
546590916
30389126
897549001
987743342
844729084
816228496
935962625
834982273
258289194
2269194
375606582
635048699
188211922
531940680
184264835
364781202
152803907
728301606
476897154
127535602
523712605
195898238
139796524
791461108
741599539
619235500
954365907
163192274
603303521
763581397
385403270
861549705
921632648
654214035
270508899
19386311
874843006
448877788
719502719
988496750
116144239
999093323
414181805
400462647
728705167
171090349
352072019
120804473
33800135
214141304
476950330
512059604
37825701
289549409
481944204
350692678
890592601
106087892
246143802
225493583
861862587
772770351
231678752
494707796
616865923
514056876
713416050
533997886
261431780
164878524
489938195
703926117
8798886
488400403
11391362
524619281
781716432
739333876
62755941
570509189
267163480
833561434
129392138
389162217
286631066
873343664
823724004
632083239
172269830
919816220
128793708
768755113
202733985
494009135
126634162
343373887
767414571
919474008
783596722
214648291
457674298
818074132
859372691
868921610
724203108
773024211
503260717
549425296
278158046
957324922
568976245
151258725
43331951
675634611
958330102
28301153
643378212
842516534
208076730
743522258
690332870
81332811
361728055
341615558
36084815
721183080
501192131
514789749
361766241
668017474
757204709
862242423
955737152
848107649
112834891
449089346
974188741
260470527
664959107
513606853
370082946
274298707
353925192
214944906
350839975
977534981
725423162
527099373
535679032
98333009
699995673
924898036
711397277
40074464
524315419
376341487
456346077
517757132
832836794
3020028
271832079
988470967
187659055
610140571
200120213
706733821
195521572
195224301
562799720
509240755
54112410
382907685
177557426
694469875
373439311
416034162
727407617
146783148
990775582
58549832
995759916
974092757
979110715
263433232
968021800
832306671
150845145
915662688
323792229
736493402
992743268
456431608
427633731
661939079
241774774
381611978
86639652
743784620
14824693
644106153
782013409
530198861
964299651
26438277
44220598
317087987
747340609
16927402
666635152
108281257
648933868
309562928
526981549
774286961
7260110
297739321
9360251
924225822
642118769
367813540
555888675
279858882
871432071
826306317
516497485
597680800
955273953
515618345
452695101
991827331
329394510
983622996
131958455
346669428
276536422
465561055
9793106
952672438
219212633
650933812
84966062
133917742
249027536
215510972
87559533
683180340
929450058
653346768
654678969
944035451
372251726
162413829
101665850
647011152
88217477
502154526
658766789
137993334
509940790
446539796
361814033
231722263
564232300
674807819
778886745
665310871
177604473
180312120
497750539
541699053
287946214
56687811
705013188
991184956
282847478
421970932
30831346
655921098
738746783
833317144
668230741
301927184
860939375
508659648
619575604
166980680
881957145
484947302
258451951
774381894
806794265
871799771
442731648
772672836
289119778
853243797
569685441
574219715
436624225
422248660
505575867
749137937
155596229
112979915
656089237
315563915
457400640
110480893
364163673
666246543
471323180
2845690
399246549
676623644
778309054
59886848
370782887
55572651
55232214
611906064
783353725
692657169
921860168
723368644
734904786
416146442
613956162
932340350
702065177
429603680
852285490
456611629
219296873
316498122
327741277
919092802
146330955
747959459
852570410
304011689
709580039
771476252
120783628
592205406
303058713
803948575
472553221
766108003
994363780
229232929
482460909
514112789
518987501
824718159
638894934
812918696
827277767
432227583
378075128
239942794
701607751
525060288
408415714
934559992
813961052
14711550
783548815
82748427
348882366
859216250
913555892
622823426
203002240
751220523
902326024
11877473
571873541
329654762
420309930
930956209
943593220
847848158
937976568
472832247
947142769
338172700
937624127
394578712
677603187
514822580
91815034
714103370
369884331
612627615
602403937
184519751
363060537
186223634
778244352
288347163
20399759
389804793
417225636
135147530
315677036
859637482
311110549
767766977
922392134
627017460
241045154
497623005
11917653
447118917
296349573
853759592
587083718
935583466
987417221
475788351
77087422
388970102
405145239
834059785
767401215
199452522
252939095
590374623
148816586
717806272
648816935
385649906
551410408
131962766
910556449
553788426
430622522
802829038
157155210
87505287
27062151
169857149
472186577
50585726
273777426
594192028
702185717
922765413
316278042
748644343
597436031
427477069
198806411
302456001
211259741
631429656
984659553
583165850
367746313
116224514
606698386
720735924
618950390
204585861
978200524
855395246
946212596
879954885
536562466
742561145
423137070
784254679
778428255
899911934
448726200
907230271
916783524
354559513
560282359
173209187
497266804
330173680
274096581
400172241
120370240
221339865
186843494
248954407
920703024
279126793
569128872
847456670
435082724
40930696
480806899
306326225
550906757
267600715
72385200
418382178
647979430
822230830
386202947
573716895
325507273
813181351
649048812
298894476
853729799
304029468
714646130
630100040
22883491
194537126
618957709
276524706
446639343
218778149
84215620
756860658
668551751
697258188
959251860
257435672
173432273
575680398
349171954
737497558
419105035
142399975
356323513
649182809
282174312
141900180
525229755
675035972
943970732
700379684
74664968
307188887
572291052
887949017
395224606
616673555
564480662
939028830
824573179
240545598
421972986
204282193
859686880
332128608
183385094
315524541
749830425
950721241
862978969
128767274
400284622
749826873
464009397
911551252
879789440
711329823
947705954
65463321
347925728
880983309
669307369
943921735
332553972
746259658
144113180
777026732
184569606
780602733
302033582
342578304
692955008
234403442
751107217
108626356
315524572
214822841
282713094
24194904
465797714
966649770
392069754
