50155239
196845898
131155800
901564371
121451495
88379480
56352207
72599611
336510411
39521717
850325919
814133321
484714769
405688653
789575719
334631157
833476632
851983773
866623745
322921170
26262718
999325818
216948219
465810936
756144256
972747782
837900725
242361608
761275967
136250414
221316955
918376150
827542681
244618533
269671763
612647141
123905948
707911007
254333699
236823424
597198148
863711968
297567624
484555238
825972050
994479947
643151659
898415241
363365823
869270856
760685272
545782376
9520024
620478998
362306581
50829419
979897677
665344862
145420115
148703711
250478754
813990597
311323643
200259996
818204760
931949767
986590639
240096235
136016890
176928577
210725209
125565624
597650074
629800321
725723020
162550749
701758194
732392980
639838884
761664308
329596123
939485482
878995784
892005110
375565141
675534578
908856125
207063683
882311951
218842343
632749463
458561084
562490892
105629987
986344668
783207550
552388325
97307627
666350476
894022282
7889308
403055423
762398351
186437245
658545646
635119647
948132301
379719702
894755976
199755831
349071224
247504697
25505978
383755806
819107587
310993270
934994812
419318531
824694854
142670182
23093642
779526955
357784283
917174546
544179113
752164124
563074731
492020086
643455651
942515469
610162423
604450566
66042504
745816601
753775000
926540698
177087131
692558538
233459463
740445492
727402275
529136422
312307705
682556119
869771117
385244766
433055106
178735086
286522399
675351398
848212736
133069793
272612772
523680294
870928640
228362351
45271140
845223804
642258131
906381521
72044916
456112214
736264050
952240505
589593406
744620657
181462192
279689375
629980804
892566887
133906138
242436274
185859068
84249361
415267905
493957218
467219250
675228162
47403428
158934347
319109017
384339645
205497686
968104251
94302732
477092630
331837793
542362209
874887960
525412649
881269558
331863325
50300407
327077940
668400575
271290061
792872371
360067199
92962712
125150460
203782573
153365730
548754280
393955511
541445259
605776462
947210723
188363410
108412388
376971421
761143100
370042977
797820376
483323783
587272504
687705270
250614527
768159797
857937772
112500776
412782863
639099982
404801414
104568155
11297328
802042812
192135867
858781127
415848784
143977844
701084846
107152050
582265449
922252966
955151773
165743287
835585364
811542173
426658991
488526269
529881905
143474382
433949820
497916538
764269548
511226581
534042948
566976622
739805435
980695304
20675533
24712573
502129425
980461935
712367596
564682589
748564315
444186124
382658182
739402446
413640595
88429596
772514625
964434543
675886574
653991049
787777526
875567408
528172008
421529216
852119904
439072353
341500805
369411503
582618869
269308480
205150162
906884874
340298606
500070746
267999863
625159243
118975691
435153478
123302310
676372272
605022624
601803512
209885370
390469183
417178970
391399239
428883990
687256544
74885674
441452309
370959756
469515275
822029963
110278498
723449053
658475538
38804613
318276218
128575399
581603179
683211766
132717922
397843065
443059115
359532427
841679440
103887517
882587435
471402582
788481351
969453903
337361146
841132232
999514300
48968424
185974013
665682038
137702824
4350246
460720665
10188362
654244260
294525828
141166559
898348723
735634885
84854910
230020108
776621692
609524323
586354629
800699472
306578079
541699130
993160505
472304702
203960446
766826253
30936756
575499529
287511722
546296554
215853961
286404322
471998405
33598610
628383041
822515662
61310073
537475039
992793499
901101788
313925972
667854733
571414817
28967505
838192092
256676506
544710391
623897540
756824529
873867408
105965742
861878258
202126721
168754430
30783066
299433102
6353794
576663721
982013565
898855783
106766068
428850716
173208942
463891806
438390298
8121506
669168153
864750112
107251843
262339247
168710034
239146652
616730823
685252840
486773500
638723344
970284311
964192999
634112608
947283939
222115862
407039214
818674998
413644313
440330812
353975702
84277600
303243974
2815543
328949939
816161867
484646350
555461472
93937715
794335719
885075254
494645791
107523010
590577205
830070585
587508351
679960277
516645697
494485282
705157374
866819088
245147434
516873880
681980929
392059721
329148789
42160793
942551112
34729626
676739920
699726852
610175716
759564628
23560994
84414596
923843905
365924178
861934568
778301903
446177378
684063682
683685179
522793107
890917119
601698244
144077552
862761300
373615794
804042022
359775588
542155583
890393516
324189715
708486938
573511722
108828267
567403718
621263044
610755820
999801148
774001074
542095237
520731846
417197793
94608867
274899537
735081161
83962016
506162609
906226679
221584172
818025708
738343793
48307904
21093691
183133909
722354326
625956759
80282684
247982168
466387487
668544998
138509089
674954036
134584337
809333335
285986000
51077690
450049271
975586328
356440186
744661133
251178747
778500753
672176303
141968444
162953332
105595313
796308252
326798706
408996389
778799284
867453183
897815342
138191415
724129874
152049722
275881811
687393246
390377812
386473940
941446958
540980359
362773651
533413660
105456075
403586147
845777808
282613456
285275530
988913536
684003471
633912744
530576280
549786492
476923037
566846960
959843038
376131599
879125245
20180576
616759013
829648506
753483977
838985777
687588202
801091813
240693746
536762621
410454462
657283613
10104189
363684443
59671458
589112388
414993227
203680774
888405094
245087092
566720227
738382296
317175523
822981855
511032722
337885169
724992917
144886539
336876903
348028849
661268376
157282913
192206682
899750211
808267999
370197236
769714925
111798451
787496381
523787873
845825457
304364261
162892400
309015187
872158993
627991916
978809346
320319028
574241286
941463890
134793265
273242263
678441864
714755946
809411370
140742949
703005052
793777156
318615784
415598807
113992860
542701662
464214909
892664896
875494244
253171548
465076930
110353976
555416442
689474220
819397461
303194775
416184392
364617221
399261634
262355966
575489895
8160335
950822861
883040804
359075821
404673889
570645252
395413012
213235583
388026112
478841048
477450735
90338840
667525049
667192183
975937768
793182666
371897573
409795012
303123794
840149350
270227502
433520942
618987445
162914985
868455369
764902584
884767064
122066429
831598489
857057869
313824642
315494312
547055403
565253053
694844716
842954293
435574978
56522985
709318970
972056409
68801897
679429313
487468131
774330498
987626194
20015136
887891391
22282037
843459691
510012108
44286819
954822208
96137839
422206615
305262392
574639392
331835415
720125819
490620450
639771303
685878187
273346582
381637093
530968242
165016405
161956422
543283435
102271996
972347465
132983474
357607688
315374587
700476041
331067384
771347452
590798188
946052810
844656945
175288790
848440233
877011192
862485026
278606737
321586381
812771050
359002433
219356472
124848788
259990660
120205323
511118877
715449158
565902534
69547667
286178222
795455314
297792219
956499888
609314093
825669771
476731699
785619394
49934571
710476216
152404419
728912230
254346167
765070453
650859161
714464203
628586581
487178469
544837028
642180216
762760110
823393159
994739843
60050712
718197190
806013971
942599948
418434647
842281335
852142142
621864596
642158528
749472052
630928374
44889162
975892137
293005968
989552921
235342852
349619017
371708533
91391797
812550455
568130519
169181961
83858820
104656266
454286018
473989626
545526456
491618741
23940408
170612129
923722316
306787555
462785061
800715469
237741507
238302697
803300120
883069821
58297052
943338058
197792427
88611620
510245890
979440177
623417792
720181291
674967022
421458234
639033659
251835616
195218011
270471682
671368313
10842704
426609324
890868750
634338370
701357704
488313930
944445020
296754879
360523401
597924187
471546399
825749734
324140818
582104099
175176668
55264461
751250223
432042730
466549195
313411481
148053737
614758027
479518899
658936069
104418641
481238473
734104725
799022602
124068221
852585080
772104790
975394117
653250634
635419241
451942357
374106145
346872756
603964326
101942416
394755890
113852031
646583179
837269025
490687431
38699490
153690442
299276973
138077191
499790354
366193773
887783435
819792884
728668815
957060199
523314575
396084675
947090423
231932680
529919728
220119231
754209204
145422417
172686657
507938319
825819395
496152281
172499099
688721575
130161742
801070522
708391704
147285896
330100314
71793304
199559450
501470557
777489000
988831466
620236579
950728198
181961499
596027533
299232248
757874447
964801644
952311905
246725302
696190434
112104666
55857681
427015720
114940075
74044598
881823183
640546685
968429612
473896521
329330706
664868035
542547207
981191342
610555397
7915449
698719831
657802067
740497538
489692570
656875510
757500749
21844017
618595674
958258956
611696100
579191529
38157731
158181670
846190168
414812208
543136674
873507489
249426979
476308664
576616909
74304060
374054801
593451628
73241298
448277129
431246617
231129836
27574035
448158294
323963431
77689371
969536854
571406101
588112083
600512415
100072380
224304105
462619334
589849790
938689683
90260648
437262006
468756763
503243974
494853067
843665452
482365015
122239444
59084313
786194031
791360545
293120228
504882677
33938488
933611388
324665029
64350439
667256239
41415440
225628893
526370913
994269980
170437380
634295525
534006728
609654673
466751629
570069585
245677752
314739828
318832568
410888154
659577188
537618979
486356260
637042053
905298036
90207654
578388229
604611676
948881601
108890391
968489721
661964262
532602884
784569141
464654177
537467612
654500694
275847385
35721940
557047865
421203893
364220897
412318770
95990666
266824626
834461237
969237245
885198393
376913822
912295428
876561690
744344484
467361462
380472390
633543039
967263696
547582226
296569335
419366991
974142784
88868010
436803763
276747290
417480521
25780259
508473117
