930121274
62138914
363232493
268179010
179662887
853802740
877679942
542955613
432177842
779878692
53147978
537884516
839904210
993649121
612858000
14111721
468493946
735036663
716508141
268858621
847887545
131409979
242447444
650314778
32633836
486028706
504298600
513143509
849085936
487582873
137276962
945969040
573265422
515132635
783757975
22264189
661342640
886541885
238833372
853572558
468007256
897317012
752626117
883328920
605282456
519401140
779971254
80587158
364875957
5209542
364296108
899433477
347026083
400765362
603220607
798711294
819691469
712917713
235545174
693634179
349504139
364536432
693869676
944594967
642601729
107178936
964619093
324771574
209891145
590593811
352769080
581952059
496203290
862935581
800851364
950570532
378783860
359118522
45032321
513232695
706057451
423711442
148267552
843876393
123286765
237843484
598942957
172500059
911912027
985046680
202572719
948424925
650996711
545199191
504068419
103470823
203447336
808031149
240727190
498103520
554782045
455199679
870696011
774282144
652440460
782344047
403230187
484090500
599913997
652650073
419927433
460572947
667885392
722312477
987576727
925792696
216268880
849993281
821308202
404758245
508235977
792119034
412859546
224844464
388021092
404344154
930955347
951004097
358867162
697380541
747123196
570752710
118391331
546928799
958450648
250857772
553015429
373985406
191435932
340942716
834613295
114852456
572586061
259261953
565119246
741999771
280539532
928684232
557622463
578275721
887201942
353454053
986722946
835968943
989867541
762663010
42340132
645851547
386261052
248096306
851388699
452226088
125223338
902533454
905526876
849174722
342181615
120956592
763861828
736718955
372777267
842283472
658557348
480365485
570144949
393383520
219532973
153597593
659725217
646021320
123804622
2271114
393381634
780591439
810178598
393669142
584029763
282422386
557061257
195787637
208517639
907163880
987724353
943339625
489554016
382387207
989629117
670052605
353735076
715944523
399818155
159582939
164822404
820903506
205498454
44918469
694896703
506357460
265823994
596484020
543130037
888742538
986126329
740239731
124291683
849117585
58844454
344631897
92354856
511857733
265144958
59759228
563895334
568074190
528201315
465613385
854559118
715217722
990811467
187757742
403754402
549480366
799862516
943780693
246203164
964221681
837448709
572478126
575092985
765260128
698772437
77672302
16598392
960577235
652657599
319775100
921037550
247484621
819047941
640436430
323542753
644997220
577697748
841877341
450799564
340058927
595687604
596748212
292702190
739885068
190359350
979678980
515545992
78066252
192729618
993649669
88880022
42345636
494036567
160070001
11668875
486366326
769538910
327094726
813085294
187472655
43160836
603318098
915416590
208426215
544575833
607074496
896169780
350375036
864214987
758757180
971782616
957985173
492981128
906144236
368534077
240700496
279775936
835207916
574900778
719093456
562126309
938532138
767847616
659007928
230895078
878691914
753448053
658977939
628767554
837176425
875458308
250603022
28792046
263326908
296898091
992369504
681331621
84275975
195309234
583284852
83509199
165170955
213851263
433972437
21867053
130894847
549364506
587892329
791535923
770968378
206590390
934330993
752193946
93991837
625346345
104628696
835470481
256408661
977531135
665883918
853626442
237191840
721607481
27038562
883298870
721179594
929193127
229654219
609246145
376164571
559368874
195499960
639898682
991615925
635584257
396955353
724680875
333875179
637140875
100000231
329327408
165555723
867442015
857799175
630586035
941127314
498409074
934800207
637980562
192269394
156899023
424922959
106744839
529425314
729658408
846317358
443563473
186812701
550673565
300687457
201701718
319710286
978646183
415371351
211599503
11090429
294432311
760578020
458407579
228390991
379947820
501595302
619267785
877530904
336556510
688070719
369749823
863808304
396452525
942171554
222770519
994392918
591673656
416976750
219265548
134445915
88755120
110473367
261957516
789266897
953391879
537868173
783201612
336453417
898298511
9617121
186909538
452070663
646199672
619495605
646695003
737831052
476392627
409589570
812321573
655303720
805655172
229213934
192868804
41587689
476567534
579755167
790360175
608502009
77916937
207308798
728036629
561669433
196105803
77153588
922335308
183958943
498620503
669140680
274999110
842079645
718393688
282814367
979232391
326939388
501161180
917679158
217608632
776956918
295476551
484939465
518000290
182084085
604655176
563961827
328790741
859541185
917604561
220369827
312699363
373636712
747507997
174699603
258536479
690989712
281580491
625240104
255964860
569046083
697160296
462736059
239210549
807251946
134590459
970241926
936910030
522840804
249981541
865929414
540426507
558888374
362146535
13403256
313025458
592977470
689308506
545952543
957014255
632143974
748362845
62794122
266354380
278250676
356441317
901362397
94571648
543694085
24277888
288242678
45358897
875921075
661714298
648562547
79796621
832740490
245728916
710748343
47493625
634413249
627051795
805949936
609559643
51675147
679943318
753810987
11490176
734104740
861674143
665559007
1681205
735627946
668225847
623820884
820683237
634366174
196381678
960959871
450810628
233228061
875670277
393215944
498562916
961738862
820570516
664505431
897174075
713583986
933606633
480284966
347248554
978560162
498458917
322601006
5092178
942412908
453234477
214679233
598307356
602630328
889872220
360466906
682019940
358718879
286561472
309730949
207695227
37893413
827879308
445430446
636358812
284769044
259937715
814265563
758742970
233835851
307387019
647820780
231104629
15437887
856636911
297906189
800498106
381389177
318310453
23121042
237169029
345624841
618728705
878270328
181131696
981702444
362652514
848180299
343355839
515203370
711196003
139844037
675177389
510839567
456810204
859280661
885704677
488176186
843926153
62479509
718622447
684193352
563858034
771256326
635025888
805413696
983574603
582869469
745993415
591966031
559968799
300630763
40408425
263440430
72561920
862070384
419164706
949608979
264298749
654656367
922116528
411757414
470909724
243539600
522639847
167542982
972643389
720265061
558627681
997356248
412201510
312321919
537463023
255830943
304498594
552975675
781766806
847472378
243244440
375717999
998127839
779783044
102186883
751389806
955234570
410565240
99435611
411736959
438277647
594739818
440115954
936095696
223877436
189269786
140362980
306865032
213283628
320318434
248616479
467482905
832770306
263309541
24241787
748637165
179764520
247646879
763167738
784577480
958941834
519586243
80303578
571692327
706364539
888580749
656528526
142333484
309570531
719519916
288305028
112074606
68107371
560906429
281987414
963887862
557240293
476105813
88444482
348193237
115467963
997633561
339692047
461448372
598855898
775761533
542947692
734818297
755541256
353549716
571625285
707587691
647397500
314858130
452795124
918691402
514436239
868423626
229731157
335296686
532741259
998029495
997294499
493763711
32013406
136541872
399375534
271863876
981322126
60353924
191396871
703658706
159202396
414974501
669109517
961308272
179894196
618855205
972836428
930603004
345633057
921710227
386792226
956020814
147894630
580717335
464677105
753249240
108111305
363296010
449451623
688816666
246374655
753147795
815451977
117438466
339061
845928335
429434966
462314025
376385999
271083815
753496170
695187332
162152844
867966578
548385295
232422999
645748611
491486851
738797206
895581033
895587197
299128152
989663627
611031030
611237268
41273685
345869080
451296069
671864766
646126293
163752571
618026116
610902299
502580204
457284051
406054599
599522522
551671050
960969210
333965860
189420239
510522402
554217005
74549242
168214057
691604893
793867969
279928051
32332040
232254105
107500628
616624452
624498802
553870589
793229468
947246502
763484167
204420946
506201197
959065375
500059254
978138895
790449258
730259704
107331243
135470053
84285032
659572639
410682527
142330695
632900475
94077561
530517640
404831346
706160793
385064794
744911145
915114385
442816973
919632373
247405714
65941029
418964029
439610660
538625664
547128117
993527312
57031710
709350734
510037548
642570431
395101576
45469853
1903834
833906604
211281342
720073143
823957299
967217997
32744003
607319861
134295330
869245523
890001343
599353629
13423067
86106812
219667456
847709794
408164674
202335356
848369781
761603971
586568822
711659661
434118225
559174866
350838598
191634040
560203124
141942739
27253321
950221903
900644978
499760263
237798899
48607707
528613805
570924740
494879450
664991650
920953845
947896386
410072970
312312512
113110383
196695505
528962684
840257029
525202597
461021305
773859856
209321915
301186060
307702191
794200648
633497603
458901030
290244171
399788378
652106475
369234544
632323259
407014872
890801262
580066539
184073426
968600544
390241079
361554730
964815359
557493005
648742714
352830343
743173022
281381509
900473393
351531001
274256309
598549278
237422720
30212182
510581567
666431442
99181819
368082882
817931405
649035843
592942786
705559614
604301294
589706676
238369634
171136361
842772974
295757105
288630586
540881513
519271706
732245971
929036956
228094959
138721604
478702299
560387237
903528298
125117141
856491570
558013036
26320682
893727253
281966602
184644720
691694892
162365658
621894293
858652976
965891816
307833053
522718379
762135132
535037581
375657758
684681464
757253434
375108682
319123371
477606352
510057368
447415917
992750922
359591880
832259293
542010336
669512320
9327760
891490576
31879267
106044204
195653519
242965740
961439834
91022806
566622103
811832359
322334691
405061955
546674740
8770703
220878681
437104127
322738769
233048460
996553325
970110838
393999374
852437200
454040139
721448864
185278554
584404927
647510788
346434202
110597119
33569759
534135373
449707308
642634382
22182571
153037898
730403715
826773709
859847611
112179533
