594104915
106652805
868064218
49480173
270103799
795944061
286239789
582332525
880508491
78265811
331175902
660739136
898935476
983672637
563338612
768028047
139322653
502460233
372171156
36183942
729354846
867913043
139271042
814752158
937422336
898320704
627547147
933549785
176153139
768003040
224842393
103336947
843625569
444861588
362922816
356030727
804466562
85372655
190642617
848546760
420627896
938509596
114684330
666625350
604110718
478881739
641253370
974261313
933678529
54052640
987705209
985758307
459922574
522956255
656336265
726191870
967381761
53312060
112057835
371783093
168396914
352690003
406179386
112505450
853423417
227838955
817113565
454073888
620749821
207307885
963561483
53949998
311817616
523624395
615556044
790845249
753228712
472645690
210641439
458540597
257067333
653285832
999871254
122100498
780297830
239084085
643414372
320669314
788525322
636730944
388648964
751154502
973314818
818859522
680149845
67937893
532330209
2178879
813201932
376271763
661768173
187179482
353511492
726370643
90491155
933755210
673940691
936298177
907400209
865491015
972963157
494736070
842670619
653517237
114715760
515111080
352818747
284078887
332207619
614339331
584424581
496444250
665548564
984018876
818658920
212406981
80635179
492958092
843474548
547618151
258515039
751049832
659443757
834369675
796772422
69887850
299774340
273500611
31609343
846542619
565143393
707116193
413269104
923034305
663767786
893912893
908483881
319797580
704143762
165038765
715119144
248251322
669971259
198862600
791847180
165323922
521630916
369492614
907711722
878084173
853120031
180982598
92823628
359782058
606975975
221913324
835292312
8300943
856744813
44827909
215336739
79318135
252469544
485664998
49195938
877308387
83175146
742514258
320251089
924746025
303923098
760837597
788814328
678435783
832499005
10263717
81078573
460581156
42522495
631448499
548256932
930281724
365788887
153525168
993422586
384160794
614292564
53487046
316058330
441854462
58620580
900182938
463052766
659315853
949702024
635801009
995781776
184306261
149666662
914538791
82148776
779116657
49241525
982965695
574161075
92282433
392168269
414387844
527283051
596712257
140834750
374711156
965778447
225296313
496570975
285055014
713529246
98944375
492242410
665035143
263015822
29688100
426455928
878396626
866125444
403740159
297784831
129498475
728733758
196697996
14481939
896772311
310914493
127983702
549299723
769140274
881040199
382823191
579364092
901140152
991992523
199904720
526203993
719346071
301019711
683909423
934404490
237756452
162744878
664647010
922271761
896837401
692063849
484631517
651522969
52460676
352660729
170844897
116840250
170420916
794497601
262669794
685654085
330585055
582230318
244062438
63796662
837794744
675996589
727430699
404014813
330706055
519580281
591102257
673042618
63111101
503484105
707109856
577376915
182216021
469335668
60028378
966753595
64086747
274426234
117644537
204708462
826282975
476460732
496839047
416479544
710195302
265982940
408943176
106642551
729322729
514250634
195618938
137115753
56957272
620112761
96609745
561759862
435314177
260632196
591565705
377257120
100961591
811588897
588411867
548976569
645550872
593467981
934624228
701085247
734469222
295916197
621567337
56158821
464585780
39353976
237513685
361334012
179157541
310951154
693819510
64723114
110637105
484459705
943719888
548860466
307865167
569994102
520419642
562103258
372725922
498268515
531439418
803454550
682860527
740387416
103746870
14694077
888048863
947862477
770928671
116727320
331358711
707857928
372173327
433406532
892683295
139460117
672529971
17603295
382599075
735275732
382602320
124363022
566812685
526842590
266620015
616501885
867869008
39551401
241111401
75556769
73048338
372520969
328359324
236200707
764476777
818112786
373298292
724198363
935607105
222819608
473285147
231295063
540022482
577092189
733364402
402779175
112286378
510313355
656177169
168405050
897464130
502816347
179504183
637450188
115666194
407076396
236641864
156017937
473767400
487244983
146825067
848497462
706751076
695371902
43678982
958837740
379498603
135972619
668929753
74570509
766161823
948331606
81996188
159779467
261990584
151307257
584340538
989720494
793478186
863840838
504215506
357555653
383374231
72706350
178092637
570231989
193016786
690909134
120534512
357400381
581470921
217280355
250430962
448362122
75994540
624787684
524543985
844650579
533413206
774526661
23280572
976313757
841383600
581606659
402243226
949132522
420820159
19724715
375459604
964358936
822735856
246921368
362539749
609926561
983029476
789269413
465123230
634044725
517279264
473446991
765820953
688589467
15438107
311529372
493099586
548881468
697900643
633634065
83784926
637202899
626763270
739689958
456307288
18951524
840560266
527901747
516172051
801767570
670463123
228960113
149411830
173292071
315449530
156175575
534664523
334549553
854740604
640504400
465332644
286725126
159664453
890499259
327371314
59966214
8705708
334691103
960875650
529854227
88507072
853361756
251231879
787186092
935939788
738256704
337595665
83045897
790614079
343588224
769366294
455127728
273097361
663355659
963581601
288319150
324035161
592528882
373139937
859262530
776864847
158550033
694140862
57396243
168301420
797059798
477538445
736264010
412318643
396341073
10245816
505869162
567026096
986317822
713260497
817101365
977728233
362225736
237352281
577192825
818579909
451618626
543935472
511152380
871138105
10204916
13627764
496308793
926917657
39052164
735931052
416176825
961551165
101613119
752989379
929957038
159220893
193835636
618884672
138879990
260718258
601331653
670727252
394273006
333342408
263497131
888101630
286779538
950095160
146480235
310590915
961809423
355176600
795947110
40682621
325246221
614614560
182988482
186258137
158096504
783432033
981229650
809346352
373266479
660410019
594068989
544317996
465412976
233328443
783303458
657880472
783892597
743341063
98472291
316474566
217248255
780891372
149662465
177809972
607640973
122103284
726848225
546213631
780437422
728461247
774121627
61000224
165604054
60930498
427743158
315342477
976232410
7577498
460788167
355447955
279488607
791985300
297460773
733862985
739273417
719179133
422688653
53451094
166791702
488599762
526698317
218468360
256704309
479472544
823434364
544354847
464952094
5178510
578617162
35993219
56583808
435016019
28908930
644805230
886288390
533068765
378713942
404482478
805585284
467960980
681648060
776315098
282552895
743024334
36985959
425262954
483430599
415799478
438536553
888461839
699414629
673397130
379421929
291837659
201762930
555653267
804295913
686131509
237496132
883388309
850390382
971053900
428960335
424794947
298864147
844472587
763076370
652655542
847574593
206204652
340465191
18206175
247865809
698830721
806951700
750383217
935915463
513679973
442486584
398171410
60924247
49152615
566641955
690155321
336578589
383186676
55594089
737071269
443042299
330635123
728772850
692582432
166986345
922196973
617570597
710594159
347354763
857757946
444160187
192513371
662186583
830775056
568224883
232331901
547996648
681208454
425531321
680591207
484885958
451379712
619737803
290615939
243644924
839324721
822464061
801237766
404411944
738805012
88216358
915677469
788878497
26005100
209613242
516939470
477431800
647882757
851219828
325668834
81260123
96357540
403028454
78157516
69519786
249973213
735984826
230149190
480927731
334310053
142158673
655370134
957655353
375002881
252185310
991662586
710897318
438156910
448937508
327661623
99732911
816332830
306182214
608549749
769541588
528482717
403634873
636181482
621161813
51285413
754900099
900113889
829988624
99862486
599331083
388528418
48351258
541580287
221096153
993671709
103339895
592314871
320310035
70101891
596646339
432846223
958022114
413875615
773819789
217950655
806042151
39274890
198945249
523558205
225935923
264927292
790175324
794478704
308615926
541037067
846338339
99803343
608987375
429642318
579409952
242044783
825381508
857792867
775671797
863656891
943311328
169317031
217060756
455265797
224321727
507418038
496022795
236080323
11903409
336695364
570460601
989759256
862361691
403211158
245243260
715625209
701168639
306430418
873926562
334403790
598353092
253872552
232964360
680059084
147333369
3536551
983327495
890667716
490691937
354601556
607464714
100229247
638203817
910162896
274639326
636725119
822214132
743679451
299236478
718517883
768904496
554095001
782575294
971920561
970576465
856579082
237441650
205776216
184399057
863784742
540876142
518951089
983866304
441268006
265303799
689438775
936352669
537001670
307932427
220785175
524090542
605355078
745388385
657301852
729230649
470231353
351555439
952198794
128571832
608518140
893411075
957489187
7193940
155408678
565499293
44258091
471297257
261043798
709482618
290754286
766094899
777551278
706268658
626907193
813725412
88513624
116362942
196935810
644859097
585200550
700372449
285212461
435747023
78451302
194427340
163549418
808706614
125273441
242689912
500345111
505023642
285242855
77204384
575880916
970373665
583386954
511757149
828457625
875768712
221045708
218141517
675308871
827519051
17178140
454690275
746539263
899086418
118481191
843576438
640717025
353868411
154619628
307339696
543371280
908145689
608198614
521742163
928742637
960981337
401949874
235551475
346023815
18353885
209137506
785730643
480852043
700346893
130387742
656533526
230338458
576756474
287905316
321167097
423813389
367059032
25063577
457693408
418568883
623761026
447888076
264462999
690225422
281697002
601972886
146476699
350404013
977903158
533833102
667735225
362175051
61644790
583014510
867476286
473818837
985494231
872117701
656954985
618381545
231447496
973838230
46192369
768698675
461947663
613237979
63960550
65963095
833452530
883526306
176312248
883082112
150505205
103173280
304981611
513093260
137486875
545326051
64326813
416380998
62660806
435326629
502948884
166513790
