998236313
85783511
970527024
961126587
287138459
375298197
70412583
133250867
594336955
646610278
79490505
368833617
459322576
362496049
625947378
272378899
929686311
656003966
300230372
872710504
656941939
507936814
374802753
835736730
908778342
733551820
33436242
782075970
674745931
32422418
76001376
941527796
753183596
779637223
283248404
374032746
436633024
306602719
602128365
768909075
256575743
934149599
32427678
171433547
198020508
858972300
284105754
846365775
992731549
901374190
784685009
730890224
853882760
582924608
51488803
490299498
710980756
134790294
52348244
553586637
341861954
288336611
458504935
561914537
570608901
137962707
615650019
679685352
79247644
251914631
835745874
623083591
53875601
531321295
616134760
722792339
475509135
203369206
637716221
49806042
449446065
187070466
789344420
773371740
247737407
345111151
87645036
170258988
728148419
792948904
663051989
301842729
254254474
48541727
427047121
968239131
475644664
470513140
600824644
60057801
243322281
604420401
767118130
740816917
65628315
161601418
677014623
322561465
966789847
328696463
14790363
507611550
497074071
2542202
104140572
154791487
498992189
685133193
314177130
225497750
50317671
445391031
951536931
286298738
588862641
533903144
368829116
5333873
104274174
647895627
247147674
4995995
602544560
577658420
806483760
845025663
419952334
48527502
707743425
86135989
668096526
765083570
203469139
399451955
778158541
155440438
804768657
251712271
944401154
272255633
469246942
790511470
156336009
375326894
9740130
797931248
652883468
480819392
151954276
531725170
792772300
671680749
218287290
318894220
81548789
9794367
905066989
919415649
196058441
259114907
734839152
450464686
977389767
228041140
557401222
285234100
241921892
552084976
508140195
433422202
729134486
117116845
60932718
832018539
178648685
456636203
848659984
227217665
567918290
8552511
192142194
939132941
896573225
176018254
293363688
996415776
546796279
884574918
317903166
768364174
250373448
885353006
55653830
685286246
537416480
18782255
813121702
928294868
817925670
724506029
556009356
100798492
972679195
718532072
802590683
675655454
610748030
386268750
140245535
624912584
161134381
677849323
351497359
187505930
66972712
795706209
553891460
801371512
934677451
560985445
738437819
357346973
234181809
739776020
183048754
843781478
61463015
375646471
294602058
159866429
643514500
920365115
409291994
843412260
452543154
91343702
966453744
178041153
373427570
617708232
385667745
160527528
744329382
692990581
607229792
572524123
533855647
868147898
618313533
741710269
464890794
11750189
993617415
256940225
986068208
198662382
866616682
232903174
535483317
958809203
614192439
235101559
91666691
980379105
981398083
240769265
268557329
508085097
734962774
975629009
829252463
375850307
427943941
316969218
175317700
577910291
613017589
541191226
132546227
610524630
309925831
193315115
757332936
552891787
694975633
631764310
926747698
152351769
857344051
253880771
224727019
733550570
642557834
414618366
3515792
150566185
68860836
763950276
711592496
366460527
303966794
25770549
133185124
642684523
912457805
89040487
583806246
676648196
81622524
408157916
585644792
325425455
100356947
924958686
648883371
420877324
477768621
538774903
285403471
349633773
314021565
116205560
650741045
481082002
750901989
95701893
733292471
13325575
313453426
24751514
509049454
849067311
829598729
766085699
306557836
284155282
60129990
114648413
640433981
605935146
47958063
250099501
70729244
449186134
668235978
899301563
633193622
717599147
765734993
582638466
672797563
530085932
478546805
361958723
52438962
187761233
375029502
652103120
891782532
816755911
355748014
570480670
363194770
56871009
899108461
736577479
495826724
334271246
618400850
364728089
360747333
363120207
898340920
679468324
301675709
63922063
45476315
201554911
812846023
851600425
462508269
15693324
247590581
730814958
351953950
978963520
370520506
467640006
713646737
118796602
909125778
408026869
222865880
823678069
250187131
477477391
886904730
13858234
550077671
931658497
403474838
298922376
99198297
401006904
221891132
309677355
631745011
799078480
60283014
988516897
142284917
173474591
839257095
40182107
354247641
340054690
322890089
632379810
704917058
920144939
366056973
28186718
620624508
499604247
455602309
952720463
140254327
74662851
429281192
824198316
177017331
31618081
651477238
881187525
448125586
163585893
916495026
846583676
508923825
42276595
347218509
571442024
407356992
725129838
976511684
735651187
568769772
182683773
469430427
910132440
154587302
254524919
308941175
629932731
565601524
375288120
678297866
599594048
945404593
269170668
169423027
557082160
369797287
236084696
811499565
110666836
521997352
958069569
592056519
190661747
423559662
476306412
123455985
662640463
572926430
794614947
620829725
895494669
523092562
719951121
383950691
957570553
605232422
519148751
669611014
922492411
722676905
21544507
315586000
72837466
485288026
316900977
901179081
239753157
872853566
790136348
201644737
171272295
913630271
865844848
213653834
610700201
590627252
278768679
486572777
678280888
131068934
646300710
57006300
770986575
754458393
782803195
76501486
225453472
885219975
211852473
951849736
850648535
566473681
889007153
387989929
500452845
642483568
519219053
705373720
106658684
575127330
883702827
789786895
782790080
592970210
449557429
981864397
657247712
506297286
773250489
366943300
326463742
32575973
991330124
791423477
76376194
964538205
544599424
318379071
702484829
240399490
675725608
354533180
661001092
838286610
350996200
604798612
24623117
477854918
713200988
968216631
71408199
573394958
379914092
103153558
247366106
856513814
274216219
178016365
304900964
800938797
419253772
719156185
111969486
844909172
625385994
818072561
575143556
97583676
311613735
535914638
97884144
200839981
2888890
866259193
899401720
529169646
128785802
944503468
241974009
844758816
957241279
179392794
793096296
805033856
295535100
753068782
652661880
888176565
544057371
219862379
690321986
366583058
13478107
901546031
821145717
956569422
242563693
816091919
212900616
532923638
29655056
927039440
166241183
177286350
870332486
870568216
570506068
513654898
203751836
718196458
727728011
329712749
936042354
460142147
843697516
239860978
926059887
306935629
549374071
872317210
165410681
686966989
553526303
91751355
845592651
731301084
187361874
101342857
45113475
942832297
286605953
312693882
731602852
709050370
815103759
30201838
13151611
615809946
934701368
424966883
182562714
139006981
684424729
825860912
492134367
360609236
430540703
553335959
57848514
581284738
30509534
935628063
266717848
340583405
367512956
342688066
373513136
74489827
331693697
139031402
683206342
469163210
468541422
260919538
431590505
415034129
598109895
226991984
645038386
813495677
226709367
310249941
372234259
124407187
689754495
26403699
2542260
727665390
599616987
484983414
300760381
634025914
43494342
463828736
912322762
350977888
45976033
391019447
341537413
472415693
656688701
938661782
284116248
795669966
741760539
713399503
670465557
423505190
394270406
77100238
762499339
203548718
908297571
244352836
354575371
720259592
563393803
142310660
650828908
341109256
340145806
645847744
474872839
846710281
838271019
49180428
425668867
4712686
348596775
80612616
369058095
207090448
885454569
172622693
156806976
288047583
26133692
576564292
382646647
976354991
355938141
579037068
333394984
522516749
722484073
97211663
725728341
799141505
109253364
192063169
787584083
903665371
740190537
428157
132269887
10840956
463788943
437405965
957398945
692580111
287730635
665752871
74908415
313657790
708042141
555408890
318094148
735674878
87545859
66527788
694125900
986829510
759664012
674473916
985171114
761108736
312452760
952356089
124226208
741059356
323452085
626527360
895459320
156533605
293028531
465392722
466899910
885026412
40352805
145966020
824258639
588727725
619165345
690066534
688624355
690185268
504128653
19737193
814474606
167075182
779117513
990053461
711595646
42725576
497937268
800754571
144001359
65716620
15257041
371161149
698388194
511432852
313179757
216339589
369128026
661203274
770293549
918374808
20629258
242649418
88508980
433067735
695322072
941579837
242269147
105398174
367664165
69597478
985849560
294985845
256980083
292715567
137881482
957151024
961941841
333398622
914931713
852733744
658596335
492273959
321391363
401183290
869769370
669191655
447577825
312825786
275547967
402825755
320938507
27421080
919891717
585753843
999107934
571825187
78566202
346049778
294731389
770015808
800456428
392539093
433090406
74403880
79867058
720271194
114181066
405672627
373551369
356028732
254397746
35729403
746271560
917559804
259778473
528355298
921258053
687325689
563298363
26130417
494002011
929443359
829850206
964838408
748658969
958428479
375094127
671226238
293607631
566056294
878584822
615892062
38667233
144915904
52277316
266057241
59183552
246987483
321316231
149498175
555010589
41905198
939274415
919519234
148428008
285209104
281149519
2331913
325975369
470752636
650567133
391240512
782751414
268600971
276013796
871013067
562688886
468251996
325744909
121438578
345177067
442954826
112064995
807495074
477443909
638505683
997062168
601355655
865282488
993721230
469171745
674270570
366009457
413800188
471119827
452096813
990168943
910330970
816410400
463449865
677278959
372762213
345250868
822854994
915489159
487344309
833140647
770066260
868902107
181264248
703368353
590931555
921242572
199877653
804321106
112055762
929840201
131779340
442075325
509922324
288146934
679793863
137049424
332254138
1580890
976296561
25231054
368951225
797481143
823916981
880844123
652357915
651841595
862295043
444159617
972414852
97703957
289210000
892005913
990099598
805365034
226995908
732453547
684018239
290352877
878240189
753027997
166131804
609479081
359064064
522256611
858389602
468255645
306488075
175302931
