149982900
601779885
39472215
646612055
965636314
253981561
351392261
717894434
329939955
194580990
788631424
577003069
672691423
194401681
553024030
560137831
627131161
196407813
196041574
856867074
641664615
903095547
836452380
413117225
919098286
712283060
372114324
86805645
929351192
747092733
532420133
930633578
784944333
547814590
116957161
22605716
459000534
111893439
897522235
726953189
302511985
430105059
920494631
404812333
490028960
314634997
753142373
47480695
720841767
720453703
848371729
698446694
45727885
235485049
135120494
246887352
765327503
626354988
727513768
253353253
881867235
264586615
788543240
582847220
662160855
857997845
792058735
124876833
77444519
530418314
101137297
515237721
298885577
469088383
554355088
211559555
982600914
431640047
923088264
604463289
959140686
324633628
365963876
208897489
898721002
833973438
884905693
549459283
412694095
870069808
257278211
832645544
384379670
644168981
845085952
37925369
641561817
337647410
742651476
632031113
522576260
628265539
970036175
190423453
619316406
333134007
399561117
576639501
681129959
923560937
264286436
333687456
703266723
123050479
294212566
557233607
898622737
579645751
684126217
828187416
973092151
242599452
712182736
207374710
273140102
268491751
130858051
654716594
624002429
516429719
569997736
644953504
688988569
291057150
81887028
330875146
354597452
175540423
589581081
565586995
434412320
308266192
868329322
489133157
605783371
923590753
129378820
261329191
349956415
287852345
139302630
61916066
653521192
914464058
658938961
279976808
916082802
762661464
917283349
350824654
202275956
744844521
952637070
164700240
353563200
619332931
644698885
412209573
41163450
963337418
202636155
723082313
990064668
118539221
393775096
664825959
374270128
223049579
601591338
349549348
139112931
869528859
304760179
336150083
377127088
508081670
991432310
774524509
632118187
801910219
414792343
591935986
258257073
238756426
363311038
689567797
355629120
703629081
135569957
986450438
278891867
717169246
220165740
386618996
85216190
416220315
71851396
534981970
520688962
994113001
905706678
693033223
161070126
567734000
211711723
332747096
440084342
616486986
787573151
845481529
627900619
870174374
780091384
239253230
548545074
610700167
464825240
751308242
755228182
704207297
309196838
670641046
87479622
615140898
70657480
421943683
649363118
918141182
250933893
960906771
436230273
456450340
253835547
638005185
896203539
721759119
430865860
690523071
27044702
30563942
249483454
739142132
916055929
290088426
358549819
408717491
937077860
980912509
838073920
474516021
951395074
320543153
779753787
816481663
684916162
235065632
605553601
545929227
497076520
789768038
683383976
521943159
365553092
826666378
409251256
171450279
616338827
142086199
343049689
826785953
179834307
774302167
724263539
724664239
454723843
570054705
754585115
797391194
256591079
661939987
484865822
668450608
80067261
776417871
9511696
115687119
676696552
437353883
953089021
661137907
116205518
884936632
193446551
237276662
347179965
727540294
373589039
89389550
880837169
187099540
792378663
794991660
637862819
11287967
294681714
177092907
596279612
55089547
361757820
114861457
480480515
808162405
289338148
835136531
304902216
14933367
441875898
589135220
817154682
293564136
494753725
178984944
188997177
681911781
710580435
294897673
580855616
486986876
377484274
727183547
196465665
665195565
916554023
69491539
869561322
689874161
30587788
68779293
481736156
832418788
519407505
621607005
75596062
838227564
180657391
308043111
595598484
358310018
932374445
332246597
285664395
784453817
272234867
587273033
692345813
613393719
605994483
955951037
300707531
999784039
596237290
109292736
677605271
634574271
918395790
815284949
891608380
219846608
965575207
615028054
984345578
373096604
107399064
984735893
774156629
873146719
103388881
350769611
501254389
402537323
699299188
222545597
554612429
45237676
441519152
412011847
392960698
329280990
377145724
256167603
83879677
74636749
768071761
481952115
236181497
410114769
944001732
441021790
919831773
365372441
416434730
375751875
392734809
317346391
347901018
912567790
677054753
287498973
813116402
819199093
510004838
255224871
454696648
898170206
300484850
373691692
554680305
632367595
193055119
506383943
422324251
562327389
842700883
709407604
531148376
909708828
605024841
625446947
748554395
364041860
929144985
662367089
430937837
135881947
986102592
323547313
829810787
237266038
697336657
528951361
734957092
105461724
516164587
557946630
746162764
828654805
619940100
869901554
181467264
862489804
855434463
311634137
247966671
413447830
943048189
854107339
533050990
683327204
786198014
438192189
307542948
51607805
538944577
449074542
890054106
847637747
824287032
318814700
912067613
976937536
543880904
317414266
935030937
664103757
771426849
316862526
46162802
284754252
963244839
702493569
289768727
735123286
443979683
886064589
508607395
617510848
414400418
17490007
192833757
131995252
790496321
146483582
451068022
259144467
221408412
683349287
566517146
67090045
667892523
898525015
4367772
301125399
957833939
204529727
318608899
538020196
376603198
583862912
642020980
626185663
807944537
248296738
720082364
83704445
148423461
572419660
607628121
652879986
940467145
272543257
433237328
806797025
125980943
780072360
186441214
397397321
866346242
675886469
442695344
88077561
750345378
979072756
616861728
64719823
698125796
988643327
777289345
239449955
567455690
970587198
240907649
830537504
375469026
566648093
324050714
542199583
426401217
367363577
110721005
648988750
75721166
913637159
126622898
395349265
465287687
197570746
175144456
177761578
18088513
921211576
671673952
700716728
141167568
553943418
875840283
828871780
631435008
655362540
385578647
159780133
795130313
368178165
85424295
969879946
31635607
602699823
431327998
559332849
456021646
644241629
970996103
498982664
565165463
793706592
12356394
836708217
852449857
221512462
599432135
500555049
813498870
599527767
221361441
646244112
298913245
540190920
689369936
821525606
690807808
495178933
910764574
771038675
981784929
950940871
853858436
707542999
828212864
156742950
363713658
862587862
766242746
615811606
721739931
373846883
950215472
172691287
135551264
347460974
541587023
39132066
976421921
409922545
55930405
885023596
346281261
195602546
146816723
439180181
670966701
491444686
913329886
609802391
868525039
960842711
733477053
199957427
517197734
614224590
939848155
304813394
8495353
695706906
857798803
736844271
734312302
197687264
877787834
847514557
696028639
126221957
404639655
341908961
279938583
651675741
518757010
500842028
715108269
96761332
604659610
658255889
560726275
389032682
485776248
872268971
949257975
156440355
747286565
760897218
640369828
750258044
655493552
521326672
407612818
236773629
30636713
280715014
552123740
319086133
150711294
148593996
317814711
299302165
743151540
544744743
86805030
571420924
329863807
216849298
442085700
232635024
484849156
420436401
9564980
281592266
744087117
619462669
209930658
985529831
787586295
577871946
450400698
116890615
207144729
945770593
470728404
883312981
934296142
43164953
621039028
238041996
948718287
396022136
946050037
456065613
340441177
261424110
645881140
941031503
785463940
377837050
826576546
530437267
318811517
407734803
265408888
235057150
511761692
126020551
492686511
411174042
70784356
566593908
531499837
572839347
698193296
200924095
92157436
797380946
74016339
203492048
637124781
286698854
595810268
204043704
283916736
88827019
474386363
553499366
941151087
482663006
973581527
268899153
200065891
409749244
751295398
919963430
798079096
799409924
680361705
235671253
371551289
808275590
550478441
209864985
167257639
382124378
864522298
373210689
757872315
139517082
169266674
848500193
867015164
581971892
740712267
539877692
934626997
114767813
123818066
176581868
760670786
958262324
184869462
10023504
437592514
801885202
366528017
121750592
821543947
778229865
402844997
292747510
117019240
838345085
831940757
828849189
736220412
385945283
36786064
901792357
224304720
101175673
795627049
801634005
313396332
125081334
401883987
618093997
669036975
211417706
985336432
683311283
675591857
503779837
475000465
413288963
623406127
540454936
772272470
365372436
15596361
742771705
551666740
979642449
736672083
876519163
731480952
28670079
750031133
911863076
803657279
548681714
77981749
222025708
952277146
659495112
162635275
383235456
696627171
312511179
400001214
748434018
452713615
610126241
792893432
719533713
617155651
613239402
363344619
418651793
205443062
195765475
613672811
671413626
886195995
481533013
549508931
815984599
64961921
436877168
393600380
373213908
868062863
757173897
407760425
436654717
605329534
453566149
551502689
815505352
250653688
240170671
843827764
459761290
965371221
267162341
290058089
941540498
186749017
17138369
259363511
118241550
665325458
331379339
706420014
607891804
935008901
406568121
335829711
470744132
109986180
346650674
318273534
259750003
918910798
26787305
880371154
695539717
202365815
356238714
114204179
163589502
61736713
547839265
167998105
965272390
351937709
153911521
706042403
619033653
191474924
607968432
629235582
47823552
177513656
275358829
707888449
536683523
50753883
799868620
501645815
198761412
117736437
80758556
705519171
904003012
921897135
584077761
540850490
938583916
386791186
594518371
739174682
830510302
902934189
95774008
56504837
117486192
163381234
741147623
255954094
781097380
700525716
716796056
279269208
502017747
717415091
270449982
82236346
643551968
318898855
343687631
644785834
402497194
854592897
915442765
45853065
980978155
842320093
263995091
43375255
767859947
613061029
767458486
232242467
596956551
868793749
798725279
144889361
81739647
218853992
590402256
373302288
309606258
543914525
720548433
498235695
400940379
801489347
203501424
186587921
651447152
501841414
897298521
619685061
43103555
949732536
336677487
975917403
987491422
