271021530
106950207
733177061
509242794
987731228
952558729
542631118
152692610
647112006
363565000
421466795
744916144
181080944
367164017
312510065
361124083
928662430
863987400
353591707
809981149
951833271
907211173
400022890
597849751
391818861
821102661
874188559
98824820
584672906
350065361
304643202
929319406
220391773
204698483
681608009
638953231
566708137
702702326
295037927
661992335
278930638
988592320
809335403
883718147
393595399
376495092
724105466
61954684
880835785
982377184
355468996
176162435
209477317
273483764
507934826
363810356
706927315
135327310
117423932
166628566
78370170
443806298
568019703
297046644
58921797
492147387
524524371
976382459
685556007
673556832
794415945
225960104
568949472
691599371
531050511
963240949
97875770
516304741
204254351
15323768
96997194
812233874
217989033
602295721
994596363
128480767
719842088
946908007
696763656
317797653
932025914
431380827
585278394
128409361
583622165
835124338
420572617
512288758
824796350
901448010
851970720
747723005
376398676
207278953
187961238
129508892
607212961
517877945
742433251
544693875
265934586
190622574
931072957
102100163
69631371
266136294
225817264
965723981
302450280
930441029
772305297
577616362
279618803
367758353
741530917
363035118
640681708
440540111
107977205
695926171
542668332
585587010
691508390
302806339
163353047
349274188
435835197
10710080
414334482
865087471
521267804
201964143
204474755
152069780
51863066
741403340
500307868
483178230
58777989
317485870
609307074
454848634
209838478
894355319
129142713
274354358
468104202
8640322
465748035
824926119
488827182
166672849
409900739
46507080
2025543
680347574
499114182
628266618
938747115
720357182
830301095
215107184
551389499
437362807
409173224
570341154
373141606
127549023
315895287
127576
862727248
157503478
381762121
790491334
86619097
87819697
375748532
797153069
173663626
888998688
881169985
427194874
544962044
589408361
376260288
354594955
792063402
157967675
150044236
371515491
242289157
872041249
544431114
338420806
487184773
394199889
903459134
772475669
485182095
558801558
901212750
340555178
692745034
465620458
962198870
331323704
784910727
619409404
959887982
914205845
304599041
701961111
454602991
49748427
839187196
403106220
670145139
961981136
61102518
54578269
778277750
215173931
977504785
944379794
757838417
990685998
613072362
43341315
303306560
692419206
184360561
603272861
311970974
614862067
987785936
540614806
734449839
79341585
627209490
44936584
569684226
172653998
198079692
235838390
66916449
540328045
417438257
494682687
499233608
84078553
724054748
941477996
711373150
430603826
780523806
686038819
363050392
748365238
707782039
971512870
718251340
741569412
316102844
267468775
729845283
701326178
389990137
839740923
61962489
298572390
668656380
590803553
334771646
16165934
484894041
605623751
17094239
741666395
877463345
217510372
573247741
118389675
544107705
219228007
968364457
242882564
891899710
881367146
834338259
301747117
177564414
986084599
371559545
655696618
326685242
828114813
856551153
930610915
505993105
365590269
150337907
577697332
432720197
200661218
415422171
133251194
606706350
695207216
945709783
174900055
668944580
621383995
870901892
490271666
398265129
599861664
197461706
96874836
299104317
486962719
809426467
508622989
5402664
760215370
121007976
682571780
219244008
679075026
689480690
656779226
749072596
86483322
235673289
511873075
67172465
995550407
685669477
343446486
803805834
835113262
636176212
196692493
935657362
659438204
632802536
556180417
115182707
881287877
257431488
726823576
630653107
759676316
631506598
19030386
556163800
641714916
572294668
672504825
79653242
732850390
914007185
927631322
5726525
288930556
425827457
582461257
385710706
359028816
423099201
402714721
914192186
854015218
293069001
463991054
850786505
612733974
572965626
345964459
127412834
564827557
567389073
337956130
421643538
962657113
26126119
989396279
454976723
216642903
955709274
425457547
423255739
13164651
263793244
70955444
921106076
708544889
190965968
646726805
233610746
50341278
170469710
756153889
458188676
854716766
812631389
776637887
466607315
167515544
168243879
943429825
68749290
226330209
545091991
514825683
165461317
576051054
505987784
43069411
262804436
436431177
127484534
169067802
403319541
997641652
979458981
901027535
590221974
222113557
542884976
142241616
421768006
926238819
112353712
77071555
394357846
811235182
879767453
566926770
150025723
249488231
522788963
287461179
48399024
12279449
356708257
196925529
468072659
748967559
905494125
345055021
202557105
147896556
383922369
797179568
922856743
1401908
352834348
460547022
875257784
911603853
186415913
244493758
624630566
26002263
521661819
142510469
113976497
468020435
120467836
354226134
696283600
939061012
893043686
13316205
913642212
840023354
120668778
391040092
640933395
782533451
432954875
841254413
316619430
197829955
939684509
273871449
542316450
315174142
154214811
392955938
458400834
419220431
691668985
238421869
63072317
278295204
662830611
22396760
490617628
214197787
82949032
52224
628499722
551267991
648771420
263496091
254852868
370606163
883537354
82833389
880733128
961794255
819613625
92724333
478648977
345161498
927874327
426800611
86317752
247790369
600194018
798802353
313805623
727511897
895825298
277063169
247392027
654621816
950243886
635347007
177192742
98272017
900422462
426735608
699584418
432902651
212754690
765351438
549058533
676188417
19018580
171710287
431636786
71381422
512222808
496606577
599606804
598944652
759772891
717910817
350420876
236030000
936079007
242827259
614003767
284146678
686246599
900987824
655442691
371708250
16104064
600231051
420362275
248190346
905640645
782461111
61371793
392878017
393139913
45746326
132406807
162522889
877742076
410129333
228771788
428483731
367165566
242424201
215289088
399218721
677456364
648447374
894848924
232333069
284926131
941162740
162193009
657595202
812731839
415437740
746656050
311766865
109908746
177350283
660084353
418787528
751348010
183446439
165740775
729761696
435234784
206728786
205804739
714026564
585504010
187897987
358287923
525949673
14055470
185520036
916981110
443822398
685698736
256223970
694251885
367656688
705382125
188029206
963264214
964477904
620268101
403776589
580146177
977702171
299090274
820639941
52614142
700391793
750044979
809984259
677135719
183719126
76683426
485527390
963983935
470727577
442642635
180822359
646829058
97028143
582874817
636243334
643539732
627211802
498456629
302833652
626068128
853684775
483098396
292427664
713405401
563318804
220182224
201262870
109493595
31458195
626582608
228102567
414936289
764864067
135283844
657896129
775904693
204071210
508384315
733261983
367138971
200171345
292240034
223524308
925014052
524559765
541200147
866236071
381603086
984024766
760236855
952934373
479245541
996256621
194571812
198929366
217293396
457617314
96578857
113816915
963536901
875420555
376033795
932525739
844144968
214540068
765886068
881964989
961744297
924978687
860338639
439468522
118827486
765194645
935694679
425896782
561444740
259574088
367413610
188845636
22118657
353946151
819659782
125468827
271221339
673648233
748857024
418679667
570292254
936354477
440602732
318287378
107492352
394567400
769725080
491718415
824137549
359714293
379379338
710473984
758673695
659235156
904491772
456624398
123686127
320768333
834106886
714050895
60561941
768675029
637484624
957719307
90203703
907733220
91698257
609590749
55760772
250564968
661304400
170496734
465683042
347206401
311672734
25389820
484375955
542051260
331976169
724260084
995469563
443976263
601759232
201730447
880194748
656939625
430171939
362883499
449454378
363035384
1782699
950453004
839541345
34806129
358117725
801617224
298869852
482883423
228083675
199759131
302869143
160134330
435957643
573572581
698409892
208882604
244790941
411467294
347562421
879101952
972248441
581634865
988792162
109846801
718581330
616585677
166915797
435754177
77524559
433264076
477561280
728814757
160136371
692725387
248782268
710851394
330955387
430876913
989088674
510055509
726519966
1492531
313967585
132217037
421390941
835335232
8018620
28186650
503320554
671312144
412148684
18704644
15321077
570352425
390786941
420147833
961660840
729694543
316224797
741532047
634701427
863115674
405358863
794819597
722197849
574054385
999997958
743232255
324790313
987558496
877927215
813914027
422378618
837506911
152581985
970755909
267667280
856575124
688455859
883246096
608567056
138729146
932433622
406212414
21115392
458856635
713493679
589783944
301938445
828634433
749190552
601260842
114652115
247556627
875354081
863404291
596133667
519147987
410019187
847336555
835337273
264786363
703396336
515762056
793384927
598234656
596326025
177814165
417770440
420031030
152480552
105085716
41238684
432978700
132964990
495972281
930682050
999146448
773704204
263341213
860560704
410214013
441293809
496155878
238367943
276666372
699261911
174821990
962152828
289177693
374622242
748519292
446555937
841119302
47908823
343780692
435332808
416671565
612827485
422880735
862530609
535679513
172013504
881907414
676153881
644104836
560022158
681673414
114591637
379381800
932722239
596987217
745443781
146677973
986775849
425123259
823492553
207240458
277394112
516718555
898972743
421504034
215661335
128592746
45408787
403961259
658529777
200119380
385069876
789184296
60639472
514010484
386318962
350823469
400810603
324881191
238200508
559386394
820001996
594263106
716644213
17588497
60230353
582771028
356455453
777635023
3075510
299877964
854343452
622785562
520288138
228092349
139277453
96108930
523907990
441026575
320018178
43420758
836498626
272192621
985575058
359902777
296603537
325407339
318742327
418711754
210668254
394620311
745867368
661894658
186922750
264106158
387238461
683131005
800074341
881384246
361273680
632890306
772137292
267773762
400885748
358651812
345775927
762284312
268896157
832547121
