745699780
435204578
660581732
549260127
80232384
128917054
257757162
994802319
723967298
616533316
594788238
478456205
619157710
873885284
555427262
390920609
744146072
609582265
582839322
275915878
146400425
287936610
284763682
413016003
841300988
40699581
627922210
818427154
793019446
599836109
922299950
532170606
978940774
722218237
399286401
735798917
41632968
680484796
205701269
895864640
108811175
573571133
592052187
207203577
716969284
643319608
540093332
313913495
2507872
296829449
287261192
129480193
46033509
595357170
945923855
457763170
150440895
247565728
707959137
39532802
500994843
439330006
201782873
124131188
694233365
62617631
499515429
896939472
474598882
819628343
349287641
63661275
403880995
686974681
167104702
572829291
695884421
77560105
696046718
197981379
500606247
314008714
815919281
496189996
312574916
792819757
486137096
383583603
776294380
941523230
585358021
794067238
972525657
166168466
394869797
669481168
371788259
467920999
512970210
654351652
143804178
643153859
839314611
182879528
947541807
223599917
725599196
359058827
428252468
373094564
761878747
72880790
551519008
509977758
538926554
186986128
623410724
705592876
811556270
901413607
576480533
115931826
120645091
533075651
234270321
555220401
91135617
237712529
292104883
497623533
201041032
227963422
564589894
41695065
54177200
857452387
474694102
633039753
548648188
88974999
67220560
127078269
955331134
403199816
179644483
512477231
242548229
462547898
627241911
207883669
46070443
666195382
656364727
611556602
77871119
27872352
522508767
306238959
948609205
392321405
132464299
487886666
66953944
930628934
172053531
533915325
508290894
509823943
455800558
681474165
712292024
990370970
156944688
722581271
834193046
449402264
160600691
717445274
353431168
721793088
312672171
628587717
610470617
84221214
451553089
534845649
571598693
953033290
963823945
26304847
334943619
168455142
684430546
156326782
956510698
579333893
60124325
24702199
231146284
645729156
4186336
732724285
6747340
945767744
495591643
55699472
509250693
933783455
777363554
628468854
867271660
805063492
952807790
226816117
79649234
503876581
877416047
982732728
479075845
637207881
962316630
555257603
545999996
429495710
346530545
543836881
305940423
617905
766070571
254859153
389277938
135898491
486298989
707702010
717606751
579947884
621840376
664702872
588629569
395853616
25594955
637815237
175669736
335355091
159033185
529880126
215647351
457614429
76677548
452634117
701917844
77391595
545626353
593938402
683412525
448928732
186724289
577251629
599237198
951754761
749759047
508632787
167712883
522504401
239190915
731373169
318764502
245105780
509209364
499701348
882036203
212713175
394103159
83222228
611612925
324501392
379587867
210644904
270462524
816650418
328189530
848325993
923940356
313436453
552941308
311886343
590272136
892360586
24289485
268678019
393223595
44588747
65465673
636874806
646094567
516962167
470102353
653165334
96164176
427660015
211115624
970541570
948405063
576976198
570597912
489204669
683288434
462404125
982325476
358911132
69340865
976079383
306789104
782586779
623565231
901433052
584692429
854276428
969563092
927304571
141101032
426403915
220816295
240531345
106477752
837447456
147247501
757228352
437127659
94650758
854399038
726422532
114480728
842802508
605534793
357647958
899920929
346964157
742838540
63736638
628597907
127868011
910035109
665378351
199337153
417144211
737799642
282878893
13309575
744661513
932269736
615825923
683602240
168859603
286558982
784711707
749725275
707873718
470498446
733150454
341957167
926060081
25276465
887674717
504512093
342918332
861598654
463986594
177051985
265917272
1512123
237728271
111437888
905826453
298706664
13233021
516368805
555437942
41194191
689333540
99647814
864368607
743918776
692466145
162381021
238573114
42820291
945621123
556243526
820823085
607922682
192047210
876465710
9688085
721779470
702537824
102591546
22360391
160866257
856418820
555545555
273813047
105826907
747392302
743149390
694541464
504388035
777775786
870152938
273325960
268342902
194287332
666679526
781164904
633502640
477588559
182141304
332810319
725293696
265938979
300098041
915977529
907743066
356228899
657994588
809464911
361262560
101749802
184046982
596168838
910641474
494008413
394571685
184775370
133787984
825834765
758541699
996526473
949316753
467839556
734185077
265044503
75468185
282917565
552480182
413635350
525367682
95300806
376185444
244190911
520396520
769781225
297066693
894927277
556320778
639568024
366069979
749598007
89397713
933684477
333278904
402638233
593728804
273984100
362684485
774334488
799715646
481904156
647376919
807667873
719046858
185614830
383493564
257454140
531753900
35053538
840509344
624825501
803748716
244359238
284097228
265961753
725564356
939856070
75772318
140860248
196941719
499644406
628454590
494219958
459764785
8943692
907128759
15632276
134560652
331546844
671315698
801484083
920233078
778145693
613919702
43463526
447923885
568517569
525144051
334781689
386287661
39612553
363173376
521267240
799058679
741244477
945849290
845038474
649587248
67317150
677073875
653872732
198211782
221824237
577392768
300071239
853449564
153156960
347903088
710103166
278486070
367861287
122893488
200207055
363737839
39025260
704592421
25603022
630439534
240633702
818037867
157046787
414712019
740990627
754572585
157329166
136471030
107187350
695161278
718520307
63094401
62090284
366045027
67243501
654472968
17442965
603272301
698408841
200752925
313848462
190013961
294766924
220614481
815040884
56295618
18426374
916719064
162966320
157529401
760033418
36652055
920246267
214598939
408953545
249279281
520027087
239160713
457221153
467251650
420063602
163600209
746262214
457995681
629382779
647008765
216395785
1816259
55649986
545734086
346294873
435752958
6183580
824850096
316591072
50619740
523270942
936432304
599671133
684695008
736146211
240610101
973504708
949657947
935127858
681868251
142848133
847491343
957091480
817964219
134445880
778282250
146051147
231157190
780689321
150248253
443751746
836771242
591231701
168032118
839899831
16610114
861069077
617232233
811234526
324280460
30468475
95396170
898007866
358333804
726008337
583594781
639489578
772526144
731105438
179453500
190095499
796604265
522867821
947514526
504160632
368904440
44724777
237685765
411288205
568012621
289701810
775026388
44160774
166342819
606867993
686499699
345200603
431639014
844795175
719536097
379541022
356272475
138423420
610847397
651399776
47451962
949483476
598757675
91955881
550851097
138792672
373525002
500051751
601235821
960152752
647147479
313903420
643717173
663871485
470995391
971885335
623383311
205944028
243221904
34578649
255442085
51235395
731665047
751465810
39508637
238394178
207850563
927730967
11569340
799912477
833823023
658180844
912020422
296114749
456708669
419420963
445967100
145729883
860437106
429219949
916176807
274974637
442924952
206190065
959720513
372596279
701483429
767767528
373799784
747650760
756157709
150328447
895201514
576268748
395957691
996216566
217818429
847291864
52447244
312456919
930942107
445794034
488482410
801323342
126329728
988966633
401882996
347602424
207162816
51574427
525918234
477653427
345506920
814001954
118401841
980467446
608310441
525474981
791745295
666912357
536910748
440083034
553931182
263918578
43754767
683494576
762979328
335751674
900157056
460492102
201602534
598675234
93282639
547980186
498277841
470382773
786492225
641601609
79860337
970753878
970713281
353881005
560604711
322225357
221732525
278504282
804821525
81199560
457866906
415490244
387906124
692343446
55546569
385534885
775546170
490859072
891862850
224563831
757568575
442835150
225987305
66131321
447445366
746670713
849971892
927242998
384370787
797526733
315724112
648019066
193975220
966708831
445614644
820991416
696199075
183029743
879478321
231705825
42186052
765250484
878673050
681779767
877884767
484666812
72585977
509259086
543128665
707747753
772434015
7418768
578519921
561928393
884033033
637025185
744766573
904581959
906435637
813933997
472253463
294489526
894133493
7294792
765475446
809847839
221515023
421197292
246728802
234555151
689335808
592516427
611380749
660157025
182377778
992318089
564162098
544207536
188246553
962778552
674084735
340712805
384114333
676623032
25092717
308305344
69499144
632046825
82675798
808589457
76224843
791617114
276594104
65544324
759452360
747696525
871116990
871378258
916304320
68036927
263151788
651388684
262530284
308573514
18411945
179917588
396038017
918362895
379550615
891714942
72863087
200559036
716335406
943657083
139849261
131540658
910375191
217510460
982202073
457170102
740348694
589468196
338521493
438139344
158330308
897718693
315922322
545836425
900704664
434681251
121201099
692783839
627903215
120209625
699626763
22696051
78182521
75540819
658211087
845175128
912267325
151136248
252496210
190960854
735726370
875665805
75281708
332937019
925695061
627911701
837321333
653606529
889176183
459134217
327688232
673683591
312867190
824390938
150243205
120693250
863995264
850201590
17658231
944869362
770513843
380079246
572655820
596125780
244030319
117153210
53358137
834834372
559299371
137026945
544902775
589212446
336971985
147560639
702412973
282664501
822436984
982985301
620141362
272792962
597359917
467594568
803607654
168768997
792521392
25943172
709828859
253791581
925297612
537517836
981179862
62065734
133478016
307626847
420447010
355647123
303009985
479155927
88906699
808541851
574553564
2486960
94307158
752149238
914231440
738475785
336711605
165306551
121977965
867578703
298256265
881009961
230060228
744865268
347509444
302919274
576471590
403886822
803604386
218087147
407324349
799566554
909536759
21781534
155847081
482837040
455734429
29345138
727113627
346765849
979654515
343281057
894078602
811599510
698239396
594872957
373287409
51458416
254537555
54045607
689231566
544522308
