201210899
638313977
699643994
507708524
545771529
705189598
551727208
926775569
89057877
458011724
831550624
951602192
471716423
515984830
646912071
471537998
279897230
168220335
278748307
883221465
323605990
37407917
898205792
674136795
849045199
908588079
985566067
1167011
468509715
133603392
418880760
903026716
673424325
692523136
275032781
181737358
181909306
697185691
295101871
960774850
712781
12606930
657068318
735613030
342166896
327695428
380681244
719405536
623996877
773384070
557874397
504680480
102915774
901206335
570149745
163802982
740108184
25507198
658663324
637183448
719623529
550560197
458265854
955454483
39130964
928523906
278177867
779193285
240952048
465174713
289628691
582711538
873118463
317973455
882508683
310999059
380339597
162592761
331969898
521349771
527906835
266160531
377170133
695125644
575728994
914200278
800110941
772217988
122373390
111229799
441629172
156402108
38522367
657918421
241151321
450152583
554341075
701613834
696482066
413642988
49517561
601487957
478453487
158822163
483755379
975162857
631562015
784942318
18697652
259150685
783463383
577515423
693537298
137313553
109276613
453462998
173390064
763140209
379725489
124930684
128412965
505959877
656819895
129722249
23545540
133226583
544189171
215200042
76822133
432356100
756657983
678725762
466110693
918326909
471832209
926418876
787707042
218347969
211370264
600566135
282638263
15168622
753520336
863222704
327766414
864113748
462864808
901208813
548641807
787688322
276762518
791200865
321888345
571551382
285230023
543557682
944668061
348731238
135276623
350528796
430973686
416361972
708120185
586341550
502492700
104737621
111404729
775210388
665481342
182857735
665755954
955042093
551769944
779159352
842292420
113244343
752439539
793597189
801955834
159431790
670361773
642980356
666558234
289133810
155593581
965457117
356837417
894559310
633096885
928274526
981750814
438975804
83071345
860841467
169592449
866276289
307048436
167178785
360730003
223028793
752709018
687654418
235727471
365784071
121932367
321720423
239430921
542728991
729258961
171985680
791118141
151070871
546775403
975844831
680167021
787993328
749803737
418986374
430747969
537035582
747900202
216845418
142113502
737206814
201106920
226780150
871970748
690928475
609566902
976016129
806195905
585260754
432867186
578927040
406722771
982707353
407252885
300774162
167201442
833873156
726026196
814108424
165300349
461111205
137156384
830679942
892200400
107226513
180674446
381599119
116472551
888062060
736430815
823694420
475128589
535863599
545540916
498520655
164677150
895152216
449749674
548502444
933162088
753242830
365789773
205857387
718203684
967848361
569122060
697459666
380740443
449029575
251784932
596874811
811009384
933791777
51545069
681002295
600050430
370426977
334579749
764744234
510254028
227967783
859543578
918133843
848829937
609172765
103798451
870859170
437166437
908732229
136097011
272049225
384123481
177523751
880946335
412057517
95321432
931298995
112476258
924352037
538104451
483214779
858676
667442975
636277128
139556003
12685035
541336810
484318530
864538619
898470223
794250172
560572466
685005439
38248416
705194304
893699251
447655929
357027448
109030919
864049910
698262889
260293229
472008212
312932563
979735705
212751330
633485633
52845442
639487550
585680863
668751433
257950719
410227710
226639782
27039249
227109106
192100603
281856715
709273933
596487729
562461639
386540639
572627816
10262005
341846837
711476757
699118041
139275335
175752030
518358265
647665502
574271546
3445338
60302127
839841561
222921549
528850462
354510411
656541421
926804672
379199401
488491368
844830978
278857756
229718790
536299453
150344756
458365656
11209167
478085198
701598648
165799213
647753514
512543188
301588270
311722249
687665411
461746207
971085724
268258948
513633287
494210297
877093410
121129285
938015360
94479886
254505380
349925583
386798220
804117698
698258642
837590190
625315292
782469260
217288328
73970270
541709660
293770060
780543214
805547383
561132000
240752385
128066168
697666831
816759616
481866288
926518031
490902149
758713855
528119312
535256136
67104255
383424685
388282472
413171384
884989102
611397957
723701693
340842394
135238903
281794072
800419172
71567436
207091467
779826554
864008456
540483920
865284252
295254859
227617999
770012587
393895351
681202991
165538341
707126946
272880902
366144129
179426579
304369667
456149072
167961853
763603229
591211726
858678906
268861561
631154386
454165505
237032819
369297875
332299225
462572312
818007965
952927664
645304310
523753310
760712827
169184949
920974699
917840275
952751159
941382366
61233779
195647290
531095856
758106723
141360785
385901262
217886344
681155525
140290482
518844972
431971377
419332026
884693321
967277048
518190842
209207446
212888528
938229904
148672167
409842951
303451101
495986376
962955633
765045686
952004621
440967686
35898681
641785029
946414118
103695953
445169429
261586302
351618507
514766704
106728074
567955939
60115870
100572182
127500776
245253124
236279160
555877293
229007393
813454251
30600934
398675939
68234342
678027261
5562468
551505381
956296419
982744794
769168108
542908207
637931265
565247401
232691656
766050168
806102101
700393098
350002581
576101313
734741406
36594529
73675543
170385075
67713519
369926617
860548974
950234902
149091576
112316346
810729127
903419042
173563790
747573806
266978983
149501381
734444751
553328681
372733343
357871419
636222561
394908736
147399532
462424633
492418192
808710298
876835437
541480671
335264283
294065700
294470079
427107677
895250541
660177845
821135886
192412864
739778708
860215858
330962420
698307724
817478286
55327565
402413805
843980072
172015666
865749064
369344416
890357457
298268418
83190274
31605417
252773419
327659754
992131161
939878751
339832669
889194995
611250908
677966881
259003219
493091178
319068302
614970618
855025874
817846266
383621450
8168500
513385944
926437919
74566118
409722672
874228892
222366261
674425618
540393131
580894995
992494930
303419459
290408967
626669127
439365881
986477979
243212253
252074008
262460282
41696659
99447923
903119379
720299092
481303216
303217868
128527799
182248976
71959200
205216545
498409983
440356945
547387929
26133806
788394215
857580563
855958471
963919536
223702299
673467601
157376523
30407158
653234135
451738029
358983756
347337737
585775535
320841941
51297754
819637336
506613197
75856049
362896610
592565592
776149606
284173527
105049120
793086850
445134703
771348249
281194872
691979915
150407060
469209072
41983148
140538050
445107001
277285653
502014751
769088562
583407409
22558442
19509953
578606405
105083758
11289501
446213787
451381349
361315336
133965478
717442331
807685857
130951221
252321862
698603347
422553934
77460334
954822336
249984199
504220687
752531443
62871620
518784833
452354049
392272729
465396607
880000096
184025062
409754881
218445706
902230735
308489882
818827189
282209191
236229927
484054755
56346095
784290204
487481833
764860104
837959738
653667769
431771514
311169224
53905918
473509014
561028693
898085196
770605724
619429212
63077715
490284663
27301453
997794062
16557118
520535788
503773608
567155903
186333676
639687150
131289404
262188724
41626468
142869630
231734741
408952448
988858667
848742029
16091935
214548591
366207839
293170129
467340503
485124093
666260948
98863673
631100105
207615608
398448130
918763713
904367912
981914898
413419337
790325668
155367990
411946072
281188428
821033125
265652072
715694138
980281145
489190191
597956528
847794681
633570700
575771014
612041301
288901883
79434482
644953468
484650346
712286663
881993261
556057132
253221372
769907585
22944160
542177359
331533114
917693444
889435681
296157999
168707772
267569961
735319237
149374504
848769386
251300799
987501638
819788668
127764020
167825541
583089957
300397795
234267445
877017647
695213600
619545820
851553391
90489933
486822370
342198221
128181125
753494661
434113367
192081248
99921636
857362203
537104295
385460404
389001911
739011067
489500011
347958626
826258455
684123145
320482418
330386566
112475443
484196195
727001627
360740502
301400244
259645813
517189448
316824804
129196706
581595465
321789687
376203724
74693985
403398338
690623967
241043180
430871073
547237459
167976873
415213110
833456592
543237989
49452868
991407181
714196502
602041234
430786757
388752951
678325528
235131330
474139339
550144298
556535228
364827033
507070377
367357196
363488305
126081868
40797977
868535311
236305212
117288562
62884542
518326169
535572516
160900570
310766418
985603571
48387100
248456830
917087552
279020996
516146272
905269307
496929973
569237453
434743327
735594444
646543998
699359008
828859054
128436497
638499274
894065374
107456126
771645388
819668495
709866950
896327960
323266770
877554873
304789205
506439482
299441560
178907897
716168029
480353446
531126697
455834665
553295932
291274816
445183185
340365850
429868697
318043777
195118342
33998026
651265919
867897059
937832922
932613867
627893860
479537868
341438968
39676257
107868715
478789286
168819166
410870043
763927127
341232073
600899466
89275610
725120328
370901956
612298346
772581513
216704711
726361410
780761942
88884007
903616629
279759779
93248066
408084192
383675869
788070646
208630577
576021597
912337782
737647362
168402575
841969890
958495037
390652902
249661013
825251336
165000513
259765303
71039181
237378742
311534279
120256653
691907536
212063858
690375348
355907574
615245520
58966741
705745429
422536828
817293313
924904508
87135116
848948915
28997238
348134080
386289801
933354775
656000387
319798068
270158709
592797567
498532259
26279765
172829497
758929575
130780572
334467426
121240942
787047008
607580999
956939406
655322228
543383199
777349726
783359975
587852241
881184206
717708842
27768294
172825125
149663835
870276167
489800953
920354047
243498066
754834773
109546121
361655663
901526932
438961534
231645737
603764915
751241112
967220032
718736711
621724393
665627771
39234360
931445771
