797288012
502354780
669596248
246163735
392924860
954132406
73191042
407953921
96451372
827470157
483654159
155739915
353550060
273603590
550344136
333470857
111278391
257209139
825145172
477421013
713404579
491671860
111529920
775779507
606921938
867161124
750149493
590773244
88988536
706512075
596447245
778404551
167129768
452720979
341961252
597719438
809626190
288778184
849767914
257656758
126636730
927693738
529865908
950919549
323246940
155587487
202791862
486565067
704776831
755804685
385444826
58740320
193990171
858088147
141416910
305616151
390824860
893816740
639241795
525763734
203982913
482417796
318965384
389939296
231022911
705249606
988610146
900829080
931642336
952624696
523844665
822500206
407441224
567488413
350784282
785710840
961805951
160610369
452532567
451334451
664369262
263584425
885996411
333183849
321067248
537706925
584414380
309041620
311304069
36345100
206894578
915809449
649536388
324004179
53673845
644218932
608728353
139926611
719896637
617997332
166977340
301962780
554922729
752152134
231960020
562944619
651299094
626501756
507303864
355706068
343810199
230214491
441284172
187907343
861394471
940398486
596421384
985781533
68872047
693315985
120835226
679568525
589525011
895297235
745730117
608035214
172963817
83437045
513814568
706565348
176982486
821879339
440713730
834535233
284357111
362406481
708661695
133844277
101223829
758122628
886407829
957912622
801737754
955597999
692534900
976680085
474525276
461629044
462609706
113275357
47797548
622946818
71054564
26580652
497162106
487408813
712437768
659625492
6422016
623924804
389980801
567862048
112687187
800738515
178723581
521930858
789500759
606748938
903550231
498987989
231736790
462577107
884557703
310749418
806908154
162922602
877830770
633927010
202762334
769050031
133509937
711334772
620827337
400539210
658767799
554035667
750824775
414133078
337373127
796948296
649968712
49036202
127422260
477299023
368141826
318545780
845225435
999238
776874418
170604042
187179325
867776337
558078812
963621715
881538566
585220440
738389113
760305144
219672496
334239503
609578041
78510758
456863157
237371984
490414867
678646028
947034710
712147975
141970715
624687913
771106081
375367681
269375810
106601934
849019276
182700587
335154846
407258680
942607590
488362373
317697166
876831531
857052590
32158292
581870705
265733599
153255960
657205620
519000643
73547359
815646552
990519629
194460581
3133623
187370255
571457953
592173044
890050275
986884155
689495797
371511069
133077459
859028522
152186504
399497960
811811643
598400526
451476877
114602439
698837978
250065594
331130433
817697552
731310121
16542337
732746508
221458166
424704865
655501278
224681268
525390067
289829089
193147332
68423355
809041360
780586450
180907099
266242186
919231677
277561322
590527542
445104569
420374524
253111793
116851304
184619706
17803009
704866085
632660331
770059060
667333071
701779081
542603181
820162664
823481764
484516118
172822076
463150459
986591285
454623745
349999787
167468178
234548997
762202886
164105729
81681980
939930126
790605166
343145143
618911508
630904543
332158339
532245198
837041115
108310435
804961023
910755908
564585759
614458817
831922629
714943498
516592079
792044532
885442216
557348196
823610985
747225906
372984667
244941590
324525242
607764374
717756639
279650900
464607931
927561534
423059363
210555571
658171636
89006063
35169323
244689579
227197842
361720942
13748823
139154517
335174731
169533882
705562064
711852228
18520740
573760208
608236316
848691641
154668656
739680246
833407706
375423644
349106780
204854690
340494743
334456072
566945458
545663575
18619901
11147134
913147903
52507439
67637267
909479580
685251071
594405451
252584272
475579695
579289493
587233049
487745656
154871137
778295709
746287698
222173464
654077102
41663842
661132437
226420850
750765032
999528056
869064996
124982244
724927684
94153828
47635718
861448790
453316945
748511319
700713249
677744119
681534265
343101040
2601689
226006613
282667291
101896615
796082483
26601157
424115287
321175936
132656620
269402147
567435605
251934589
678536568
597127934
602819080
982681224
686417639
292792230
905813020
319242725
267854868
11619076
44082906
927525194
342709581
815325751
637615352
732956660
799267326
727068374
878576243
909488928
806211390
811770095
775694020
520281085
939506172
552180486
245581358
634531280
802305561
429589095
866871436
599662849
557546637
472993095
415617258
450507783
258629710
470635719
62093679
407921018
771931098
362291539
75246172
990982612
181923707
355142096
759187033
980756730
388985803
691158626
521908609
405588244
390825903
657946676
445723197
866766471
821433912
82537994
43175052
134237152
47210872
271281739
516937162
838265771
144747638
444420055
369978556
869716484
399708492
187107568
474326949
328631606
664974695
470655224
137557829
443919850
736523923
784711407
338357378
584364075
792993452
264824626
245545477
111146935
907680485
461283191
208836946
899599960
27269897
548850786
629073870
176091716
427460666
927856525
360710146
500649359
845354376
236980399
846234973
737503650
985163538
889470547
581048237
201878234
216831677
193277002
740613548
920170677
520388846
1803346
130242547
36722504
744180615
458810975
341243699
782386244
25736262
405790226
930585285
683464446
235583109
470378595
842446586
850857705
558033697
298235233
901170939
737118168
109945078
636908469
598565473
499543523
938476433
600853726
599200536
903522903
683776388
43667242
894315257
714403482
720669641
288666267
379211114
25466551
418608238
592351365
431911099
968649689
586612826
578323900
474913096
439564149
306395113
162770526
501920541
514784943
47023961
730190530
643844535
918596442
292106062
3495380
810225599
883480376
403237872
630699023
98246070
143326889
859610438
437720794
98609856
982069019
511474968
216181802
962794803
946916841
91167481
816980035
432249466
965682331
866324132
932521248
150505341
531621176
161995372
159001323
193148409
775705907
98933185
84415592
856498942
953585856
399822705
975718813
422297420
717174261
478440666
495730736
622228677
787909214
494105294
288584210
109039250
148892031
479714044
492844076
928089180
90213311
199975721
555003698
423617462
230043924
297941064
678162202
52272309
359584812
852990037
278604422
721485003
244236548
437550613
322540162
44393703
775194846
581221851
145023998
582246313
535756153
793884381
245620542
468476174
595436743
194751358
644340251
471577037
577739922
823481997
1613310
51907132
669151295
230912142
102935098
575730185
543929485
660798129
626455017
655644792
721660501
923446503
62712607
864184223
199836244
774245732
377992128
350358601
171565132
244190506
333844403
567670178
334690045
910597762
392333027
296328929
954355177
86527524
828180718
35292566
653600812
206585165
474532386
536102813
851376726
226697289
52333708
13324406
334615514
746809975
500464217
114396716
954766833
489379205
860585810
612309648
731171773
381436318
268639930
821191009
816759228
293981650
300011905
333549415
489637594
433943130
717217086
758553532
838579114
806606168
621375006
457401961
832617410
591162450
2043980
515075336
448914117
526609792
12807496
973138953
721912024
364667722
15743086
424755155
743726288
219447686
612903344
845310838
50011951
780023377
565157154
572918859
817887592
6989708
218533337
359619161
906573259
140982970
46465219
417433595
509480202
293780175
174745291
528009345
125434969
43062255
281779305
363604382
487335225
345510474
163395530
204561981
368628822
295500975
99278985
452091505
278238564
875256748
589823126
270189907
821039785
871906246
708541580
58555736
241449014
48456147
639514368
825627701
372629113
642424817
608502076
307931146
480144573
595373899
463658751
428131848
189922430
487733739
299320186
700664033
937668379
249298962
357975613
704501476
616627846
360595173
204290037
522386616
907710722
766441830
81380597
31316510
551159843
776275310
596393809
637573954
585238593
116189555
286560331
76978821
403547886
456151603
990975268
844910406
737008397
855464383
724417407
773254921
831842223
671147135
262169075
790504823
575936562
889159092
332521526
571740823
513930632
4040104
441927888
880853840
844166108
117127751
917916978
606187281
561044219
577185565
756771302
703869261
998980088
826084795
842893254
73732875
201173408
222341364
297116147
481516776
258323693
513065205
967493078
761163462
636177764
431035114
690544392
236563586
504272755
290875773
455379946
662000749
443753783
24652986
123643321
581198489
674261666
405706490
232812711
286420134
538234624
384787986
283866187
159822831
98693080
20548145
774274832
5757428
828253880
188436199
589331415
353595197
592042945
851004749
313417129
865427
36547025
680764424
244676075
413130994
426583358
681353391
101914526
270168446
121805618
94770553
260115477
974327101
702441473
261694764
399471208
795466917
989528651
10696012
943282151
873535705
229199018
807670246
662470382
615629619
656760281
684786963
408309704
315836556
701544357
101784748
69957804
592749033
711235855
122777894
544651464
993497240
161030414
819681716
859836775
856881231
282873459
13697741
38017212
3922527
760432667
799947729
303315953
566559116
788964989
793864497
364066545
581346932
907722597
439881423
771666408
228876777
18294041
629046455
756370711
741796393
273043686
786077969
568624088
20020870
24812748
667366443
263091245
579663579
717043299
405973966
634436502
169846935
150859236
86400919
590662245
215501277
769653034
658547855
855196950
856812551
381471010
841750587
526871565
907679859
737718202
488610871
685026434
271354432
351111485
315774686
975203199
531983958
63311004
118040381
583837544
496795489
445073651
17996342
979109778
93066223
536856483
723652373
849515815
382991022
159427994
194219610
430487696
821321677
849219176
556165130
459223741
359746184
773849503
899558159
360325383
431293098
259206403
660944228
282302666
536201875
982340007
991736812
228552093
401268612
430770766
102452543
106535930
32818854
502563373
93866756
770427624
