249839787
976170368
755113290
833692416
899706003
998445907
51820757
435382588
674328560
721591962
767366694
561440648
538767883
207135303
972397060
824840017
539192022
885335365
120551383
12963584
168363691
214978529
61872672
962992242
719442567
140316125
3358518
982281955
981896270
698258426
123920130
667937986
250092654
542990497
420965205
633731532
782912879
881793584
454415302
625497120
979719358
279466384
655573656
12654617
386799701
686831299
486732088
57893738
103139357
284315853
158315705
95180157
703042707
774426236
817127916
34861258
914297696
792121046
114249849
759389877
995087389
69538801
453486317
976070132
597671831
99428707
311347993
995777384
786170097
338665527
41927137
657398437
430920063
495054261
33244224
888897305
559404871
49218054
576192541
32611267
653584035
945464778
879142598
697580416
539942721
28739972
964895277
475666417
725862580
386103947
719433835
990791832
767543735
695025423
630409730
910180557
825980065
679503523
414982785
287370993
375483306
490954703
271723640
764473829
242388715
500917266
664260093
207988446
741182012
928230609
475456386
865079641
215928504
81638581
105805842
49622610
190396202
755905899
436127410
568931858
134533428
835681575
269914803
400066149
619231690
51135304
889854700
735894638
864644530
123063666
62917239
879901346
634235268
288821548
657127960
162629332
673741138
114668769
455191701
39025454
364479878
756906831
734484403
797631969
910647560
854354193
774863327
685905153
589219581
580787119
719784354
70074166
243376112
846050925
152837564
539801730
221039899
871657489
145242138
191253410
611062565
928365453
343343915
618118345
865313369
595555038
230844372
927106955
424510620
943176508
375881471
75727432
300714198
397101956
204451979
377626596
101197171
472282833
489418588
764877495
276271976
203949546
146675057
283857410
403279310
992843072
636525234
788184342
135983983
117326230
941589431
802083647
969426629
263938290
427962888
436114424
413562915
116366058
932318598
315092522
623509820
847756370
261394533
646043071
204905648
644056921
769359966
846274155
641598945
775210966
438604558
748757065
382238901
380364641
914981433
407113018
781690396
59486504
214839034
872470295
959029803
442660029
791122972
307184390
1587077
573797823
106300802
36775907
969139066
768337554
964063679
984831111
539964233
174326066
141367675
428515604
942555012
500631984
78951762
759222387
223483106
790251078
146585396
360773015
678721670
192832366
419844745
589061987
348956856
20849870
654424026
354076411
901527022
59848302
356062718
180849790
56633398
954210142
644455994
631107824
537756119
732584059
877135087
873261389
811147286
453773445
208792832
207912835
238996966
486465828
464558005
281058411
980534741
455616645
648987189
168778724
296074633
430349956
628462718
808754709
153953077
517238813
687819049
948289195
113913528
609987268
83304088
480115930
818263347
960517883
371882205
988344868
856175988
447843937
221466268
490899045
913115989
273324005
549625728
224948224
984039533
211931910
350065021
862491026
556291864
373365614
373541669
445910377
410861111
187283993
884775156
626283441
325747424
835701284
477154746
20517305
44765009
928845890
759347861
201160017
370469356
728676900
389649486
278479082
114583623
476213135
424882421
532690803
234150377
158088144
255662734
22750627
880724227
403514493
824715175
942021165
167173792
825328021
391997331
740547912
236445599
637393710
69254818
630979354
75742726
745598763
662597444
20474704
970689189
200948962
446134036
984270097
513976142
348465710
854478867
255362632
822282422
71585938
747907403
80078728
948483191
840850864
211759999
252772967
931621257
862024528
745559213
922232929
10986108
535133580
853343512
219436986
536848559
18799949
964714417
733075644
659422082
758670131
202736355
368984858
813615690
404407717
562001613
33201415
711954107
271392635
508774483
532258516
549035625
569352542
119738742
95587853
77420617
311918602
792064719
395594733
425633711
816481849
699358095
213718196
39550
740364513
9488596
435555609
347605448
226697049
447421538
495176193
383751292
121403222
595940549
63612291
868849582
378922545
266463037
544075474
278849251
178558584
540818859
660228621
353250045
213300696
373197304
441633565
415394837
757755658
142016368
224929956
226735229
569119684
307441933
842940231
59312036
989018157
368945308
73251176
394919120
126446003
685595965
485257057
823971096
13598290
148507224
427632402
973411992
56126451
226738270
698498071
45455564
247989244
116745482
247075126
275662990
39129473
860468150
786738852
367167209
567855029
20160771
589849789
84680680
222491581
268440964
814631606
813961287
753000316
4300254
879831423
9977236
193211861
149156353
152403247
492962618
55561801
836257524
339651754
64793472
945564900
468221571
359268386
531017387
443518296
179474391
978745983
452374201
60366807
567277241
20182562
128550007
582206455
706083965
827064089
106285232
95746175
400576377
601479514
745157324
333875616
613671114
220411676
51826196
346906846
688520835
852243701
98832890
964342233
754112506
220101188
202871948
520816395
721945379
421602308
99633458
660892384
58832401
641162383
43017189
289694980
362257404
753594480
185723074
984117691
751281415
427770779
487127895
322092262
46118014
397216442
654985423
234778009
594494429
730917855
331893786
247809895
307442189
184110541
754997459
327230688
879913092
488031967
306254299
347176053
817310613
607733610
860261075
284481657
727430631
445392847
36913774
759413992
558462324
455462344
971618210
860076633
34688601
67708504
595625430
260750055
365115806
776740626
918224218
356896064
565115763
968093937
926321965
991027523
89708521
851823562
353450194
874721859
886164922
715786499
409781886
874225436
447340180
838547020
166807078
143547804
567509703
202646237
594661630
600725166
360302668
895571430
676315683
139032084
759299643
471817151
213121293
239733685
588485110
494247404
962114881
103172465
569807747
949358234
782060288
849216674
681411644
869233550
194773135
875607068
91942652
162191914
873249068
842675823
45680458
97392773
412736452
196141580
900901425
452077625
693240351
162469569
182078996
317499052
996593394
669544332
291778253
787289881
231727879
617891369
638702268
113716509
286236748
391917518
753671617
306609420
304417689
497981944
56486731
317590402
462136159
698276151
7873102
719054561
508782514
198110754
22322361
833639859
93351626
661906870
59080698
16979712
338832258
136407485
801007051
799645312
921093468
252308695
952764838
112515956
557438420
894121761
637505671
576881765
236904799
978226141
875955164
481331550
89004205
739071036
792975083
914754507
139654849
583311022
989941464
994964198
154596466
463024434
808716536
798482640
647221970
458138393
693938254
569821008
558810670
621722555
774884249
149829263
590910465
954026304
385515951
52108993
545217104
943970773
760151980
568014396
60770479
430991335
482149761
530556371
322155588
540990810
744635653
354280588
868931785
144326190
877324862
755521235
146466019
806042852
645048845
458069033
443592157
154282198
465293984
99300027
200183506
67684663
18071095
615182242
203341892
726125900
890421083
134977900
353555084
740866089
369537402
195684074
823159040
421927067
934193718
723605130
980874671
278160165
476327052
106231160
713502739
339657665
700889221
414484479
744397691
19363014
3363243
784867612
308977459
927446917
608516835
390934906
478676789
660851953
367830890
993085815
412920240
866967518
327214478
596029686
650569725
609657752
725504
128065695
774788787
681640788
932362194
724538951
871849132
921443713
477194361
165431991
677955145
359062823
385797287
860525839
366795440
603586615
870784549
183978878
722762656
105553471
826000439
426108166
132349254
978602494
717007284
162307086
54096177
941107902
310684890
113907153
950945686
880297364
455661434
103844986
338932161
572823525
639695690
62756903
87000818
278824291
913018478
387533744
450252556
443084843
712979760
119613965
275054666
507305049
626290374
809333623
996182967
143235600
873267028
545016254
783657311
574617337
995716440
796186292
964633503
770055107
670442774
930741229
610758823
363287207
214486304
797657779
903401388
281952300
521593678
793971914
963890923
808027646
96978059
443938365
192534991
438466695
975855609
689264409
265622733
597393318
887252419
546791127
314817527
501351265
117724184
807710085
7030335
910645179
320187673
764314823
577107084
843509397
98123399
316945710
608381515
982277247
776774920
86965348
228598539
915321979
216212576
993102364
985711369
832318459
845442699
188155321
46257541
429328663
352481262
345190616
598761726
306452030
530563558
367240184
882802687
123651647
615923701
109407558
245563023
406776217
790627444
992756207
961764626
757278854
216864830
120381526
709904247
780032347
835556849
210257742
661691774
888890261
460665870
350300753
381180742
894150053
561079756
482499067
655908565
929568861
761452544
577701671
558163917
974997055
165553096
270655053
312945839
730883213
434143022
484729868
366353546
667367362
841402323
821822320
124694534
223456367
31337738
228432515
615453628
725061173
478251073
266225192
593771812
142223519
683498841
709871464
845786158
180262804
986059441
988652632
562571889
133424634
453498991
315994161
645323672
212925773
434592290
986767569
591725757
946209775
807435685
979021032
345889325
350826981
843904195
994324411
47487937
638843549
225606218
157724375
862812315
332647241
867045437
930847390
451317787
495227352
983929857
415940398
291498214
455681631
424868893
132683034
744823771
445490388
922157977
232928911
213868370
525408162
176498647
911768760
788864075
44570167
636706757
669243852
917625486
499230039
920335865
242944831
298319322
689174429
662383526
206942609
954656585
828335065
125840316
229924648
266379196
522651599
864676372
150096320
228995914
18651892
695269355
136044126
521340882
674752651
234197261
900398935
428669003
610975284
780456041
522079774
462344901
313837456
368860298
818242148
695940482
197801585
13221904
952087746
