731123409
576987221
438765891
684722356
513677166
992322523
111739327
496690476
221225545
883975856
715747666
790872427
147258175
676583349
584022325
470976038
866615748
701580073
150553679
2403745
535494261
762899338
772873301
945615359
117475153
116428382
109113059
46652856
608177528
242595129
839337108
212978557
196978465
45748018
156396241
799448667
172252347
305913534
681675971
500248369
476100994
732307458
746841904
492611832
705672653
479783404
713285132
447811436
176202071
638276437
183763147
533843108
914144958
521740865
852943078
968224069
804113918
493150531
567247202
397248784
883209463
65086471
888512946
978630414
44638748
502769108
593893961
101510157
520187107
784573657
298723690
560702214
19904102
650305308
526302750
803186801
16057433
280261468
239942705
637691748
403143248
661301622
870450783
969901089
58831982
305494000
298833597
675237599
192804939
188172170
995334747
679101815
738666331
284427186
617038904
411014522
843794510
768211489
447973083
202903545
885889441
611774975
927624327
391628413
339552746
623060932
513939005
263839649
995438113
49756276
952166636
523852450
253207825
929555453
994105535
221907840
194635686
918611855
919798432
739144747
203935510
918656361
908705217
332014936
789238908
619621874
822035882
735476914
33266404
115288228
959392290
247845943
832288383
37039159
751802305
791368272
733677294
478822370
630348343
435771048
791554993
34993947
679799485
143048662
236005533
471482297
425893989
809110876
290321650
395131063
216378836
925182654
848413055
708828335
998968033
967233079
703069756
595609390
602389503
719930870
801025049
778462090
230573245
880149885
90363985
704320693
691564065
216168666
177753147
202737262
488230545
715813314
288263512
484027383
947589753
168941562
238856876
765656555
96009403
317756610
193727885
12925005
445155263
638135339
898909390
34209636
399432886
123460048
38071125
784569225
88298515
138067903
876432865
910417471
634745998
13092902
804420701
799649599
52684677
531684839
779918231
209725323
631357729
87584387
906900517
500565520
636919141
364385672
761238581
830026470
728376203
937413200
499599987
284632893
526202984
788100043
333306826
592437905
981240493
56154349
304887806
568104016
178097540
393183921
114438746
350162642
839380447
377846039
849281384
934496850
364520860
439207276
712971877
564324563
537838378
984002561
381567275
357570875
731234821
398343870
397290493
35047214
362221465
208044653
56193022
150885314
638467915
591799972
384214487
846645953
679786074
211982795
818409104
996530326
226797032
211814214
31627782
238173807
973145639
556737874
661185071
259073102
515104287
826741729
465505609
289168927
224441322
935275423
746794513
542200422
406532768
975735950
861203083
582896622
658863855
269840591
205882551
970052886
336990899
963553431
711694726
247580475
993631550
2635430
254710776
152538064
620798170
716441549
337527530
326024163
952374779
143393467
384425234
174496946
737158797
138217390
519942926
535479734
742539042
767024093
926443991
703192490
845005457
842014064
440113185
704050123
350779711
235512481
337666471
956956440
5931663
61574894
901182907
9592208
845043147
413604596
265441550
512468856
572030953
312967545
668370755
507999771
597747893
420770350
589825641
263139300
591310715
686706137
845737824
520646464
749897664
670402815
227513843
569966804
37109440
8502235
402575016
151617486
562522244
550660651
801758352
385285688
378775078
380571089
320092499
890799884
242210558
374833026
329453797
323554200
872775838
7474069
963448780
429571497
98653337
418444219
105444597
424235107
252188422
176973884
112739407
664073573
389774656
817020006
207058775
335528847
834061050
331216103
972482767
836540911
11029580
113824063
949946611
21370301
511209191
283085067
129224693
217176804
100677851
699025755
20928741
216477689
357252339
522183624
647870625
742423594
706954034
797942345
471313466
618665219
903057637
978339908
899429063
385548359
437921243
137684778
995511031
561755071
173512313
984563650
56738834
910994454
402350257
492912885
312524619
758951774
57527457
942078478
918362304
815568269
289219526
888267792
323557256
553162665
156045142
896261717
306821234
867591030
169149381
464635180
628574812
36118705
859902635
353817547
933483273
32689671
214394999
564398251
583449056
373524413
287574035
567469621
43664490
116114199
642286921
109934286
814127430
864339453
209659004
888918849
684896136
764875555
879580039
655745196
329445693
14789844
654782652
346266397
229503217
541659525
830863543
127920000
392605690
708877132
355988838
20620129
51091819
48532709
559429610
279834948
544556775
493129205
358629421
544837891
527994233
721749904
844603301
207443056
910875743
46110856
82134287
442481780
657932026
280230530
779739042
863699256
156538664
204157439
24371854
918693428
377907018
868128600
334895033
41789531
542660868
159654035
174863931
334787357
760125359
621666792
58842467
765594720
304909842
929824055
344362073
191766931
406246133
334742148
127750962
607695787
170186542
447339595
435390653
183392361
459525238
388381763
469987972
112375159
929138089
492289581
864081463
846934378
24160854
640736180
901927928
676428173
158234171
316839889
2177022
368340198
546885973
509815944
447317696
289208950
987268388
316539565
137571937
728107970
935868455
587972111
457453122
821796515
76406476
416676066
748506886
930567422
432737947
151502672
582264292
154279105
689666061
62488771
405649267
267835778
757585328
211908087
741433865
664173661
27896126
667933899
33532759
89406244
332565125
759410762
60809814
660370597
21898
146181702
196123971
142985672
250809825
741880001
176506702
341165977
34836458
42284947
770527901
607484787
892229292
971360505
243690225
6731499
734575595
847897915
678674136
484397201
104166676
179481917
531623621
775360300
575105699
473398274
700211844
267934556
554439352
368046878
489231389
316995713
355866251
88136289
930545523
286556245
955378699
439278620
903469278
947786058
885982068
64483289
232999320
715300380
441380184
133949077
771944367
56535619
424243673
26801259
354830647
484667209
80736626
576412612
556203920
820539979
614558079
420763670
567879971
777411549
41668157
908572144
786726624
666789579
553053557
453532188
251618536
804093003
40814981
957133979
51352798
295296975
944428635
730888076
598415131
39683387
946482596
816323240
333980115
441156621
701453906
643676224
843690881
527638092
13216230
4564180
236259086
779453637
531932367
110005543
671998164
534615029
871398647
126057729
906117901
977409922
277756663
566209739
162246823
987847995
882330540
967851362
15720637
467109693
975448459
59533672
540238572
349848548
977997480
516520533
874057381
798234838
86783554
126723349
75957643
397991932
64881263
259088532
653573348
548489376
217273101
472164897
272160636
930809436
285135815
516737768
423898326
818370906
824770174
621005207
761926722
380272857
654076417
346132119
558826080
733602542
627955586
376581188
552189631
953682557
464325607
886410537
801456156
15411834
235948161
873763324
447831474
744675297
50100085
508125968
912528659
18668131
912636389
613757445
770574893
410165642
695690726
84911200
181973878
458710691
635635344
721867664
525078373
356992272
754593810
493784524
144158421
740651433
567897268
342355099
770036344
688300074
706898899
699890790
84163769
330862563
670708740
256748801
694861275
411372489
68906293
679223027
768270820
316644205
708476546
743258590
467636466
40318971
575557224
148660438
37911816
543044386
194607309
93478940
318047212
742457941
361332163
444463883
260818023
742163635
729604903
707180040
176778029
707744985
738089623
224228585
311769230
212745599
529593676
439712330
739456900
438941924
390049923
770601387
389804397
956412316
953596842
208434167
648515725
11335219
26148058
103839449
165094209
419236829
304443282
226991958
493692764
613419959
381843578
341705827
969530398
226244857
995930777
952697639
681767585
361726252
502444998
60525835
578554581
484247961
431489360
254890866
510725294
135844894
409203537
598969890
152994462
424005921
703674541
361634895
788861097
152897996
795948157
249482803
716015576
625765453
542085830
757541198
403301702
511097664
730535820
698349270
830902020
187887848
470181931
513212043
443011145
437352283
88833802
28078144
453967318
893071007
629879585
164267763
579845857
771257190
593114154
29249315
10033292
705473390
73997496
69686843
909745416
20208683
552844728
816632402
430296699
746447973
236682062
56002132
819640420
744903798
657224131
67456917
753712140
733140089
423988845
322837445
665662962
895991493
155958745
715642178
335172118
675596397
907667575
895790088
523018410
631680393
669636944
944758385
32651298
512836515
747507906
697828310
437100168
660848977
788603852
810693336
635043118
653549527
82915343
696563170
200670220
32831670
208437722
709063518
235846875
562422667
410555622
846705767
347268344
270276708
363586352
114041798
549514645
358355316
734514723
234149019
112541106
657054639
293613992
798616305
76811029
291923675
23350833
306803905
997395891
959395820
630356748
92863162
944536235
613295508
687794325
12113434
813076149
459395573
514971957
302340448
467158674
198604056
659943213
960595741
221124770
822931176
597490040
762374588
149250163
633466107
148313664
78744851
926334253
554454832
698152230
977988478
359935535
284299037
619752141
908746543
9480836
901633816
711667626
276451054
932065918
317692459
902169531
733972835
582482381
351472917
300965648
90119072
843383357
432174274
766990344
913937048
997111424
333018249
577491534
253879851
694433634
260976243
157553741
363929783
811082155
551611896
166528908
390081402
915143277
709805846
652177897
528777111
839643430
606225412
292859611
565524856
486936429
383492158
28529822
903432309
920761643
863517204
179892206
797777244
332500458
58194592
235361492
494159978
787464487
784215180
980877052
26917286
706807502
365872289
214312909
748504592
744080075
347737842
465368897
380454021
151163550
512088128
818829557
872676534
699295019
772188535
