455968706
921270581
91338226
502018591
878427527
584937682
176272196
555801141
958990502
661646515
382607777
157211003
163610325
709193704
440985157
836871055
116221350
928783941
513600996
211343801
596939772
384901240
647708289
655403962
965946572
92809524
989700159
502476853
204272019
14358276
188102737
55241819
853696815
850575397
417425713
680912484
341790808
555618766
361259467
34228586
584481644
886975518
586457200
970111444
102876739
99115303
904551599
663455227
503597128
630140388
671878882
798030837
989784381
499685859
697090031
71067466
273562291
435934263
536072017
785618002
595237521
673795341
351529122
944632225
473543778
327365957
303514186
313034926
291767990
760072672
495080247
560602582
567524474
479372410
626862156
709964252
798444038
677596844
552527222
866831268
188257924
326244931
998879723
574131629
342479393
390071899
65457437
354010956
153485366
346358246
407350192
905856543
19546749
575641464
438991063
910686301
535446396
641824974
496567665
775510780
795601116
591516673
371687236
743524455
135060141
111276300
230506362
510411970
872823701
987125778
272623427
595965446
883407040
669240748
597360078
268992589
674915616
777397492
602152831
83471878
261908520
949503228
159549560
945409743
352722479
589223703
541055833
991883009
40381347
716175854
174517855
156619063
181029178
777016441
71230152
596741249
954557694
255355268
439071487
231203093
159565536
555045465
481187254
166359586
73734819
811384744
22449503
350305999
978281384
169998473
235770684
758048903
39672142
413095786
513602259
846097886
431967112
426277492
390801975
545836437
570220465
238623352
470030623
156647846
812607923
116004363
414936268
106390598
598010595
618828
314434894
419560348
338326004
370949738
923906341
706863054
468315974
993189972
871674923
541337733
566774199
190749833
13601624
870382872
480405169
416468950
116946920
767933390
263414182
225132265
164774136
528280202
864553291
893235048
660982626
920942183
85014841
324539407
353751662
957730455
396448476
916058904
752295403
977662556
855563578
816210334
419722899
668722402
489189444
806739203
377781911
438777139
554602568
849464240
979062236
379470631
225021728
599647750
676242676
396138972
999057441
647002876
842976414
372878330
835844690
786154691
555007056
445090954
709967111
2964158
621848213
143776567
639438310
913944466
144889256
650715294
438454429
35939067
14819293
664194834
996746050
448224516
278743945
456674977
847350352
725996996
973677632
15089050
914172810
281511994
695920454
485367090
648296730
957612689
958673012
749445599
73082489
379417073
141817865
69408887
261203278
974631943
958755290
486225286
184890990
234005344
799338827
640658100
704574984
328346941
941016201
189082661
584828456
12047842
399392920
550832925
368258930
386301436
525527976
109847693
812477057
539918006
530918142
428455116
307043702
136481122
495479835
681825620
955271453
395443656
577632805
59037356
894121200
945410405
402991555
22114107
489469225
792518658
271783987
613345008
926658167
333019532
310514065
585825869
340495792
506837793
900538632
636248888
558219768
407840087
381186669
686781051
853889096
31970172
256931829
721285271
443713800
530300174
179181584
48409867
738525507
117513207
685386645
309131327
750714135
881978845
294961459
639418050
609056285
377278813
61363699
575740271
114517449
912182966
183189524
479457524
229403940
945092272
87959323
800205907
235942489
859230946
123605851
547431366
14256987
890851752
205148259
862151028
688478576
681706283
578400306
959169050
613337073
223374119
874819499
809144960
647632885
1382737
835111732
458516946
211876334
261120582
27192602
180940954
346476387
805446396
572263602
941706128
848780646
777474303
491881330
498621526
442340850
378975676
812467377
879294559
993907354
137955279
294874340
859862381
676830586
432810430
950939473
927350000
798878506
102194648
962403196
891143328
37363466
374044563
831824637
228021203
109980540
629442376
588329573
974821906
832038343
942664896
200954978
208810589
318588150
263442129
13370381
911004271
189824953
79778779
516828200
234361397
410906741
995524939
815237604
509677606
706508395
975249350
781686359
779065902
310181108
99842601
382062447
244281738
843043198
681120272
904342661
474736083
945649664
263860126
388640986
812898472
790646101
837645470
47256215
51242458
937000299
86063750
541274231
413388456
419440048
39935201
737525046
719099726
585366447
728041799
480236586
41838526
558806957
322147031
521512806
134731189
847756016
809263669
664640797
732195742
560602448
956673238
365767389
637467876
359099467
538634297
965354606
925964825
691137792
703929726
443715294
573261270
948268723
763995145
572677305
620444644
433975118
368297902
359625853
270245906
362317553
662962719
658915290
115001399
200883685
862504134
915929124
623502632
742347319
253909796
965142454
981382430
173004672
315060472
490640009
980327059
720296360
903806353
54288989
880805750
74580593
811560220
27961933
881436720
284326504
906975315
93569802
794811810
749469725
901068160
700756069
479458113
449637816
394394891
369878188
897639727
297757948
250765990
436584190
496595331
622705172
341851973
183617506
437227995
738787270
462332862
400256598
633208250
273355136
592350244
900148283
530168764
314008913
478820102
195665312
550757332
635000785
777478569
830674893
293908369
768934332
121117313
874032906
841279157
553153726
485684341
531744614
778609780
945182282
593000280
682569111
469530369
467222162
557693657
258100577
732728619
627942713
590733937
142649449
821993641
506718717
460361550
521456673
157119480
919877
170587304
165449200
970817713
198729578
819120855
262638941
520279378
420091095
142675821
727660997
501587859
467819066
342338348
884074268
253102929
930588247
621646816
688025967
680354855
909781132
430617913
62946601
756315255
220719524
462936692
922814617
44266848
634829119
8681252
787189651
308572781
599660638
716913426
840359280
382566421
320235140
560926899
579880201
126061426
330361338
162289732
49439274
324546341
830032658
756512717
264909553
285604365
706659667
889546518
891405392
885071899
772335582
841101817
247338347
570301962
107640703
409133944
750098189
735792884
896306236
218372092
885450257
411409843
355486168
419088216
901927219
750905638
501979066
501507846
932867788
369661347
41766615
561964540
349993516
747491399
381178639
738400259
926282595
464206805
198027139
637210252
337607180
745282600
117275858
902117751
536237198
758558820
469575079
270057318
274925718
911101195
810828709
844087316
229755189
111989245
276839474
638029430
969060171
410944442
854585497
514003913
783625297
205151820
956678729
521744045
843305284
210371042
491108300
499846946
189123322
369240443
482851347
285891384
537765745
259095984
880764911
140167657
294133984
453368416
882851017
143368399
281330559
231921748
226582128
21766593
558832636
197679297
332209351
238004271
470651924
743149208
769340086
515338153
609621307
684023224
853584953
132455359
788603869
595531812
58812466
325866156
267450519
969728131
80933995
905685274
428249847
524937325
306321570
970659203
231224332
136671817
343895445
515691755
528093423
711217097
232673354
551703549
978569691
934912136
962911407
645625986
878161689
253104029
29195021
445974113
599900355
967513192
676270076
853742519
405511029
748309552
351563786
698602171
394555949
556984861
875917878
311602426
150987753
320896853
593516744
33895311
891357725
361550146
6779938
333980107
399253762
253648331
987244728
898404208
451349870
301881404
153885666
853691732
632620403
413186479
447704465
14346490
940533109
634959881
305784918
460736653
848667248
452579050
565148173
482914779
785108029
645293273
121135805
971108561
835299217
921070926
400715796
657672838
341395391
929016096
754268259
516611543
246324090
695214913
46720350
346252024
980268462
777865866
402392648
103629625
594423886
497872052
65981768
981369469
109280395
861571388
371069315
516027870
15111934
132780091
185228062
438778675
796401971
523865158
548872076
753960487
132512526
16136167
63104990
530278942
901165607
496212827
512296341
703604305
658918219
931092921
768022398
245318196
588239530
959532893
480468189
70801381
50186401
461518548
888490892
287235976
579311505
139766334
861828166
973727828
550001611
884687924
642560904
208615300
743788034
315489583
720209570
722458931
146342836
292759861
213739498
964132295
714760875
872113705
202464016
98211058
985575710
362377461
322451249
178187473
93548989
125751119
927788339
55579040
652311900
114426680
388592273
334883422
635374265
261636099
174648982
992746190
154308000
89377161
980277330
16477683
853651922
303681040
959816270
343428635
210883350
45563467
98975359
295479669
745793394
516335892
356040504
178072695
259054531
790279833
301660265
216934044
817315083
683640692
880178838
424250492
956899584
586981863
556303398
629361353
926897309
385326147
87084665
884706736
118110879
220993307
809824295
625383714
891836373
185986333
244559135
681894669
402561189
979022613
967304122
47985521
26775759
632308669
309785644
135976008
758386175
210519578
75828891
845094431
959975833
957714937
175431106
470667306
209198321
556026838
59578097
266670058
747377641
330454916
416531325
825557201
958478800
214268622
177368789
524800087
706511595
730656789
286236320
73068197
545720697
619765594
814372853
838292469
716336569
832193317
397474732
324590914
277196219
420327390
870975177
716377731
309497256
241990233
924730901
160395941
45562201
339156989
416185392
335809535
126408236
977889076
934517027
72106272
562491288
141746920
89506719
812507135
454939880
784985555
429464411
27729385
924283256
2760693
299373733
340210239
143342083
337138635
754330736
377005003
158552105
734987182
989473837
327050251
459479738
700153593
516059945
716488567
289537720
16972848
479237886
367354606
314471396
950426784
946659960
567831620
685248565
742266580
275801180
574589648
742686597
584967596
869651033
492210662
990862978
843245791
792094473
306736563
942616498
584520662
17053857
708423564
584826252
39180389
