771529034
817547662
643834583
798490183
775809258
402072508
600501571
503188349
880546234
488951659
144195716
17145624
489884507
743241384
332425658
33359691
582422914
187767777
315145004
771222410
798720402
354265894
185182296
340392774
561514487
60189170
891529829
447039477
48846343
628324554
721200488
997057992
880678371
192854741
329569904
115048662
71558937
284478255
598896904
645442974
575546748
353560630
653398309
996973199
824538671
14659340
973306293
482015549
628355979
787883019
23472810
893916732
277115600
708629684
713344635
417263139
632365366
303441808
236975695
715620087
510542677
153462094
454342005
252221680
767751169
147137723
136467251
297029765
413671479
217376996
961800752
297944659
588870872
669702029
195675662
445159772
700867583
188209096
515854101
546855147
86882876
409514280
818683497
260963322
604851743
827283754
719942391
172048687
479510105
912306764
482683295
768117127
47502559
883276815
134900296
422084653
899218623
401176629
229222029
677400948
878192087
676276527
68344069
410978983
826082265
725528150
305045860
607413570
512954021
268184863
716395555
444156269
787587706
690120547
628737210
101028397
334778596
193378682
647369935
940467413
427195330
964418563
817519658
501364714
734693700
193683624
250442099
705594055
534801732
773591007
545941147
299690953
958987066
838453151
668663059
410606347
341170210
407704513
434881055
879323592
522237894
112528821
659094664
211325242
195911208
38527025
980529420
357382010
254539604
33871898
87306057
705839940
753806693
288754614
250205618
913773522
858756868
566979353
676285282
632398641
475086050
599451803
72611837
739363012
722243714
416704601
485169202
949134553
21457488
218130863
759858185
927074081
758497625
768046341
418229519
314666508
305323898
606194416
305453505
696166674
213154203
893060087
451054451
500929834
686284949
840101205
545884259
670232451
588247533
754889535
551849478
774190855
731419230
802482413
404237541
922786090
39916984
919731650
489081526
779206606
553357821
31394866
335924522
36408741
274013711
160231975
947342314
985760350
870525094
935539108
608449624
252562451
261525848
980118606
419244438
582025962
148397352
571682002
53078063
882142507
870820341
814936750
360887020
266567952
666281383
985667329
195654850
956015211
363808800
495443427
274749523
385592246
117112890
526246898
142808853
181759336
557135565
414645709
226916122
526052973
892758890
560123907
799707356
652708423
146439911
299287027
512665007
751300622
383237975
822211578
774388738
468234981
866653587
606939017
908386264
738421070
670507845
69356569
370127356
288346381
964577123
991327102
621951550
375081666
660789584
222857377
135449561
735278949
837309753
237485101
24890396
733751641
344765879
527025088
989383616
310696433
15229393
708178595
120128041
366994356
473002321
444354227
572777235
541597220
721054688
806514541
518938658
510173871
617860632
404387781
511251489
487778995
44518352
938569739
561475848
901431787
938172356
424625689
991918838
923582532
163837465
777386057
913990868
145752873
797321181
40637097
123469101
339628499
617555400
597689830
723191676
962329249
949228527
3133000
815344058
520222896
418549866
80354329
654026977
854275042
703918718
625275688
117418316
432921971
726233610
537111400
689233288
406196139
965549238
87951829
372524076
590603702
716259756
196545507
203156890
695616263
530363357
427024361
744276037
680417590
683045439
179310158
892618470
20170801
681196103
548922239
538550466
41385352
123225680
41252952
482881920
857818026
770598711
137643795
219663814
538561776
659967740
481068896
419519261
260209781
351403808
717272961
374079259
529603570
225165754
132587973
246069493
752683020
799976108
119727795
989859538
991525503
336078290
973609385
171229603
524608559
732657216
97247514
751725866
177311371
998560932
647847935
282970459
924296286
605069907
514706048
820004990
578615960
976881691
664595113
35648522
49294461
7505100
484066256
329013782
965772477
805230897
363014899
795005046
548608130
302852746
785867444
241409242
3497885
51393412
491356415
521739735
796989325
966414191
695055253
805904558
562720225
729343028
242207890
261648847
703555871
434302502
449782972
924533662
710459704
312582982
667453531
775801328
135380995
84079272
940565076
984020403
852012033
644595602
205457124
719377660
369642316
302242467
203117736
874458624
212693488
406438692
279472573
872902873
113713491
992966311
23015665
612201768
281826437
858690553
472928296
319951432
765297208
222417408
625457910
531469975
355447925
438481236
84545341
236025147
635399214
10066116
106028247
919418611
110828335
507336011
669727701
152393722
760957066
975677592
436262242
260477758
526225291
367749265
48955359
297117178
154829928
576880098
810820170
717493391
289567317
55251762
493974890
276690441
611150975
620613644
218723194
629594624
19137692
673987148
363929735
931161079
217697125
967092588
239059409
202627371
300410445
360053961
762074538
606377479
323238610
870621941
851244701
306148844
422428311
212450537
793726139
397547943
173462049
328340731
376640047
778567826
627661064
367051949
946457829
580147451
516091225
829337805
308267636
490214689
288612816
40133077
133256030
86969918
611747856
505101162
42780632
559132701
128689855
846327987
996706732
794775965
814805558
204442691
394254781
418945374
204007060
187826045
854262128
398700437
826887503
821175249
456132574
690796959
297347101
585361907
303500014
850645175
20634759
658911957
686536145
471072638
51786325
271859848
317764662
283105532
737365911
764274783
694400986
917327147
169669905
234593437
268858088
327134061
331633998
581864080
963762266
423218373
972797166
527512455
376140390
328265179
975075675
909567197
663327185
467437566
584000501
442459069
789622815
26385948
201601148
192135455
538497942
469777896
159791842
525634093
742989640
542945710
886678027
111149249
681579461
439732276
493425057
936934980
229030532
592294065
552317161
128998513
359162960
715483019
621599640
880281639
877848008
493122303
282771566
358270965
495996962
142219127
608532662
850327095
699105029
294906841
974651966
668015037
715725999
977534448
696095494
799080190
167342219
805999903
838874439
420816555
536540344
861647917
845932992
936408113
834840120
38140695
680536664
71033119
915120403
455001988
83296108
74139796
404786307
321319507
314287446
45375639
187006330
801520875
29637131
600770513
934413047
36350932
412044218
386672619
465080309
825410019
221208980
251496083
896198570
753236969
961656292
553163056
876608579
200783084
343741295
16200090
647189309
346363452
523430843
457856266
461682461
537499542
935206690
244103040
211610732
900512170
263228730
394406492
663247001
650719854
612073860
365821342
776362771
238103926
486403507
500189412
449603698
459260373
471327803
9430101
816931714
429040581
174834547
161883434
493345694
530133051
197531215
204003223
977578211
298087355
398186329
840642876
278090032
571780864
139088051
396913504
101144240
167941177
175061886
564568138
562181289
826802486
588249080
245478716
141163108
595834950
776800283
638504653
714379576
843551882
566596390
187928936
875035647
514000741
640924551
32641880
362664995
773323256
750757345
681477680
702980954
59225507
416828280
365159645
252533525
771430983
87731310
204581907
99015874
89490002
399045171
281662521
284198486
906759664
447248811
990129226
840791499
929355830
20720325
897510743
753332766
559026561
489623645
134026328
731490964
210257392
965607227
764089289
930856312
106446171
34248508
327820983
417183831
493584205
861587183
502955781
409974206
223089435
992945189
369732124
508103639
572218376
539488779
624889573
444506710
284933869
903730448
968275982
66751930
650795323
191850379
433309164
752602931
853246600
928144912
143954392
569601860
282801951
633668680
42276132
805823754
323642020
273725594
992569701
55241493
71224188
864478688
790614280
45172481
944293028
580155020
617702063
936410639
650988199
389407104
181114390
19537782
864734071
689519617
446557094
306526942
997331244
697337358
280060988
914595790
600939343
575218050
563937230
565439291
717632790
933353920
127172254
589420754
950669056
563908368
184461619
298492782
546919076
569648079
373282522
420455179
113116168
923103501
122458900
70640302
574148315
496898523
101614731
463839496
747030522
124416610
704867787
593282333
187111585
735749188
808492509
626304660
993664604
77973911
454302149
496006136
300541458
225174988
327539690
10939107
452982766
28281309
985741582
87079830
204945484
882621607
472618704
295085992
316237095
26101914
193410774
74227743
574878458
209420686
340447475
104040820
473603319
100097733
818408768
593216179
228486133
533889920
402309168
214919867
755415858
558156957
304828176
468945165
115345930
877276384
119913721
887941178
595563810
111519792
617657535
545867005
511156940
14534900
258894011
864408914
651797904
409781794
277045238
161009671
542338414
734264765
51426202
784243918
737526434
350261328
22402816
200443724
406766219
734323509
782452973
919092845
625972140
770821714
331663971
646788526
577793430
3673539
179740062
438960709
906188192
305469595
478663931
463358665
591763149
794580468
592883879
459068419
841203721
953999853
941418273
818704337
256844682
241299497
672581452
21151092
506730755
520584257
731418729
765084600
854873567
919469995
481174958
861240300
329066818
698564689
919894864
740335224
682870928
612105483
286615483
648124365
230041732
838084527
254821477
236868819
255600834
588067536
192480768
942945964
757377448
563334396
359240001
452766365
792905234
963748634
662248163
384672642
98240261
310512878
140057771
57209173
272254808
414655460
584087140
986718195
824294635
617423629
134291846
893198459
874685603
852548653
776197489
229098237
667384369
293293908
588662605
418760153
986478018
435712633
765550257
918663217
328103488
788472764
7707152
291539171
560229994
28408593
68335065
365318183
36316526
535222221
642094962
372358049
472047712
229406309
375869556
815386270
253997387
268103281
412574182
638177203
453775690
299282308
