317398183
545382243
201952780
488814235
280970798
808781414
256335143
964748556
197914644
11503423
457430383
19787130
922344818
838226395
174307387
168961758
490709685
240631250
788953569
31668717
197110379
443822215
356428123
239539394
951505219
711852851
282804748
166791934
513161715
406168505
980501679
917285818
617774051
1108034
551703547
667586494
824802259
246611634
838907330
787294256
935338417
147963260
568385781
333866995
143901249
63376845
58763443
55623130
502955504
57361088
977096325
357819203
427675750
828018659
278689914
873575966
188954119
962413384
537309014
569117945
525976665
89543208
451586841
791746138
31001743
540144564
402013077
921236783
286522847
506720891
344159498
244098051
401723918
1659313
96330299
49147118
875436433
22561128
95638145
888128374
653089407
227181618
663836429
455800627
429072179
622682476
489610067
789755391
722418119
678127579
478632374
862388873
709302618
269789385
261317591
845795208
696376417
776639642
302865252
603756683
661363766
137526659
769100281
996234611
713201589
732998273
956095283
426016437
731688360
229542795
998139532
166392991
866775239
649180639
916028536
298795047
425706778
995786213
362673958
408319266
50534497
612257685
198818663
608395266
28088517
481770624
534795431
131934533
740341721
250535090
352770699
98796790
719695875
491881461
226764608
515562748
458081335
667601816
742599037
696073904
666587191
63593629
58067030
492875323
679988046
312239383
995613632
60121979
353760848
962522542
420088429
700590203
413965683
894545984
553222186
49106080
938707994
160705015
968146094
231430964
198202842
824160750
685674715
481153269
876772094
899342741
446697115
374893778
422416031
400465788
840713710
758104960
253187176
666600052
741732073
986940866
554190654
705943339
928407219
715849132
486156990
474673452
778173684
777819177
830446659
652180495
684831106
825149889
938659273
177658527
576854752
297376320
699455721
511168072
497871062
842426440
377918913
576913759
616103227
780645303
865542267
620719854
637705947
953295058
121808832
661983468
447403027
747365629
152813911
566281318
494915425
232764655
232297795
252296962
745273973
723529389
45987065
907855537
650706609
224591599
214511635
621547225
436234503
244757504
823611034
543337390
58649239
742019102
168728990
899305631
609021953
977276894
89840112
147761915
850306863
865437135
836967503
824878624
656010344
168463191
204777467
937465475
672335977
372377955
682743101
344090097
65078524
447158759
765894097
774341672
796439374
470063375
926207149
391511627
566133667
243995042
184485351
392948443
129684024
578471440
603334229
705383923
578636639
253508278
957259363
517638529
142924542
84535879
401990097
879836837
886561884
221108440
251845192
482243417
19814131
277046159
949211246
63856547
562014402
479520937
478258865
611490478
976125004
394387317
102866257
138958578
51069744
698328483
581628246
606311821
680951784
444019060
695194599
77538903
565128961
499393543
358828835
418827699
415118590
165104571
201165554
980542644
45168661
886057259
887779786
575330934
218218182
443963731
371697495
289087508
294783795
120628803
830934040
650163086
100212575
991843749
729258918
184249322
150642021
818300785
466568785
444596058
502907631
795678274
198885053
442542824
525913839
174306288
917114455
520420587
918217322
530383547
648737955
396909830
278355382
497716220
566321816
90067744
506607529
527535321
920740394
607106012
326630987
292540738
311528026
560322980
613085019
45031513
977326327
573285211
770134624
174579513
268185677
596817804
698535785
756569495
477635012
249490386
687172206
445236962
49417094
43911893
526849274
851276907
370870185
764400247
471890846
434024209
371807703
602496354
425521932
639191173
677641791
623106698
897560389
859462771
117965070
210366893
484150248
638562071
829457804
480882326
196979960
343829244
750285962
743637808
262197869
51920151
698374044
521785886
20081207
316831430
402895537
61370566
478118227
876828500
80256737
475354078
921670551
547127778
88432134
179060809
673223808
374829973
147763278
130943450
496937720
645078978
699257413
839073012
638604424
267268119
765340136
48610134
615779157
568534766
846931932
183020030
100990945
627232375
502202377
419970694
735650163
850021815
582415146
108690501
236295636
616271224
144988471
20731888
779206033
642610991
288696340
937022468
550129937
650396994
807658516
822149985
196065965
619342511
246700087
617118890
352662737
859301031
883181461
752813087
551491292
354285402
445591408
909583459
29896568
897236706
374363133
294438176
44925400
668461438
443410645
823201992
792414825
39072777
894647813
880666494
500090507
678525524
59866978
995993432
978571777
828317666
498480195
965382161
760876249
24781946
986954063
481648432
380532287
885083486
67307957
876349131
966840353
829602058
557199207
882010232
170679816
235405010
990835319
881969326
268247857
994258163
892097068
881668498
206986349
984456523
29735160
156993188
724694697
366033592
117028383
674137211
799434052
887188028
774241308
723173624
855805206
480209245
148707210
5114621
910282642
892714699
913905887
159841912
601153480
567061512
856361637
962812766
481873568
12637581
709986678
264685496
687690204
177897651
727745574
984313613
936220597
616811696
758395812
776419725
995046785
829960874
756953734
14498695
768055103
393170744
76915079
79652324
55360749
834025581
26205026
690470569
86697800
985720697
971686682
375533156
80352276
732255155
280515017
639924836
128094885
66922392
675119619
712057116
656046912
852342885
986447005
621536400
159442454
789927694
786953026
238993509
721813432
372287483
10067835
80321768
135760965
899407191
391786807
207982736
490146433
776709313
907452017
647847985
986432554
19516108
177987696
701969506
206210967
352212417
903961337
203965441
336296679
118470976
648324839
928124393
154841254
44896618
358451782
915712217
406723737
455378677
920209869
265433053
47072555
787211515
968657136
714410315
975652861
891364914
239772191
180945083
340468347
72532281
149778402
351385571
159470373
27271633
725624560
636530804
674355189
284477499
415325432
807230035
885966356
582987584
902696829
603342455
723962642
81943441
925480512
90864346
540955409
476074589
801258997
34767755
856499442
642018963
600775430
199221038
50858970
463577379
726316643
314846052
112440226
723016253
863497092
263764398
968692572
296939268
768654019
127569620
319272056
721920976
241357027
122246238
40053244
112979834
379466696
464084969
884514685
365314681
990447672
893709420
965884400
148907844
639989672
864393757
271273283
115010647
494886127
517451408
426496202
526403522
585671833
210777810
558160855
100479380
694789809
162950102
719490490
638932431
634649881
427023374
313289420
797910891
771592289
819034431
234717561
679012758
994714510
743519607
262552267
136690460
314706352
685544288
473129706
832607221
348961650
963532380
83026580
999103334
992491113
853681925
802053139
251202610
701073417
792868533
136249143
30579217
564085382
939573863
418190024
216516593
744594477
245582254
730664798
563424297
580420000
167973509
377315554
820955240
629676195
592260523
120296135
751366518
254899141
289805742
211697169
900127544
737648102
725553632
751517728
731257428
79923521
720387155
646441316
780967955
624970233
62086809
96837474
978723755
682785288
204138344
114927376
55140646
325329583
46035673
392095981
69124098
954879488
909705407
252187221
180988141
586216825
262071339
369427139
400230590
733385789
50686620
996303467
411267674
581171363
236121598
292931113
838531748
188056134
686932595
136593072
24207322
599140936
949696842
938454063
518333190
71136034
398591798
138169952
425537851
477333146
65155489
426036935
208863468
897709759
142573071
945248054
827942694
473366410
570529587
145040602
817852180
350960016
246210725
47582165
574283613
65783340
685569798
397552391
446663689
911207229
276395626
867084510
638396987
909442600
367888659
469983160
5182646
971251343
733854030
109852106
187625027
123901387
943889286
922897442
668230300
624649684
787439999
513557914
438598291
290873543
464988418
365165338
617526546
541891992
318740890
673247305
352930210
902114677
364170450
452549849
385566235
1039406
691506261
514330621
200937520
198070977
787639946
299420866
529821099
672589909
940065408
856691350
739512379
460677481
957415574
693950793
407070728
323313282
379351863
949633927
278343340
172011884
958954099
155790146
446218811
911230287
249557963
96504995
590701710
694641353
117052949
103067967
607080893
281304180
724285869
186585620
432395125
429558665
721959922
470159322
837009737
488019132
983736813
766008380
350808134
608297066
625652957
156849065
584476417
624790095
266176577
29616928
522762813
414536521
174206509
213554351
42085306
535716115
68111809
289707231
948513012
691134951
708719155
835179745
555536959
836997440
249610456
458208198
736391610
770829953
261555668
977512061
601353358
909192540
112624190
790324206
188275069
192945718
804982011
837921743
285577329
92708898
512028576
965911613
428464776
87436021
580305153
192544371
107097671
510731518
144500313
896679008
361446855
432252690
521646308
145874786
779299975
148557067
210471420
513810693
358686609
167444759
420457454
813646462
363234427
288664514
428263569
613570272
301912331
383882301
25279281
849139587
730734102
230190065
4129901
855804114
179106374
742807541
406714969
468100938
256692286
57066085
351110526
225660091
626329640
364876658
616065205
169100667
387546231
966749403
11024230
39718002
982474296
291171318
479235133
118132570
672251442
698382112
602677185
139800261
659172451
966734880
890632039
723215369
485452237
295360725
165944905
131256790
428122788
665842193
966768410
36492434
741842097
742370481
257118406
301620524
816334231
194797363
187316822
998357768
672599307
259162901
226024040
335162927
372858071
985561278
866665290
439562784
750954931
885997330
183552672
480724260
140130355
266914707
808928486
289957404
166434044
627895156
740207852
330968914
198931752
484808415
740977877
721704037
999980991
