321520709
17973798
10397386
731293439
280778353
146230132
374286810
888049772
292949649
651126075
257106594
771322505
205299004
883773760
436294670
113318648
643820655
632658859
439098435
792061315
214952987
597329478
647033273
322495254
961681290
956804565
970374403
770795661
314243980
575841928
625991921
33160279
816175604
665923403
629028378
747473038
491144606
203402189
648628756
575936027
333914153
820888804
683635655
261505907
754600408
924282505
922542322
495309556
824658061
830500703
628627934
305008025
18111476
360006553
262587293
724191229
370940523
687902131
769612148
323973786
175855727
603491148
573805792
717107719
25134154
223946314
955146899
539375600
254745382
688821631
622174041
440418465
984030101
863162406
458147162
394064182
913693821
385527365
567894844
37398784
34262242
475064847
946137598
483743275
947213993
320983895
15048802
456169050
403336109
904837147
376532514
803242473
433790039
324654970
400080300
730423003
247083011
966527935
236371753
530654093
969135605
383166722
240564173
135836430
208326662
188209468
320977922
154949069
901859390
868523110
810497406
985413157
120007286
732213364
289711544
700790878
657353549
90062516
769893724
704150258
208897511
498977848
136039490
349908233
312289117
818931567
6628425
659375131
463082105
727724158
146981170
947165885
149155612
37240751
68263178
651095518
234500673
810301167
275416613
759004525
5972
860099732
554309659
534812998
94339740
391119356
683235186
701576674
34943426
699289421
73069454
157020495
196634211
532221493
321756581
470157756
247127232
890655939
823547312
389395094
181581042
661602790
691866962
174135231
721541940
863331520
836257544
82766535
663950185
638616024
466290204
847052380
814645902
10889199
704144285
348797778
944668187
601226491
255568492
921169760
135696380
305051749
624431705
763792683
654654704
989960674
750531674
616934117
715484168
598105420
403968286
343844733
986753854
886021518
577423482
338403181
168232769
380174428
813271056
231008219
554861810
600468651
37626489
396327400
232999216
226017072
342374591
185745011
828077207
972958802
525489567
645900740
635087446
902377550
253698713
876529291
37171084
928074278
519480526
731581265
112799846
219323427
367282365
65844765
234647737
122445471
860298524
928624383
433465715
365741104
180565008
564493759
787955433
24560273
366307949
535227727
267425260
228104304
530793466
428637631
647586082
564786662
788856909
742525365
72615852
758067545
708757285
84376303
632322804
700894190
301232097
240158490
860693900
81689791
118208373
335538382
233186286
971781722
161679663
110553745
365718547
413750207
752279295
462336103
792393793
960995807
857945306
610527173
536069601
718470985
609104030
809066778
397280811
90842895
83995182
548013182
430466517
624756998
993228911
476580191
413688184
775922220
296301578
732571524
64509007
940406517
703799858
706265641
906351898
30769566
302041441
295643537
66424641
420239721
62919084
233835874
812507365
326520806
950131571
111620044
900122237
98230111
548306701
913851818
91790159
492165317
842877677
769851005
997694607
570195189
905071864
608429286
978552809
685099470
696865560
589796325
117448628
19707771
397827096
851987274
257195948
151679664
704175273
505300034
416429543
313460493
742642136
977041089
27923810
850159307
735505815
103945711
674625426
881608867
576457952
315458072
227615518
382449759
640781364
572343688
97528839
933948852
708571032
336156708
125697701
693612153
317090726
381325170
723374160
473122758
116387245
792799594
928693708
98144296
854424094
748442573
394054836
43006667
497422274
778329664
749523179
865836587
741927194
147535300
834689373
801126153
933803859
96943942
108641517
381407487
362180806
734998867
378926405
825483406
754458434
323247095
443108631
368018565
379602332
722817388
996369766
361316966
253666929
554801051
733772061
942706220
175252001
576481129
27184773
828015378
921403234
184608850
885027484
862451699
822820507
231692251
192021657
561035732
501467334
324571546
759808293
220146783
272683652
341966672
110941951
381388376
413873188
103210302
343685860
531176998
305333942
26036271
663404333
774604884
781959896
388206213
612169657
187126142
413763237
891983151
625874152
357322729
69759169
280626138
460004251
177571955
849971382
516474704
2662898
522766183
131225438
882072897
866551229
55030786
963009094
776222982
88633314
911700255
443859100
352383685
528833031
72041698
232795269
496007773
522681436
895366962
521204516
110422600
80491802
434614294
619522592
4895514
147272495
609484181
698697392
402485563
150387614
992057513
881962419
933369995
531416993
897398482
100547403
820919676
399951560
423261043
159485041
608373547
811595788
5736914
299572898
700469401
743267041
61379552
363150120
553832453
124527460
573751394
757944700
564637287
656367438
739548782
435982902
568048602
903243589
126329923
734800402
257067047
356333392
560523531
625835367
96575799
29737835
510489104
820966690
631434547
971494293
411875591
96056213
99420393
735881921
912830967
298826810
74754888
135041396
919053190
261628472
85892942
246334061
144864939
277958102
576636219
234112813
317325132
277002556
791868209
461415580
532498800
917676085
273621636
688460639
902417993
252040155
251072257
379901545
202997099
670731565
232777937
240412860
731715572
582338159
712651867
477695180
658524307
828755365
743536470
440721972
361228014
433007206
984190398
864701450
648907459
10732986
211468453
282565429
49199148
862462985
712412702
233486547
29098480
170018966
438995493
494199505
822434575
410959752
833463927
660790812
47754553
694853341
932044296
248321624
28850534
845480081
514618488
562526778
565306233
98941038
575588504
488569766
533466085
351146237
100187566
99491593
933485686
408920185
39553179
891685007
40571701
968506826
330702397
340534112
958318862
999291389
211314379
561696605
143342665
218452362
655260603
247564554
995291436
82745657
392967419
666374671
500962909
735868773
835850915
803427377
496114496
648941673
717259194
950258108
286874480
223842936
700020460
677952242
69831400
339503899
560713817
413514390
371406572
941778919
620219110
79247725
364150943
591510183
290002761
29559144
634165701
952921881
419184113
346853870
443680433
328023950
493278328
450720427
958178817
433812893
598528683
197616912
573069268
236125801
395570510
391630027
251247632
380444288
53659631
734475925
299270928
533362136
491865205
803838765
657738543
241746213
876157980
53512517
462526546
313719693
302223728
909452724
445866011
806291771
169261676
543192614
229757560
370405324
506577674
958850529
730564607
249300033
719773423
636018505
740975215
363096905
840445120
135280771
546208408
228589083
828000091
983706653
537850552
555526835
730288215
100803565
461056676
615345346
689115326
201934220
451865968
439765810
988193880
644459123
131589165
689075957
751750900
766777495
66864124
852377895
161872466
880842307
873866613
94809100
3911318
49970895
813588711
855846698
62863550
294641638
401301091
740877209
507304107
233937462
485719600
318517073
371602172
890339175
76003556
68458110
82135937
614412212
681289997
304643454
506984560
290798797
261106151
75314299
504429340
51899257
611346004
73667624
68416646
693830512
66716616
947157783
109840040
443041451
551615516
680317320
287214852
605209976
552481796
394473687
800633127
710988758
932461701
754256418
158739522
813072090
317473785
861411723
690773939
998406012
770241957
547460253
199552310
569223158
587824538
713112520
788864742
738274412
351417358
10964292
683295633
327633466
672460562
813473594
167220846
538561816
208677032
928560719
338723658
395686235
781243257
476925960
61930415
286816309
504010325
795995801
358337094
506849732
916574775
691357248
734425471
749934279
382893684
70010632
923588553
519256361
747605473
540616881
855216911
838502995
891452576
548940438
253792617
541517504
711178053
472999660
38528195
118988106
587035571
620177705
604395058
388913064
522688064
295087703
217162755
293315997
485529837
912735999
65212832
791828736
354775425
282015010
821699635
660060109
276538820
933361352
944739781
602449929
889885039
647964483
790956341
668060150
73343808
500220662
504233658
232302818
223133342
520412910
575638255
31010665
757467606
239348987
919814159
296397069
86962189
345512406
227246215
87805980
852847876
630272556
33726524
834869473
475404048
63388175
483727570
609437566
727240802
593732507
264978683
777816699
528259878
436078264
229103066
939071087
829221363
936334907
315569256
22467402
790854044
984859935
70182655
965116926
337097744
34202167
34361130
115426437
362200849
525302565
573097920
931026412
706115136
856933800
749602052
259612483
614237959
956086866
192656101
9955632
16493091
894796090
505062015
629400834
255434226
797821554
502750786
321389341
10245921
980743071
467175705
150627280
29943150
204778813
296951935
867987940
560089900
68609596
497771728
441201881
29027045
368301132
247236716
201938236
20634586
333952270
71701562
671326076
686476211
969490582
324833128
873134495
743678805
305613623
5974310
896057953
479797919
440781820
709682699
539276188
531451380
712971787
105180515
381457777
58126860
422470639
901083262
501336323
559981865
881614111
699522581
545628362
458315137
751454219
980928586
648191957
647559373
303123778
608766247
921481955
726119991
831424708
634913129
40755338
655909942
594041208
406948474
724329526
198804502
400893980
388190020
119308080
358926895
958495539
909750500
316055256
263120617
865778938
143811375
598163946
432869007
570365238
111344211
804862098
269968000
779204764
414819357
992224585
324685035
357782351
248498579
176674140
832015572
788200743
813156196
700026670
78058658
64425177
725547833
464085651
15522165
176753736
302531821
159087884
493424091
580214501
186701466
499819597
841703718
664873330
385071340
781780434
159312403
10602300
488612948
155754753
720080497
830051029
770787336
876705176
179221850
414723887
399644490
841022150
152395401
211515879
287292507
570726151
145339342
209723829
237996598
