41567900
572637400
473522635
147538839
870362712
498187020
516624704
61482480
378417850
916369329
927742601
124906091
939842699
404733166
712849440
261396872
207060888
481717723
446974207
5270836
983420934
14665590
122906936
903661836
589949132
809113694
656428502
312643689
100003234
163946475
120674370
97105944
248969620
139028022
411030926
440630485
772850723
274083979
81988034
527408736
347801474
611176555
380910953
467543449
889167205
200540905
996523689
9585604
513568563
966229084
198814401
796522756
695773616
276944030
203035006
26902309
449730464
569860798
557589706
61249017
841758517
203981014
961479244
214471374
795694958
830636657
875936469
800814677
993702239
272218954
488546147
932976908
399729688
919565469
657469361
372244379
633754636
655363485
14494630
389408226
812590003
646842898
799075125
133774149
965132072
324151613
401332326
972025589
935993015
384128616
990900020
202989925
716494271
20739017
685650218
143820460
649697309
166439578
671848490
58530548
324604434
195709012
15883363
241349608
477682936
265837492
396793067
776208146
619474668
830790626
393147672
794366977
555366167
168181480
248659012
194915618
404905887
827705095
249339300
471543345
429304330
903910879
864821660
609573622
281318933
285556222
216482636
378990671
233915250
513648900
722547068
467315057
983514994
955964080
64803791
616880991
630959534
557725517
656091211
699294580
927358544
625124179
352550921
105202388
990980943
196533043
647623757
548312791
772080003
490734600
738914571
821992213
917100277
200305144
629226217
420693554
330887351
406309740
960030674
192126714
49354855
17802395
542292895
105825767
108243558
925832613
810851981
599402085
103377688
631778020
563956082
847180369
171613884
550044718
544184800
804180149
551359958
759619271
618592677
84785889
637932464
668169844
606910667
743180649
774734328
900554853
550214779
783209850
326737863
644110236
285993640
224649794
597694841
463964496
649939725
909556148
82831284
246725153
996958829
65148329
385681060
48221671
444935102
140301982
926778516
891734201
650378329
367055558
656120342
825046066
869333595
571268078
787717061
875244784
554194249
381185009
410891727
799112245
331091438
207688703
375617834
27642130
272664221
459267451
345784380
339306288
249485527
707649386
900104992
634628650
721348865
304634804
762660441
553444347
699104827
589710792
223234741
466608684
816402132
883000125
250176524
183159220
127089507
501691796
774776640
714725561
436932731
722450056
909770246
268754715
498664421
283719038
915633714
789270126
689530494
358038930
775557448
985667650
794517601
587472227
642248673
942728942
466950564
21491691
103697201
564698790
808607636
234272713
176139956
964483455
157950268
944283041
982710111
448091311
957512177
192458613
900552622
770972424
684490809
631058818
902373556
527035470
797879138
631350277
135964229
437629826
389001088
973390313
863913852
341065897
814153343
237567090
672091082
228929904
240751451
307447581
716208655
105597815
397994594
210077849
906117924
202660018
546310099
945286789
110804447
554381378
301008925
467542403
831757948
497071880
457486307
4585023
301176840
163458783
685098670
115213203
144849803
835600286
885527461
666067374
175697702
835217321
370358859
835074057
150330112
920383176
272191959
753780207
207339859
650064596
476249957
794954806
372977830
474412960
724940893
699713538
980725369
852592347
520545829
581582850
136620900
921458684
141632364
366841972
883579589
809568319
936390248
508632299
543831233
125538248
162597777
880608367
220070353
731927219
34380147
70900602
832301157
711236040
794956677
190421269
282189419
547228717
260202543
181693352
20821922
662531499
631607192
826763879
438517888
985385131
134487832
292257455
315054457
303944611
529446473
254239017
693584956
3516887
951494466
340761792
983992927
763559659
209948974
81801611
487466818
595641589
574884452
641050609
440032812
654040291
867412379
269489329
57635670
330124560
299393430
589392182
661256141
959939011
346020049
221048090
177961126
109626369
70114410
558446100
991050414
870340321
565553910
916125741
202480746
780141129
377315644
828784269
759741572
454194884
206428341
518629759
337279743
178400931
694226532
425180332
87647047
990556581
386731066
784477596
117972751
864998502
234621784
984929895
4551180
940054289
592982874
733645943
657496837
730446376
162800666
874366558
693445248
651502872
90751196
617126495
30087679
658758710
438569863
659891682
276724646
38628110
509747755
603440784
123696218
780763670
252112439
482855209
265712478
920839715
133401042
187404543
722895301
285636812
440473349
126051911
635718537
580624013
911574560
262426455
187158254
643669699
171287431
29295195
291394218
332061782
825184509
685776869
87649734
77100037
395092653
428888336
551986718
726839382
507752950
79344640
355250747
631180998
861233677
223787509
687941850
110127665
467933465
736657120
597045334
975396121
151471256
407808435
211029523
964699284
981407957
449463664
747184148
176143407
472733428
633054946
867340677
480452559
312046566
791634435
955579159
566335568
395205475
188612441
525747062
704512705
635417824
996055917
777883861
361128708
770801163
4537538
719390335
687787051
574484604
77030589
175736234
434630309
432249860
315998095
180590525
417376073
474747346
122950449
95692078
945628987
681704186
375843310
254105954
874698002
212003962
874798186
319134431
69599241
268208348
121606281
714922188
279321023
210910058
892532627
339978297
155415337
629924573
849900814
193898120
976870418
730073328
59397097
601658802
395702839
457318711
432710367
48202699
996048470
611043909
538203085
91588221
272255025
92920363
580118073
22808519
259574513
741949963
903185857
149124746
896002975
685403105
649791093
419578702
452878322
362108399
896415210
223720251
539717232
976019796
25175187
787451499
624846531
929052327
118821658
215555658
622307089
774184507
858403114
417379291
779293593
826595487
323085960
458555331
730005261
30018059
442667163
186400659
630791983
869724108
80403783
413465373
726738714
700776068
297895144
291467313
80282235
639818393
148780479
33594439
560903500
208990116
508485465
20028673
585868721
750751585
466741689
343202696
974098703
364562414
400501428
485390005
883546848
485806566
369831152
69407488
362317145
191235761
689573440
422860262
919441235
710014550
592928266
669993122
895616013
611709813
60712785
924070462
631157183
827354344
135273423
982488695
625404027
824808674
856475789
570303476
318110021
303057286
872686608
979253675
563276369
99464466
212301954
266229568
469222679
595013777
529918524
240932147
330944916
228487655
929150166
889046472
950244951
725920215
114153203
850888948
616061848
838492342
124412659
974158907
690038799
542671226
712045512
146744359
229288991
418012732
859985976
58738173
629330776
799527674
751297465
59259858
318549152
710319764
859583892
819976768
497712595
326698697
200770443
300602235
81791289
819780637
593125546
402669527
898204177
246226949
32243743
899483811
710655470
5586840
954241626
479617678
178644627
898527699
289214875
20605142
387418953
65557595
36940577
51209946
735027799
471180350
611601370
531417240
477190189
869890307
570497319
239925187
866336322
294176433
353176353
289363150
637721899
823810422
892367618
870258161
949545679
309375984
248540181
983062040
385768989
960502164
348082701
623743935
845286046
271679787
880615230
420021452
421104888
838978749
432557815
432154999
289758120
149560496
565574434
610610937
208179267
61708305
925479337
28313869
675729629
792318554
33147488
416479037
652410486
664878476
841895778
354834203
6160080
418956712
71059462
78042968
817017413
53878535
665440955
774525634
123097648
987857433
686131192
205510401
989275075
150475867
818820298
27357572
861618616
921021352
999605029
488161402
258235988
281756680
662078894
887837374
383896645
220226311
307332411
593450434
927354675
931603663
971333448
180407570
429784008
525781027
413861371
2148176
767919287
354514847
615137585
235879584
484119539
791048799
487513289
220321832
375577111
719968935
39038792
525253761
973498254
5789916
554860419
731389132
665273445
353734375
96598215
724403399
756877816
183222087
694146321
596791102
746546123
71990521
847170957
191493983
16523985
505723622
775726392
463494048
736614495
816672122
259438284
507103769
305883767
763725444
4041862
467187187
794243390
441757062
512260262
663927709
181187518
782078648
619952178
921564759
376743243
239944315
515134123
76049632
429182811
689457971
245270358
584697200
660368524
18346482
489333459
412129018
943877840
296019305
203797847
869853488
944242541
575544743
788639265
156826132
746351630
47756650
425505365
901548000
349692513
629411026
930160007
315120754
670961823
30218612
415603583
964467474
452038341
925606197
814750738
776579668
990589497
699676760
34311236
47156523
571401763
674741082
846735243
287537284
274391984
591912842
523309346
498224084
237959214
642406773
719685166
605642774
993439381
463126045
175213128
328986593
814438948
613586122
726357118
799771784
759297962
930149602
913735376
630149912
602742898
524865984
960090676
18271643
481268565
427218177
879263989
244565781
541233506
741482741
585424367
71610548
201021405
137968080
627156015
757779669
106101680
431935923
77161539
28555050
310533444
809960807
971028091
988912294
750393068
485764145
962140718
377003374
973319641
234539451
287858560
641252160
761005705
216585331
684794385
749525999
631822165
505037703
16955518
810741036
763142782
475119385
64409268
251956640
877701676
103602580
127965187
676470867
986430106
968577448
693670104
327362038
852988062
885180326
319616467
792782089
553837892
971178380
267878573
995504419
465077457
502260614
271246138
306694054
453624181
944172206
310604842
984436073
453173694
877630014
125957503
601063975
414980404
266420502
265412266
835414058
745551539
719071451
111210617
646790488
357798958
285669850
390573267
4742193
540869346
960496520
788264096
875825378
896968862
892012294
195688106
660643783
237159129
21451098
345663578
