860540921
278300438
919684302
439788363
683850553
219346206
921051793
40303351
743410285
164534943
160626076
522969491
167291822
713206349
552084030
925918636
614530402
81302295
638940831
725765893
654112110
961933952
623383469
176189891
777837381
939240785
784257455
225124311
372407828
884866453
549368297
252457115
442459760
35054971
153399320
846592463
302033910
789106247
141218291
343297155
618089371
653379266
580894954
494548924
421644040
805964437
923153088
242488944
919474179
388994849
357759668
727278750
446946680
793806368
42697787
898606967
654916967
743494410
661950981
744609767
435088750
695927482
667895522
858543830
615166644
908168959
80509731
132236850
559807028
705491566
623884725
825424153
940084003
295643675
107676522
732843
381038998
128834545
754545850
971872942
16087696
541768511
305650131
983412978
527106784
822089545
805510433
648653390
992357183
254792352
191675495
558539499
127155266
396608522
908208404
922161888
985483743
722351122
879382278
513475079
725454706
790916238
682681914
213982613
765110123
532335513
787194746
151303004
686129846
41964943
517567969
526082422
988948558
690078037
728522071
893320238
390277351
684482542
331437045
793077097
102658525
431856340
139879666
305014676
513816070
65345226
698268887
543475480
387435270
185514632
15249099
658687875
249452266
241070771
246418236
225171456
859086595
91667517
218302855
994771270
34894799
654207429
962523542
950392239
737224381
665593071
569590939
437077227
668086450
14888166
531884537
301001200
390914076
86305180
410816553
293598366
651036572
377667238
700166541
699764896
834066625
243719265
763867733
500615213
26715844
858880092
276630156
747877787
443659801
503350614
34233643
298609833
466179687
336665774
758182297
448451095
469332796
189487425
567790293
848222997
495754285
261191660
875389028
372547103
653630094
714247897
267773798
163147085
830254217
952819868
574134883
481419356
391500975
518537957
160704644
791175533
890339695
461908329
923676394
878344288
388962915
821713150
993417424
164735836
980654522
233274704
834821512
54248301
328122881
962365456
824265569
461549146
809876943
851943542
204010610
572874964
368330235
391320629
846985118
312467946
591106293
113483070
917623569
490839931
929215729
552814285
907108856
947641729
175961130
967006763
558111399
7424467
265811030
689446004
459260082
674041133
267774234
710653192
391892580
420355390
879426384
213525497
835024203
867888759
128554299
112585737
671542412
539557432
314527346
587829678
422845297
499019066
614923210
611208447
287237994
275479845
904089580
502577492
235520105
427840236
326165846
887179781
878287170
361116116
404254057
816841101
195738115
120430938
392683460
529969475
305100729
657677042
999428047
426629727
433041561
377580796
278458866
49734809
362285631
816629992
881271872
367551423
633114382
588131450
544161466
59092333
392501256
654602581
402208010
183780236
769951552
765196741
475133086
964052342
94189543
992246601
335238326
473908086
463634701
311713197
916847620
551111473
146873972
784557869
282728948
765168253
499591017
188293482
178166886
909657197
997020978
854354770
140291860
418890112
546568363
958614421
254065398
290155719
816954649
345161724
424339845
541135532
718222927
208903223
760017922
539903987
182543955
35375704
332440183
440794958
42342469
804550778
586100107
50572434
899782370
330160398
220677451
848556512
305402501
778993211
559501314
204207773
476435695
492550812
186759257
915596780
624904880
56242974
417483979
135575120
738181202
45082606
656953436
118472977
887373350
375712087
832888545
937970747
24539947
742824960
582624298
464215312
855853297
737371927
867314727
192470199
268254663
89719425
519107740
216407964
737936970
405508885
984753217
37961437
785660408
220132071
64699837
225672114
22143966
844421141
914999106
126300981
617891724
196865063
702613754
997259861
147597342
467627130
163199083
524070283
497271852
282706702
824016565
562577540
196368913
95286002
348354474
739063766
625236083
994289056
647342116
535185454
537135232
201076014
397638149
332672316
60329388
618991999
332812567
667241278
311012249
607216430
915826781
180118804
827825852
456323317
846323586
658988234
34758172
870054864
44872857
800627532
926520341
995037456
719136111
455230267
581492319
422175677
841592522
690374406
871777595
325636070
600436030
27854909
197079024
379813651
589165747
416815710
799226912
369941437
936930473
528605342
134814563
495957803
213058033
890055421
366879920
643897760
734751686
740045595
248962414
689366239
704305594
755181218
949416198
846714583
608665112
542097775
481939902
942407880
751179996
638153710
777399475
642438159
795463681
985376178
6780399
887971871
983039779
448012200
867157568
429507876
859761320
664816733
933124390
516267514
665812969
430562537
781979423
829080688
88350346
937594558
687423989
101546927
441411991
182411356
621330474
845254811
78438709
350364440
771148538
47067971
934875807
856819030
618761440
298776763
751205865
492376402
700494120
227681853
883275021
478908047
660857980
286739485
872888025
819454537
829604917
39488860
822056826
433148684
180901613
178102574
760118351
652859212
854057534
813585436
950729719
675852547
201026167
613052324
364045704
161525587
809533162
632675338
676863661
820089596
494632067
2942290
46055292
634347627
765061647
173436566
730068415
554297569
945805665
609442297
276736578
400684504
228658900
621957453
352806438
581841613
23197984
645290024
169462826
593045964
286949619
282016594
2761496
805176003
348047043
75353317
291350235
87441795
863636148
721749433
669374884
28182641
609875823
52798429
324822469
826662627
993433567
187709199
668087035
7465047
448034157
205820782
707053546
244615236
536848858
550045215
447193647
579068713
260245886
782204089
138327603
164243138
463212512
83817696
533139977
212615473
180793
240879288
286300584
689708329
882086330
642626620
690661419
224056231
940067412
248553936
790808679
175860471
297134983
526143810
588408045
835488783
977202987
161997779
145011807
81128837
574963046
758146259
268327145
798001826
628159669
712281520
827195908
81432059
583421830
505131745
564970128
526058126
519658450
112206996
826481833
752554278
901408614
978378704
125378715
805407536
515159361
482997314
304547822
288294921
759236534
271333176
281933730
734102075
193796043
302838818
187040149
301214733
938805888
452011139
637652425
242034532
972552142
488298756
61548660
169804809
815430710
609229360
640634400
434935666
683583807
264750552
656202019
184927986
699661975
835853765
934080168
998824282
36619063
339604269
565969475
91965732
453598437
980032222
38765292
356826493
430347790
93093833
887636014
280583011
318091596
263755395
587252237
67647310
474554569
584447300
780002135
413109858
916830044
955573904
989976824
905929999
842362913
869612154
604711113
494485981
615131155
97005743
34440099
357942276
368758649
188215866
264595669
599201618
886041663
545686693
788436094
992519918
449533464
704722166
739457018
722336877
721593344
360051389
116844070
419828411
677498314
588554708
710373416
115214675
55851629
520970309
81994237
81045157
349627444
660039474
249602817
583986281
375321109
544279309
741695337
333342046
58653734
529693737
911824360
129875729
999159724
988050618
181605646
928867875
796011204
787482216
963576393
212107878
216116886
267639947
184336655
482311524
752768084
184882701
816987666
26576446
386632326
919225423
302090647
847788339
106221628
183550511
249574174
226002189
296083875
204449813
617198808
905254153
963026828
406114971
663683143
191899606
448227027
986968339
420668686
689447695
406949062
781505540
319203469
268369412
557393915
869886358
864928270
81987496
475702819
767291292
831218196
190438408
727291641
715118890
946709719
139428310
227603090
64036021
23654100
815609212
738476444
955603456
632783999
591561391
170283407
58322239
249081048
810001913
603956803
992437047
34084496
765799743
764214014
127539971
619627382
605126785
600021953
33721234
290394423
236335269
318622240
167586677
750299369
528792582
373231615
426760400
177962512
247907937
459405251
524254833
964296515
384191006
963314238
605059472
950971249
451345605
148721540
727642076
98086004
499071676
620805309
54926357
478030692
483265770
733206796
65418453
426224393
599751669
95491507
341582934
539406355
193881856
773641597
787318830
496986972
570889766
205304087
103991417
218329775
743523006
880359725
1173111
350596661
79701970
28140532
649893489
802485503
159154542
176568720
168281777
456405244
872379876
935635229
791322745
615529958
263695882
689555983
267033598
795585785
307813162
536007
578210842
152416429
117822317
984848476
770414658
610549408
175995407
108072499
380081482
246041518
44730123
509312300
354562997
618711949
619632198
704329695
398328722
455125238
83313306
262932949
267069850
423182948
927209729
885177688
667026477
258246626
982318850
171788872
233291090
881333782
938270487
308405631
910516612
742986999
302148883
848756681
232774344
94853492
257725872
39344081
626490095
51082042
796487236
922240257
411675120
363067575
581072231
172610795
995897759
559366186
291227261
811908358
712272478
44880213
733466155
155027893
225206698
232644627
317821998
512168032
628230556
4206535
874781407
498747699
307771029
736324491
598795686
611575997
316563066
770875515
471555351
303475229
197399366
43969225
636442852
215987807
626695710
4969472
473502567
303958902
677174393
809708054
175891112
673924903
590106520
126362129
596133151
865636399
9520843
147120990
623549982
129716
777031492
745557838
411113523
622283559
176300634
297739537
614469227
675350628
764271887
969496233
856047728
225022243
87810835
987752030
614508992
668303252
408437359
517478347
528332181
220237226
759142058
13863096
834993638
818522501
828315421
200856504
908641177
181408900
140191339
733159286
602055153
169442076
147325533
471425634
526443736
451841526
632855701
14159292
39687173
328956173
390500243
798151938
539687013
707678158
953660324
950868868
586114067
602354489
511853135
