222981916
942875986
78694672
398439615
521128033
974640934
113616057
972822841
42122558
801952687
790078645
810914011
151595937
33021640
57528884
120679065
350601294
431564894
805770583
169086308
222956897
373521406
290799539
894943518
597290635
679050799
687002389
114556128
124269383
593387308
302778487
761379346
205938117
981650589
895863104
641291052
907568019
451547306
366668930
380561583
357366705
747772479
783726195
624917846
553048464
738150201
853765425
922449008
811182047
672219630
870069362
179309207
970648738
283579698
197810165
849460508
652076447
183751153
801148979
842077233
287638544
999059928
848553458
448735248
499174199
28699298
604975894
169945347
137158534
416237831
213111045
899053987
64895964
425208999
811719602
475184416
589795210
665881691
341895053
859140433
825285372
764553380
303374079
452049751
723317944
123469280
790730606
922358417
783840424
46402595
989214603
723816866
650398326
524591695
92923039
358306775
899219020
334990946
125743647
524349165
133174307
683820078
785290473
394944215
459108585
971015374
114413243
545439738
471860095
722625748
259665298
986194754
841856098
942008544
16791861
523085163
695685848
396503706
725417303
375704919
237968691
682617475
386104921
90755938
427023226
489294178
248655660
540304267
332285960
453412826
575965394
254804263
540138044
817545886
725966126
141465293
979262906
908429862
992941165
752302568
9056037
245290867
450498322
61214676
786737296
3019848
881960766
708389781
507799834
569837874
662620925
502715314
609573641
750038726
286380474
450556830
297715157
694534535
967920988
969814406
722359714
574108974
213153778
18447268
146660353
4861034
446056710
24310212
216042418
875326566
543822256
787255984
403562539
973114733
366648881
992677822
232119152
324890245
304018641
424003377
607333410
540265878
32504433
762448084
790791899
73250079
645230620
790099316
531165411
275409295
843750135
284728370
940508873
23126759
29942854
434947061
32137089
432051053
914554321
781876261
556963137
857650554
492347362
632473266
26015618
875364940
99152774
636458907
383389844
293702651
218437678
972824910
390515893
543917610
362480995
182093835
541604541
450705692
227655368
73410273
359630413
655957392
493144799
940633121
31576431
259093885
846747110
380435779
943171878
931701819
960540732
800068097
410335923
522142378
867040239
749682855
47918515
400031165
736432465
915426958
974097303
8771713
406709471
237462760
56971617
870925223
894212475
396591263
660645763
847849017
893342519
581431395
204395685
841144047
422245848
901005743
364505755
551714239
600896835
766921732
28617830
718716994
693287027
451688024
333161917
418369579
562488987
868373514
676877370
612798139
134175320
141573375
714273226
312228408
99312968
350858699
249247920
255682038
883661504
160651206
364881408
450155846
719790015
95322860
38359300
379109337
595672411
569191875
99896530
966034494
385177100
496204274
799134329
969510732
886809128
255380309
315484684
955021446
904300841
638602037
308436236
25838961
719713891
47847623
713673697
751769143
867158168
892167275
741831078
71387148
651757823
108823716
668052734
440245628
402040324
578461982
998926977
597964166
413328724
954052579
822697166
993297111
768476983
710842874
227621038
637971044
342439044
744762492
425419279
843932657
35374015
294226473
351381196
245059467
852214968
339042446
730441954
671942392
381649161
286590155
511951167
703505135
827360795
28509382
314276670
276353384
828151539
358888701
567470407
308347146
256453331
717520516
541692722
950248260
815904869
315139124
257361977
8871017
820226584
75702653
409330099
122395675
466747996
897898419
36013133
357531350
757442518
422993267
588030658
62997878
848020026
326984585
216315004
126738568
442101411
119192031
165936315
739967601
396566204
951267653
809819503
983550342
177292085
117072133
587479326
317853497
752533749
401132934
429154596
537075844
81680469
721570937
851715806
305946508
877260055
389555492
236757139
929462375
992496247
956745319
518910864
405158272
770858041
504472529
460327118
929468745
501205512
414954153
508146849
696712838
149202809
517394374
612304811
868958929
265883148
425779755
945103589
349675862
310419093
718159635
604997599
356309584
993838669
50954814
981317407
126449089
475268777
910368495
249478512
52545919
882434891
236473938
747471352
439820883
432356789
404661231
212692300
672819554
656745013
658010579
816647984
337579596
892986084
732441756
387873035
564286093
109266125
982756876
40063359
451480299
444451901
887081275
619043282
274336612
351747719
162601280
411319601
719903227
523155120
333878028
454199968
590837015
165475641
455600929
814277946
912728869
769923021
172483928
436602140
861221916
213087455
272284034
692930847
652408512
901511650
267418003
463323498
261396912
663081778
417031314
17182964
492511899
870305136
797998211
608094016
995353614
617430655
473134740
88073163
269755508
993341628
492789072
149664433
322866985
203810610
225810968
172103954
437385154
918163809
475144164
794363071
936782195
546154735
178841441
238392844
172167866
194150427
966634768
372824961
84329716
699277780
149922688
56821448
106123806
316695063
961688067
720531878
367477428
847506911
818924330
295298213
296788281
84410764
166846631
867880286
720298381
122619601
370063862
448597902
675700681
95314048
25938344
343233102
187937613
622668242
80400768
946357163
691463694
559605367
435926149
801203187
650795885
100309778
3743447
570477727
843418939
435967623
43540627
6171921
242122541
505279089
804626525
589878241
99239478
179845950
497574790
852371430
379308103
310961154
518094461
49548265
824086563
518036866
697124279
989015666
673339436
806689585
868883834
483455563
236294295
15330904
29068183
807872059
411580762
17721143
644502326
196478502
80667317
596368903
24461346
284330757
79078974
363891940
206475360
170421591
290687522
436060101
243993623
8091662
125093452
228029336
567049059
380502540
41510906
386377884
977116622
132759019
403185498
14727779
897138289
36729354
567083788
560085063
769877625
226791637
476210905
996754464
178297479
81518335
535343622
301096287
771704113
782939198
286499807
233763703
970469290
460194622
311561506
526702687
698328144
237279334
562695962
860792171
358362111
8264959
448281844
648565642
766361153
25202877
40604519
511743307
793293003
65939537
699230613
987731991
717246967
518993910
594014314
979683721
694210684
293933056
257762621
162475287
472748038
823997163
456325221
784109859
94002732
807747201
415908592
516922000
821197512
876482809
316399634
659858954
474033391
706291616
201722951
761612665
778509791
827645262
230393310
153094601
40913816
23600315
507803282
705764575
83708585
298767815
516516735
451475380
866180307
331877783
832492001
404395087
979516711
400220674
388044133
534364946
551939736
664171984
554562909
958613951
609294283
523682518
690545793
916810192
749539902
39371658
513698599
10955351
317270958
832401647
201173929
866565421
63539745
104668020
121561471
449147722
316193880
750560644
700401273
795234916
291230466
964433211
650741691
489319729
43990808
912004545
680342241
73812717
318247482
667358004
209672929
114337807
273082353
271779358
543800316
517231297
333054520
590993089
956224672
44336927
785069214
505561383
134204422
33778659
130703853
965926579
340855342
874848691
278659202
938896409
218171065
801379091
963770709
759327991
667383485
644861071
872940825
201226064
872819384
837535356
359029415
439885882
692707867
649912952
622728718
86836121
593483067
791760386
560867702
604330172
116093201
725200790
794335971
656064346
10165702
785669081
830228789
616963032
358615875
78064228
571149203
805493549
795153513
379351072
449186939
408293836
150567097
513754361
604395871
898939244
644290471
131828456
718173704
118689316
685307510
345183331
812853514
484291468
411049939
43867731
372443511
549094954
313980989
674329029
822803207
492970274
7043119
307706362
749162288
881714402
814632280
255977792
842610187
794755155
266386153
553535865
644732368
313356795
200726013
214434881
936269023
79728706
187364514
661928456
960039700
984264744
7027086
675646654
970756835
664982370
972815566
345937321
205913092
314748144
705620715
22054248
491512559
120824484
556547864
956216664
401250717
842860733
764592071
722681467
84306964
388312678
289218268
923418547
852303162
131771644
700450961
499496719
283565454
196615058
107598707
292714804
361730439
652052532
714289327
838538461
485943187
331396464
336949526
84179918
908898835
468694959
50064700
527862042
89134439
244331904
62023306
523907884
756808929
244509348
813184163
93408289
315136634
464683045
577621491
571727022
695046476
83608537
823343491
838985190
964531407
473318847
62371866
9298034
207149437
412905911
660323807
839460026
406535155
718009401
470273476
69854252
505911207
680412152
813782631
615612004
338247977
761356224
834284107
607971257
69748338
176543076
742687788
39056106
383430893
14190417
977578169
897047393
74431040
142562304
143491985
402334649
508052971
497964334
119648510
435579987
406323092
40766666
320712605
676228527
584008095
222563278
117372728
38799528
774235871
743329910
587497081
634724481
650900412
962009486
233479045
933690250
249324429
215372234
769236852
787988330
730631058
23315759
625867139
192959020
435327741
763276413
765028986
263972851
574517415
67938826
561801280
7946872
560763642
378202644
209288911
297481310
440643619
158055580
23963161
847185058
59170348
703888260
264820234
640100982
426693334
342853687
246146980
112421553
909083258
209801733
153010220
292680737
728727481
331660178
704948928
383007332
414899526
127753585
240900786
820731681
457534291
853399876
464282111
706297044
181528630
579550209
73960838
272697768
752720574
935997733
493046631
91268849
191409072
922051792
728817982
26742797
758495524
985766156
766265684
92474053
517129433
652607433
354889591
364715682
914928604
269120543
279219389
229103464
673253715
826281577
882581783
312890034
917154792
203231479
389650766
205770470
239606149
