399077061
213265092
645067
91601765
494267793
396394219
163809374
705169526
595232386
902042485
959267068
502319812
252464047
782846546
347421315
944328641
663610338
68954590
802548139
168884329
473350029
338236557
692036283
899723419
338491161
285240117
600235513
529493672
614582403
370156047
931990628
61005217
304323079
421667579
308381462
526460437
324995049
733820844
978587588
498451721
315589781
865166746
219060066
436036343
206811629
646408269
454119267
760637846
851987429
278932894
975331136
629569870
368369158
403140411
669590097
60840504
521228808
100921647
753110603
209027675
796158705
634315701
90587122
225076339
970051856
898261850
197996732
830796466
474465084
820960877
619333592
929789492
90367000
304096417
853294547
608183281
119176490
255999939
692911790
692082890
831120849
839597665
677506241
335649509
394824910
302420757
692636057
901182666
752077481
247540958
5231629
224073401
980710240
769559912
702293014
681274079
774579624
993983726
465984486
308549777
448411537
623322800
286172762
31026552
659599300
45541644
539202869
64272740
549845863
61406815
941664012
265228868
408009855
61027712
377906825
956561039
956809458
754937612
830251427
667631098
205625792
296814064
78718984
226924125
815729247
395260190
949079250
320807087
601803402
172020467
833603656
125192763
790015452
384362012
243671353
207798048
553424903
646479689
676050207
349283266
763217886
628363317
351336803
690670666
305876944
740002759
816063545
919682527
391653087
745731974
724464619
19642012
163732298
798353386
102923984
151597472
544603815
59248636
215297303
264339109
96462392
218395782
462469337
377825395
227803157
816471249
475213414
23647842
817356357
170108776
403136135
310329769
78887404
480968161
904413210
577262474
945477260
388048317
921047179
75726488
579196644
29396723
929153998
856071426
447555847
813961644
961460463
991662064
281438028
92073881
663194231
494176266
431182385
411711097
252820873
544822104
165893979
973511406
462867508
489405694
264789345
792415702
102326170
221544310
342595838
414134850
940754606
682764135
893940174
525661508
206120211
156555498
138201456
139570815
685142464
67065669
289241782
606397910
930269547
413841512
855010784
483551348
742209813
725282476
506914544
908959868
879147382
667176305
228147287
359591106
411368495
971965853
925180807
431641484
810937142
786780941
927070551
707609688
513475587
33420997
873207036
278696327
97721890
755776518
885953668
506638732
355974810
291611570
726568632
185755204
255580321
559496068
43241858
49025995
634394908
781237995
50205888
377043692
714629765
433635969
534987466
273578301
454616848
534349068
114293013
234154357
231374690
706559970
328633672
898361521
139995116
581632093
92922322
896848550
540634475
576314456
385829458
986433294
839328807
275811
552985058
587535812
940607671
42392082
104010784
851872426
928723994
876154812
797246574
29699146
736575052
550026859
992979922
79839618
498433530
599628735
824079478
563372820
641483505
651799311
275264042
649414838
962977896
828207110
45760088
673948227
466573745
146393306
508391519
58080451
395408536
63772593
537714883
714353954
880650910
947451652
332970628
412224765
430338284
262420585
305430361
355219877
909313394
298934525
161786469
589968255
588652169
13082704
398415020
941005739
752234977
822456637
344949788
187529496
725011767
903570218
624557914
112400561
996631993
430062555
385298680
782330687
367763292
739166122
634290609
672802459
12311975
278625968
199188707
550981876
266658106
411854713
133034536
379062919
346368949
920044164
740101442
664043371
666420640
455791832
85296057
453491041
747978285
567385778
305845473
572951898
718822803
350185387
989342185
977080690
322893737
220570067
415592770
275728
877121903
523099673
987456583
170147271
664643915
488984008
577656279
310026201
813893995
847433142
674347633
340380263
689422101
965886868
841160546
804967601
163468776
960514542
445979919
540840161
344766498
931807638
34352402
800377512
433320649
61338711
953979654
662126587
289283781
222108016
228088138
46088038
996261941
132758807
501941014
823269275
932587580
569954171
999399454
177436632
878135551
775269854
639597044
900545141
893038144
965465208
883529795
752935934
509024840
184374583
813611913
362379194
774590146
874752608
655509228
945314264
488747270
187079070
736826621
603305204
535004353
915529691
20742420
591785979
619345003
628259594
344118321
556663293
463945853
17891271
872380020
593514604
961115086
268543287
662704608
569496642
292210593
133807259
907339367
467855439
177808914
201043719
153101746
104909197
408496101
865708943
271497891
121509333
477249577
556626748
334522004
745508509
833127548
396094250
642432277
962605859
754527434
47811065
281200137
264778550
621346887
326866502
288990081
491133569
311994562
220097309
401264106
506046859
212048000
86012586
653103671
354940011
279739702
268971182
425496290
333960634
762427944
915833221
183289878
753636058
356761703
222608988
79413715
907319103
683369265
126871510
760387054
565020836
626111009
700098747
814969206
244399527
852607120
642560816
846508550
850942411
912053636
661968176
792914634
188398791
464444837
765451030
909461331
391236991
903523076
979581991
465768807
564156366
970597959
308471642
200177915
838694212
864521185
527564077
908016846
398737899
247452786
381670977
807764302
185123051
459710254
836243268
879935848
511949251
271043378
408704143
502332889
637178884
422462630
574553878
421906996
100459767
122918586
994891086
289191221
591310671
313147655
688176723
3796027
703787273
661102702
196230688
594422876
317639366
499920832
976274993
379878341
325043042
734543968
447770650
603489624
530382659
854203872
607791583
728688536
628201568
885515180
397512080
120193612
494818932
477249101
828589921
141693735
396044080
886564644
99718147
715775625
869630098
238372856
316706175
85590244
559276062
377874950
103977029
524020347
263479565
241820392
562296482
12028418
294768384
28825802
177289846
902634914
974691979
971064252
891524336
246255894
515127002
266202549
660989652
705795489
915635573
567983110
508977093
226538171
832512780
54536953
198378795
431074720
400202685
260499367
510248241
86670186
417837793
362180406
44213562
152507709
750226843
83771235
465208970
386381176
323218698
385483662
825425227
465993129
299959255
925955005
167001755
424979827
995040307
853462252
200648623
603427549
577383203
610910684
169954670
991292950
868897855
877438856
691507566
208942612
43441596
131221761
611825732
34269017
518577560
90619660
484797121
612511573
926850690
739016627
496029049
431355767
800993578
274608475
382576790
530151910
742557882
42983963
926578915
906557773
887535196
773398967
436034411
546740431
59850743
906820691
509286981
806927107
192225735
52920610
283609852
872787985
392263667
256266358
342939579
191996936
773657929
791156210
947415568
209339594
441157884
554490181
498129135
256023680
357433202
769292855
802433969
302774727
228333894
639802758
248735068
825913892
950859940
784949792
321407414
270042627
695187348
65085300
974418272
611756868
581332677
677870012
420285837
873930079
455406774
623241062
39092099
544727219
931668895
190579854
756493980
951401671
95568394
717239320
465399889
333045015
275269831
180010731
189307229
290557887
104386721
206512254
578593213
552422975
804185541
457695959
921928044
607313874
934858942
72896951
496809586
708572628
816737936
335658700
628006916
763287870
134204343
624199054
800616905
734192139
730200755
257706750
371105831
37754039
883308777
297333395
730345497
233620620
319549902
988362398
994772795
515176617
875778070
683860384
507370147
374820423
99276798
867862860
69744538
997710814
701313017
431778224
609868276
858771943
693770266
47921351
134663734
759909693
89232404
702112017
198840671
651070776
379393825
455115088
560357131
846679970
835406421
540839174
669114197
506852145
727350460
688307424
287763971
946496542
78124155
981632967
832794557
132877552
828288551
253186492
664011072
266341482
554454516
802906089
32879122
298422531
647838472
512333886
343983772
835387425
162669661
970435803
144388216
617437883
789521726
343702019
135782792
420662981
123503253
660690175
539414000
558437623
198748662
562892391
270360353
13005592
144014252
663371732
780647787
712137297
215126792
1786182
931621140
836045910
38100945
932499188
96616259
576487734
422235965
261934600
198841497
323072534
196855401
833726771
344182484
756914655
543919208
670326086
156974816
734422135
845850175
412131576
9374299
167598375
713772490
105573448
67592819
991562123
532545736
19873529
154408278
984466738
731686098
631846473
620260632
160883479
38814663
308342304
579336938
857022537
247085759
559295057
998427014
861568652
461848678
216341466
361582221
365021890
218709907
513445696
469086383
473688164
506396916
46225652
866287121
802995215
992411882
764022764
122273419
932527496
864906369
105054135
43941997
402362436
107526321
214374757
591386435
565008927
213466138
183299004
718099992
235576903
90989148
299952277
487336376
286555117
413704560
147805645
705749696
497431024
743991225
702570927
772852215
19100039
550787144
680720112
478069822
685460446
765559350
817265416
168471596
274791898
186068884
646809440
992116167
142031623
515353059
596064578
754042330
247473920
624955029
796573292
151555752
35410902
795345703
233509479
382699016
206444638
558889274
579732003
389290655
844606236
58273067
624842394
188536270
162335441
332201918
24841958
851575290
426806208
736304934
905925988
799449576
396200721
14827408
443308094
49508019
444179706
307836109
345304752
771202057
817639980
393763314
458275776
872475994
947417931
551015175
737441312
223754334
317277665
298021096
271625183
126571171
185827346
427974760
323865359
216518830
561226489
458273169
829780725
809829704
490511100
744489287
327236121
511168985
719029039
997123715
755355029
20583494
352037609
184001460
938519308
898608528
213584522
808529945
571650673
450842921
599997290
752366398
241118338
611320265
594760605
801087623
534297625
128785112
