177614033
743043011
940090020
303768611
245693623
869663826
581862982
555182580
274487897
82159360
93554401
433235785
861680147
156298865
627291605
449735201
498749597
949531252
422054813
86510100
891443270
183744726
182397541
746560220
310524431
907764067
839035843
415229661
389622196
958236674
959215831
773524872
360570057
493971100
864877472
412722066
145496227
600129003
173472719
955925216
507309462
580343807
289306713
89867185
636912923
31127319
715415783
878632956
321392871
648875160
833060467
366871821
792642351
448509023
746063451
993869305
560645469
193529800
993244178
337929555
30627982
166633321
165560383
316251221
122943528
320029527
72665728
367709046
291421392
214569538
304238974
898620593
776058532
466129596
579200637
311099463
894438012
92530356
109647296
279397111
192348284
960402885
93836789
740747034
125176206
592344009
980882519
912061033
747907648
871008165
852076596
951966425
606884823
835543163
925297234
340676141
414783423
973055490
966923656
316883396
958461590
347706736
587211563
106823332
344636186
934439873
590813288
326512755
869308385
434963987
99431293
468115112
83882504
713847067
145581271
70225095
72796531
424813348
191075015
530599517
339147006
160604693
619801397
420413226
362492941
352272547
291735770
940515368
540832360
238524495
896316038
921382520
125606698
792763899
320935520
844641546
373191322
987013456
396110848
190736332
1530721
654369764
42752648
312943660
771576872
383961483
868083921
893037755
689961891
855072138
267879609
989970074
781980475
436324138
977736388
797856896
727905337
166798337
744330390
992363637
642704103
650297918
785680393
630783889
538647948
178048772
342508414
291118603
392911547
300939723
697033772
85783074
28702499
338682
529068796
684777241
117852045
306857737
648836352
978531456
484188624
398698013
250553476
685760221
970644885
906345963
139402044
689282559
815027509
523078622
116736208
206392984
242683065
403747209
548032228
351232801
868689369
411968758
774295711
593528099
41453069
576965317
500126207
389022168
158038365
182096535
961267574
781641792
907255340
292959146
680004851
421047600
517961983
765798932
508175012
244006089
399744441
99920172
660139002
632301983
38646727
653225853
476091093
869832923
184203514
490640788
843100007
624955289
452306453
177835994
816087871
705883286
532562024
55308253
937078386
907223306
898571805
861531307
527721855
788548349
945078387
357760251
782027217
522068363
843073770
695688607
688430999
476884131
895572195
304026138
951488359
768769197
751829754
141993727
554881372
388227214
100874224
630293283
204818653
667397576
338996527
336312285
329335338
729419346
476871274
974121563
888485575
462653730
828720544
600951705
345434283
538213132
572198315
871590652
687223594
680886475
871198635
954022728
26759153
488514906
802209788
366215875
729383092
148280315
226347634
47318674
954053531
390568296
500426879
548851172
806349081
268278521
656712654
860324278
449551821
608766102
28424912
52607871
45197089
868952205
807203031
225777268
648163586
294620490
958591854
413275226
196570882
880239100
454770132
873994896
517028578
146851494
603534130
716303745
865187786
972780651
606929191
181055023
503071711
429552600
20068032
497917278
962226850
279869372
794602623
77155761
881500476
711874035
422038830
78457492
652461562
818590763
908825639
157806946
681311874
576432519
718052288
434762602
189688459
813072406
850747791
73814430
935798163
626431981
31822593
659497586
664744390
940408907
995136490
476771169
1836910
847369887
549536158
615644488
848884173
309285752
263550417
368294213
500017865
881436093
531774748
484696845
458200270
376312639
221533334
698437814
238025854
445727183
34991871
288755267
254728363
172166589
991366563
689999303
578804807
946253600
562119113
335794868
248046779
135105036
412411369
941091568
716737543
945267660
76620581
805091673
269054604
293181151
308922771
372026121
312882101
349758074
934744735
308252365
281297657
366050945
615614159
559485523
404898647
333384778
421471732
219017207
905417036
706381223
222042806
829670319
856003323
859536854
36839680
902630572
747166637
927755547
120247433
364912829
469024723
590683179
767959301
512932609
299692057
416441659
429383209
944844701
136804412
662965749
975873164
904970287
237421852
683114198
408701645
212753862
330639440
2633590
930896220
914662000
713633303
193394162
35674531
10356320
723224853
246950261
949088348
409517749
256341471
406292198
624859482
385126553
229510641
569831906
839227640
690614477
598091642
102681550
259793465
988456986
904001567
476627029
82212794
242451287
730508057
317072518
592248466
172889125
450835208
824085816
571991131
744533047
996859326
205585432
651279525
275630561
555008647
757602981
789707754
52741796
467353309
19865460
688503230
730512212
38106266
590746611
675459646
667589945
843886556
718087167
614662218
227957890
742840123
942439232
10660432
237006273
111181367
793223243
279848261
406152335
654701793
776199223
958682540
432255653
834301066
880326434
388267225
23925208
918552380
563597079
135605829
840488660
312973795
207051669
521103677
884136107
788123798
351700581
204345020
139761445
641612870
924658520
329002567
732748039
209423598
344033241
1692924
54420093
194924999
414273251
164449193
761785402
477754719
383555418
398040002
691154085
61182918
256247577
896211145
157779831
202479385
651534437
749037563
280289477
582481337
774173556
914984093
535788454
421335555
126524324
448882474
759480785
588878222
140086815
764539463
730043271
447196655
225934500
222832055
490267825
878633509
333847131
829000207
504279128
399147886
373820425
362733940
929418375
809011665
829949590
822953188
531876221
455489434
46565189
937282059
990078431
175620956
48713090
150266701
435250040
429049146
465904468
633084537
68400675
965390776
404968407
172907180
337667904
619015953
667996729
243957429
835248417
33415521
405943320
279146320
868632252
822534229
244758434
881141589
208660912
411439616
985565717
726776787
591385963
303571135
917006252
303991350
542313033
202804755
774461031
554422314
398483564
75667798
787582013
61218678
412729040
700762593
760599532
538888351
994179477
200913245
25066036
310402422
141014935
585992161
987704770
498460699
49546114
767418867
68649806
167544202
930862520
167571499
941605788
23810424
443483427
739127680
41698574
764829539
48384523
100977057
630594145
134863148
844554921
113574414
845473863
759580618
245833507
344724641
866417278
167869659
61934696
705870082
886962111
7747666
386373579
675163295
585761851
5393802
315866363
418545553
254445235
774894164
134154948
606916828
623559793
230912065
134062009
763771589
617735250
673601359
659064019
995769991
490503827
893202420
570319099
890202886
465847499
27440520
740518296
228124151
252627191
704821472
901001588
900780145
105609505
224992438
280609387
933858122
637436844
768320131
153365828
36304771
448963175
629838969
846531820
855699980
708200
237638093
490014620
614561798
625518608
482061916
726989390
192815918
508805639
66164704
215366254
993759689
437428566
496170691
209315795
558321330
264875504
87742212
165918361
549623762
873892575
233374801
501307322
398567354
950302676
200203886
126334745
849415117
520235531
622759247
546806816
860664857
46670600
714619117
889494686
228209406
537425899
125956498
602605541
770565274
977832080
708185669
391974506
39444801
9626184
286849697
496429555
141266152
559004335
595044496
771429266
361220963
463920608
296908058
981807404
767333397
736330770
91447266
664259121
425314722
355727171
877574271
672580386
886046390
519357886
354701396
947089089
722809447
606676003
981106388
20895431
138919006
485136669
395353086
571791680
165706905
841400294
461862520
388941170
663452978
703774329
985068591
290410781
925191033
851329979
185585853
396744248
749762541
732811712
122161289
491878634
445978632
461697375
177290819
414838102
100257808
35605282
505928114
520086914
654924786
339760607
773620107
534590148
577897946
574149064
632510259
876084292
68567522
725116376
816100498
925933102
274468249
702506094
806142
721540392
370658578
587163490
747389352
34716411
333772032
957957146
197326547
989997733
484514713
489227753
574916797
677221629
307845850
980514982
471533871
130101622
335472179
941775605
734016382
323692371
930154221
450478443
712512834
351041968
218819720
309501559
328176726
24646164
916711213
196228186
217410385
743472537
460891233
455750425
44179524
513094317
288215929
471211703
186314881
696967639
142434059
783622372
50075434
88670192
999232266
955288629
568238442
88052539
253582504
685998876
590460922
332692643
968489711
677113770
791386170
920180133
874650654
396347383
815896689
24270473
629780420
172680382
73286520
288286527
271817368
831444259
216330396
852095423
936335457
958439553
841885691
864260474
755460723
37048743
181258311
146531848
400403009
623842642
351809701
263531090
741263116
240124187
771063659
230712336
605767262
884717741
774982824
783777461
664364254
123999389
638443661
891868545
655315012
162044408
67187218
969753675
710335851
761788905
816852822
167788006
738958232
716143017
151717080
295142949
844113183
726200447
577231919
931440967
495855458
644854321
519777124
250808012
44537681
552365599
283007355
389656232
401616722
842574182
682519263
387099626
56461434
432552933
187731169
812336068
319995892
950017144
208945461
593416314
969861523
211504635
436195995
638614102
806989818
184021695
524572856
25120098
88407107
475920709
386599152
879566814
307485821
843541856
287922003
19509932
604222263
387635648
847330864
102949412
879037051
677530984
568136952
867761667
79269641
429753196
111326571
306405298
528411848
339381010
975147056
894096037
517254985
983815603
961579442
284350822
208658325
881163020
443818193
860515985
27792742
257887257
301249125
925696012
455975030
802952447
79613804
212919577
144630930
168221237
208113804
932360242
102686280
105996048
714379261
292330538
643367681
568434327
559344460
377236621
72695123
218167558
496708249
749026095
500773651
492503113
