217504404
576710614
159806854
262168633
654148147
4374498
327865771
594465656
90944319
349832458
392935894
214391739
696418026
405838393
918275016
955866206
173880391
631367938
371476158
353850361
932231995
157353905
977909267
444820228
750030369
373241890
423458529
837514367
920543750
712506856
67334020
104449975
259519236
152118784
643651529
264309880
210672560
714067608
31317169
385489352
404637320
239090495
614893763
102639108
889473566
390139971
126247938
696199466
855562505
668693789
386173771
840671087
555311573
125659060
828524875
60150498
598801345
714986625
512138262
280906256
580915967
490351402
673921905
378437462
282498437
288485918
954872501
544299241
762186863
653965136
745193645
459812781
600050769
985986804
949213040
693141499
542460140
875270159
555346660
359890397
246993952
727259062
981951861
251849961
326333085
226662932
549138401
133860176
323593908
583501030
665508533
495685934
201929345
750410911
804573384
914285916
565168589
236456301
820140669
600987647
435267469
581948695
934012602
201597369
923500142
926360988
240620317
569324767
176446019
135383375
517690357
723531185
159639964
152247864
33912304
853656904
508399540
422071943
52104376
55835504
739347516
821012324
220705333
178685832
988456601
249507711
257883436
849639856
181413420
34927123
127972910
306003838
55129489
954359011
924622927
665045255
793246459
780354491
328349817
399972096
986042614
979813632
957414156
188210532
65810672
941977347
336045970
49681480
716498607
950916478
405886376
143096645
184351925
764305164
861640130
614255143
361243361
755326769
213140767
673992431
668477551
390980460
387911347
141518895
7410465
211686518
668401695
205280952
227624935
368867047
60410445
728045047
93722125
652132278
69792889
759533883
863598166
32494801
112875159
46479253
913461740
208201955
133141249
230496940
629040745
984876263
121651912
290824324
92718881
310367784
303801894
37919689
567213724
654357385
731494544
595062154
591902285
815895260
180800066
854124153
273575652
130765017
822056544
347631559
890506033
677841327
49374519
532219646
694512274
102106247
750656975
328748560
642451609
166661513
760530690
460275596
257839210
157414406
512478149
22534201
90034605
377577371
112562070
917257150
65065153
22490755
160831323
439364739
920637733
474730734
167631598
47702906
851694733
258751005
772903600
782696722
386145410
785509688
339990905
951199416
935501743
589432265
596312048
990612633
559710807
975053332
395468079
400552210
893826694
271218947
337222943
434487878
303417111
158265865
764089547
895998280
18202947
904799392
282566406
868015278
517010003
610009779
611581911
219781539
934474647
702954069
477053826
383700603
393757912
977833967
74130185
472329521
817423500
561278731
87032456
500602339
781265321
121949436
357546342
90011820
627022674
760279112
545538044
649418785
137507791
733143718
744285793
693428868
494661457
876905319
764493774
481346016
502943281
471975626
434189412
325491964
977850352
376530508
56137985
856756737
497999505
11767475
6794297
915992726
197088762
864893421
617064376
742138379
71233408
263487208
114732958
896253510
547253049
192554586
240992603
756730890
64471735
962163125
82273748
201330928
958668274
783624957
889039145
516852592
213340192
592784167
969386238
345447873
127089318
761540491
522751985
404734812
65811450
500789604
592012313
615255199
753484814
629545317
452330023
272614369
116079342
2147414
622195459
231174249
762172360
868240263
934092966
310388695
230983022
677458521
261020229
15687227
294256760
854807055
898088461
714374547
122728329
489941704
702652533
604304593
895507181
271616502
615049061
309692915
740735221
709998144
830442059
46463445
600542272
625737403
3246075
434926416
509833102
809659377
85251586
956520860
161429497
657864895
754680230
345099928
658691200
658997543
114464851
449630795
500520262
507064758
110478052
211004393
602701141
877637764
492526870
263543110
926892782
848025429
377107186
844462838
387098352
312502543
490439026
52174216
37798203
887629521
709846422
605245618
674212446
826093811
505854123
484597381
769555468
941567600
552945049
464863432
735261472
357552605
945613391
236509638
157151651
165418265
809172652
233670463
599520092
619437665
443762302
722904506
133210532
739702963
508033633
661807672
432552190
240788747
569422508
848926953
167425868
702506013
307301724
771061678
949151120
509219232
775418348
674426450
1210634
625880669
441448924
661133540
324692715
27663438
528281636
569340177
902412036
140597548
687311186
221680086
503329890
256768563
452654123
418360536
443867218
986941914
472035085
934509481
318060177
844046450
52045191
528766720
372145091
704018095
297437563
32755459
50250880
174551713
287358517
647932418
389999915
134746201
232459829
973639421
177988741
782628761
398211790
105547094
211421327
938693455
759395634
291954642
553477560
347742421
345597062
910657304
249851890
888941186
327194460
962209204
37184146
840908866
356366272
157164182
573835478
912682202
288988448
620674618
730225873
495526177
519089296
727860323
853239030
39378768
831680170
368583688
24308733
479014700
240371795
661238456
588730123
366487990
723088154
379366721
84650815
760090548
975289159
24402670
358421033
386780257
782903567
161309692
847357252
325149311
610748271
549091048
778379927
75295647
399803943
265306537
493640312
777537171
375321219
715895148
419604159
31535311
438715610
514098792
516062250
977013372
886348571
770837188
648569391
665956002
373479080
670696154
117820712
976999550
72513366
813744929
937393042
264585777
262253585
343445616
712622608
357779603
880503070
528089718
428630495
282589122
590203759
949013085
79210757
975065256
167598143
811192951
991166769
7193005
959762561
53115504
321374937
461190367
508340419
381407659
500431685
12066379
512740300
181401249
951670230
940052115
431270336
801380376
2782280
586059013
327913494
229054534
515283585
31875603
3272539
61824555
151032240
910625890
85468296
233473128
386809612
937335484
691626430
673504134
498357859
562286127
679529383
110627706
17236989
19397862
492369991
476202674
756245357
880845925
843013929
700556228
845039302
699101820
576419486
488578378
851318785
788823382
946230804
493151743
647151761
938543607
295909365
959291166
3920465
897938005
902083262
410749045
375722070
274867291
994598045
563096199
320439948
839236164
683043389
389384103
260522731
320642629
784143386
983384417
93689021
851710818
472809176
634437659
188861673
302716309
216785252
451930418
334206403
596889916
382154342
597986229
991104678
198474686
26352372
559814250
266376761
720238216
106707240
119298983
117314598
81620945
100480603
481378066
886247878
279917729
380116280
5803137
16058431
187035383
228055646
530676155
4679995
962846386
399462722
795440942
465734431
661471705
770429492
701204154
681152752
450152843
76542641
778832153
892712948
396611816
571991520
121965261
812883792
123229138
123007341
540284514
213935388
664844403
866069818
12068076
751230214
991431109
748189779
908943942
922600028
210982115
435871987
147171020
368834269
851478185
593306233
28258291
799011963
230911429
94079818
604905055
949808722
405503085
438146230
667161753
5078303
321648449
588665116
489636062
707926208
258151019
192919343
892829291
64028041
687771131
316740766
339835590
96776567
387394645
44210727
474303321
913281925
861485549
778604125
470170636
14280856
929371620
409997883
41234762
803305581
543733228
322953296
581972363
29149320
518102285
590475790
808432302
226698173
198908065
6989772
429581765
402765992
258553716
201017733
664449008
18062772
543042694
83142978
681063136
534737418
253470642
931481723
411617317
186700702
619776495
691623129
88323173
626898958
967975592
652880896
75706682
911650564
547430353
686330480
164192980
935197722
610946979
863679971
545925755
97295341
508308463
113137417
897868501
380404873
614628960
71537329
654728208
660467816
114155117
452107864
471238160
846228641
728934746
506497343
549834938
612251503
911335977
395271661
409372823
826479155
502152617
181533343
258722579
546027167
931283089
517931199
855335637
572223235
36824753
729251284
407115791
679362722
537217222
583767795
26428955
140333225
33613221
31212444
572071740
548239166
36894920
427855355
512743841
515867728
181642736
229478039
182715818
40933010
136495542
551941475
23861745
215675318
454307147
719446598
595142723
326775119
854414836
351841334
449121783
96697761
216201690
82504973
623643063
384903831
44992072
791875436
309011419
145166951
480068388
409501713
578638282
880123532
823199919
861133656
789584234
74297261
668789501
742854850
364384431
701805050
335215381
814402626
435727692
484883276
705389539
191440473
225055575
817770622
988625070
699653834
285918387
681771886
582090660
475373978
332037475
954389946
804212291
127840009
470875655
389767298
920466618
37548867
560864621
726993828
973303192
143738211
392475397
593173490
929862362
520845461
657985616
111559986
987456901
747316732
761482378
401799062
646777279
138759786
679514291
853551598
566819861
491240795
156541879
780414552
123583325
896866394
298032872
347825940
529096180
835194287
270084968
540949492
271979194
974617131
781338430
297666514
253538005
708733863
511580083
561651327
798965074
631882083
887908258
467779609
41668218
174358401
694314983
834773927
713891599
930238411
307612667
665452505
448325717
617324056
822947435
429225822
881006986
780450067
603410503
76436797
845705337
44649456
64077310
94668075
250760493
117036124
839580790
12839769
965978300
463815863
148261057
938043414
627179702
117862963
54586523
934937776
603332535
688762269
738746334
949224922
202551410
463258944
633934340
598857767
527581620
604632462
92623775
654655136
151669696
352112607
416659526
473087936
105323360
435143285
715945988
754315618
567804773
793240183
217019115
924632092
334777610
681475213
868795625
250075735
781977354
369569251
38272802
330462753
562737533
888009657
825893285
192244717
41703733
654185579
873885385
382446393
410715115
465219541
567086454
