738208473
543186934
257790934
693473827
218264330
736154693
534583735
868111590
566292060
483883603
557386586
904213407
821942484
908908416
328447717
169497308
478010626
202641026
693665434
707605304
115660690
428458948
683558954
160406959
770466714
362904422
388234934
914420412
166119339
825795842
141556711
690032724
495312162
167177336
675760130
809296476
2765082
455181222
685724205
435574743
128379976
979322275
772936132
200269094
441688744
840177529
729611485
998315264
248582342
520773323
942703809
451928099
156537769
363401043
822285497
309749524
859627979
97383974
923007111
855359907
347919759
620163322
701992251
740496216
342326891
867353860
408901245
654765148
233148285
519151240
166732226
22829403
516916819
258090691
579225327
136338414
655522815
483289859
718718214
930289183
633292935
389919668
665838069
645346014
883092032
689628610
533494955
131911118
344891838
366010606
949668495
905381106
532174109
830364297
87654984
508216653
277330023
32439915
857942201
574334882
431276283
74846337
765166978
729431101
354041097
919874405
935011279
898447077
784175714
685947083
654226708
376338119
378665759
992717927
222066971
958000089
954325251
56646237
857404182
652698280
333858905
276990126
309873310
867137678
569482744
261351119
490655292
686552521
170435706
71008674
859008389
623082899
625347657
144383332
499012899
558446598
624752688
936406967
291304916
963217626
754617330
635047876
347735403
658944754
711783896
573330375
526715346
539456181
608297325
129654893
553891400
220683786
175035732
205243920
240475976
154286157
764973026
898029298
159948356
92689978
429219112
248458757
728011370
713167039
826938692
31143808
750990461
234282427
493705027
663620371
333247401
17918284
765341319
894186555
898080949
698811027
929254722
650928555
155353782
996152367
734635771
951199110
78255195
40780813
517117273
638324603
448047167
420103736
903907354
344726742
793473571
726723388
776458610
198614938
533998513
506158572
907036505
634568362
832006060
680640088
822339913
292432919
45751153
944676952
796407490
535973116
455342466
280849175
307162970
541664947
225031433
114044471
742675516
163795987
358054206
478020000
170203562
687230556
196049766
188614089
583096640
330886724
330375071
148978284
870146799
606524012
241459673
566726380
360188041
391922376
791774521
294686359
818922493
474713693
173812454
442202851
905447956
133578241
244373322
981144156
182982136
167197991
112940766
362242406
119695308
679429099
984047870
612662622
840560731
55978512
335955010
219805949
438518596
643391971
97543447
491453189
962057846
896772867
74530153
189883478
294513442
888616084
920661133
915240592
749890425
930345073
295121976
267961823
989983532
915851353
572572043
36625320
442857234
214905609
5631952
415898648
217945957
968132664
29282976
190717699
622476140
628797049
726165648
304209528
55967366
571968571
856167762
175530522
377170245
682359264
480145004
8675088
59048088
54489843
686630713
294366051
246536857
197700172
612351979
189350234
384307123
716086046
622679088
924709377
483406468
299329689
776948714
223612986
637760018
681644797
273507231
993925181
867489891
883812452
567407336
665716392
162450436
616451604
859273226
177921853
74177310
119591453
890791577
307624268
435706348
563896954
977577230
388367390
528274894
711265900
169361791
20245785
355780684
839932741
806410575
906390092
6117960
801456269
820803059
756637676
795019856
632554775
537770502
695525446
408852033
486219822
141185196
175235635
487082506
20914321
131915614
630085251
338426945
434430125
115172923
264715669
825294468
315054820
489003028
919509512
321752457
388581324
695338090
926494117
512283006
253261445
638144496
27557150
77401876
661017242
659598431
360994165
795648544
102635549
382901996
441622534
581820950
195266130
898772234
949486525
422711758
802341595
901284882
507360573
579350285
539276538
681818838
921350557
724759817
541694905
81095624
691063139
312453241
901293545
434885218
406438532
937216683
611276384
183242440
155590587
848075324
113628045
97833758
826065262
361315889
770921448
834436706
235791395
51528129
673550388
682894718
630028337
416282585
539516501
496797754
519410861
487296440
187977517
347143831
973006466
571442606
716793937
302797331
535706970
579921618
968535290
48540924
894354997
667750330
976463462
504405849
970544564
12023690
743181646
101411201
309083713
704507836
75219620
146044684
808428836
704839830
446027443
869822428
51209429
858800186
451067285
274780553
772936738
404495791
915474356
919142091
749239166
264132552
210235972
584147980
131281386
810830712
562126787
246143643
392780597
722380524
940081708
568041064
75064666
169144539
712350152
618004647
673100937
438105300
187714041
814903023
412076819
41932832
538714994
268166635
125415163
846971508
251587902
676906782
128854333
693754737
275604184
489859206
752275973
57321371
755166682
706412011
801787717
159033666
970129813
498252999
142381049
829075975
753264086
86048311
764758121
877986377
794757762
882064889
146450033
833062637
601679614
334831437
216781750
100571332
507065271
707306333
725417556
942069335
458732817
284309877
559242810
885220003
117289310
699025858
446776339
450222501
815765090
17743294
413977856
5938141
816216928
514067270
467975486
689461040
672521974
583000843
288668745
452666682
503408513
247428784
52213746
369523012
530456749
295791695
92075122
940772745
273077456
651704640
550256099
47860348
980994454
859718380
700300848
685819935
939010187
257161044
711786665
54238227
639271971
314535619
62221287
777014467
468087033
140511892
16845708
87612343
866855950
527320708
428049356
924064427
418637587
272750873
438660822
211304032
232096130
189719797
354763254
821497614
606950736
506003592
177145045
164060449
467487194
366117507
24943686
956498546
813766421
782155550
750450851
415360930
871214176
234430517
813394710
188872893
185207497
275199278
901435978
389944857
278945986
4462778
73916795
745756746
223655283
626191671
629222759
708243580
421057558
488996816
453723804
749290390
902397789
890289050
447287490
133268378
137390574
898160836
309527273
101969525
115568206
60347160
273845921
84700399
776869855
12688426
52850250
184207070
459356162
249787928
26096535
956896851
288283818
964818396
542551627
602487957
432086797
431388297
940405164
841295522
736894746
316700104
535440988
324769605
328431745
1160461
512963140
980925125
787143026
680126331
51482318
287046659
965672003
799466452
274376651
218598826
730616855
989216394
968886890
210966857
573341420
445015689
248887417
171269629
462900280
496826952
461006571
937579391
347737423
844799531
701181580
706002275
957755670
468231749
365074777
798868100
524906171
949076315
756268653
775709393
499725285
71925124
397064042
779229829
198305609
739049874
991224846
488817365
690441744
323952800
871871100
442870401
462501406
729438307
267954101
291879057
67812687
364171358
861869323
831604792
540153889
575383747
633187701
942343493
978944750
345480042
329290987
497440254
434391674
475508549
693692654
781540539
232947741
193177496
711241570
501416295
47951647
469657587
972964018
723850404
505602104
972189205
247137646
23784623
972928429
258311178
243500869
228317363
200277648
73195720
731055412
160734813
87206991
924663860
235555503
924341537
438737421
454720547
800285078
852825566
409758887
493784592
54425690
214933195
630260144
90330561
209922660
269323909
18196737
766537804
243927410
598155099
391207338
138018918
326002687
567964683
328246100
609403078
969415062
720633571
101979173
100973624
297162605
361195954
744453135
532957841
694333547
308283879
957621992
786900031
62678873
593231098
669372507
120138452
314091517
11817511
917763514
32204451
393524477
882597868
48388518
974176958
210120625
433739842
829268309
132900313
769527474
949188072
598661172
667590819
596095437
829334342
485305483
79651506
750846393
308785262
196621986
693229734
470480058
97302303
395997012
901638779
311701916
231296704
703858930
650696310
928782590
271068885
823927399
314185176
650201167
296041648
215878601
86817194
672245053
127802213
890852998
863422762
531927643
611552822
763430366
745145474
709622706
290031172
190804594
233344530
107925614
589721001
369292057
5306255
815195523
224533779
561724392
296222173
486600856
146749737
662475042
978823920
729880910
178571998
204117722
498458588
125260672
284475996
17389651
300053789
613455740
398488289
407406452
623044179
417932263
333199223
161302091
858927235
333871936
650851536
192016073
21670743
40492109
470514400
542770696
339061588
901776826
818621144
498989651
425667387
734317254
919656427
600216336
525495315
465327170
912029076
133541851
353355645
407435099
264971778
619884802
425146710
272641520
890750804
619888788
709437324
182314549
746247876
587373991
481996299
63231688
702797156
962350236
835749318
954733663
640804298
938331810
259366510
635801301
865056132
596681760
306639527
785486343
591722263
565736533
693799312
798271951
881911135
157717009
505903185
199657372
807946444
451492135
68900158
30966734
766869362
749029222
149741304
850625610
833333370
156747039
155528949
231247153
16993351
362435698
31520097
957306189
764467016
570761651
824522871
973697265
874175339
717554343
542378965
668290016
313245274
639660366
680919256
325014270
926089474
911165371
300403412
588530867
81470805
282338927
255285243
251305021
893450078
804782584
187864301
891775075
788590505
408740899
802467929
708309093
441152810
75392374
768492991
229286564
534216436
736493121
33804934
311149484
333194137
532205918
325482032
90392101
909113169
400610140
717721458
127208996
68109965
824727032
924536134
922167998
856343626
566998081
149776347
734654423
107150455
780215075
63856111
959684431
382897350
932747794
185106759
465434440
915086412
834069871
227137206
237852900
871167373
451632692
790797833
189596352
877360436
989253926
255336730
549264885
956856894
164893141
342191851
492839937
87061125
60655305
823665109
963863471
484204763
880299930
851965465
874154727
925616025
33838568
122136108
754001359
