589094154
953908187
193774923
38879323
730917664
489554673
58062066
53201705
760458934
360604192
807805972
998342328
323067650
705504164
518406465
12295403
608658785
425183801
301570144
411745684
617110117
987879433
298989203
585560512
89209106
8320121
140351070
924747
930308303
314425366
944748721
473567014
894100661
7602434
284883635
950001700
822893826
924462406
438820199
828502291
859395293
537351930
827866005
579578837
338804127
721769764
920860446
260981659
553409070
533889811
830006011
526278126
431417346
938740852
614926014
601214720
654918984
608214409
949670216
722597543
349203603
57137319
122893400
446033568
415855470
334238957
104241667
315465216
420620528
568404764
189401576
684196377
986363601
473067851
552350389
79758186
160013427
719410365
246756385
367439341
87459674
879369409
447515675
396418492
484419353
418470595
42149668
955359807
392676418
683668914
295082716
214679416
974792189
716222655
479298688
802257974
414458529
381832437
163723366
4565169
617528096
605395229
840361130
985004305
344488234
145809633
539914523
958349494
386390462
535167827
441201293
935508618
361458023
582230875
635137869
469834192
609621642
726474906
961614213
997384874
292089289
148881858
922788796
736951612
273322047
974722159
709404187
270140946
993769161
750092414
665299655
778180989
555686998
242191216
749911243
482064443
39008278
462511368
51930258
338609720
878556070
83800172
568969344
857508590
242467621
359574097
853221391
392561313
81084785
9464495
192636331
687983621
420218223
166338491
712475879
468646238
682606431
103409517
711682257
369766074
436405445
269773577
964580331
636298047
869868170
663020303
379821619
119266807
832319631
153073425
430825914
147110273
674544648
623004492
118828803
208289116
579912512
65280206
494483991
913747949
121500767
316842873
189056160
984304665
557456082
977316033
357962766
389348506
529715336
281265004
799458011
935598760
750829109
682164182
902204274
608782492
119219840
932671296
987640418
579447317
979752476
733954584
560241681
928011359
578638580
45526057
13438973
797213729
47509687
504186762
888733724
617326224
608925524
797934306
248265307
119562571
80717417
980275664
78841965
892552136
305057537
990473112
589551470
551054626
353615412
495227152
396281162
992380465
720800217
510046309
89069276
647241215
77639786
915036673
933995472
387546181
756601190
261044799
405666085
511930024
963877059
560749035
341838818
25528573
392531279
182131786
326673235
952894802
433898875
782641702
528065075
138944175
853829331
95088282
274389779
989279363
144403113
9187055
574395946
83411428
649244893
21058506
76413511
537463376
415117486
241492509
539686438
693888850
863938833
860719124
362961380
819672616
574609579
566911939
928675075
744308500
648634293
564022896
158523347
171483626
168553917
443386359
558481590
938158514
981981233
950125100
793411883
982551502
640646893
944716108
243143068
747414135
686648851
322254657
862685129
942818553
484335524
804375440
610411085
151038770
642445347
632784384
88955969
573179749
419680322
708392457
564334594
286917391
166413206
530081278
340645070
580380215
850663707
402912320
914857509
205858534
462576915
138254995
555482142
464992385
448080625
557134934
53241956
919222723
617576056
615547243
133023764
252354922
704226809
985856521
259972975
844258851
953611810
7484577
529038277
535769531
354430390
985301839
518478192
273588775
385790505
506494491
816138296
110565614
604071038
662762851
896750427
283736531
407397146
656826595
480241637
346080528
248893298
145418700
702958143
85310412
579542427
169733244
955603692
804133077
575368692
311979672
582690581
180556683
270108303
496386217
626768404
843179130
873874042
379087978
851428142
477275075
619776802
281893366
79201880
941586132
740996636
942676340
315151685
954813204
718796815
849287232
844957774
47400213
505614883
913892445
595365552
808193109
304526432
443727864
956227102
184697146
29698146
714345113
698220082
73810832
923803909
635581613
840457310
107684820
35994446
53571297
409862487
28309167
805398452
2966561
726303725
966999931
66216819
761372010
344313775
636866086
854581558
790488
85336262
726081458
467021896
535290367
674941798
356215856
901020663
818575293
538652697
430146177
422860874
666730995
447576929
905431688
583673283
5391047
17782223
105415023
102219030
207466864
918818757
665225518
439424745
816648607
242001760
502648322
187588720
628365620
741976290
543154420
99414089
319361016
330115587
28907658
629008851
972138622
606788934
388513541
960639813
484241453
206664156
217419151
514918598
979716309
605448292
138667456
555389631
820872035
383326648
60825772
743589786
238898752
534647056
647114693
81971729
420110743
286656713
650373288
293288606
172293476
168627136
272655043
76599003
995498275
330732088
103499858
336615408
418669271
276422837
611534659
398602111
629268680
144775208
617977575
802708
701399606
150306919
459708434
211200314
103334304
947258689
366716683
245038972
681150517
799564633
860515336
784713959
683000892
946935927
208898107
685481908
956415645
95224934
788346336
315614317
934009111
140820147
519420321
648984220
501948434
802052046
136720360
544449198
771791987
662223659
114321106
94123543
916669479
646311985
380572122
269803823
826948278
439172973
189954302
225034786
801910451
27616070
395448484
195933642
470216751
318785897
653614515
471733342
67524729
926052750
442186465
534043746
356428871
302363258
66793595
560579458
630886596
810724212
709251879
301282256
810538328
822267483
473246984
18926858
685243527
766391792
868044478
36688907
566363805
939094283
858533629
517242671
905270630
563311550
513703864
906393041
745371662
323486679
178767469
183162536
148437531
664987017
476924469
845739235
220037193
580277358
737694670
614306221
579518390
819992662
638917226
16224065
729921092
888672044
414496456
979642966
554369085
376521625
510690114
703824957
450741417
616925608
905369536
128430445
67519121
924943793
628773114
793117319
788659392
160400553
815207795
307399917
631956743
526089343
152844725
145551311
345343014
627507747
798889664
104966168
28697121
253738257
457170516
746371141
300177057
842309563
787321577
16598585
148815093
534060897
352023956
368850036
812796563
474942511
732421117
531511922
759617479
348494024
778220114
295093399
951504243
944577350
825646827
419117836
4784867
331517308
384267321
203831749
735827319
268945144
634299952
926861336
577631960
405723946
675127835
197003160
159755092
158998395
828253387
225209556
137622215
612174528
644302225
254598495
808376595
446357758
494603353
157014232
793668224
621332801
385933831
996848989
849287632
503796265
153461923
84119770
428091428
38052679
741586273
968659747
458042242
583489828
280771265
879869948
899760943
425162618
791218075
407072616
799814674
535417956
371756830
600619084
520240636
553010557
157471184
339329715
300275124
571048332
610741240
558427107
836913954
227253089
410163523
114494518
883011312
637450961
77573704
73835695
252262022
591008064
768911731
121702413
417412120
859593638
767167312
554132385
331403263
764432276
354837550
383213977
655139682
87530736
357199556
258250268
249575971
785314745
476608352
296277074
346325081
814132207
783844645
857043094
427311437
183159165
131745793
230789153
173326305
166276746
996858634
262309981
347588914
717382379
154810594
208806609
766506224
250054417
183206963
660646997
785843244
603338797
7926451
535842846
216210781
227527262
903287423
749383217
870053531
151913255
864918546
97696566
160842609
781296628
727510613
438129814
807163418
911868635
694390974
234252954
727847844
536378158
380806080
165126516
767573641
92527568
35625062
937757302
932720140
148392946
491744042
999521552
602107782
815961354
510433829
742986282
806205755
248001798
640832312
199784174
279871741
382362575
360735621
21413049
301358199
899162067
101467372
566292285
989871765
716680779
401643189
854637588
555663442
948954008
932799151
249465085
222532716
842799934
768269204
123683213
191902200
965530120
816663075
721660584
660169212
865396992
495588783
344881253
270862799
984524329
631924057
559161620
271036322
494606799
954381212
345485269
175642537
359393031
863768315
868411572
991060194
469332776
947885535
216039361
746749755
637106452
443858110
653153773
883162202
260968743
520453566
963405820
479732592
517149099
7881974
314341619
565699498
639075035
361243836
435961205
403573283
756586118
295429485
5347436
84756721
842481568
583601266
61056643
994572794
587313882
73822547
863139684
979031617
899857630
132623017
722569423
17644585
600623713
974910827
23062759
421538882
842435009
461719049
9894055
464070762
668518236
79429027
753887221
486724824
640039593
779785770
536567501
998149193
427807110
464838288
234474076
173903290
942538098
131282640
904268186
53505185
382801466
658580977
295848320
187146196
657313881
984374201
579874960
384526082
285312549
296697033
965075783
664164206
338181076
14422323
561138272
294867068
285535429
541276673
416238484
763052540
829714044
574331817
354533201
807528111
537255045
864990489
551224507
435019341
898148939
548666132
75106486
469341073
70642641
969557573
38737415
183854032
165870729
822747858
806756880
684144034
499554065
369361138
201412274
343342559
814709985
872403293
659968117
413384787
903700015
939607006
888367859
401261425
715044154
141215645
223791140
808469648
304047776
488320207
649891149
792323390
433149693
144855618
486377141
736646416
221590547
495734709
593521565
368623501
975684906
377284240
128996339
462787570
734519791
732094449
263498475
460352905
372919542
11190642
992818124
664851750
205022372
137839720
531319325
958541932
660298272
673845059
754296917
929426994
745766433
230267766
879806254
677550520
172856708
14433490
250994340
354698446
882983996
464765857
121752011
318975276
278881728
291344615
437699879
526415774
810610667
425580289
666741632
982949704
877717169
763438233
435550105
292857134
495502082
985039398
587301018
295309973
613536291
527835208
76348144
547745486
741437790
664094569
