76963602
653242095
691974028
984354740
530002979
540388501
894691238
843976979
298978115
54530839
268486358
767032572
346568217
131180947
539963457
744993861
142536909
55928430
688400036
688009249
488647478
563949984
516760438
426219297
488104401
982372573
597765344
314452511
796641713
183792027
827033740
482814721
843395110
416856567
720645646
106825736
61235196
308303360
240655569
635345511
272037718
245216791
661618440
79506179
842155592
745530347
54856745
240993071
76612485
709446037
628468903
356755138
716050205
146756349
809236725
513013617
136481657
265754730
496250339
547630404
942623155
580238727
47335265
115186088
227497098
785671636
923637461
929711648
410535299
433137721
683758664
834233548
815272859
53054525
415971531
243430686
902331542
437254259
584063703
742574052
927515828
356772273
237840026
87195676
555323122
470278601
766764514
696638760
607619840
207632028
970344078
795480464
812053019
693025163
692722354
691798989
197881526
546432352
852009080
56483956
821892885
125145095
830457770
643474762
25687372
794235353
541482277
662995680
730784817
565806038
610682074
699227396
681691026
753676285
620114575
585850882
342398701
960139587
559862964
757218495
18907121
226998700
322091807
202903271
462793641
888278199
22180528
122247696
360332169
724172540
45549160
355899190
585245177
527579746
920681166
802370732
526314502
594365262
61508304
761087767
928796323
103768834
965853942
41813801
596949953
271116681
113789438
58376734
72910587
106871472
349400288
237741937
986569386
94790584
37576835
594894184
803053286
627554498
180681120
137409171
772054825
419234581
302663510
6612276
520256878
254782883
113982219
154111280
832995117
817743842
59536379
748033438
898631283
798775195
828422171
915138286
261144757
280278005
605953317
191676960
774488761
963803793
49337108
253460696
374772252
807807222
369329802
490454592
490002910
325786982
999317444
898760002
413684141
924099131
989032941
509561742
801105322
959241665
521556922
342167069
157134462
959678157
225381615
255166744
47335092
601366848
339110652
187794191
266368412
122438548
333749427
522775280
21601181
989004159
362920409
808251030
369897472
49202814
631840023
712449654
885453080
623527625
664108368
507208135
818426397
160776376
334349297
974532151
809742252
318860428
114032963
301903090
758721082
263786247
34542498
814810602
738422178
794170363
206125603
773405402
468696569
181535611
224086180
367564362
992037554
476542163
877158821
424679980
561178721
180781911
139664269
751902508
327401642
809107267
456713988
533606835
295569788
718173479
436740346
886558715
267017551
364578500
378051937
947507983
8405584
31846337
764054197
757814932
954461660
548109805
69828852
575727108
843077209
858434619
243753084
703917468
399441445
296544005
515170579
341884233
283617554
909669315
413353429
628960341
179196158
362130454
974501446
949613813
807072258
500935661
519240813
20248698
357430017
319566887
506387850
104118069
803483672
276578196
359158777
960191217
712487964
119343888
470218319
13068915
110953059
563937160
908825297
468967021
565354182
752796518
134165390
999025782
203002899
94856112
602941161
357348235
951225070
749091595
768311824
646275129
57344889
814440383
950742673
453525998
28868991
49580153
218297090
523510322
352046768
139635015
900433795
122863248
937385227
554979361
629396268
164273665
439450996
400284513
518007281
615258996
453305155
505534425
384259631
54275740
366770271
520215030
817245798
262573905
716625724
149039615
152892997
54392077
508266370
712883647
902846327
898047580
168601214
16692320
984199922
61372906
345640070
385314975
116920252
425719166
852362722
11302141
61640554
648023536
465459842
438667495
917897237
550940556
231084313
153052827
192969973
551810463
430180751
896466932
86755727
508653959
232334353
955723184
806884596
203007153
986742016
846041717
614596876
224501580
652133032
731348686
995672450
422758675
416084589
456634375
269618926
67990180
388614172
958540463
201913017
355468129
458574476
169222262
797114061
277958228
231142376
601952440
823307763
355213543
519913673
351035864
467866828
272134280
929936591
475545963
829038552
389916884
578430378
913913098
438977149
6321005
396705264
837138973
995890502
734111154
442995044
495138562
134855966
774449936
883433899
124979793
163196290
471640287
694553915
731287597
50079483
63112091
158609123
528926368
971864775
384789576
22733953
259383333
704587905
301097167
263481858
723538169
492822083
940538625
627595822
879702041
489559801
474701072
519563314
195592012
958762864
621435502
173331758
63002906
834963182
736003813
467096473
48857827
471779643
394933880
187839574
996226539
577580364
198648993
425466479
765926460
231307761
49504009
942048322
54187572
983587050
137321930
132551067
694793334
470629296
719456873
2316478
194317340
146854114
3731857
635419991
688495216
952076972
498961903
772524732
428643980
889780331
95606217
693963184
235860961
917693102
973876125
787603688
309654025
113257593
267255317
145957805
294173089
515072146
861669360
648394280
440055791
532652749
465375741
212004960
821440933
488884434
478538422
592373608
115506309
733687335
272779133
902003712
468047785
759513887
499344356
44149567
78618460
426124260
996822498
876146127
135701544
355540824
706187361
136494469
9710925
349718240
822897040
581535740
203373978
573499068
708143388
679245193
285184752
355337576
195364200
155842467
486701230
286956942
951083798
939759544
411241909
503232607
578456875
502173625
644913969
71872413
319555903
550140137
613913236
223105750
67339344
868048828
518249646
985523231
512692736
84514966
826465387
328881272
202294034
471722692
665987392
897002680
388999630
542007239
25543947
593533938
616818959
112710208
564149687
343501888
557448335
791661516
475040460
57062953
464904218
632468935
777083948
204013735
491580499
937838511
30162337
272756903
967622503
980268227
506159723
840094558
160995546
299661519
842644839
110849234
329377079
157819958
84662908
479361105
273772151
514239227
114232977
36449635
476629677
51380030
455053452
206845695
985990448
270411348
665657413
275677827
393008367
461186693
520619013
880223799
307431016
622451651
837300772
264455522
441560355
393230489
929380176
408731401
35847516
185449387
432538392
317157439
270065368
453300453
14124809
399628377
706998608
995679353
783290801
950664990
518235958
740634313
727384056
440200468
482785058
823316641
286766453
697211154
314610813
230481896
447086190
699808851
779042505
962421039
803418216
706925426
320519184
820207384
37800750
880541661
584859050
705501574
602119
291180290
618841636
137896012
936780326
532689995
256286539
266029036
568679217
397329013
677895891
569954021
361987841
566796702
895067593
397100303
781670462
618243713
106464035
232169021
94120588
805365618
738363196
732729539
538114933
307644327
649882235
307199381
79109192
886791222
957878603
902749138
365805940
812734382
740032194
436203766
821358831
344889045
886536314
754076457
440924615
48581777
661802678
49757177
21912960
209088483
600433197
236621514
811857832
923418880
38536922
419557036
774077625
352690028
611380986
195236499
552817092
886112095
599781078
629135998
882807759
949087156
186919844
681887993
439450409
775146751
204148081
549253457
826764506
458863826
575741471
436781416
731707397
352387577
791244404
45538810
143562940
688606018
710816579
329026449
707211128
413260720
495341548
155690310
848254300
538321566
128671512
13115911
201353396
544795694
883386672
935246734
745107966
257400316
871268696
491837458
861661931
979914683
610306767
246766208
4940401
51179740
409857006
352994005
347677408
601755505
687849637
421690048
561445622
565842175
51673558
864211073
175295516
270754629
921924868
469547039
453745607
31229533
833633692
901128841
646475238
191032170
347900061
281968811
575477152
640494736
691673449
474307081
481118879
299406946
183876878
163648256
78299251
464050370
324086047
656031388
3403713
142347542
808012900
246498795
850471927
706981462
451670288
635511219
493122136
19175599
759951217
474353336
335475446
401721657
38091850
830432398
146280990
709177924
600290969
813908230
703279678
127888195
777516851
707182671
910082054
213542555
940571168
262038675
381965297
888025301
785911821
711245145
946668581
265893479
466143325
311398065
223216631
587134897
50656913
939493774
739361880
712388840
788846674
556301552
880543517
217320112
138831634
79397221
261315096
353444478
17367265
369121325
863759400
510177815
952751709
875515517
364830690
100830228
336416739
636929371
766410293
189631612
253545922
605096834
233263776
48706072
527684754
69581967
935578330
726693784
607215767
559146092
658521011
660797193
74546349
990890836
339041519
221215298
826639153
692761941
74710920
861173946
723579
28520819
870658035
416790496
847485743
436490765
313141769
590627807
946567373
122386402
250718158
413727540
173083480
549730268
458842918
183749840
323037775
831837445
689635357
69249667
143818890
534621310
746228709
458221172
710600313
202962206
435631466
961860871
536473997
143615391
274191074
643654796
562218451
905236346
188908032
225025102
734438797
816473279
201220327
91193989
756440196
344950523
780126409
484829365
308427934
244793470
487713712
524816080
532047918
155291679
898177521
994801707
3126584
5461253
717355056
466102268
282292108
412436863
706190181
644523537
859298
351280897
54153809
802951982
848195326
607063360
851509088
267847133
360822235
233817815
449311041
506564495
630617117
598441368
312809469
798868365
754494899
261399344
149793237
465806842
715248492
910815385
429812953
381182317
245437868
279389365
640528211
556757197
187881289
722805763
942732993
322001934
110283097
556696789
90334690
405159299
290796713
977174426
636634037
701364572
393284380
219866579
163993844
298230102
705980637
391613026
364184589
404685215
692651782
918486689
711607367
20892763
262643625
240383338
929275043
90043912
921467943
672971490
557514113
568805961
966535147
294751890
79965843
638016471
291084821
