377911385
891101014
28442026
987328867
775674806
889120609
200313239
188677581
656499533
976668293
571241641
543198337
192482344
35516488
481819377
679076788
296259605
738807114
341082371
734202170
273569975
916175500
50814289
320246685
890304840
585073158
851437801
908146129
641093183
339776908
777469938
929221786
520151542
128387459
306011015
672311870
224275051
441761640
22678690
21446319
567714858
689059499
96176394
302491212
534066863
738067515
583649651
344968098
838339379
93106413
344282141
248027371
577826161
98103338
115912964
461735883
840286725
708195339
97024026
190601647
37682807
292167108
547584396
316722624
199198355
642019853
23046794
64094884
729505471
809507505
454801736
854497964
716128423
319636051
166487312
584510475
819999106
748323076
786179821
152237324
1423506
506469703
69806750
547986770
995494766
529442567
351395625
422048204
12474495
844275130
832025143
516079710
344737613
832077042
983763510
275547749
141475102
779453768
103292856
892047008
715020720
519554767
615462625
28831873
638304675
489784176
531898946
258190109
931616025
531402487
641736776
91963649
922015517
944786700
189178141
531213103
222360357
999597625
321227857
669755787
290624228
600998589
51620389
885230340
977482360
938722025
509760351
884051380
335872540
890939562
443035373
40545337
645030219
894132811
437216602
481868738
891007076
40974877
909682094
505710589
997543619
93205515
490432178
481072006
202538353
740061494
594064191
399950911
642898901
452550407
53187391
141877476
458225910
433537068
601422780
114022131
467934377
730232284
51349511
699582649
980023824
647847564
922317568
40676462
88367114
601191438
446933429
27882706
507570097
707309401
640206025
181385480
89915531
815517266
672212166
197418712
110566411
570548381
682691986
237420866
344657833
109809439
241152479
883322131
837752170
301157897
582319426
211493150
292710031
323194471
13934360
160774792
989625364
210099444
525686764
349696055
170887946
449755715
392704892
601346913
293128064
566181485
892380812
935589498
812344380
871801909
51961944
642708642
761324901
404004067
3455720
897385995
47540297
813928644
354924815
870214384
406695084
38995436
202924291
787209216
18872012
235440278
735172674
184375626
693375040
479431232
191760115
879816085
289830501
322516111
26530766
660810694
177843488
81345072
944292800
778476347
217428625
305562980
70977751
965950260
249195952
939610782
450168248
888705962
319738751
116548364
113234495
175696720
855174627
655472379
943000969
131892509
246831424
605495675
582474901
57687785
831008810
708005186
242214457
332913148
680041794
172145858
352878141
438808790
377473301
342645024
719542506
966195223
869635842
576448467
652785758
101132104
968017684
236974029
538013263
79261229
785272029
846466710
864636874
576826676
366196736
16063394
24641457
634358121
379515140
894638256
413979270
572347812
498870170
886605015
947467536
509423438
63348522
738064602
285908466
77050093
586732641
11359458
511232660
977093725
397005856
147039271
306060876
278726159
2686620
841868864
163874823
9857394
67482411
503213671
272415755
984542098
843368310
665387780
966716410
663978399
147504400
718520018
59293649
482835044
928665753
147194694
467325052
983030826
628980930
143362319
37783581
229953082
951065562
460963169
492528587
773912570
335234049
887543147
179820819
219157465
710002516
745915297
631671500
537646274
730763432
404121875
504865400
995656498
614189259
962925436
666055126
397960741
771348191
621930065
929545692
868212621
952065807
28397616
48427971
249811162
679714217
323030049
649745228
859324299
804085283
933921739
58791831
606519241
10685083
498503183
649308048
955825162
485566960
747558944
953975881
401589102
86848517
521647373
752071610
524543877
642329293
471668552
368841566
666055492
477307192
639822838
458604890
329135496
531417476
624315965
821846762
306836433
839115175
930009656
539443246
386972467
96170068
772347200
733560990
796841691
345330044
898346158
984971415
115686075
313617388
710229963
912393780
23789246
667954183
527956590
781364104
430418433
276326004
523884093
607481867
208045665
954188481
983689734
382017107
164262444
475316849
729656333
75101764
386369117
676656420
342471614
116709986
555557302
208115697
567003414
305419033
314501316
788086382
955229917
179213833
743983134
486697136
253155491
352438104
767077227
727429057
434815644
661181312
3460885
842951859
391428328
30510428
315231082
322527788
331397581
432783984
112480333
390330092
569298546
321524842
615673710
823244393
598602297
439029654
971145772
593519977
356836477
815673547
100950769
222537556
466862788
642332050
321096085
344670259
863498732
721348527
701032990
631251630
614939878
436833385
40501205
68475020
71640878
543417256
285228092
311961185
801478902
233029513
876718115
134219429
192938700
924171222
218787835
633705075
563540122
920738739
888094837
814125835
381292330
173557250
370592579
619142095
560230543
780923328
376089071
749096276
709414342
970560822
459029055
610049053
731750992
481228701
775390212
132465160
281023637
547198689
751603514
55185041
153801562
659184586
792041074
123806963
938955431
966731338
29598855
542691564
423544214
687391009
781130136
942759991
833253688
886907153
249959300
441382628
66240805
421359109
508244476
290717549
167328184
536131814
602546842
830918079
774000457
266669061
402468436
711709998
148781009
86322674
352681438
16341432
169135225
832909796
660324273
722107742
381516175
246785616
680186662
593499204
751324472
833397505
325552061
22023332
189430685
516269062
776795363
844843837
231269401
334007584
66224355
859664527
38954213
460885965
887856855
617669746
56637743
961122993
349806505
672286369
564262902
317888856
393910555
337221539
334709571
764788704
773624766
343892
226582880
527851556
59866453
819455188
741172445
914745270
539393075
333930678
210579752
580523510
641487393
257731394
489873697
557624597
480440596
814773424
20098319
493016910
977387217
708249259
945052939
42654526
665469998
420393180
896979110
7900292
29236302
433435615
439486950
988330521
687313760
424641980
742644295
776451471
618260957
703417843
274141130
246769165
118492081
124208941
921492888
553926177
407089994
476114232
319635600
92075110
182412672
6638304
837448258
579137130
317123220
841692660
787401485
65375506
55290951
183928353
862381557
639473272
922476076
733272153
885508968
105957460
894443726
222249230
893209748
216845413
515087098
713422224
939363638
777022752
540632293
773329152
374524828
853178275
786756370
391126762
635564531
189355765
100757580
804903999
825487618
22597997
595987355
860349819
671207300
845621099
637240494
677268788
721160519
434332604
841036285
634667857
324293087
385219927
238699972
815535428
659482449
184840764
582904483
102790187
576988011
468990446
67274665
60425506
38504837
543794066
467167831
934223208
278619135
664164187
548363820
673025791
538715691
117572077
907784533
862910971
509970103
34093907
551041928
47588648
579604917
837818308
992261703
505031033
935986465
905964434
449036064
989304899
614478303
971220941
731644311
450723767
606451281
997967392
227915988
356497172
955323331
535561849
821844982
127413234
378453268
703017284
398649653
56996331
885968782
168010494
95952165
206721010
477435393
375789000
305565324
625388542
633798834
535315834
523185268
739169702
476728741
562243630
124439040
132540401
94758001
477862931
319744905
307398193
932519875
97640053
66574509
540748298
889656087
551287361
907587639
974408253
212248924
423628693
669135379
876587632
439168655
935265372
619062249
767975970
810012268
242315053
511869506
238689302
665655616
106255769
816924931
71135446
474782123
488746285
879768429
393079700
411122808
689304580
32655233
900590335
383272379
91251459
124476455
788328729
101435984
555203865
317064922
926148031
468201360
331157070
413139617
210170141
866180453
646597635
300001046
541463368
943181380
356463068
322528131
852442946
965993423
81055602
641742576
826264106
280715121
995439061
65966174
400909801
671518930
514507938
563285444
522944342
390973460
768545042
493315252
347917195
810788916
830733519
666539985
254808402
925250130
585721473
770487941
334498545
693116150
606754789
204954991
828184487
188745238
338305060
449898319
54659739
366776448
180212285
934596911
302216776
449508882
298212348
507613607
105996922
489237691
916155119
254629100
953693420
767871625
890195273
819196679
97635411
153282382
952083850
730674451
112447860
689923082
67719728
927192815
380271950
310567660
307244030
133147955
673960331
790484069
237781686
212164563
333213870
64609619
508625704
156167894
210761175
833948130
191098475
898408311
512576568
323119912
560543063
765570710
9095010
331092373
816794519
566626919
802920875
787558109
107319580
674902105
236661387
607630608
337450458
364736656
299056720
253019468
554324960
991649115
142264852
165064392
833653275
315512851
251456004
703990556
921415229
889083800
259245920
734027379
608435504
263687279
962183905
53675539
218097883
789327947
129380018
302149016
918097805
49179576
493773139
740617110
330227079
886402220
683164489
562879579
975503174
725583260
727159160
143889048
857111172
957741705
279623169
199449358
756143459
347512175
489466635
245030212
514114706
305104452
409677142
927710717
307380998
68893495
179122604
843632300
712718198
182985847
389532725
548122510
235356638
996907702
334921662
505145384
497875976
401647740
834837312
947251053
632348361
688576424
728487380
195831968
161924640
115356871
876916205
650693797
984064108
762734546
297532079
870585706
299861311
884349804
788034309
612993352
639502432
566062420
433236111
261333583
707279616
839532187
850161380
792517327
336050535
179036650
908532409
860203469
622820043
774477784
701573381
354495718
512674862
542215581
612681850
825538280
576617070
213845174
765786077
192024127
191977288
528428806
859568190
949983650
885453767
518947017
248261198
351006832
208873392
721928308
865642950
931813555
968411628
573503729
239971437
792816172
838415042
935970052
