497298347
801144736
894447834
432621207
790630769
536080432
752254994
246642738
931892004
183397586
424665308
893963953
683875070
443668646
100495979
110289720
773527515
374130612
993094284
829073947
620278993
902425223
990924708
752679976
259935412
132945941
387937227
874331758
395100510
280422480
463689789
166340931
794061738
482006700
308286716
151561716
597582055
400322127
761429529
487144949
153951244
926301340
767976346
974783635
349676153
191604050
219705098
260364337
687224839
786123416
757143077
178034329
28271081
676503210
660311565
594873123
810220027
141767858
172685794
657684827
148143204
877923235
851542226
651469524
719707795
258324377
99902214
201868369
135381930
948934261
512707664
373205387
612701081
505949334
675122703
693977651
134448876
16141072
403003822
68331362
913240842
127572890
187106918
608977093
523279401
285655460
138069849
117558527
821695134
713413591
341341688
455814196
227636333
103744702
339001744
276028008
74759113
116506822
255075840
91351775
91701835
17836728
124982407
738290577
273415752
383937690
565333246
522321745
1380506
966333912
460424247
794078955
738764034
104354431
744443983
20570314
690816316
242565133
128190122
434052334
120254527
982343686
380173234
421968337
607592573
56893467
145569054
508956379
166947590
399094695
619218538
17942053
761065231
311652046
976629526
895404113
2590483
448816340
335561341
139341710
720322213
615748103
116178020
855361220
252989344
547262731
717050161
123281901
359300717
318431429
585211690
832193979
988316698
821023504
971097247
109358148
637663493
703014068
130698004
216522284
238368635
56376866
355374154
602285810
347115374
442482194
33013724
427111987
127724904
849039868
17979831
241999975
907003791
988848410
713730120
504506423
866165665
524812013
168978993
60329841
339843305
22287152
149655661
848516159
813883003
787024558
29625353
940041725
340554798
867271378
257740620
299576413
318118336
119039056
900973074
663945346
260373948
513892209
508245845
810507149
514249007
289938173
995556996
510260847
300451598
343211714
925190187
999468286
107293383
466590823
243192481
112851479
534035074
70368162
876678978
216081483
906721204
506857994
788402805
560090815
412856840
92971997
86557188
260453525
591299248
718403416
923881638
787964734
87875336
49784774
244132474
352273456
16566167
358471843
546080833
49905131
26730155
639394813
548064561
470671288
861834370
30157065
832748342
873963973
624078896
144889140
765541337
247750173
242360077
684891590
757224141
753515953
725489402
948155029
397650308
421277010
203380984
735103470
918961598
582048180
419330075
137225452
911592950
57508609
222458348
890919024
96285312
175563231
524287328
826773847
189351327
267326390
958793431
317731516
698256444
382699775
260223653
212593214
636374627
446410107
952862077
676131464
545604657
402983744
292560632
490616520
626784052
68411136
960821534
124803822
846524145
291626683
720433213
966016379
51341213
724608917
118564114
775239733
651505624
733159870
48603828
589978106
723462843
415586229
495540263
489897750
794722520
407757886
249898585
14950532
161053356
990787769
98728842
472551491
629186101
743198609
591620794
508609205
764947976
731841827
264134972
27874176
214741695
399483505
980249700
897724642
546893175
992777051
266390303
973647525
264135660
484983919
561087588
903214755
397806279
362883970
952668619
130018427
907443480
802662880
695893999
219026166
818512550
945871001
963750465
855736375
192897840
247881722
336830277
308142602
132988122
609954908
10291757
919663796
469024898
20729651
375236411
323979337
435336528
597815619
943004573
801945467
141367582
276251058
750814870
676069435
429700181
195514086
74745212
266302130
790529989
461602366
601165723
962285094
35947828
45108805
209361625
268870693
435733039
124513324
704826802
299011453
655946773
958247700
840659403
654180751
474692162
641423790
434189857
377076627
987647558
628689281
694681898
309627861
859658306
893948530
77658583
542261491
195056130
287681030
426036193
997383753
173136510
70528146
517612612
671385754
8789184
48006661
883715968
423916092
811368025
106365718
888246297
310823203
892988816
643993120
145998694
183119881
435591654
96634119
201377272
788276390
761324227
697668583
278654571
161840707
766920466
291537862
102626788
141999296
967450221
667100132
73814562
148052008
698477130
707443047
125874943
585418626
440635088
169273648
645391567
426685501
757707820
10273764
565708601
881281840
740442982
383858695
416639043
215665185
747949835
894538701
106669837
98422011
86303757
637759802
236059525
475467925
791873574
355771904
904465286
717251320
945379872
741716671
456465870
144267892
32551155
740194289
612346072
185545768
518118177
560580066
742484792
266318005
451242550
774691770
30568569
751050463
131959982
397372730
421397723
383061771
874898817
886961601
394049459
72911519
560430295
975392550
61748250
60717327
471383521
650407016
793545051
84863183
264808360
928140245
481305627
15991148
553807892
421440708
848730684
248693
771512622
231093274
697547007
187369769
152053909
840351830
647179459
311611986
607191233
485009061
343507943
394500843
934374180
521403515
842352502
58418270
347667211
383554351
583837596
57158604
678446038
551628744
714162246
867711159
767035014
657621608
1509645
523102304
293386142
14577420
197242570
710519273
548642045
421149029
611549148
643805543
189414594
206679690
920857609
720078463
328213090
750136263
453526093
986374459
306899073
399044207
150489002
743404843
85787743
422887357
668323936
170253541
837603110
791572079
321802654
219883877
516931027
829835846
420334754
494432299
838842185
124077154
18225844
592613812
287766490
632988668
845858797
513225150
909854365
198546958
869003675
140987521
462696741
863759132
728945512
928309773
98102651
727787786
560812086
367990806
507132606
258104800
437314561
870498784
346253483
26989029
872916162
757069964
99346375
391665271
126874515
359578746
786344935
426425309
881236277
204135936
731910419
860912279
698607968
673910403
553185408
637263850
833550476
887240783
553883680
527336414
707556799
973843976
62626566
393492879
121781225
789143240
269023760
52343947
987299692
580737384
686762592
147727058
246360329
260777460
760072505
88788833
413878775
518189094
71672443
509424928
354642585
36271431
982522854
524809576
196399354
237190370
29179817
886901681
814805396
869868754
424554322
550073777
316615103
818917067
319432229
899072184
694443397
705853494
269884045
337731274
90554986
734000987
439125616
300498892
517373342
584183360
614551950
437830507
913837897
464396575
223385075
315361382
815568340
44458752
172693829
671285367
991321121
537816988
197093524
884590853
759963422
382122077
237538549
117430937
156183062
136688815
831111954
427443260
941345230
861000320
394345434
708025280
248305049
733941167
418869942
620641596
597145814
682023962
7436234
612215993
622638419
591349308
973063783
350408821
646483678
109192940
734505435
272156351
646223238
648146860
907751061
156626408
508759969
385293190
577767850
708432908
496462437
321694678
144315830
380684527
753071405
187108689
496485276
52837576
70051140
515359794
67056333
81627172
625588808
552052231
74139553
309297159
530380754
584877530
261952434
168614114
409058292
887129727
470947257
46990121
402183378
558955602
781220021
293198369
953249257
237719025
199265310
863011857
156173316
710437032
124179159
275451135
537708131
626751705
859144586
435529729
94864031
920226206
280357681
131123884
42136607
652878263
646567541
94171006
574007307
598453902
626245652
923882437
123340756
409153736
299374615
609332709
850747419
97325708
978501147
194115803
405888667
203286907
99588318
832332113
316094484
204044474
925453854
915151774
427873072
798688416
771589026
903629048
725732943
826422703
73750082
488832084
606772046
339823373
4853514
749305113
912388059
687049014
719191060
354795354
611473371
275382871
739671101
747019578
411062417
514846448
424703715
440382423
648250556
665028783
29641062
891577123
820637888
448025566
815029399
838092131
727424407
731415765
666297933
775318889
826864875
722616603
198149494
296918051
335403654
810542529
2560663
510924046
92472194
229196034
281727742
718839651
484095845
744792962
220858741
40711612
464373372
178434275
504089357
913026622
373984701
331206603
255378491
60704159
796781641
182172958
668194194
158746479
524793972
166761381
21880705
180972293
20751081
943872170
527930478
888856767
77233376
442753050
411615924
600519886
512285785
913779668
347910228
419054522
383301041
310801409
407481277
75844926
227166824
774317787
373718759
548990131
227326408
753271309
401334187
495658272
467238112
137445335
500136408
153230696
142348335
843814182
986130072
925710811
207315328
100755448
698088570
540223674
216862484
332001973
963478234
21620322
766818350
903569470
400740836
460205032
983296373
836323968
677403117
485980232
774691679
592349268
931579654
750476184
793042621
472890572
953645884
267479770
542537982
32272206
421618655
939788040
942616641
258385227
458171551
668471602
927649594
422199416
211739194
282545592
612712837
867257602
858982441
895164849
810839551
352098437
782171780
323756937
352530473
941129154
512361897
630914142
460042217
14156175
378539015
549999065
912234526
235653887
132668189
734424754
147109562
430608799
997685690
184590278
910383317
23690193
79003679
508433122
445397918
732269232
532555436
561096956
624584774
394857524
873267394
907434076
733366826
36414804
939636632
440944184
690718791
629888947
914949296
601408827
519910307
790704511
479745823
928460465
879846211
908172484
756237075
691995707
289531227
477314438
135436030
182104037
869571911
674392162
984781531
787149357
273094757
273738657
878359017
620261239
408573717
951264940
6329368
65184692
140888779
471104938
816632237
875819721
296017254
691724004
43705963
517220614
515659502
396276862
664679969
119678806
543944369
150543213
628586910
537225432
976032156
840559728
271565729
147270335
259421494
691163356
37862164
58974663
