889825458
648984625
29387414
108268292
802481649
984700746
261089389
823673796
509562205
118024371
861477305
714512541
624975903
581655162
738761578
161705375
95738538
31815384
756339429
575505587
407876349
446893812
283213510
182146487
54286468
817655351
187559538
82884734
686454236
256192501
433866409
584039868
922650231
796511551
735533592
531697744
570083843
876952895
766857918
939877992
713322604
969273415
824364539
453386181
442381263
556030896
722136035
253901948
549947386
510092382
729228822
523408647
337782827
732838049
415983642
442931645
365771114
847240926
53981823
984826296
797141207
178204654
137219560
253369704
684157961
277437437
791862308
828464350
846121568
207063833
591621531
218785641
264957465
816461436
862182982
438602932
622529272
829827327
739765222
498255571
95519316
933657589
532937346
176361853
526963677
910457761
246257040
189812182
380527908
292601946
165926630
722842915
822971072
782031621
142736785
535117949
832053855
570994835
769228219
164943826
764168586
893671683
407780378
342883553
918470850
510443180
258451182
521321390
870655065
977380708
820402372
535943785
107475703
555726250
889306980
863483617
645267306
960857706
726406025
773700199
31180396
602050125
447936441
553519622
41137203
868778614
395814567
482925842
673724650
327065032
606549076
51534437
60599108
574821396
734086983
201847631
525877210
190053793
257891001
16520496
652006578
724935649
319157115
403147198
472199572
629982843
615367211
267244821
892724640
279253167
889850641
871196148
844588808
995528019
133763430
162118460
445735241
854260755
301746349
49692235
114628613
775525338
847596738
543590033
370831632
768867935
475344677
532654306
821639265
687459348
337606406
455213513
702966704
709885528
121693620
306244745
282893009
44789242
81320049
411154359
253411403
128569745
590201201
394471483
437214390
735352926
206945627
65071087
441057966
571968523
756112388
671616453
888307442
208198765
901891882
876481238
877338910
775567081
32315566
703331636
154638165
82712904
445605554
205265291
941646759
434637128
168229443
134703280
873834398
827518683
879225450
400945998
772940706
890591989
796280831
986058866
185324137
453125255
106375642
635478704
561922308
410273589
91596340
249670742
931346959
665989951
566906069
494767938
807993644
245212381
428905833
507325926
12473676
377988411
256516193
170698498
682964190
384935910
452824722
2577261
567123483
72242347
191236688
613539281
692743071
355166389
898675746
997715452
411917933
915833014
691157100
424213655
669191438
396836861
141409328
744364574
991116563
195934811
273918330
275656808
867731057
673461503
326709634
628622016
398612850
371899523
388472322
394952294
634075795
625582333
303094676
800388226
300533
103798380
68355221
489679961
219036901
478057057
556927669
576180569
767314204
569190615
82850005
892160628
554055279
4692178
838134487
615636814
236579083
512151618
179581933
487029378
111017579
177167914
134846203
893661978
745532711
562614670
214926431
320843548
966694065
503723451
363639657
786335598
612738338
890768873
423913121
565393057
328481640
651729365
525327672
513059505
639007141
697737760
508342602
298540441
590611498
434549004
74566737
393920671
533765034
772835507
158373210
121924177
446000399
816065297
689370647
823132617
968952176
174693242
744147248
656422230
263130626
236084121
609486503
263590752
205550958
296514406
279422290
663286405
580779055
272741429
287155174
584849716
986823944
666522426
848022236
413279818
668825310
836305760
303050480
310983707
488047932
821005758
787078512
193858558
345350240
241715479
340335198
796673039
201398226
600780503
596440880
153788397
907582116
868905441
249928879
402923019
88251256
244751849
92989482
294097091
155126714
411280330
813141614
261023605
485680333
573523493
135100231
779477972
968043060
276090829
154307307
132646415
871642760
433163541
168374297
442124866
449005607
415627944
918240511
963835477
956179206
482749249
461888178
979998551
676300548
133366776
677267599
117918502
416593547
445099216
325028561
424073461
743316277
8953388
155856992
76767601
7864144
526054907
708178223
771826746
106615248
560857225
828629978
925307396
446473195
463794464
282145636
474418574
700531143
807804011
953917411
672623310
326511337
129154004
337917884
672377463
949392151
833143061
584723056
352313557
896255892
17181728
362884424
522943844
951062266
730233844
389330136
862689372
277306548
91606695
434260722
922950698
707449720
146413764
857220229
395321980
654119270
536580781
533525355
212506083
851221139
202849024
417387358
608789534
491181803
652405249
97562123
614162273
671035502
483479528
127375449
174721081
941331849
355864666
875570852
89433519
197972800
305686134
974245128
716239349
74464327
419456262
197112026
608924448
373543289
30966712
965173589
180097572
271933773
942595903
18258193
412811369
299617706
372216972
501092417
693406867
599794369
754094889
31762040
298657017
632671720
775167862
191653869
793827019
964231244
259539641
981618848
351585054
270842911
767786710
197349179
348433135
562335651
817286004
138041756
431764876
5736998
808462908
235246245
460215090
687231659
917464550
342228500
728439598
465221334
714564079
875103374
569114877
854772247
182163984
489639148
443877910
273924093
675588111
83567629
299296464
227802392
403285005
644693202
114003647
49347863
613588535
909254660
504147061
745246723
669825056
850475716
482331700
234175216
69327540
687669869
791331459
518848644
571546948
611425357
715207169
432939361
463214270
328605684
249667165
384436266
412503971
496812805
88678926
278147562
753471267
74509042
886747539
733718375
838745290
203962484
602451991
163769706
121242597
410867227
73643123
8209890
838081437
983192873
795396277
864088362
392771673
334939660
785444707
494494114
698307687
925029265
702377143
64162754
368360458
866357102
764588120
74679321
395026037
729567380
636843891
116775730
820575734
225999499
991775454
595316014
963728175
748613323
395429925
865365055
85217877
627561753
397606047
160679721
537782233
706997279
594857922
480021395
533209406
385578802
991664591
77564310
711368097
594184810
579839873
828442001
372131897
822584785
365357917
972388187
439374362
527772670
768743668
391675215
774023335
956867392
187634155
612081938
991417417
200080262
900360185
644158349
939509734
920079650
409276237
70745934
527423218
541697422
526380520
661363178
271499179
284566724
541469914
9447235
737902788
559279580
405407632
226390923
646159624
163333453
223184116
141143390
383255406
423041736
425990693
557445205
858818084
5930831
386656385
580914839
519363124
982775983
488603977
333129143
485218615
347506242
138054575
791288445
184908572
509093939
301018783
830434473
296204265
703994737
700889008
154807637
986302754
759296433
653772426
214743754
551459760
961243230
965922312
828083964
976896144
759216794
260902942
516467997
494088957
851831030
211927849
521492386
155041037
945465679
142000054
288723194
795962746
208340771
524228618
390396545
421225005
614119185
41482350
137065685
862314668
392749642
844939124
679260667
722152727
271183055
571142450
99521650
352158404
171912630
29455079
558119892
16853671
660520011
356232997
726001820
86603300
621586577
297199487
333077541
297166090
779526396
675393436
350738584
561994683
412165813
358844889
777961983
235067814
263375880
793518748
937340573
919760879
828856627
965769295
584146502
914277668
581642273
794315268
222905902
280688580
112406198
169333982
983128405
916010600
583880160
271869522
135442735
852107773
798226796
303793245
799638426
316919698
708404808
839899593
82788272
717356205
494200539
117265984
309986913
912338165
793180465
864453834
88782523
378393881
92114504
638359012
187997043
694750715
772086493
811724151
504961025
827271308
74293585
52388960
184759891
610192414
692265029
434727983
978114521
140296291
223402154
925854209
436841017
959582634
993880320
620420875
211356071
988957032
882981022
866790296
420077128
464376288
484328354
310567735
487508113
247952362
80551458
604734523
823896095
945521147
83872479
440692018
80021279
986502644
798832218
972367117
242626112
656015847
655139702
472595857
25091175
59472556
139151462
169690622
688936010
867326255
427612817
129199887
384513560
471693627
427002941
199040010
811769691
905296196
391647022
40584736
342942953
763725848
564880846
936807528
529640955
87530505
610831887
32593374
56423811
782710135
845832929
450338371
160750416
21513203
377794762
555340222
333817330
410385165
841699121
360604572
325224826
314637731
621631724
620181857
820339543
951351570
220220963
352202467
518518206
884832467
628922325
174725082
594855622
758247481
629424163
478900263
91135001
718332172
942954901
937560668
448640668
106558088
113266811
906225874
21493325
977274444
968449470
363000356
93898864
871662717
865222679
401384526
63597075
31042450
715359909
28305222
142094124
944698987
116467984
578289383
867309540
258629419
514075166
171591342
153787809
671107847
855482748
402502933
392089039
898894498
464205221
615485156
467430263
904138451
911963903
218666738
201370920
715405848
598688531
843065097
982902098
857220606
258303603
646855488
19609788
227537799
111128007
563813171
42887572
601118941
336806139
146436012
601864187
364665517
70251127
190011248
592482920
941675467
752438065
350385476
121791696
565946537
970911316
195004365
407457495
249737522
933954261
159458622
119078545
496693171
826934300
426688274
346010456
273402885
595387283
10088934
325816
867219677
151981554
926250008
559979840
291669576
359615361
790970097
562088359
317769209
13620968
102764746
833887323
721952654
626183816
259695452
962967782
248303055
721273401
416955561
886309289
63299237
239397992
769872264
293583536
951669383
444734626
546194399
774184639
910117864
800425555
328461301
769278232
60162193
189685432
725263241
789693913
826188055
790405634
830122118
206331176
179941218
632916004
89688286
236116553
831189515
325571297
397125890
870509353
567238848
463720490
97707400
552129483
178431722
123779644
937026577
