261826032
351405591
28989483
133220476
179852744
169466770
439164792
356822864
813524884
217843416
304847021
253125717
712317969
731609027
536157768
536590842
688192860
13564873
103945059
834922107
610006317
525595199
515039499
288628582
657041654
590204515
57893579
53343559
616500988
186880954
26470942
162247857
926957572
914725806
857978135
362140012
191631362
426325052
79083461
413677860
131068448
562381068
759446687
198608837
701596193
537843951
996265319
909551241
174687280
970048620
107907465
952211363
675080926
203565167
135829088
736230831
836366091
740360899
476178820
589648228
111573190
385821233
740321875
626643930
191372474
142599163
326168144
797592162
873630891
174017756
344959480
261867808
934481411
690267197
703853658
47625248
766148510
316430661
587032388
119197702
593939194
148342336
878656277
646452366
78973488
74259577
487166930
723392404
778896717
121747303
525773920
451270461
950146230
489435231
302104669
745247214
822059192
132802757
7236363
558997029
211675807
198673157
35920350
669524
625089140
846039656
17729951
984813727
499711507
88203839
970082319
519935429
153328511
356981117
995709033
963230853
507164954
93869508
547670441
117112896
655432232
602775738
18695444
751883587
648243834
893689018
311721576
445046180
388162527
958606443
225566055
633345753
309194298
28035358
907521894
395266037
112421985
877986753
21363226
232933831
56529625
502353201
223680897
690692878
151664982
5838490
297941949
593165113
493726197
338873815
238082260
728189684
585132314
890123465
903564795
608900067
179977713
284036762
352425688
731400121
534318080
572683770
596651199
541105063
862637783
336736566
210741131
125293152
449459221
600442995
850808867
629178200
72506281
314736610
60583271
153079031
379094841
328002564
600218604
642405344
595747068
718556461
951319981
49288712
720524183
497376369
48213438
419070831
124470562
298621827
215288324
828385222
525561064
289963104
698615749
483845853
905702000
682575832
828055094
814928415
795097358
172648796
143705891
893283200
488064946
608904059
655683403
270395704
829540194
750485763
229805225
851975147
683818156
710020343
135653052
815761617
621363788
547362487
820580879
365261413
288523127
791670298
822590
150837394
385154671
22423645
103617135
782543175
616120859
576737416
247377029
696519007
499947469
785290187
847307985
423098271
574850570
58036781
561223764
111620123
841692965
777817732
589530636
373984797
68816601
363313176
144567065
815540720
154310052
882854131
862482064
358339512
861994952
462793680
526405288
3427059
171826206
992868495
508128528
465641301
505286923
873140226
654274844
252802778
503108733
533286216
352027677
898527968
862712357
712554779
240911046
563327006
986138721
708960755
523568447
510705393
202139662
626837791
82020793
21841495
877856579
288076414
628233123
733266726
714255350
889037515
834524054
37153789
258884899
843880925
251272065
581982073
549908251
95582463
606333199
968552738
123542888
336727857
870876062
535530383
11285498
246039096
952828362
441755271
641943084
299155058
372200790
153034197
939225231
15699894
801287395
544988413
910847702
486287032
587784721
217210509
244907102
921008117
538547427
614071217
698762161
314873887
639643068
18831431
461282714
658928971
13418755
890556258
102627556
555015708
387162505
865411803
755961727
546490409
10555997
631817483
335248051
186477851
91323642
415100292
516836725
681489857
97928557
243185005
42593529
706283650
671134370
63621218
507797741
389122689
723645635
202534770
798180429
256804845
836768221
696411610
606396026
933996930
980472556
983014111
285736303
481644530
50406640
384209523
628537387
935875591
789026685
364357292
475731035
955967237
881962457
58429250
829684474
123447135
97234491
17272303
216945330
396458063
976237900
754999062
987794599
949797535
382758517
713504865
831370071
184627735
67231373
499156882
709722186
314144385
25421456
401251119
206005294
108309529
129363988
35192195
631083216
713719032
614647617
106717937
917256964
306777078
587890181
551830502
507160230
665216385
372850294
674733294
159570354
819495917
479466279
209937963
957759029
225473494
995219510
335938766
98886012
336901773
552839451
443909651
868644217
289869802
654635104
161586650
930545780
480711338
852423955
721374945
994083145
62042295
386189086
503226297
781810444
869519962
837742097
681017521
361907353
830928013
206344635
166153685
811777440
392498078
339586527
890226268
834678105
815483491
443492089
980531799
113090017
793425221
936306181
294181442
160879580
170737965
238073719
627387161
652141972
426303531
621284721
26448892
812792429
651475347
680650148
97528058
433306831
976239981
428127517
88239066
387731395
314201989
974031412
267957998
130557138
386685766
632132209
476146139
950283274
764408835
326908543
115062288
37219249
871892155
608284928
200657924
125736113
92007643
342346716
611072478
631446243
210354935
28875549
935603820
209643292
179895742
353361255
160302093
711847928
242058469
456919437
858438122
387355974
355253022
592800403
798888027
819393807
668348183
163624303
774193813
538605755
761927578
677103886
887733135
99394987
506222432
989229642
940900273
43190418
479992224
971791943
341299187
633893265
817055037
456792821
177376460
285326439
38427591
58314705
950661395
33324510
471830115
764298209
708224804
307489397
468470420
727706313
681966225
279091751
809396900
381264115
457387929
928383338
568152901
72466723
869518664
533251048
141142412
836208832
703420859
190666099
412460981
117111674
231855703
270266524
115620249
224544857
570300935
898460200
415423942
513561587
780966215
610033477
212962907
740869302
66775639
997629367
968879080
580243738
630924566
778516117
307263417
661808521
233793517
98728109
514404014
412915847
65740363
744588314
587274156
644125410
144184026
202218757
354893845
759995295
620863528
354718440
532442506
437958280
191869147
243925562
157405378
783506023
863667808
295835312
600297898
847354451
715420431
827283598
5691084
871889295
564371966
560898673
205284266
924904740
883402681
750652459
883318156
133127594
755862508
702704400
158804494
825712620
311186044
771298531
369377561
578747457
255139632
452967610
120005774
712057197
465186861
530920800
388374590
386999003
621110739
523757392
798140712
937958204
498430209
667049562
697495415
238456764
738897230
715384859
79753444
583285351
996934490
429989103
876592613
870211068
471400283
399314911
682095770
489164746
85121068
331692756
472319979
92369276
926457749
21550440
592214819
262452820
707277823
293633885
406702433
33451165
172524083
818285262
303794001
359645289
952511745
945359951
634697384
88812946
5208984
920347729
86815390
595801183
691545086
786092209
581812966
825150527
576374996
249794704
240656914
65871950
848825029
899209843
301877934
289417982
51437412
705771435
11500454
476879768
74834743
435042595
531178939
445263344
308682425
46302278
410761267
178649227
126195101
516947324
917699321
526040331
764617526
593282823
483955761
164773338
244877366
876518794
400824189
140365540
439737472
767064290
686077822
457483119
52976971
340830483
184626135
273314239
516407327
14376019
308207876
246740310
933859496
157817615
13978203
570166388
389168789
641552044
287118757
645242808
375330941
403163738
698955425
59427672
332095382
714616581
301254423
255542205
415254081
137104596
44540615
174918617
304947245
871134913
37142295
307770451
748964772
73695820
392286373
967851940
861676141
137447027
662241899
111819082
208739447
670959010
592180833
606799910
579304619
913789371
775604547
603325321
589400036
755581380
765034597
36573734
68108865
626650150
125387736
338360388
39576060
929083929
858060156
379302731
969835402
133289259
941793064
62724583
120675319
706207751
821201615
315472969
249265671
319266815
783566665
237883913
740921838
587136342
850688223
661136370
122435748
694454511
676237584
501464708
361500047
441215293
585518579
549365864
106100315
568561
239661586
122314622
948308082
53925984
928275880
932592211
279386869
282939168
141983679
75450188
729165945
529456249
486124590
873096867
92587756
460131577
354059649
270133220
972014713
527150684
295651894
480972521
775961925
464251365
215924640
345121547
252846344
356595448
17802683
528620108
547770679
392427199
956624267
120106758
466546165
698886992
367164886
195339687
390990934
850974453
958497042
457982669
445152663
775238035
931970423
592979497
208329921
803140716
408876952
901368468
87155644
315385358
577351149
578949629
704916665
758689064
346352695
484056716
838001343
583154332
679745866
922791420
265136485
613363569
527679508
336738745
572831981
366017832
406550702
393700762
92966691
158719962
879142285
121040260
568653640
837669224
35819857
723890
532280941
622945141
136791626
449705627
947718494
116434213
441464464
232385320
815076049
377674637
415190091
707857099
352534297
883108168
357338342
807836601
171228586
35705621
192846184
831789092
247558527
595231677
20147516
842312087
396590013
15176189
808401777
928435680
436243071
456310888
10295989
867247440
722869206
345628805
951775774
215056202
446362705
230040239
975072924
148702272
171899105
295294187
521662695
195157343
950827740
698693601
41166465
209858521
801381618
71305684
949811673
532948018
644823039
204030764
753165362
937049262
602797624
294479538
53115613
932542305
308032434
513028782
796142248
358765160
367378648
547942649
984987892
6905491
931332393
142282140
361473895
941188346
60632695
44143912
659889987
952264338
73568982
824990172
891484345
697896411
974009722
598543255
127054062
364937387
506499214
477347969
222424401
518838442
592463442
14726511
612258576
151883167
176924625
42530619
840669836
658870321
499151938
162897534
827778694
402885091
713705707
34260974
278526127
659099478
709831787
8623326
472315322
600679127
544140775
800901022
863480280
777807450
402995191
355219201
958532582
709489177
385974720
431204860
852265945
890030677
325518247
466149450
414442047
916605881
530023562
209590728
764263721
18102076
203474074
