859781431
982887989
206824461
16712736
27873754
209586324
61161165
943036359
357910844
757645729
271667954
962496027
36376282
425657258
800276341
241211984
69356294
178850809
979963995
900177728
907063558
817103517
930775450
557525577
651330076
900891733
908834833
769759825
386084089
939171132
302244143
819865677
987123236
640647017
354063742
782898087
985199664
175264552
500555051
649981866
888822485
942417406
161036173
490615467
79338877
246377364
685552026
439985692
131537213
727199643
504147434
61120627
812852175
938237313
28906493
42677914
52112538
649298883
365382659
126982020
300751489
291401339
556952270
418739711
455401585
451802276
975372789
395729264
71593516
17378254
256012318
894091741
678295757
329982129
11355243
964646150
656067344
440159983
478186699
404952712
215339706
468849140
638222611
658884444
435023697
241123516
7013501
48885923
611740523
311385827
730785548
335900781
809881891
373573031
349230376
597421145
385465136
742296461
35213882
627536600
271004573
289822762
368392176
114158958
471187324
610055692
382824869
482870046
926882070
64260342
386610569
611952554
171112183
960429946
911642312
831902347
653178726
898067824
983716012
214278069
444788774
926486866
783988739
760207687
286592705
920111536
84209849
304722725
980751751
413934096
579181014
913770881
404946101
850650097
133948138
925516942
100456964
524063653
187697120
824968003
858298646
524143454
122003851
547480181
924775257
118832994
164788597
849451944
461930718
517328027
944242417
487397310
758580447
820935811
182747825
344517705
505834021
608184488
827566252
551075786
525845843
78102143
502118293
512947973
485079326
472839686
207006452
320462085
826481807
986125368
731445383
129115073
710370704
158748009
355979421
920645319
804483014
236508558
835432428
167759710
755322938
234757904
842792006
463423723
469691677
91783703
155190434
584010288
667902271
789430432
419682921
492272475
696497399
636621332
299122160
780196502
22025160
609055876
62400854
451935571
911826540
844326511
22970136
475805348
785882643
815127343
777026605
599832438
464956389
262102505
540034690
269325462
772752058
659806542
795752847
291087938
235310135
38694570
43256296
393295623
317649251
622996163
652559812
37051375
566442447
239172907
432617673
73749371
859625847
575782918
898620158
195427137
174107704
383496857
255933168
910996426
211787767
366986658
677541079
654564332
314757096
555357995
119053898
405799766
249395741
150357458
719520415
36690857
840868484
8034221
544886367
983330589
565799580
669105229
134286319
288830377
191766699
985918760
909362900
546709735
382509670
703277234
740206589
889173470
363482345
344607552
95217758
389255201
403873373
884756419
79300171
868323476
361153490
388691962
78538527
762291254
503942265
246760045
787655632
416084989
519652491
395926816
232880886
851591625
30896550
915289568
629627556
505002474
249210537
967102790
719229727
225869006
457623757
130831343
272054662
611479861
815151405
229880426
42317420
904788188
55139699
330265214
632817482
956112063
928734049
676562889
622177099
177107618
590566702
371995063
784888110
945006652
198263127
493277910
27057244
986582853
470396347
888614962
858276919
448192775
714979995
590215283
140044664
436770581
165526692
853431163
410699719
230322146
116637300
467058664
947139848
274061838
204442625
882867442
360945289
189387277
763109332
276768822
922857575
354333660
293112469
452519938
914435770
877215472
182214680
774223073
27605878
964345845
103774099
285471808
141083513
926536441
371603505
594124643
189808193
464924415
190220549
196046900
790585370
75302885
265863170
391854952
60470317
123508037
424855213
510826271
740564026
315395683
132332621
837669966
223473520
193627525
965757386
503943259
155080306
262460057
675779511
262829190
254555901
391303617
825825285
446353872
126548047
831165491
325975151
20603407
902458332
610317980
693059249
896020872
999166726
567062431
486183450
847554689
88470490
901257516
392049620
790927733
452360258
671388407
33659046
712210193
832013223
266104131
61998287
947455987
960779053
867660244
439044337
927348135
789144903
927391357
941490997
399281753
249477599
819509296
265306904
229304825
797532885
404251806
608367938
130246046
622336433
236311748
838503238
656411088
707444074
118202697
415472769
253822788
870410435
884851776
810468931
583167493
357644570
113615091
614340648
860443914
769167203
378519162
59824353
34798087
171273643
765711112
106875969
71775368
625571432
86901697
598077089
268961192
635950611
162744794
993394846
48108452
63020469
903412999
89873760
595701475
427600892
405587197
240011913
842576356
452187475
185221548
56937699
904293125
116922426
358323504
41637182
135862508
205168648
404862988
460137620
419013722
344427453
573569850
958972402
856625319
129435778
766727869
30839655
620542376
520125606
146511576
617872176
707665641
891456929
762360478
520147024
454231570
23741330
18639172
432843022
363580005
138507249
217247995
582610611
986052093
708773413
202582842
954852941
267247928
45264515
462214581
63792544
231087622
702607172
574381124
703680998
489450617
944440596
233248439
466265696
660873021
374747542
619469535
322450749
305675898
567349371
349272057
12836196
354561946
838176479
587405610
112121177
186529475
972019965
96557614
280506472
127179457
990959238
972920307
147851906
926852935
811874927
763591726
575277861
57911025
82719031
386784553
5058468
317075804
58679480
30696406
509790972
790492889
552373474
771970000
988832462
519037713
894797245
276934712
418702722
359501356
189746646
600290994
429071448
457858903
350093404
877263068
259067656
606049557
293874651
576501540
498491377
971520287
85396533
539412760
848998092
611155815
44191673
264539724
222956867
180564817
344213588
695760390
295882466
807480072
77614637
321628286
634155999
200049964
107725151
761468758
232382210
714024526
554217585
788350549
737106289
211583932
334520278
117418958
707817620
205455962
127716897
399008909
23201153
482177938
532205028
538270684
705096356
12960714
922971907
377676647
474846040
630257521
53977844
238137904
15287767
493986254
304408528
621591374
380244265
28465117
243107068
59017691
498324406
532405892
344119330
784466850
417302701
297045983
802306470
637414159
276635536
926772713
556722102
17500904
52847919
945204677
672559237
813704526
275275043
539343952
616531929
621195285
277078056
730048502
286622718
602124688
660046681
316079680
773062781
243120035
907175403
712928902
737174692
679352502
962348893
68699205
900684502
490795260
138058608
747738177
120967982
408050372
210654243
285557747
101041110
548073325
73535418
36476939
185289984
70083089
821427015
490704001
346316330
840900311
411933187
621911781
781939634
768275902
245783173
741994640
124420168
101223021
523983201
559186435
730238755
563706633
189598020
877369599
55152010
984148713
44520175
181763977
675645918
527536865
418375969
208481556
410541042
991520308
629007392
738549391
528589269
623569741
130789695
702979692
421693018
416471401
366612571
896274379
267419314
340437111
286759570
132408599
245012086
396063966
623318008
19744961
884067170
651467807
555318990
537334476
358475304
196165818
981324928
201141270
25562914
639663037
815058081
818779463
422524342
203451631
211370739
790419324
139268510
507233781
213405371
500850425
970433324
821003507
137493416
313767353
197094061
293323640
609950284
714714897
697389142
912111574
936751890
279581951
904218856
398631008
324414385
759073234
436201317
91672915
380074087
332423451
642244812
929648424
677416778
782029979
601413319
547833106
473750037
63967683
129066372
496340244
993140088
737778304
182658595
122467583
49311635
63063662
513974390
241551636
340240414
65151664
586215532
266610030
503752127
113451338
702911146
535476130
914560606
23893333
879037244
452297503
354218006
47595594
127159693
880981918
858605611
40784900
143586729
355463436
712354033
649260954
819573601
545982600
585648525
201048897
918971484
198973586
96923356
781751272
349319372
261350722
245098843
194649681
751432500
314922422
746207918
375634782
425896296
563965439
79118832
65937188
633272498
449856703
184930438
676768867
142122237
945544493
610618610
301676675
263861970
8526735
919476931
158510954
529197601
690979459
245578062
40232931
680961504
302703229
194479852
503937560
438552773
132809333
674573960
617686521
207198660
159568325
296163093
812237269
134774000
482970829
614888602
579621289
276344603
646416844
15988455
369716897
361052162
908879656
58926660
973426990
588354974
795246679
517889301
340792636
341873789
86587889
665452078
60453040
69344360
705974986
694673277
123193067
369485586
575181271
627384414
500463165
775282742
567243915
469570207
982553911
649381400
798381339
166902675
780891140
393638131
339855642
882166350
882780755
674991004
875861163
679180767
772081846
243776569
221052861
915582584
643306093
614920030
333781324
275812731
120610771
494116245
235710052
742892908
428799012
788297551
491695534
210135702
701163330
19032430
515525289
594434154
793808246
439309448
76372747
324045589
789973633
628344003
736998160
947154503
2018147
204421537
782671321
385462035
193483196
26794218
922591429
879416497
148432725
659598685
984078319
885543133
441501417
291431183
348959436
488437665
413671348
55488430
738103661
992593588
901942596
129719940
181003019
863748325
159465715
281427009
885372520
332772398
167403821
897007271
125608950
14962089
877921869
386626819
273794584
916189232
711444923
850248015
549409712
402004794
865706121
612279035
61702977
41564644
34954110
629982154
152932736
502377063
90350012
587935081
910374239
734485203
890240340
744404571
45211907
872298205
23418518
918922995
225996320
912056185
141421697
589819030
712012676
251425452
533989735
969116229
7621263
54874598
17636598
432770203
776992741
563423331
506078717
336098867
126887467
289663560
68016963
139438374
828794214
529483559
128494272
382995457
242422385
579468738
986633030
391123746
124721747
133517298
341414911
401496378
892770714
