419414789
979506528
257263257
409024166
10443302
546671150
158056102
157543571
618379457
774213281
714617276
827280790
594339299
44861691
913140285
198453971
475054076
350019153
4726677
798131739
793745905
158810414
690233615
904468394
572392374
593941642
208805607
824398326
518037221
515823066
750132132
840883799
678526132
232329456
217914014
443406120
713395153
761652717
31098386
578431639
583093736
633035882
399689675
703352733
168719067
97422486
407242764
441228325
67680711
489554317
964342896
625789998
853411815
138686028
224534495
260604374
289272913
352794861
836631790
416501659
337865543
333657775
639506349
102556390
24081149
873733475
148754658
362009842
826947675
469734164
485058816
713401357
318920766
426295036
215038002
160710022
759120737
986880880
735749327
474969888
186698877
767577281
756717614
28482903
551480169
124342133
987471983
539840103
7794961
957309639
154133207
360600291
925020926
614596726
240566096
249435961
993529532
297133284
679271584
294985591
948667827
45232922
614280649
597946546
4495501
250941538
306869232
427116778
923648025
63824473
501483636
302392031
617045533
361661902
229802782
570288261
576940159
611023446
551076220
899739014
886261491
608914553
354214880
869638035
315600957
124458525
788380430
704324039
185728940
965602039
167180488
461987452
307609296
440763735
526302060
141465954
153296632
158771068
23987402
300538630
817472900
560355204
616192076
943970486
455826002
851741174
743554757
563359023
384793943
670277834
672495800
382506086
746057063
779532568
408724099
339753273
691018040
744642613
282345588
880036974
462561106
602545192
241387838
958045984
896643983
39496183
994782734
176281797
835359841
88336828
416991628
418169091
587036044
250537589
82266114
325906286
992722475
410244392
413812032
463859782
380903767
225021406
319530095
515451105
293106239
784674401
715930387
528076727
32039636
186548787
450447912
408654018
876425478
143950426
837977523
214927708
318967365
658146091
47326503
416329819
856958439
567272959
727999181
296457115
253286205
254326708
795470041
495519474
697266453
82817812
347030796
280773647
330830580
818485805
499133207
237539700
283015096
725936731
664939745
111969582
323565794
466706006
144242160
648811054
637888914
8337610
541743612
443085617
412560065
867338405
6938920
334576384
362917889
997482211
606901342
813630806
497022224
23072980
262164900
38779530
989204359
220410913
830810273
949221823
839517989
169674264
77823437
57939673
644817217
600437822
931912610
593030633
993206344
935356920
92764025
390252432
423030798
79188127
658568199
244948594
712583095
352384423
82959409
829928047
75878891
12454411
917855757
333348368
211584463
685502399
740517474
259942116
463771831
626160215
122765222
103154881
635895732
195020336
809293063
468214649
930514172
483803938
798268398
812122241
935425793
413908286
341370038
427560968
904718186
216648909
390600008
417834096
364504779
17216306
326196433
636819935
137451503
882226
873342931
827063577
251818506
744475068
846355209
959314817
859920347
671970494
129258801
367046129
812591698
989609142
754356699
228010462
269895063
190353549
314434420
228779157
554116023
270837167
894502252
661970603
671084372
490294788
428630180
994935552
294902391
322683377
895437335
446555525
299963781
485945285
965703376
635013506
321677403
982229484
216396143
186039104
637448728
838953580
952201893
263455299
284649485
974323907
614969269
915109042
462292209
162589546
147939033
174151229
702781884
97417276
82703911
866614334
106379972
211372327
155979205
761523716
315844887
851419655
664412425
537236969
776533158
682703275
67082347
326646412
23905765
119343192
906333057
287665577
973957405
128395316
591330427
715162442
318635273
631046953
377321118
696760463
875325518
513521136
532643343
132312845
174744344
721286106
743773639
202546505
403241373
99089042
528633533
110305075
826250279
454872425
870194215
786029072
174541155
414964923
486922139
601946208
907241560
288322856
891203277
342949016
256256488
860273455
200193823
574386568
506086847
367541468
547979061
475333018
834051208
459218740
886198197
802323750
318776312
532099580
362492624
55247052
938929634
864535841
923405037
924816722
590709658
796027981
461415297
519084979
258201099
805301354
540621286
903670348
144124813
775374908
789518902
587002661
622317858
189694326
876056356
314470887
521092282
169387071
696459656
35699905
551109980
53300515
276253866
367031538
568674227
67870465
467252759
642441574
52472298
431675087
663016573
42705718
364917818
966386553
752239357
460228505
398858158
681108842
316185469
700785492
826920180
644308711
331208205
58676299
669699837
299195536
180005892
129081986
656043222
48021736
534154768
769542563
168076184
887705132
373706742
537409142
519774114
94383758
950410751
190330633
338048594
898179711
851198049
712449724
112358335
746813183
222084842
655931303
437454967
415827850
915612728
839983439
853201601
995674163
208779723
906801267
722092309
217577567
697331700
269478691
887864572
338170773
986398350
4450561
897520318
893474008
874629533
477212684
592679811
214830214
940454390
304474399
730698090
125854835
362736897
928740467
793110660
618758479
946317962
922886652
77110693
524074587
691627017
240215372
132409007
694171328
916340961
172402020
678925408
466905473
815316832
302196546
397052056
680932059
302466060
999877820
911781360
846747487
814929404
218884325
872183649
744872157
63251492
222624752
475373459
611138329
109285348
727346765
632937265
280039254
113690606
103333829
271259604
774445047
192367997
363789984
646543754
746182978
872041553
203348990
977133046
702227512
798287275
125774337
399513381
638257843
907422341
49766030
823388773
362859076
16959107
946363171
803829073
727433636
50703003
332238535
460823095
469002265
764841911
521270677
584885979
188994195
539464754
398886153
353214867
711983003
30936942
622607008
488564062
938676074
353334066
165598382
974705933
611580414
241751278
169956136
946584880
937477153
823111370
837115614
703715986
59519317
903957990
270078189
263080147
167327433
299504754
543825966
723742044
860129461
902966888
177541489
981341065
350770876
618463009
788138851
162762758
399401121
772559469
687530377
607320901
284815333
561201967
884712698
9525009
851360724
971657237
192248659
485682358
880746865
385653653
523345940
645890894
927726296
817554689
525366661
285036203
269386565
135806006
185887433
412478248
487110974
898864963
628434599
35709186
175792577
184257315
623935056
993117403
453612425
7193377
547183759
164917684
135580993
229794713
418900653
498317349
19245292
260553179
411719422
195670194
107256094
58143608
842995177
474475808
379620947
531650594
53614769
533216185
93096347
503102648
893376192
263595115
586672035
275052128
120209926
385950368
932767366
849003511
833732431
667103408
347722181
199131254
32069932
873553487
838469893
358428256
510309900
697931582
398654036
27049312
265790910
8833385
724086583
990217237
305222153
428967365
55869786
153958791
656088238
644141981
130642546
90718870
900021055
950509776
113817184
283588643
578245647
860528863
109584786
32950284
565549981
170241779
426820746
744616012
847948012
908124838
26073676
969441688
636005913
21192690
21340693
355683185
134562148
66047035
237311737
884542806
539508531
596454796
969829973
691242559
330080582
778808575
192915273
189590449
536460861
257003310
299110198
81560155
759736303
554881249
780182607
649781035
588346795
365703752
461499329
95549131
582012638
979470569
142269225
397097314
402893689
86428096
517952876
634895547
622801288
774959360
956156721
833974020
713198038
229274376
744080111
981790849
890698889
418342225
702869700
786741404
977326504
237230296
208155150
590944701
609014640
944513519
209705384
81124664
241010082
371559656
767336388
768858395
604547704
141762606
302530167
560037960
454185571
572732659
288348870
243652486
260855699
558019725
566789160
761501500
300846588
465136177
368362115
530461927
810801136
798391756
759082145
170004569
662834050
674757924
118222625
344782342
771315418
551324522
788082672
458380168
876722710
436828211
393885465
251241632
7622971
187298326
229426315
571435432
926744207
184042151
527605278
317966230
129993355
459217214
525885705
419306779
670441135
446653649
290098113
143878463
576151404
679243456
270323527
442618324
612477510
597331818
106024344
929789779
23539980
957747824
788722540
902861048
784649985
829968700
366929774
824027486
164134260
315547528
753878528
113548261
235709861
796926681
603717718
626758984
270786478
441115914
40011214
203616835
148872218
698915844
674341205
324661769
261226408
644204208
882228763
197479253
166504684
951267139
638764120
410291151
81273981
299636534
547895451
968996381
395319609
624744228
533316243
300024654
92287440
701858217
255172519
354893607
692775119
176549851
908168600
779224721
75525738
643564541
171831846
171361595
557320604
902407507
780917561
324624134
283406619
464060771
641634639
140445777
947739935
169450520
657522802
212867119
676783406
343587376
32274280
936073326
249031230
634721335
231439375
646042248
907799669
739986558
111329395
447013999
443743325
319447598
631886648
84676556
736035606
103004042
121953515
522940141
779435293
467402524
852970546
178866473
518718972
223271316
685589762
931258837
983109587
392870466
352284718
922836918
44335415
42305399
678110200
349187742
144275571
972095273
530193491
440804401
412125166
525789596
263561924
817334045
791078111
333903561
880880808
963959020
832174121
556958083
404410169
844735892
47497004
134582660
433431825
209380881
490616829
853407805
417354353
25759913
949131572
300180537
662932660
514929203
387701840
188492475
402678583
401437925
641337397
282698905
940400984
763940332
572810550
681149113
110814975
253645697
203840600
35636500
387788360
184815410
342390507
721630741
99084715
426151504
988460296
507548824
875339914
909752754
608873573
468729318
858570911
290867764
554740920
504433577
491672828
111944629
862856935
748632720
429632204
602585635
931224976
