796934044
335431490
519307954
277685612
145207258
113151878
544280017
743052066
846409309
121038644
271825335
152322797
236441615
984248707
8117108
66912176
363742129
722529815
48114486
937960550
278592337
689686754
336440124
667836432
192188903
238140831
718921667
953325098
716313496
958850310
940653386
417123912
23977609
970666604
887470075
698806720
8455798
811162947
886543827
595828255
38969971
824577421
63420453
810105679
847257053
684534056
466867100
789903594
671948597
49138156
998425601
800943322
152597601
908753738
261545030
107247290
998991364
851471520
85496709
907066426
394230210
590954917
26738570
887558998
180385257
854701422
128345187
265775010
96778631
309310386
58456377
552579180
835985987
452286230
898990578
454014914
626266301
526334444
820579378
507654845
771273729
929018071
281376500
667175340
960424707
139710063
264526310
115223869
709121574
780222785
699815355
156984276
725666238
979477399
201598045
448015052
797838850
175861454
629720422
992555629
556188868
201092089
693124962
362638211
990681777
445846421
964957334
700311370
9763159
807530114
480980987
472656920
30892142
577841862
135792696
465212137
309578416
359563229
927134289
40675193
590175111
13121318
556653435
316555844
609495030
901472099
826912940
856508586
250688184
450975526
656176062
450404847
896614021
828023748
951465975
570181640
235893109
918738288
676493561
514578285
174752728
564214939
105460709
901591458
299241797
227158435
126092134
147824376
843684702
736385906
138436635
438275621
248727163
589045228
402380517
543067550
644438653
376569117
753143179
89209678
618933479
108448747
449623185
558787632
151354051
30576140
576042898
202868393
626375885
565611055
229319028
390840126
683069666
412556004
865922464
25960172
907660607
655061975
17314047
382336595
775379965
679088564
12823883
514302277
312538890
217900441
201677684
307568792
425643230
408398424
925742985
859323990
165595109
587283883
895644805
66303980
114591753
546673076
750237407
268665657
651115535
923223739
521448489
278073646
507066878
747596507
755205953
836171158
723122763
376420344
635406942
989376677
359255070
370806584
313829711
939844913
95624864
935320907
246248741
933453609
828898455
268474105
777225161
217977460
639868069
369995036
225245017
95785783
516911197
799618483
911368417
360987530
904824567
748648388
731221058
852156224
157640074
734750235
7235398
564942381
462694486
365506524
584446028
49222885
772991481
936366306
500068919
794788523
273454171
955799890
970679115
179270845
300424334
816783797
439767200
382641430
145998577
303471029
638205576
137071841
522351490
659420170
319259960
923504278
465051926
274419411
84552110
610606680
639585524
461673486
782204838
360874627
928085508
681306359
470759122
463391930
684028076
728002276
444985978
703501761
869926115
430456493
822331611
561111306
828939367
732097571
60563196
88040769
308881188
348579628
706157646
854169044
96544659
870163556
42590891
803274315
46246564
660941748
584170958
498572069
851814195
889462238
155202998
811780683
173595051
609804488
251185336
619117973
346024674
976375269
698613352
417996300
858485050
934703813
267145724
91894996
837088557
758148653
94564911
732954353
213856215
996511339
301725492
291005896
755515839
928035793
264329967
57921951
638715468
667484805
417145366
23086328
143831318
946413907
851687564
980463876
275253494
10550927
387516254
219134878
480912235
441445221
742016094
332505917
649966274
288161345
995683992
161840845
603017832
950695893
966185756
288097909
566376836
851216603
284715853
855302855
587736745
864197100
56264844
245559256
345474520
193263384
980402504
678539868
559229903
675527024
274164982
912071141
83016248
286681846
816641501
826537630
370632399
875430032
252042118
772410993
254495245
969219573
641039621
467354493
932351800
102489122
454904118
688019573
701299047
129047456
456709491
292614713
661698053
996384708
392727131
411056392
954286082
141956997
873660356
287648850
461042715
63476226
773276013
974439249
13996363
83612850
78824596
316335985
134054392
139648126
917465509
690946803
599174485
512304859
600807610
618517170
223157479
588910349
313207455
242985398
738359265
292382931
977240819
430182446
218817532
981550267
250373088
86631538
893954714
405585108
872251547
228675401
1769675
964393266
311368277
191019019
195943559
666600370
453358130
848738949
23664525
138568132
553965180
561650921
211581945
765762687
693440227
149393193
395577098
774209959
187898912
365375732
828749540
630674957
549289583
168659783
86235405
343093566
755621716
32446094
833239761
992193057
422381270
728469282
267396577
688790108
689177127
634781217
200936582
409788591
422573610
556557107
135552218
464468505
219320873
599791132
738417749
415589898
218600501
453054844
288110040
100979894
691054439
119744754
217686195
506875814
399925859
371094716
415103683
142708493
104783613
852849992
910978653
420912036
15499187
31471467
716186861
825495896
294254343
522791836
76585559
58659010
948456610
985788506
351636348
631341803
229823514
364281035
411354084
949498449
430242032
670645506
124493065
302566871
744336052
732259867
301138617
302636515
510783087
760520762
288864248
318082411
219677534
58228088
305004977
569723617
645578453
714640181
448969317
187849406
883604270
912921851
121335554
695808664
376469285
229451030
152523282
705265931
768108405
586344390
277052300
35644824
959740631
465605232
712466459
434138105
728356926
608411781
676575982
283239319
730332848
413550345
314712809
533733579
233927587
758503147
838981474
890228522
680783528
781912729
985763349
515183332
915311716
223504677
65894179
517320180
549309951
428684399
926097585
514885022
579736584
595872684
534528109
924438695
483468461
253219423
358341778
754072301
345761627
870866871
841366690
37166671
38064198
165729998
457516557
470053925
598209042
587601973
461881076
617966136
390469554
262294759
24482403
986195674
600581040
761868967
120333107
736235953
399711053
195146279
884828152
299672527
682314194
161690960
703502733
134460163
879022235
390274113
50265117
980708163
400161368
84909173
544466894
809916656
940546038
948596677
477119133
749581717
765988119
595840252
919111136
961707977
966803322
308131449
124415467
317441824
571390281
548332433
323857655
721599493
132886316
622105824
354361248
150615347
986038717
541694163
354852475
876373237
462227263
323056394
591031689
207934928
537336855
481172912
217804768
305560380
717827864
214565746
45649636
651984361
284749833
370751388
970247833
803870799
276035141
923120174
332869204
374182745
37275492
386060909
563069880
330689801
66416458
328665623
847821846
778055543
730547924
393851546
823877937
398851875
593744201
600745895
287354454
442931725
4808563
711176207
424371121
485630409
90326681
818855085
599613959
356824535
502682797
671873292
436849660
762134927
651857990
550490447
874580204
62918543
208824959
980669729
839097745
76166354
759986512
260341888
141518470
208671232
633351064
439749223
575012455
323976318
390687808
646797759
58240159
684003937
83396933
527316107
799062236
564858933
498749053
847238793
283856064
218420405
786446949
206245345
828007002
394543164
891815962
85686919
126197552
180057477
519271340
760959393
190026916
613074471
761648148
211188099
682945211
744466674
569657737
215699888
852279343
650577456
243842630
275637640
966136726
855885037
613633132
752845721
678737993
124541882
751428210
309721271
564169489
361586164
696813664
620677339
289719404
553741167
432334884
746975305
316855269
547664145
313551671
394954978
804704976
629728413
456770843
445165687
922355787
872208833
844370894
54595562
995201195
283049164
994959448
633278607
974577773
510809308
240108618
972121964
780910030
138970240
406948924
1655669
428629265
209550068
196789904
828440750
916260805
140970808
921468694
129204044
312131789
822682430
898844618
304615198
337025785
848887651
470932663
336408312
399114194
168467445
830489932
806529159
280170987
696832648
314520075
281120324
366626714
63535057
646099565
778910095
313632548
460212919
966065273
177885028
140715220
311896001
966325711
595154908
432938508
628330091
528904881
781384978
950740138
715166849
742463771
172518764
384204545
690344250
296252821
125690122
39876644
903700304
573007770
612442585
308480307
600419764
721484681
731796616
895029991
915669579
461814036
852725747
494871242
142558598
815571495
851918868
856617156
720959589
163899977
25129783
882561938
875777753
903469803
770784101
639562563
49104953
855789020
565004136
954368875
142001311
896915778
676282462
767282235
520409442
739033450
409932242
887205148
353622687
869404720
540295455
590411318
234529094
700124915
517268927
166516054
676179132
286513736
808181539
899595353
890544902
315901606
663244954
526444273
271123037
243128182
164098889
230501
802223667
972880021
259375353
744630743
156480545
777427740
753028680
18753801
785531572
85443512
974461798
403525147
405639252
964713719
502994469
851554868
623604520
434718464
648032844
175652838
386200875
604268047
963383429
762591216
47607480
665408782
63823973
826099704
233670823
149838189
496159197
277281259
574934560
409701741
84981481
380742664
610029366
795664710
433930773
457101353
947096234
498515126
380984481
590735620
312051936
404656391
493956100
925831181
812907135
811690084
902839751
836404572
595095337
988446050
614029625
197955619
9496591
496784136
697023262
491071761
713603767
926928974
785082976
635693383
589284314
697180538
828590585
995937509
879732237
122251804
241525502
827939808
787690
190931490
228556603
887685747
223283565
372647809
450539279
642951088
171452681
137992790
13192568
421980737
246998436
659754623
682185921
586488509
795672115
887025860
371246072
113245230
98641448
942859010
743497585
20167259
713432148
745291096
1451305
614871396
576065804
498018590
46098944
690655330
570164582
74899943
835616881
404163846
759889446
726343876
974672052
636848781
46244856
54072174
319619080
575610976
913736405
363102238
388694947
929529690
14994617
242102076
200265394
